% Version 1.00
%
%freq[Hz],re:Trc1_S11,im:Trc1_S11,re:Trc2_S21,im:Trc2_S21,re:Trc3_S11,im:Trc3_S11,re:Trc4_S21,im:Trc4_S21,
6.900000000000000E+008,-4.164321720600128E-002,2.676569484174252E-002,-4.972225129604340E-001,-8.326051235198975E-001,-4.164321720600128E-002,2.676569484174252E-002,-4.972225129604340E-001,-8.326051235198975E-001,
6.983666666666666E+008,-3.439684212207794E-002,2.680759690701962E-002,-5.110577344894409E-001,-8.209349513053894E-001,-3.439684212207794E-002,2.680759690701962E-002,-5.110577344894409E-001,-8.209349513053894E-001,
7.067333333333334E+008,-2.943002060055733E-002,2.328376844525337E-002,-5.389746427536011E-001,-7.932918667793274E-001,-2.943002060055733E-002,2.328376844525337E-002,-5.389746427536011E-001,-7.932918667793274E-001,
7.151000000000000E+008,-3.066956438124180E-002,1.526107639074326E-002,-5.488618016242981E-001,-7.853553891181946E-001,-3.066956438124180E-002,1.526107639074326E-002,-5.488618016242981E-001,-7.853553891181946E-001,
7.234666666666666E+008,-3.078785352408886E-002,9.954725392162800E-003,-5.828718543052673E-001,-7.724570035934448E-001,-3.078785352408886E-002,9.954725392162800E-003,-5.828718543052673E-001,-7.724570035934448E-001,
7.318333333333334E+008,-3.806580975651741E-002,6.816547829657793E-003,-5.935595631599426E-001,-7.706568241119385E-001,-3.806580975651741E-002,6.816547829657793E-003,-5.935595631599426E-001,-7.706568241119385E-001,
7.402000000000000E+008,-4.597121104598045E-002,8.461060002446175E-003,-6.181393265724182E-001,-7.435625195503235E-001,-4.597121104598045E-002,8.461060002446175E-003,-6.181393265724182E-001,-7.435625195503235E-001,
7.485666666666666E+008,-5.076764151453972E-002,1.423239987343550E-002,-6.410786509513855E-001,-7.112354636192322E-001,-5.076764151453972E-002,1.423239987343550E-002,-6.410786509513855E-001,-7.112354636192322E-001,
7.569333333333334E+008,-5.150489509105682E-002,2.307415008544922E-002,-6.571412086486816E-001,-7.071653604507446E-001,-5.150489509105682E-002,2.307415008544922E-002,-6.571412086486816E-001,-7.071653604507446E-001,
7.653000000000000E+008,-4.876828193664551E-002,3.127788752317429E-002,-6.640522480010986E-001,-7.027818560600281E-001,-4.876828193664551E-002,3.127788752317429E-002,-6.640522480010986E-001,-7.027818560600281E-001,
7.736666666666666E+008,-4.043006151914597E-002,3.961507230997086E-002,-6.886474490165710E-001,-6.980423331260681E-001,-4.043006151914597E-002,3.961507230997086E-002,-6.886474490165710E-001,-6.980423331260681E-001,
7.820333333333334E+008,-3.432686626911163E-002,4.390829801559448E-002,-7.120804786682129E-001,-6.734189987182617E-001,-3.432686626911163E-002,4.390829801559448E-002,-7.120804786682129E-001,-6.734189987182617E-001,
7.904000000000000E+008,-2.559468895196915E-002,4.225131124258041E-002,-7.255567312240601E-001,-6.535190343856812E-001,-2.559468895196915E-002,4.225131124258041E-002,-7.255567312240601E-001,-6.535190343856812E-001,
7.987666666666666E+008,-1.847409829497337E-002,3.762231022119522E-002,-7.376121878623962E-001,-6.334673762321472E-001,-1.847409829497337E-002,3.762231022119522E-002,-7.376121878623962E-001,-6.334673762321472E-001,
8.071333333333334E+008,-1.849419623613358E-002,3.348239138722420E-002,-7.511227130889893E-001,-6.155933737754822E-001,-1.849419623613358E-002,3.348239138722420E-002,-7.511227130889893E-001,-6.155933737754822E-001,
8.155000000000000E+008,-2.318061515688896E-002,2.657827362418175E-002,-7.619004845619202E-001,-5.753443241119385E-001,-2.318061515688896E-002,2.657827362418175E-002,-7.619004845619202E-001,-5.753443241119385E-001,
8.238666666666666E+008,-2.838471531867981E-002,2.382039651274681E-002,-7.937588691711426E-001,-5.802628397941589E-001,-2.838471531867981E-002,2.382039651274681E-002,-7.937588691711426E-001,-5.802628397941589E-001,
8.322333333333334E+008,-3.649089857935906E-002,2.577397786080837E-002,-8.017567992210388E-001,-5.516836643218994E-001,-3.649089857935906E-002,2.577397786080837E-002,-8.017567992210388E-001,-5.516836643218994E-001,
8.406000000000000E+008,-4.078415036201477E-002,2.888582460582256E-002,-8.166457414627075E-001,-5.330606102943420E-001,-4.078415036201477E-002,2.888582460582256E-002,-8.166457414627075E-001,-5.330606102943420E-001,
8.489666666666668E+008,-4.162853583693504E-002,3.669108077883720E-002,-8.356728553771973E-001,-5.091862678527832E-001,-4.162853583693504E-002,3.669108077883720E-002,-8.356728553771973E-001,-5.091862678527832E-001,
8.573333333333334E+008,-3.794077783823013E-002,4.437187314033508E-002,-8.406803607940674E-001,-4.936470091342926E-001,-3.794077783823013E-002,4.437187314033508E-002,-8.406803607940674E-001,-4.936470091342926E-001,
8.657000000000000E+008,-3.220208361744881E-002,5.232769250869751E-002,-8.581767082214356E-001,-4.645897150039673E-001,-3.220208361744881E-002,5.232769250869751E-002,-8.581767082214356E-001,-4.645897150039673E-001,
8.740666666666668E+008,-2.394693158566952E-002,5.730692669749260E-002,-8.482566475868225E-001,-4.456004500389099E-001,-2.394693158566952E-002,5.730692669749260E-002,-8.482566475868225E-001,-4.456004500389099E-001,
8.824333333333334E+008,-1.494288258254528E-002,5.654619634151459E-002,-8.815596103668213E-001,-4.156350195407867E-001,-1.494288258254528E-002,5.654619634151459E-002,-8.815596103668213E-001,-4.156350195407867E-001,
8.908000000000000E+008,-8.038382045924664E-003,5.630251020193100E-002,-8.888109922409058E-001,-4.112360179424286E-001,-8.038382045924664E-003,5.630251020193100E-002,-8.888109922409058E-001,-4.112360179424286E-001,
8.991666666666668E+008,-5.175442900508642E-003,5.020102858543396E-002,-9.065993428230286E-001,-3.827019333839417E-001,-5.175442900508642E-003,5.020102858543396E-002,-9.065993428230286E-001,-3.827019333839417E-001,
9.075333333333334E+008,-5.380704998970032E-003,4.609354212880135E-002,-8.980668783187866E-001,-3.583187460899353E-001,-5.380704998970032E-003,4.609354212880135E-002,-8.980668783187866E-001,-3.583187460899353E-001,
9.159000000000000E+008,-8.373060263693333E-003,4.075394570827484E-002,-9.103014469146729E-001,-3.458436131477356E-001,-8.373060263693333E-003,4.075394570827484E-002,-9.103014469146729E-001,-3.458436131477356E-001,
9.242666666666668E+008,-1.355184894055128E-002,3.665491566061974E-002,-9.214561581611633E-001,-3.236300647258759E-001,-1.355184894055128E-002,3.665491566061974E-002,-9.214561581611633E-001,-3.236300647258759E-001,
9.326333333333334E+008,-1.815078407526016E-002,3.856025636196137E-002,-9.281474351882935E-001,-2.868121862411499E-001,-1.815078407526016E-002,3.856025636196137E-002,-9.281474351882935E-001,-2.868121862411499E-001,
9.410000000000000E+008,-2.369742095470429E-002,4.505888745188713E-002,-9.321176409721375E-001,-2.614301741123200E-001,-2.369742095470429E-002,4.505888745188713E-002,-9.321176409721375E-001,-2.614301741123200E-001,
9.493666666666668E+008,-2.475532516837120E-002,5.219814926385880E-002,-9.380581974983215E-001,-2.535508871078491E-001,-2.475532516837120E-002,5.219814926385880E-002,-9.380581974983215E-001,-2.535508871078491E-001,
9.577333333333334E+008,-1.989276893436909E-002,5.985137075185776E-002,-9.625062346458435E-001,-2.110355794429779E-001,-1.989276893436909E-002,5.985137075185776E-002,-9.625062346458435E-001,-2.110355794429779E-001,
9.661000000000000E+008,-1.180111616849899E-002,6.667163223028183E-002,-9.479969143867493E-001,-1.982928067445755E-001,-1.180111616849899E-002,6.667163223028183E-002,-9.479969143867493E-001,-1.982928067445755E-001,
9.744666666666668E+008,-2.516099018976092E-003,7.117599993944168E-002,-9.599186778068543E-001,-1.635368764400482E-001,-2.516099018976092E-003,7.117599993944168E-002,-9.599186778068543E-001,-1.635368764400482E-001,
9.828333333333334E+008,1.037118118256331E-002,6.907357275485992E-002,-9.540730714797974E-001,-1.405565589666367E-001,1.037118118256331E-002,6.907357275485992E-002,-9.540730714797974E-001,-1.405565589666367E-001,
9.912000000000000E+008,1.996148750185967E-002,6.703789532184601E-002,-9.625563025474548E-001,-1.303216964006424E-001,1.996148750185967E-002,6.703789532184601E-002,-9.625563025474548E-001,-1.303216964006424E-001,
9.995666666666668E+008,2.396779321134090E-002,5.765635892748833E-002,-9.675304293632507E-001,-9.515006095170975E-002,2.396779321134090E-002,5.765635892748833E-002,-9.675304293632507E-001,-9.515006095170975E-002,
1.007933333333333E+009,2.409890294075012E-002,5.010274797677994E-002,-9.750527739524841E-001,-7.611428201198578E-002,2.409890294075012E-002,5.010274797677994E-002,-9.750527739524841E-001,-7.611428201198578E-002,
1.016300000000000E+009,1.727134361863136E-002,4.118450731039047E-002,-9.715320467948914E-001,-5.445690453052521E-002,1.727134361863136E-002,4.118450731039047E-002,-9.715320467948914E-001,-5.445690453052521E-002,
1.024666666666667E+009,9.505306370556355E-003,4.078766703605652E-002,-9.762755632400513E-001,-3.230384737253189E-002,9.505306370556355E-003,4.078766703605652E-002,-9.762755632400513E-001,-3.230384737253189E-002,
1.033033333333333E+009,2.481010509654880E-003,4.151254519820213E-002,-9.525890350341797E-001,6.820182781666517E-003,2.481010509654880E-003,4.151254519820213E-002,-9.525890350341797E-001,6.820182781666517E-003,
1.041400000000000E+009,-2.227782038971782E-003,4.753625020384789E-002,-9.624321460723877E-001,2.914391458034515E-002,-2.227782038971782E-003,4.753625020384789E-002,-9.624321460723877E-001,2.914391458034515E-002,
1.049766666666667E+009,-2.553388942033052E-003,5.592842027544975E-002,-9.698643088340759E-001,5.030900239944458E-002,-2.553388942033052E-003,5.592842027544975E-002,-9.698643088340759E-001,5.030900239944458E-002,
1.058133333333333E+009,5.222780629992485E-003,6.494320183992386E-002,-9.651673436164856E-001,7.453336566686630E-002,5.222780629992485E-003,6.494320183992386E-002,-9.651673436164856E-001,7.453336566686630E-002,
1.066500000000000E+009,1.765452511608601E-002,6.887296587228775E-002,-9.445343613624573E-001,1.026353091001511E-001,1.765452511608601E-002,6.887296587228775E-002,-9.445343613624573E-001,1.026353091001511E-001,
1.074866666666667E+009,2.975836768746376E-002,6.633996218442917E-002,-9.590004086494446E-001,1.262549608945847E-001,2.975836768746376E-002,6.633996218442917E-002,-9.590004086494446E-001,1.262549608945847E-001,
1.083233333333334E+009,4.225735738873482E-002,6.284847855567932E-002,-9.567645192146301E-001,1.440504938364029E-001,4.225735738873482E-002,6.284847855567932E-002,-9.567645192146301E-001,1.440504938364029E-001,
1.091600000000000E+009,4.718016833066940E-002,5.094506964087486E-002,-9.492964744567871E-001,1.800377219915390E-001,4.718016833066940E-002,5.094506964087486E-002,-9.492964744567871E-001,1.800377219915390E-001,
1.099966666666667E+009,4.883107915520668E-002,3.835847601294518E-002,-9.454339146614075E-001,1.944030821323395E-001,4.883107915520668E-002,3.835847601294518E-002,-9.454339146614075E-001,1.944030821323395E-001,
1.108333333333334E+009,4.105286672711372E-002,2.862866409122944E-002,-9.565500617027283E-001,2.210015058517456E-001,4.105286672711372E-002,2.862866409122944E-002,-9.565500617027283E-001,2.210015058517456E-001,
1.116700000000000E+009,2.832040190696716E-002,2.888725139200687E-002,-9.422065019607544E-001,2.494761198759079E-001,2.832040190696716E-002,2.888725139200687E-002,-9.422065019607544E-001,2.494761198759079E-001,
1.125066666666667E+009,1.659502089023590E-002,3.018626198172569E-002,-9.257866144180298E-001,2.702488899230957E-001,1.659502089023590E-002,3.018626198172569E-002,-9.257866144180298E-001,2.702488899230957E-001,
1.133433333333334E+009,5.899182520806789E-003,4.139400273561478E-002,-9.223186373710632E-001,2.876934111118317E-001,5.899182520806789E-003,4.139400273561478E-002,-9.223186373710632E-001,2.876934111118317E-001,
1.141800000000000E+009,6.719709374010563E-003,5.408918857574463E-002,-9.121220707893372E-001,3.147533237934113E-001,6.719709374010563E-003,5.408918857574463E-002,-9.121220707893372E-001,3.147533237934113E-001,
1.150166666666667E+009,1.308146864175797E-002,6.616783887147903E-002,-9.075989723205566E-001,3.451421856880188E-001,1.308146864175797E-002,6.616783887147903E-002,-9.075989723205566E-001,3.451421856880188E-001,
1.158533333333334E+009,3.018306009471417E-002,7.289887219667435E-002,-8.967933654785156E-001,3.657403588294983E-001,3.018306009471417E-002,7.289887219667435E-002,-8.967933654785156E-001,3.657403588294983E-001,
1.166900000000000E+009,4.992734640836716E-002,7.192792743444443E-002,-8.879523277282715E-001,3.908369839191437E-001,4.992734640836716E-002,7.192792743444443E-002,-8.879523277282715E-001,3.908369839191437E-001,
1.175266666666667E+009,6.583335250616074E-002,6.288182735443115E-002,-8.705428838729858E-001,4.059391915798187E-001,6.583335250616074E-002,6.288182735443115E-002,-8.705428838729858E-001,4.059391915798187E-001,
1.183633333333334E+009,7.838257402181625E-002,4.805354028940201E-002,-8.644314408302307E-001,4.306182563304901E-001,7.838257402181625E-002,4.805354028940201E-002,-8.644314408302307E-001,4.306182563304901E-001,
1.192000000000000E+009,8.028248697519302E-002,3.091073036193848E-002,-8.575434684753418E-001,4.593257009983063E-001,8.028248697519302E-002,3.091073036193848E-002,-8.575434684753418E-001,4.593257009983063E-001,
1.200366666666667E+009,7.107728719711304E-002,1.411431748420000E-002,-8.462182283401489E-001,4.740808010101318E-001,7.107728719711304E-002,1.411431748420000E-002,-8.462182283401489E-001,4.740808010101318E-001,
1.208733333333334E+009,5.389922484755516E-002,5.721001885831356E-003,-8.400879502296448E-001,5.077884793281555E-001,5.389922484755516E-002,5.721001885831356E-003,-8.400879502296448E-001,5.077884793281555E-001,
1.217100000000000E+009,3.574983775615692E-002,7.931835018098354E-003,-8.106605410575867E-001,5.194360613822937E-001,3.574983775615692E-002,7.931835018098354E-003,-8.106605410575867E-001,5.194360613822937E-001,
1.225466666666667E+009,2.404764294624329E-002,1.861320808529854E-002,-8.116541504859924E-001,5.445550680160523E-001,2.404764294624329E-002,1.861320808529854E-002,-8.116541504859924E-001,5.445550680160523E-001,
1.233833333333334E+009,2.207261510193348E-002,3.377179801464081E-002,-7.929559946060181E-001,5.646294951438904E-001,2.207261510193348E-002,3.377179801464081E-002,-7.929559946060181E-001,5.646294951438904E-001,
1.242200000000000E+009,2.779425308108330E-002,4.780725017189980E-002,-7.620266079902649E-001,5.815630555152893E-001,2.779425308108330E-002,4.780725017189980E-002,-7.620266079902649E-001,5.815630555152893E-001,
1.250566666666667E+009,4.230054840445519E-002,5.700040236115456E-002,-7.699623703956604E-001,6.094807982444763E-001,4.230054840445519E-002,5.700040236115456E-002,-7.699623703956604E-001,6.094807982444763E-001,
1.258933333333334E+009,6.264102458953857E-002,5.719320476055145E-002,-7.475851774215698E-001,6.187384724617004E-001,6.264102458953857E-002,5.719320476055145E-002,-7.475851774215698E-001,6.187384724617004E-001,
1.267300000000000E+009,8.084652572870255E-002,4.525038599967957E-002,-7.244975566864014E-001,6.335083842277527E-001,8.084652572870255E-002,4.525038599967957E-002,-7.244975566864014E-001,6.335083842277527E-001,
1.275666666666667E+009,9.217967838048935E-002,2.789895981550217E-002,-7.199638485908508E-001,6.419148445129395E-001,9.217967838048935E-002,2.789895981550217E-002,-7.199638485908508E-001,6.419148445129395E-001,
1.284033333333334E+009,9.391873329877853E-002,6.162927020341158E-003,-6.914173960685730E-001,6.940972805023193E-001,9.391873329877853E-002,6.162927020341158E-003,-6.914173960685730E-001,6.940972805023193E-001,
1.292400000000000E+009,8.219522237777710E-002,-1.116410177201033E-002,-6.867746114730835E-001,6.876870989799500E-001,8.219522237777710E-002,-1.116410177201033E-002,-6.867746114730835E-001,6.876870989799500E-001,
1.300766666666667E+009,6.454870104789734E-002,-1.902526244521141E-002,-6.682583689689636E-001,7.065597176551819E-001,6.454870104789734E-002,-1.902526244521141E-002,-6.682583689689636E-001,7.065597176551819E-001,
1.309133333333334E+009,4.566981270909309E-002,-1.664054766297340E-002,-6.542439460754395E-001,7.354194521903992E-001,4.566981270909309E-002,-1.664054766297340E-002,-6.542439460754395E-001,7.354194521903992E-001,
1.317500000000000E+009,3.080185875296593E-002,-4.592933692038059E-003,-6.243238449096680E-001,7.600175738334656E-001,3.080185875296593E-002,-4.592933692038059E-003,-6.243238449096680E-001,7.600175738334656E-001,
1.325866666666667E+009,2.561072260141373E-002,1.125108636915684E-002,-6.071274280548096E-001,7.590981721878052E-001,2.561072260141373E-002,1.125108636915684E-002,-6.071274280548096E-001,7.590981721878052E-001,
1.334233333333334E+009,3.224711865186691E-002,2.908539026975632E-002,-5.840164422988892E-001,7.717375755310059E-001,3.224711865186691E-002,2.908539026975632E-002,-5.840164422988892E-001,7.717375755310059E-001,
1.342600000000000E+009,4.842179641127586E-002,3.439979627728462E-002,-5.734225511550903E-001,7.908729910850525E-001,4.842179641127586E-002,3.439979627728462E-002,-5.734225511550903E-001,7.908729910850525E-001,
1.350966666666667E+009,6.589378416538239E-002,3.282426670193672E-002,-5.401605367660523E-001,8.100096583366394E-001,6.589378416538239E-002,3.282426670193672E-002,-5.401605367660523E-001,8.100096583366394E-001,
1.359333333333334E+009,8.202107250690460E-002,2.046129107475281E-002,-5.270133614540100E-001,8.164473772048950E-001,8.202107250690460E-002,2.046129107475281E-002,-5.270133614540100E-001,8.164473772048950E-001,
1.367700000000000E+009,8.886761963367462E-002,-1.018603332340717E-003,-5.083900690078735E-001,8.270401954650879E-001,8.886761963367462E-002,-1.018603332340717E-003,-5.083900690078735E-001,8.270401954650879E-001,
1.376066666666667E+009,8.355268090963364E-002,-2.358309365808964E-002,-4.831893146038055E-001,8.391919136047363E-001,8.355268090963364E-002,-2.358309365808964E-002,-4.831893146038055E-001,8.391919136047363E-001,
1.384433333333334E+009,6.860071420669556E-002,-3.722372651100159E-002,-4.736000001430512E-001,8.468703031539917E-001,6.860071420669556E-002,-3.722372651100159E-002,-4.736000001430512E-001,8.468703031539917E-001,
1.392800000000000E+009,4.649560526013374E-002,-4.064075276255608E-002,-4.529103934764862E-001,8.571100831031799E-001,4.649560526013374E-002,-4.064075276255608E-002,-4.529103934764862E-001,8.571100831031799E-001,
1.401166666666667E+009,2.902578562498093E-002,-3.253115713596344E-002,-4.181682169437408E-001,8.829658031463623E-001,2.902578562498093E-002,-3.253115713596344E-002,-4.181682169437408E-001,8.829658031463623E-001,
1.409533333333334E+009,1.705296896398068E-002,-1.263540983200073E-002,-3.966197967529297E-001,8.946218490600586E-001,1.705296896398068E-002,-1.263540983200073E-002,-3.966197967529297E-001,8.946218490600586E-001,
1.417900000000000E+009,1.550107356160879E-002,8.161992765963078E-003,-3.573766946792603E-001,8.901280164718628E-001,1.550107356160879E-002,8.161992765963078E-003,-3.573766946792603E-001,8.901280164718628E-001,
1.426266666666667E+009,2.534571290016174E-002,2.667908929288387E-002,-3.537732064723969E-001,9.147958159446716E-001,2.534571290016174E-002,2.667908929288387E-002,-3.537732064723969E-001,9.147958159446716E-001,
1.434633333333334E+009,4.374206066131592E-002,3.309036791324616E-002,-3.243753015995026E-001,9.090451002120972E-001,4.374206066131592E-002,3.309036791324616E-002,-3.243753015995026E-001,9.090451002120972E-001,
1.443000000000000E+009,6.570690870285034E-002,3.052633255720139E-002,-2.971618473529816E-001,9.221662878990173E-001,6.570690870285034E-002,3.052633255720139E-002,-2.971618473529816E-001,9.221662878990173E-001,
1.451366666666667E+009,8.106129616498947E-002,1.356538385152817E-002,-2.782466411590576E-001,9.278524518013001E-001,8.106129616498947E-002,1.356538385152817E-002,-2.782466411590576E-001,9.278524518013001E-001,
1.459733333333334E+009,8.671586215496063E-002,-7.590122055262327E-003,-2.613470256328583E-001,9.331684708595276E-001,8.671586215496063E-002,-7.590122055262327E-003,-2.613470256328583E-001,9.331684708595276E-001,
1.468100000000000E+009,8.111071586608887E-002,-2.946189418435097E-002,-2.275155186653137E-001,9.388900995254517E-001,8.111071586608887E-002,-2.946189418435097E-002,-2.275155186653137E-001,9.388900995254517E-001,
1.476466666666667E+009,6.583148241043091E-002,-4.328711703419685E-002,-2.131157666444778E-001,9.538159966468811E-001,6.583148241043091E-002,-4.328711703419685E-002,-2.131157666444778E-001,9.538159966468811E-001,
1.484833333333334E+009,4.458534717559815E-002,-4.735435917973518E-002,-1.777382791042328E-001,9.581397771835327E-001,4.458534717559815E-002,-4.735435917973518E-002,-1.777382791042328E-001,9.581397771835327E-001,
1.493200000000000E+009,2.857999131083489E-002,-3.825229406356812E-002,-1.625369638204575E-001,9.578965306282044E-001,2.857999131083489E-002,-3.825229406356812E-002,-1.625369638204575E-001,9.578965306282044E-001,
1.501566666666667E+009,1.811341010034084E-002,-1.983662694692612E-002,-1.316370069980621E-001,9.608916640281677E-001,1.811341010034084E-002,-1.983662694692612E-002,-1.316370069980621E-001,9.608916640281677E-001,
1.509933333333334E+009,1.804897189140320E-002,2.611885080114007E-003,-1.148620545864105E-001,9.673340916633606E-001,1.804897189140320E-002,2.611885080114007E-003,-1.148620545864105E-001,9.673340916633606E-001,
1.518300000000000E+009,3.255703672766686E-002,1.889448054134846E-002,-8.767940104007721E-002,9.703104496002197E-001,3.255703672766686E-002,1.889448054134846E-002,-8.767940104007721E-002,9.703104496002197E-001,
1.526666666666667E+009,5.172349140048027E-002,2.525781281292439E-002,-5.609753727912903E-002,9.653649926185608E-001,5.172349140048027E-002,2.525781281292439E-002,-5.609753727912903E-002,9.653649926185608E-001,
1.535033333333334E+009,7.164251804351807E-002,2.091281488537788E-002,-3.536779433488846E-002,9.736302495002747E-001,7.164251804351807E-002,2.091281488537788E-002,-3.536779433488846E-002,9.736302495002747E-001,
1.543400000000000E+009,8.446599543094635E-002,4.885578993707895E-003,-1.526912767440081E-002,9.681659936904907E-001,8.446599543094635E-002,4.885578993707895E-003,-1.526912767440081E-002,9.681659936904907E-001,
1.551766666666667E+009,8.659213781356812E-002,-1.780403777956963E-002,6.669462658464909E-003,9.640614390373230E-001,8.659213781356812E-002,-1.780403777956963E-002,6.669462658464909E-003,9.640614390373230E-001,
1.560133333333334E+009,8.068220317363739E-002,-3.894761949777603E-002,2.464636228978634E-002,9.750407934188843E-001,8.068220317363739E-002,-3.894761949777603E-002,2.464636228978634E-002,9.750407934188843E-001,
1.568500000000000E+009,6.506796181201935E-002,-5.234346538782120E-002,4.659652709960938E-002,9.736096858978272E-001,6.506796181201935E-002,-5.234346538782120E-002,4.659652709960938E-002,9.736096858978272E-001,
1.576866666666667E+009,4.557014629244804E-002,-5.419396236538887E-002,8.816453069448471E-002,9.650474190711975E-001,4.557014629244804E-002,-5.419396236538887E-002,8.816453069448471E-002,9.650474190711975E-001,
1.585233333333334E+009,3.254492208361626E-002,-4.576042667031288E-002,1.021747887134552E-001,9.673087000846863E-001,3.254492208361626E-002,-4.576042667031288E-002,1.021747887134552E-001,9.673087000846863E-001,
1.593600000000000E+009,2.476037666201592E-002,-3.214652463793755E-002,1.335701346397400E-001,9.566365480422974E-001,2.476037666201592E-002,-3.214652463793755E-002,1.335701346397400E-001,9.566365480422974E-001,
1.601966666666667E+009,2.718303538858891E-002,-1.274170540273190E-002,1.531113088130951E-001,9.581946134567261E-001,2.718303538858891E-002,-1.274170540273190E-002,1.531113088130951E-001,9.581946134567261E-001,
1.610333333333334E+009,3.888294473290443E-002,-5.046143778599799E-004,1.837500929832459E-001,9.515901207923889E-001,3.888294473290443E-002,-5.046143778599799E-004,1.837500929832459E-001,9.515901207923889E-001,
1.618700000000000E+009,5.682744830846787E-002,3.187427064403892E-003,2.084736675024033E-001,9.477958083152771E-001,5.682744830846787E-002,3.187427064403892E-003,2.084736675024033E-001,9.477958083152771E-001,
1.627066666666667E+009,7.150648534297943E-002,-3.100593807175756E-003,2.293063104152679E-001,9.416375756263733E-001,7.150648534297943E-002,-3.100593807175756E-003,2.293063104152679E-001,9.416375756263733E-001,
1.635433333333334E+009,7.968969643115997E-002,-1.514637377113104E-002,2.598977982997894E-001,9.380214810371399E-001,7.968969643115997E-002,-1.514637377113104E-002,2.598977982997894E-001,9.380214810371399E-001,
1.643800000000000E+009,8.020079135894775E-002,-3.386782854795456E-002,2.694215476512909E-001,9.288151860237122E-001,8.020079135894775E-002,-3.386782854795456E-002,2.694215476512909E-001,9.288151860237122E-001,
1.652166666666667E+009,7.102280855178833E-002,-5.034091323614121E-002,3.029585778713226E-001,9.221374392509460E-001,7.102280855178833E-002,-5.034091323614121E-002,3.029585778713226E-001,9.221374392509460E-001,
1.660533333333334E+009,5.635154619812965E-002,-5.834794789552689E-002,3.181149661540985E-001,9.162786006927490E-001,5.635154619812965E-002,-5.834794789552689E-002,3.181149661540985E-001,9.162786006927490E-001,
1.668900000000000E+009,4.050415381789208E-002,-5.833631008863449E-002,3.421853482723236E-001,9.063445925712585E-001,4.050415381789208E-002,-5.833631008863449E-002,3.421853482723236E-001,9.063445925712585E-001,
1.677266666666667E+009,2.807898260653019E-002,-5.116075277328491E-002,3.809036910533905E-001,8.953947424888611E-001,2.807898260653019E-002,-5.116075277328491E-002,3.809036910533905E-001,8.953947424888611E-001,
1.685633333333334E+009,2.485726028680801E-002,-3.682938590645790E-002,3.960725069046021E-001,8.889226913452148E-001,2.485726028680801E-002,-3.682938590645790E-002,3.960725069046021E-001,8.889226913452148E-001,
1.694000000000000E+009,2.868988178670406E-002,-2.413575723767281E-002,4.122362136840820E-001,8.773517608642578E-001,2.868988178670406E-002,-2.413575723767281E-002,4.122362136840820E-001,8.773517608642578E-001,
1.702366666666667E+009,4.061600938439369E-002,-1.293416693806648E-002,4.338902533054352E-001,8.647192120552063E-001,4.061600938439369E-002,-1.293416693806648E-002,4.338902533054352E-001,8.647192120552063E-001,
1.710733333333334E+009,5.735002085566521E-002,-1.064091920852661E-002,4.545628428459168E-001,8.505612611770630E-001,5.735002085566521E-002,-1.064091920852661E-002,4.545628428459168E-001,8.505612611770630E-001,
1.719100000000000E+009,7.199627906084061E-002,-1.727545820176601E-002,4.822924137115479E-001,8.391264677047730E-001,7.199627906084061E-002,-1.727545820176601E-002,4.822924137115479E-001,8.391264677047730E-001,
1.727466666666667E+009,8.153171092271805E-002,-2.997476048767567E-002,4.989820420742035E-001,8.259251117706299E-001,8.153171092271805E-002,-2.997476048767567E-002,4.989820420742035E-001,8.259251117706299E-001,
1.735833333333334E+009,8.245403319597244E-002,-4.668695107102394E-002,5.142883062362671E-001,8.136968016624451E-001,8.245403319597244E-002,-4.668695107102394E-002,5.142883062362671E-001,8.136968016624451E-001,
1.744200000000000E+009,7.427839934825897E-002,-6.405754387378693E-002,5.434531569480896E-001,7.912079691886902E-001,7.427839934825897E-002,-6.405754387378693E-002,5.434531569480896E-001,7.912079691886902E-001,
1.752566666666667E+009,6.138078495860100E-002,-7.554953545331955E-002,5.705572962760925E-001,7.866380810737610E-001,6.138078495860100E-002,-7.554953545331955E-002,5.705572962760925E-001,7.866380810737610E-001,
1.760933333333334E+009,4.523186385631561E-002,-8.145125955343247E-002,5.784398913383484E-001,7.737195491790772E-001,4.523186385631561E-002,-8.145125955343247E-002,5.784398913383484E-001,7.737195491790772E-001,
1.769300000000000E+009,3.020038828253746E-002,-7.924802601337433E-002,6.000673770904541E-001,7.666617035865784E-001,3.020038828253746E-002,-7.924802601337433E-002,6.000673770904541E-001,7.666617035865784E-001,
1.777666666666667E+009,2.156074345111847E-002,-6.971008330583572E-002,6.173722147941589E-001,7.561931610107422E-001,2.156074345111847E-002,-6.971008330583572E-002,6.173722147941589E-001,7.561931610107422E-001,
1.786033333333334E+009,1.899348385632038E-002,-5.990201979875565E-002,6.339836120605469E-001,7.251423001289368E-001,1.899348385632038E-002,-5.990201979875565E-002,6.339836120605469E-001,7.251423001289368E-001,
1.794400000000000E+009,2.519789151847363E-002,-4.754295200109482E-002,6.581123471260071E-001,7.107790112495422E-001,2.519789151847363E-002,-4.754295200109482E-002,6.581123471260071E-001,7.107790112495422E-001,
1.802766666666667E+009,3.220449760556221E-002,-4.203735664486885E-002,6.770285964012146E-001,6.928859353065491E-001,3.220449760556221E-002,-4.203735664486885E-002,6.770285964012146E-001,6.928859353065491E-001,
1.811133333333334E+009,4.286080971360207E-002,-4.051310941576958E-002,7.007378339767456E-001,6.768437027931213E-001,4.286080971360207E-002,-4.051310941576958E-002,7.007378339767456E-001,6.768437027931213E-001,
1.819500000000000E+009,5.200332030653954E-002,-4.405784234404564E-002,7.124961614608765E-001,6.484468579292297E-001,5.200332030653954E-002,-4.405784234404564E-002,7.124961614608765E-001,6.484468579292297E-001,
1.827866666666667E+009,5.795387923717499E-002,-5.259992927312851E-002,7.314432263374329E-001,6.376137137413025E-001,5.795387923717499E-002,-5.259992927312851E-002,7.314432263374329E-001,6.376137137413025E-001,
1.836233333333334E+009,5.514531582593918E-002,-6.315155327320099E-002,7.449999451637268E-001,6.178852915763855E-001,5.514531582593918E-002,-6.315155327320099E-002,7.449999451637268E-001,6.178852915763855E-001,
1.844600000000000E+009,4.758022725582123E-002,-7.243533432483673E-002,7.601988315582275E-001,6.162718534469605E-001,4.758022725582123E-002,-7.243533432483673E-002,7.601988315582275E-001,6.162718534469605E-001,
1.852966666666667E+009,3.854874521493912E-002,-7.770615071058273E-002,7.686216831207275E-001,5.809774398803711E-001,3.854874521493912E-002,-7.770615071058273E-002,7.686216831207275E-001,5.809774398803711E-001,
1.861333333333334E+009,2.821983024477959E-002,-8.031574636697769E-002,7.923606634140015E-001,5.626439452171326E-001,2.821983024477959E-002,-8.031574636697769E-002,7.923606634140015E-001,5.626439452171326E-001,
1.869700000000000E+009,2.044837176799774E-002,-7.567574083805084E-002,8.083283305168152E-001,5.468745827674866E-001,2.044837176799774E-002,-7.567574083805084E-002,8.083283305168152E-001,5.468745827674866E-001,
1.878066666666667E+009,1.643091812729836E-002,-7.012636959552765E-002,8.212767839431763E-001,5.293359160423279E-001,1.643091812729836E-002,-7.012636959552765E-002,8.212767839431763E-001,5.293359160423279E-001,
1.886433333333334E+009,1.760570332407951E-002,-6.268457323312759E-002,8.390176892280579E-001,5.029863715171814E-001,1.760570332407951E-002,-6.268457323312759E-002,8.390176892280579E-001,5.029863715171814E-001,
1.894800000000000E+009,2.550731040537357E-002,-5.777278169989586E-002,8.499785065650940E-001,4.820553660392761E-001,2.550731040537357E-002,-5.777278169989586E-002,8.499785065650940E-001,4.820553660392761E-001,
1.903166666666667E+009,3.406020253896713E-002,-5.439076572656632E-002,8.612617254257202E-001,4.532618820667267E-001,3.406020253896713E-002,-5.439076572656632E-002,8.612617254257202E-001,4.532618820667267E-001,
1.911533333333334E+009,4.298990964889526E-002,-5.885648727416992E-002,8.676807284355164E-001,4.264192581176758E-001,4.298990964889526E-002,-5.885648727416992E-002,8.676807284355164E-001,4.264192581176758E-001,
1.919900000000000E+009,4.976797848939896E-002,-6.641470640897751E-002,8.829527497291565E-001,4.117707908153534E-001,4.976797848939896E-002,-6.641470640897751E-002,8.829527497291565E-001,4.117707908153534E-001,
1.928266666666667E+009,5.248105898499489E-002,-7.686749100685120E-002,8.817477226257324E-001,3.762110769748688E-001,5.248105898499489E-002,-7.686749100685120E-002,8.817477226257324E-001,3.762110769748688E-001,
1.936633333333334E+009,4.685654118657112E-002,-8.865359425544739E-002,8.990515470504761E-001,3.674957752227783E-001,4.685654118657112E-002,-8.865359425544739E-002,8.990515470504761E-001,3.674957752227783E-001,
1.945000000000000E+009,3.667069971561432E-002,-9.727256000041962E-002,9.102057218551636E-001,3.397028446197510E-001,3.667069971561432E-002,-9.727256000041962E-002,9.102057218551636E-001,3.397028446197510E-001,
1.953366666666667E+009,2.410675026476383E-002,-1.029370278120041E-001,9.127093553543091E-001,3.209665119647980E-001,2.410675026476383E-002,-1.029370278120041E-001,9.127093553543091E-001,3.209665119647980E-001,
1.961733333333334E+009,8.643761277198792E-003,-1.007567644119263E-001,9.270318746566773E-001,2.976917922496796E-001,8.643761277198792E-003,-1.007567644119263E-001,9.270318746566773E-001,2.976917922496796E-001,
1.970100000000000E+009,-2.896953839808703E-003,-9.475705027580261E-002,9.279985427856445E-001,2.761952877044678E-001,-2.896953839808703E-003,-9.475705027580261E-002,9.279985427856445E-001,2.761952877044678E-001,
1.978466666666667E+009,-7.332088425755501E-003,-8.317069709300995E-002,9.406361579895020E-001,2.450689375400543E-001,-7.332088425755501E-003,-8.317069709300995E-002,9.406361579895020E-001,2.450689375400543E-001,
1.986833333333334E+009,-4.570792894810438E-003,-7.263704389333725E-002,9.412711858749390E-001,2.281859964132309E-001,-4.570792894810438E-003,-7.263704389333725E-002,9.412711858749390E-001,2.281859964132309E-001,
1.995200000000000E+009,6.296894513070583E-003,-6.599265336990356E-002,9.457856416702271E-001,2.108167111873627E-001,6.296894513070583E-003,-6.599265336990356E-002,9.457856416702271E-001,2.108167111873627E-001,
2.003566666666667E+009,2.040797472000122E-002,-6.504814326763153E-002,9.504234790802002E-001,1.759205162525177E-001,2.040797472000122E-002,-6.504814326763153E-002,9.504234790802002E-001,1.759205162525177E-001,
2.011933333333334E+009,3.282406553626061E-002,-7.345124334096909E-002,9.619436860084534E-001,1.441849023103714E-001,3.282406553626061E-002,-7.345124334096909E-002,9.619436860084534E-001,1.441849023103714E-001,
2.020300000000000E+009,4.028514400124550E-002,-8.400253951549530E-002,9.622660875320435E-001,1.169930770993233E-001,4.028514400124550E-002,-8.400253951549530E-002,9.622660875320435E-001,1.169930770993233E-001,
2.028666666666667E+009,3.930362313985825E-002,-9.940002113580704E-002,9.650651812553406E-001,1.014648377895355E-001,3.930362313985825E-002,-9.940002113580704E-002,9.650651812553406E-001,1.014648377895355E-001,
2.037033333333334E+009,3.012660890817642E-002,-1.150686368346214E-001,9.664274454116821E-001,7.445959001779556E-002,3.012660890817642E-002,-1.150686368346214E-001,9.664274454116821E-001,7.445959001779556E-002,
2.045400000000000E+009,1.403871830552816E-002,-1.239563897252083E-001,9.673040509223938E-001,5.795461684465408E-002,1.403871830552816E-002,-1.239563897252083E-001,9.673040509223938E-001,5.795461684465408E-002,
2.053766666666667E+009,-6.432938389480114E-003,-1.241491436958313E-001,9.678100943565369E-001,3.233353048563004E-002,-6.432938389480114E-003,-1.241491436958313E-001,9.678100943565369E-001,3.233353048563004E-002,
2.062133333333334E+009,-2.170193009078503E-002,-1.177601888775826E-001,9.724794626235962E-001,6.210207939147949E-003,-2.170193009078503E-002,-1.177601888775826E-001,9.724794626235962E-001,6.210207939147949E-003,
2.070500000000000E+009,-3.046885319054127E-002,-1.027439758181572E-001,9.720777869224548E-001,-2.257462032139301E-002,-3.046885319054127E-002,-1.027439758181572E-001,9.720777869224548E-001,-2.257462032139301E-002,
2.078866666666667E+009,-2.951365336775780E-002,-8.787082135677338E-002,9.703900218009949E-001,-4.314820840954781E-002,-2.951365336775780E-002,-8.787082135677338E-002,9.703900218009949E-001,-4.314820840954781E-002,
2.087233333333334E+009,-1.956705935299397E-002,-7.973268628120422E-002,9.692783951759338E-001,-7.753595709800720E-002,-1.956705935299397E-002,-7.973268628120422E-002,9.692783951759338E-001,-7.753595709800720E-002,
2.095600000000000E+009,-4.007900133728981E-003,-7.626289874315262E-002,9.727981090545654E-001,-9.702828526496887E-002,-4.007900133728981E-003,-7.626289874315262E-002,9.727981090545654E-001,-9.702828526496887E-002,
2.103966666666667E+009,1.137567590922117E-002,-8.564245700836182E-002,9.721193909645081E-001,-1.252966374158859E-001,1.137567590922117E-002,-8.564245700836182E-002,9.721193909645081E-001,-1.252966374158859E-001,
2.112333333333334E+009,2.058078907430172E-002,-1.013005152344704E-001,9.570415019989014E-001,-1.452386826276779E-001,2.058078907430172E-002,-1.013005152344704E-001,9.570415019989014E-001,-1.452386826276779E-001,
2.120700000000000E+009,1.961714960634708E-002,-1.242453232407570E-001,9.526615738868713E-001,-1.763312220573425E-001,1.961714960634708E-002,-1.242453232407570E-001,9.526615738868713E-001,-1.763312220573425E-001,
2.129066666666667E+009,6.717462558299303E-003,-1.404643058776856E-001,9.587307572364807E-001,-2.034013420343399E-001,6.717462558299303E-003,-1.404643058776856E-001,9.587307572364807E-001,-2.034013420343399E-001,
2.137433333333334E+009,-1.567756943404675E-002,-1.512085050344467E-001,9.419934153556824E-001,-2.205130308866501E-001,-1.567756943404675E-002,-1.512085050344467E-001,9.419934153556824E-001,-2.205130308866501E-001,
2.145800000000000E+009,-4.381670057773590E-002,-1.493747830390930E-001,9.373854994773865E-001,-2.438129633665085E-001,-4.381670057773590E-002,-1.493747830390930E-001,9.373854994773865E-001,-2.438129633665085E-001,
2.154166666666667E+009,-6.487986445426941E-002,-1.367030441761017E-001,9.292488098144531E-001,-2.596718668937683E-001,-6.487986445426941E-002,-1.367030441761017E-001,9.292488098144531E-001,-2.596718668937683E-001,
2.162533333333334E+009,-7.819029688835144E-002,-1.148833334445953E-001,9.134443402290344E-001,-2.856026589870453E-001,-7.819029688835144E-002,-1.148833334445953E-001,9.134443402290344E-001,-2.856026589870453E-001,
2.170900000000000E+009,-7.754736393690109E-002,-9.266890585422516E-002,9.211382865905762E-001,-3.129000067710877E-001,-7.754736393690109E-002,-9.266890585422516E-002,9.211382865905762E-001,-3.129000067710877E-001,
2.179266666666667E+009,-6.475505977869034E-002,-7.796788960695267E-002,9.088950753211975E-001,-3.293925523757935E-001,-6.475505977869034E-002,-7.796788960695267E-002,9.088950753211975E-001,-3.293925523757935E-001,
2.187633333333334E+009,-4.674451425671578E-002,-7.294373214244843E-002,9.081660509109497E-001,-3.637903332710266E-001,-4.674451425671578E-002,-7.294373214244843E-002,9.081660509109497E-001,-3.637903332710266E-001,
2.196000000000000E+009,-2.600184269249439E-002,-8.227719366550446E-002,8.874152302742004E-001,-3.850618302822113E-001,-2.600184269249439E-002,-8.227719366550446E-002,8.874152302742004E-001,-3.850618302822113E-001,
2.204366666666667E+009,-1.407770626246929E-002,-1.029563993215561E-001,8.802571296691895E-001,-4.065789282321930E-001,-1.407770626246929E-002,-1.029563993215561E-001,8.802571296691895E-001,-4.065789282321930E-001,
2.212733333333334E+009,-1.503515802323818E-002,-1.281888037919998E-001,8.657574653625488E-001,-4.394592344760895E-001,-1.503515802323818E-002,-1.281888037919998E-001,8.657574653625488E-001,-4.394592344760895E-001,
2.221100000000000E+009,-3.066576644778252E-002,-1.476589292287827E-001,8.458597064018250E-001,-4.507668018341065E-001,-3.066576644778252E-002,-1.476589292287827E-001,8.458597064018250E-001,-4.507668018341065E-001,
2.229466666666667E+009,-5.419440940022469E-002,-1.586404293775559E-001,8.375056982040405E-001,-4.631303846836090E-001,-5.419440940022469E-002,-1.586404293775559E-001,8.375056982040405E-001,-4.631303846836090E-001,
2.237833333333334E+009,-8.423400670289993E-002,-1.526649296283722E-001,8.294100165367127E-001,-4.887759983539581E-001,-8.423400670289993E-002,-1.526649296283722E-001,8.294100165367127E-001,-4.887759983539581E-001,
2.246200000000000E+009,-1.091558337211609E-001,-1.357521712779999E-001,8.163784146308899E-001,-5.093013644218445E-001,-1.091558337211609E-001,-1.357521712779999E-001,8.163784146308899E-001,-5.093013644218445E-001,
2.254566666666667E+009,-1.203702315688133E-001,-1.083823740482330E-001,8.071515560150147E-001,-5.271630883216858E-001,-1.203702315688133E-001,-1.083823740482330E-001,8.071515560150147E-001,-5.271630883216858E-001,
2.262933333333334E+009,-1.200271248817444E-001,-8.328400552272797E-002,7.934710979461670E-001,-5.478951334953308E-001,-1.200271248817444E-001,-8.328400552272797E-002,7.934710979461670E-001,-5.478951334953308E-001,
2.271300000000000E+009,-1.064724251627922E-001,-6.378010660409927E-002,7.778851985931397E-001,-5.667725801467896E-001,-1.064724251627922E-001,-6.378010660409927E-002,7.778851985931397E-001,-5.667725801467896E-001,
2.279666666666667E+009,-8.461672812700272E-002,-5.984763056039810E-002,7.656582593917847E-001,-5.906450152397156E-001,-8.461672812700272E-002,-5.984763056039810E-002,7.656582593917847E-001,-5.906450152397156E-001,
2.288033333333334E+009,-6.551201641559601E-002,-7.024522870779038E-002,7.511437535285950E-001,-6.187171339988709E-001,-6.551201641559601E-002,-7.024522870779038E-002,7.511437535285950E-001,-6.187171339988709E-001,
2.296400000000000E+009,-5.544645339250565E-002,-9.239335358142853E-002,7.283642292022705E-001,-6.391612291336060E-001,-5.544645339250565E-002,-9.239335358142853E-002,7.283642292022705E-001,-6.391612291336060E-001,
2.304766666666667E+009,-6.116411834955216E-002,-1.175774037837982E-001,7.143814563751221E-001,-6.461564302444458E-001,-6.116411834955216E-002,-1.175774037837982E-001,7.143814563751221E-001,-6.461564302444458E-001,
2.313133333333334E+009,-8.108020573854446E-002,-1.336030066013336E-001,6.933339238166809E-001,-6.766530871391296E-001,-8.108020573854446E-002,-1.336030066013336E-001,6.933339238166809E-001,-6.766530871391296E-001,
2.321500000000000E+009,-1.057826057076454E-001,-1.370093524456024E-001,6.744050979614258E-001,-6.872303485870361E-001,-1.057826057076454E-001,-1.370093524456024E-001,6.744050979614258E-001,-6.872303485870361E-001,
2.329866666666667E+009,-1.317107379436493E-001,-1.257449686527252E-001,6.653174757957459E-001,-7.011176943778992E-001,-1.317107379436493E-001,-1.257449686527252E-001,6.653174757957459E-001,-7.011176943778992E-001,
2.338233333333334E+009,-1.500864624977112E-001,-1.029337644577026E-001,6.376840472221375E-001,-7.178947329521179E-001,-1.500864624977112E-001,-1.029337644577026E-001,6.376840472221375E-001,-7.178947329521179E-001,
2.346600000000000E+009,-1.541249155998230E-001,-7.135961204767227E-002,6.193071007728577E-001,-7.365821003913879E-001,-1.541249155998230E-001,-7.135961204767227E-002,6.193071007728577E-001,-7.365821003913879E-001,
2.354966666666667E+009,-1.409249454736710E-001,-4.683679714798927E-002,6.171013712882996E-001,-7.459206581115723E-001,-1.409249454736710E-001,-4.683679714798927E-002,6.171013712882996E-001,-7.459206581115723E-001,
2.363333333333334E+009,-1.198200285434723E-001,-3.543883562088013E-002,5.977600812911987E-001,-7.635443210601807E-001,-1.198200285434723E-001,-3.543883562088013E-002,5.977600812911987E-001,-7.635443210601807E-001,
2.371700000000000E+009,-9.292326122522354E-002,-3.826538473367691E-002,5.775625705718994E-001,-7.855525612831116E-001,-9.292326122522354E-002,-3.826538473367691E-002,5.775625705718994E-001,-7.855525612831116E-001,
2.380066666666667E+009,-7.614108920097351E-002,-6.049147248268127E-002,5.470487475395203E-001,-8.018206954002380E-001,-7.614108920097351E-002,-6.049147248268127E-002,5.470487475395203E-001,-8.018206954002380E-001,
2.388433333333334E+009,-7.579226046800613E-002,-9.065657854080200E-002,5.260683894157410E-001,-8.082060217857361E-001,-7.579226046800613E-002,-9.065657854080200E-002,5.260683894157410E-001,-8.082060217857361E-001,
2.396800000000000E+009,-9.268511831760407E-002,-1.197316497564316E-001,4.923771619796753E-001,-8.289798498153687E-001,-9.268511831760407E-002,-1.197316497564316E-001,4.923771619796753E-001,-8.289798498153687E-001,
2.405166666666667E+009,-1.236927360296249E-001,-1.386840790510178E-001,4.747987389564514E-001,-8.379375338554382E-001,-1.236927360296249E-001,-1.386840790510178E-001,4.747987389564514E-001,-8.379375338554382E-001,
2.413533333333334E+009,-1.632782816886902E-001,-1.361927688121796E-001,4.484962522983551E-001,-8.415603637695313E-001,-1.632782816886902E-001,-1.361927688121796E-001,4.484962522983551E-001,-8.415603637695313E-001,
2.421900000000000E+009,-1.994652599096298E-001,-1.155837848782539E-001,4.374284744262695E-001,-8.503937125205994E-001,-1.994652599096298E-001,-1.155837848782539E-001,4.374284744262695E-001,-8.503937125205994E-001,
2.430266666666667E+009,-2.194193303585053E-001,-8.033019304275513E-002,4.170977473258972E-001,-8.623388409614563E-001,-2.194193303585053E-001,-8.033019304275513E-002,4.170977473258972E-001,-8.623388409614563E-001,
2.438633333333334E+009,-2.242215424776077E-001,-3.690555319190025E-002,3.995583653450012E-001,-8.695653080940247E-001,-2.242215424776077E-001,-3.690555319190025E-002,3.995583653450012E-001,-8.695653080940247E-001,
2.447000000000000E+009,-2.074522376060486E-001,2.467813203111291E-003,3.761763870716095E-001,-8.835812211036682E-001,-2.074522376060486E-001,2.467813203111291E-003,3.761763870716095E-001,-8.835812211036682E-001,
2.455366666666667E+009,-1.764851957559586E-001,2.451473474502564E-002,3.588698208332062E-001,-8.919503092765808E-001,-1.764851957559586E-001,2.451473474502564E-002,3.588698208332062E-001,-8.919503092765808E-001,
2.463733333333334E+009,-1.421618908643723E-001,2.867598459124565E-002,3.383046090602875E-001,-9.092319607734680E-001,-1.421618908643723E-001,2.867598459124565E-002,3.383046090602875E-001,-9.092319607734680E-001,
2.472100000000000E+009,-1.158316805958748E-001,1.094628218561411E-002,3.117744028568268E-001,-9.210038781166077E-001,-1.158316805958748E-001,1.094628218561411E-002,3.117744028568268E-001,-9.210038781166077E-001,
2.480466666666667E+009,-1.044583544135094E-001,-1.736474595963955E-002,2.764786779880524E-001,-9.225647449493408E-001,-1.044583544135094E-001,-1.736474595963955E-002,2.764786779880524E-001,-9.225647449493408E-001,
2.488833333333334E+009,-1.144202798604965E-001,-4.808514192700386E-002,2.565313279628754E-001,-9.322470426559448E-001,-1.144202798604965E-001,-4.808514192700386E-002,2.565313279628754E-001,-9.322470426559448E-001,
2.497200000000000E+009,-1.381841450929642E-001,-6.674554198980331E-002,2.281867712736130E-001,-9.398790001869202E-001,-1.381841450929642E-001,-6.674554198980331E-002,2.281867712736130E-001,-9.398790001869202E-001,
2.505566666666667E+009,-1.740361154079437E-001,-6.796632707118988E-002,1.981897950172424E-001,-9.423833489418030E-001,-1.740361154079437E-001,-6.796632707118988E-002,1.981897950172424E-001,-9.423833489418030E-001,
2.513933333333334E+009,-2.024571001529694E-001,-4.967048019170761E-002,1.796284019947052E-001,-9.403103590011597E-001,-2.024571001529694E-001,-4.967048019170761E-002,1.796284019947052E-001,-9.403103590011597E-001,
2.522300000000000E+009,-2.197382599115372E-001,-2.045400068163872E-002,1.521660089492798E-001,-9.430782198905945E-001,-2.197382599115372E-001,-2.045400068163872E-002,1.521660089492798E-001,-9.430782198905945E-001,
2.530666666666667E+009,-2.172497808933258E-001,1.657623611390591E-002,1.298148781061173E-001,-9.492482542991638E-001,-2.172497808933258E-001,1.657623611390591E-002,1.298148781061173E-001,-9.492482542991638E-001,
2.539033333333334E+009,-1.993981152772903E-001,4.763214290142059E-002,1.117314398288727E-001,-9.508904218673706E-001,-1.993981152772903E-001,4.763214290142059E-002,1.117314398288727E-001,-9.508904218673706E-001,
2.547400000000000E+009,-1.695010811090469E-001,6.556839495897293E-002,9.596902877092362E-002,-9.622541666030884E-001,-1.695010811090469E-001,6.556839495897293E-002,9.596902877092362E-002,-9.622541666030884E-001,
2.555766666666667E+009,-1.355717927217484E-001,6.572975963354111E-002,6.748938560485840E-002,-9.681046605110169E-001,-1.355717927217484E-001,6.572975963354111E-002,6.748938560485840E-002,-9.681046605110169E-001,
2.564133333333334E+009,-1.129776984453201E-001,4.502797499299049E-002,3.920749202370644E-002,-9.668406844139099E-001,-1.129776984453201E-001,4.502797499299049E-002,3.920749202370644E-002,-9.668406844139099E-001,
2.572500000000000E+009,-1.079838573932648E-001,1.791452616453171E-002,1.296228263527155E-002,-9.660784602165222E-001,-1.079838573932648E-001,1.791452616453171E-002,1.296228263527155E-002,-9.660784602165222E-001,
2.580866666666667E+009,-1.206039711833000E-001,-9.457652457058430E-003,-1.702437177300453E-002,-9.681977629661560E-001,-1.206039711833000E-001,-9.457652457058430E-003,-1.702437177300453E-002,-9.681977629661560E-001,
2.589233333333334E+009,-1.508307307958603E-001,-2.506807819008827E-002,-4.875122755765915E-002,-9.614967107772827E-001,-1.508307307958603E-001,-2.506807819008827E-002,-4.875122755765915E-002,-9.614967107772827E-001,
2.597600000000000E+009,-1.851626932621002E-001,-2.308516763150692E-002,-7.524590939283371E-002,-9.552882313728333E-001,-1.851626932621002E-001,-2.308516763150692E-002,-7.524590939283371E-002,-9.552882313728333E-001,
2.605966666666667E+009,-2.144244760274887E-001,-1.196739380247891E-003,-8.975104987621307E-002,-9.569227099418640E-001,-2.144244760274887E-001,-1.196739380247891E-003,-8.975104987621307E-002,-9.569227099418640E-001,
2.614333333333334E+009,-2.296360433101654E-001,3.078426793217659E-002,-1.128614768385887E-001,-9.465417265892029E-001,-2.296360433101654E-001,3.078426793217659E-002,-1.128614768385887E-001,-9.465417265892029E-001,
2.622700000000000E+009,-2.252147346735001E-001,6.898674368858337E-002,-1.306733638048172E-001,-9.396175742149353E-001,-2.252147346735001E-001,6.898674368858337E-002,-1.306733638048172E-001,-9.396175742149353E-001,
2.631066666666667E+009,-2.051881551742554E-001,1.017105206847191E-001,-1.546225994825363E-001,-9.511867761611939E-001,-2.051881551742554E-001,1.017105206847191E-001,-1.546225994825363E-001,-9.511867761611939E-001,
2.639433333333334E+009,-1.716848015785217E-001,1.177382245659828E-001,-1.744814068078995E-001,-9.384513497352600E-001,-1.716848015785217E-001,1.177382245659828E-001,-1.744814068078995E-001,-9.384513497352600E-001,
2.647800000000000E+009,-1.355113238096237E-001,1.170654371380806E-001,-2.012378275394440E-001,-9.394884109497070E-001,-1.355113238096237E-001,1.170654371380806E-001,-2.012378275394440E-001,-9.394884109497070E-001,
2.656166666666667E+009,-1.113036647439003E-001,9.890246391296387E-002,-2.208476662635803E-001,-9.418362975120544E-001,-1.113036647439003E-001,9.890246391296387E-002,-2.208476662635803E-001,-9.418362975120544E-001,
2.664533333333334E+009,-1.030997708439827E-001,7.235903292894363E-002,-2.586981952190399E-001,-9.305561184883118E-001,-1.030997708439827E-001,7.235903292894363E-002,-2.586981952190399E-001,-9.305561184883118E-001,
2.672900000000000E+009,-1.134529039263725E-001,4.628819599747658E-002,-2.802813649177551E-001,-9.236516356468201E-001,-1.134529039263725E-001,4.628819599747658E-002,-2.802813649177551E-001,-9.236516356468201E-001,
2.681266666666667E+009,-1.398571431636810E-001,3.259693458676338E-002,-3.072966933250427E-001,-9.102942347526550E-001,-1.398571431636810E-001,3.259693458676338E-002,-3.072966933250427E-001,-9.102942347526550E-001,
2.689633333333334E+009,-1.722968518733978E-001,3.685219213366509E-002,-3.287960290908814E-001,-9.027004837989807E-001,-1.722968518733978E-001,3.685219213366509E-002,-3.287960290908814E-001,-9.027004837989807E-001,
2.698000000000000E+009,-1.977202296257019E-001,5.841155722737312E-002,-3.439803421497345E-001,-8.905863761901856E-001,-1.977202296257019E-001,5.841155722737312E-002,-3.439803421497345E-001,-8.905863761901856E-001,
2.706366666666667E+009,-2.085194438695908E-001,9.254505485296249E-002,-3.699563443660736E-001,-8.740760087966919E-001,-2.085194438695908E-001,9.254505485296249E-002,-3.699563443660736E-001,-8.740760087966919E-001,
2.714733333333334E+009,-2.032260745763779E-001,1.267784386873245E-001,-3.815920948982239E-001,-8.723154664039612E-001,-2.032260745763779E-001,1.267784386873245E-001,-3.815920948982239E-001,-8.723154664039612E-001,
2.723100000000000E+009,-1.789222210645676E-001,1.564967334270477E-001,-4.008321464061737E-001,-8.580687642097473E-001,-1.789222210645676E-001,1.564967334270477E-001,-4.008321464061737E-001,-8.580687642097473E-001,
2.731466666666667E+009,-1.429298520088196E-001,1.720975637435913E-001,-4.279244840145111E-001,-8.558769822120667E-001,-1.429298520088196E-001,1.720975637435913E-001,-4.279244840145111E-001,-8.558769822120667E-001,
2.739833333333334E+009,-1.066842377185822E-001,1.670469641685486E-001,-4.412510991096497E-001,-8.472676277160645E-001,-1.066842377185822E-001,1.670469641685486E-001,-4.412510991096497E-001,-8.472676277160645E-001,
2.748200000000000E+009,-7.983829081058502E-002,1.486730277538300E-001,-4.690909087657929E-001,-8.389052748680115E-001,-7.983829081058502E-002,1.486730277538300E-001,-4.690909087657929E-001,-8.389052748680115E-001,
2.756566666666667E+009,-6.875964999198914E-002,1.190272867679596E-001,-4.962670505046845E-001,-8.301763534545898E-001,-6.875964999198914E-002,1.190272867679596E-001,-4.962670505046845E-001,-8.301763534545898E-001,
2.764933333333334E+009,-7.680054008960724E-002,9.173114597797394E-002,-5.290341377258301E-001,-8.213077187538147E-001,-7.680054008960724E-002,9.173114597797394E-002,-5.290341377258301E-001,-8.213077187538147E-001,
2.773300000000000E+009,-9.971036016941071E-002,7.328923046588898E-002,-5.433838963508606E-001,-7.969269156455994E-001,-9.971036016941071E-002,7.328923046588898E-002,-5.433838963508606E-001,-7.969269156455994E-001,
2.781666666666667E+009,-1.318273693323135E-001,7.717729359865189E-002,-5.641800761222839E-001,-7.782001495361328E-001,-1.318273693323135E-001,7.717729359865189E-002,-5.641800761222839E-001,-7.782001495361328E-001,
2.790033333333334E+009,-1.575716733932495E-001,9.472278505563736E-002,-5.843452215194702E-001,-7.649849057197571E-001,-1.575716733932495E-001,9.472278505563736E-002,-5.843452215194702E-001,-7.649849057197571E-001,
2.798400000000000E+009,-1.707266867160797E-001,1.274811178445816E-001,-6.010444164276123E-001,-7.488687634468079E-001,-1.707266867160797E-001,1.274811178445816E-001,-6.010444164276123E-001,-7.488687634468079E-001,
2.806766666666667E+009,-1.629018783569336E-001,1.623013019561768E-001,-6.124959588050842E-001,-7.261478304862976E-001,-1.629018783569336E-001,1.623013019561768E-001,-6.124959588050842E-001,-7.261478304862976E-001,
2.815133333333334E+009,-1.408468186855316E-001,1.886329054832459E-001,-6.273661255836487E-001,-7.147564291954041E-001,-1.408468186855316E-001,1.886329054832459E-001,-6.273661255836487E-001,-7.147564291954041E-001,
2.823500000000000E+009,-1.065790727734566E-001,2.029613703489304E-001,-6.447290182113648E-001,-7.044587135314941E-001,-1.065790727734566E-001,2.029613703489304E-001,-6.447290182113648E-001,-7.044587135314941E-001,
2.831866666666667E+009,-7.095312327146530E-002,1.966095417737961E-001,-6.594247221946716E-001,-6.909629702568054E-001,-7.095312327146530E-002,1.966095417737961E-001,-6.594247221946716E-001,-6.909629702568054E-001,
2.840233333333334E+009,-4.250714555382729E-002,1.758078783750534E-001,-6.850656867027283E-001,-6.815862059593201E-001,-4.250714555382729E-002,1.758078783750534E-001,-6.850656867027283E-001,-6.815862059593201E-001,
2.848600000000000E+009,-2.991832792758942E-002,1.456698030233383E-001,-7.014002799987793E-001,-6.594150662422180E-001,-2.991832792758942E-002,1.456698030233383E-001,-7.014002799987793E-001,-6.594150662422180E-001,
2.856966666666667E+009,-3.728261962532997E-002,1.177715212106705E-001,-7.226036787033081E-001,-6.437714695930481E-001,-3.728261962532997E-002,1.177715212106705E-001,-7.226036787033081E-001,-6.437714695930481E-001,
2.865333333333334E+009,-6.142617017030716E-002,9.867649525403976E-002,-7.426412701606751E-001,-6.256554722785950E-001,-6.142617017030716E-002,9.867649525403976E-002,-7.426412701606751E-001,-6.256554722785950E-001,
2.873700000000000E+009,-9.247484058141708E-002,9.902985394001007E-002,-7.618654966354370E-001,-5.916142463684082E-001,-9.247484058141708E-002,9.902985394001007E-002,-7.618654966354370E-001,-5.916142463684082E-001,
2.882066666666667E+009,-1.192737147212029E-001,1.175663545727730E-001,-7.696326375007629E-001,-5.675324201583862E-001,-1.192737147212029E-001,1.175663545727730E-001,-7.696326375007629E-001,-5.675324201583862E-001,
2.890433333333334E+009,-1.326803416013718E-001,1.511431485414505E-001,-7.801939249038696E-001,-5.479339957237244E-001,-1.326803416013718E-001,1.511431485414505E-001,-7.801939249038696E-001,-5.479339957237244E-001,
2.898800000000000E+009,-1.261206716299057E-001,1.880161613225937E-001,-7.859914302825928E-001,-5.349761247634888E-001,-1.261206716299057E-001,1.880161613225937E-001,-7.859914302825928E-001,-5.349761247634888E-001,
2.907166666666667E+009,-1.013337075710297E-001,2.166878581047058E-001,-7.904521822929382E-001,-5.188838243484497E-001,-1.013337075710297E-001,2.166878581047058E-001,-7.904521822929382E-001,-5.188838243484497E-001,
2.915533333333334E+009,-6.226071342825890E-002,2.319089621305466E-001,-8.093036413192749E-001,-4.931181669235230E-001,-6.226071342825890E-002,2.319089621305466E-001,-8.093036413192749E-001,-4.931181669235230E-001,
2.923900000000000E+009,-2.542401105165482E-002,2.262255549430847E-001,-8.193073868751526E-001,-4.847150743007660E-001,-2.542401105165482E-002,2.262255549430847E-001,-8.193073868751526E-001,-4.847150743007660E-001,
2.932266666666667E+009,4.751407075673342E-003,2.047862112522125E-001,-8.310365080833435E-001,-4.701838493347168E-001,4.751407075673342E-003,2.047862112522125E-001,-8.310365080833435E-001,-4.701838493347168E-001,
2.940633333333334E+009,1.870069652795792E-002,1.706419289112091E-001,-8.511717915534973E-001,-4.480771124362946E-001,1.870069652795792E-002,1.706419289112091E-001,-8.511717915534973E-001,-4.480771124362946E-001,
2.949000000000000E+009,1.307003479450941E-002,1.345313340425491E-001,-8.725199103355408E-001,-4.173487424850464E-001,1.307003479450941E-002,1.345313340425491E-001,-8.725199103355408E-001,-4.173487424850464E-001,
2.957366666666667E+009,-1.137274224311113E-002,1.123820021748543E-001,-8.853251338005066E-001,-3.996464312076569E-001,-1.137274224311113E-002,1.123820021748543E-001,-8.853251338005066E-001,-3.996464312076569E-001,
2.965733333333334E+009,-4.602176323533058E-002,1.094414070248604E-001,-8.968165516853333E-001,-3.688837289810181E-001,-4.602176323533058E-002,1.094414070248604E-001,-8.968165516853333E-001,-3.688837289810181E-001,
2.974100000000000E+009,-7.326157391071320E-002,1.276576668024063E-001,-9.038940072059631E-001,-3.328778445720673E-001,-7.326157391071320E-002,1.276576668024063E-001,-9.038940072059631E-001,-3.328778445720673E-001,
2.982466666666667E+009,-8.748883008956909E-002,1.615170091390610E-001,-9.088054299354553E-001,-3.087147772312164E-001,-8.748883008956909E-002,1.615170091390610E-001,-9.088054299354553E-001,-3.087147772312164E-001,
2.990833333333334E+009,-8.191645145416260E-002,1.989292055368424E-001,-9.029633998870850E-001,-2.937445938587189E-001,-8.191645145416260E-002,1.989292055368424E-001,-9.029633998870850E-001,-2.937445938587189E-001,
2.999200000000000E+009,-5.526813492178917E-002,2.296957522630692E-001,-9.094817042350769E-001,-2.706948816776276E-001,-5.526813492178917E-002,2.296957522630692E-001,-9.094817042350769E-001,-2.706948816776276E-001,
3.007566666666667E+009,-1.563736423850060E-002,2.447028160095215E-001,-9.144267439842224E-001,-2.493289709091187E-001,-1.563736423850060E-002,2.447028160095215E-001,-9.144267439842224E-001,-2.493289709091187E-001,
3.015933333333334E+009,2.652776800096035E-002,2.369322329759598E-001,-9.169706702232361E-001,-2.377598136663437E-001,2.652776800096035E-002,2.369322329759598E-001,-9.169706702232361E-001,-2.377598136663437E-001,
3.024300000000000E+009,5.845272913575172E-002,2.124072909355164E-001,-9.272252917289734E-001,-2.190505266189575E-001,5.845272913575172E-002,2.124072909355164E-001,-9.272252917289734E-001,-2.190505266189575E-001,
3.032666666666667E+009,7.264143228530884E-002,1.734230816364288E-001,-9.393821358680725E-001,-1.969063580036163E-001,7.264143228530884E-002,1.734230816364288E-001,-9.393821358680725E-001,-1.969063580036163E-001,
3.041033333333334E+009,6.319591403007507E-002,1.347020715475082E-001,-9.494044184684753E-001,-1.724521219730377E-001,6.319591403007507E-002,1.347020715475082E-001,-9.494044184684753E-001,-1.724521219730377E-001,
3.049400000000000E+009,3.464496135711670E-002,1.097084060311317E-001,-9.559280276298523E-001,-1.385604441165924E-001,3.464496135711670E-002,1.097084060311317E-001,-9.559280276298523E-001,-1.385604441165924E-001,
3.057766666666667E+009,-2.456709276884794E-003,1.056762635707855E-001,-9.654076099395752E-001,-1.190474629402161E-001,-2.456709276884794E-003,1.056762635707855E-001,-9.654076099395752E-001,-1.190474629402161E-001,
3.066133333333334E+009,-3.694083914160729E-002,1.244287118315697E-001,-9.600417613983154E-001,-7.827527076005936E-002,-3.694083914160729E-002,1.244287118315697E-001,-9.600417613983154E-001,-7.827527076005936E-002,
3.074500000000000E+009,-5.329607799649239E-002,1.611330360174179E-001,-9.609422683715820E-001,-4.848216474056244E-002,-5.329607799649239E-002,1.611330360174179E-001,-9.609422683715820E-001,-4.848216474056244E-002,
3.082866666666667E+009,-4.404726251959801E-002,2.028191685676575E-001,-9.532985687255859E-001,-2.632097899913788E-002,-4.404726251959801E-002,2.028191685676575E-001,-9.532985687255859E-001,-2.632097899913788E-002,
3.091233333333334E+009,-1.316878665238619E-002,2.378128319978714E-001,-9.472142457962036E-001,-6.457492243498564E-003,-1.316878665238619E-002,2.378128319978714E-001,-9.472142457962036E-001,-6.457492243498564E-003,
3.099600000000000E+009,3.358076885342598E-002,2.520546615123749E-001,-9.411447644233704E-001,8.579275570809841E-003,3.358076885342598E-002,2.520546615123749E-001,-9.411447644233704E-001,8.579275570809841E-003,
3.107966666666667E+009,8.493948727846146E-002,2.405875027179718E-001,-9.433652162551880E-001,2.296835929155350E-002,8.493948727846146E-002,2.405875027179718E-001,-9.433652162551880E-001,2.296835929155350E-002,
3.116333333333334E+009,1.234461143612862E-001,2.084589749574661E-001,-9.447987079620361E-001,4.467537999153137E-002,1.234461143612862E-001,2.084589749574661E-001,-9.447987079620361E-001,4.467537999153137E-002,
3.124700000000000E+009,1.390596479177475E-001,1.616585701704025E-001,-9.541782140731812E-001,6.034097820520401E-002,1.390596479177475E-001,1.616585701704025E-001,-9.541782140731812E-001,6.034097820520401E-002,
3.133066666666667E+009,1.297309547662735E-001,1.144486069679260E-001,-9.626618623733521E-001,9.202436357736588E-002,1.297309547662735E-001,1.144486069679260E-001,-9.626618623733521E-001,9.202436357736588E-002,
3.141433333333334E+009,9.689579159021378E-002,7.963239401578903E-002,-9.655522704124451E-001,1.187818720936775E-001,9.689579159021378E-002,7.963239401578903E-002,-9.655522704124451E-001,1.187818720936775E-001,
3.149800000000000E+009,4.909951612353325E-002,7.081533223390579E-002,-9.629278182983398E-001,1.584386974573135E-001,4.909951612353325E-002,7.081533223390579E-002,-9.629278182983398E-001,1.584386974573135E-001,
3.158166666666667E+009,5.686650518327951E-003,9.085503965616226E-002,-9.520494341850281E-001,1.897993534803391E-001,5.686650518327951E-003,9.085503965616226E-002,-9.520494341850281E-001,1.897993534803391E-001,
3.166533333333334E+009,-1.713904924690723E-002,1.312555372714996E-001,-9.443429112434387E-001,2.187685370445252E-001,-1.713904924690723E-002,1.312555372714996E-001,-9.443429112434387E-001,2.187685370445252E-001,
3.174900000000000E+009,-1.509395055472851E-002,1.786895096302033E-001,-9.291812181472778E-001,2.430852651596069E-001,-1.509395055472851E-002,1.786895096302033E-001,-9.291812181472778E-001,2.430852651596069E-001,
3.183266666666667E+009,1.582553796470165E-002,2.193455398082733E-001,-9.120165109634399E-001,2.626383602619171E-001,1.582553796470165E-002,2.193455398082733E-001,-9.120165109634399E-001,2.626383602619171E-001,
3.191633333333334E+009,6.352490931749344E-002,2.352752685546875E-001,-8.967160582542419E-001,2.767189145088196E-001,6.352490931749344E-002,2.352752685546875E-001,-8.967160582542419E-001,2.767189145088196E-001,
3.200000000000000E+009,1.154758185148239E-001,2.242385894060135E-001,-8.946681618690491E-001,2.872931063175201E-001,1.154758185148239E-001,2.242385894060135E-001,-8.946681618690491E-001,2.872931063175201E-001,
