% Version 1.00
%
%freq[Hz],re:Trc1_S11,im:Trc1_S11,re:Trc2_S21,im:Trc2_S21,re:Trc3_S11,im:Trc3_S11,re:Trc4_S21,im:Trc4_S21,
6.900000000000000E+008,-6.860063225030899E-002,2.123140729963779E-002,-4.600090086460114E-001,-8.695306777954102E-001,-6.860063225030899E-002,2.123140729963779E-002,-4.600090086460114E-001,-8.695306777954102E-001,
6.983666666666666E+008,-6.060218438506126E-002,2.280762977898121E-002,-4.783784449100494E-001,-8.535495400428772E-001,-6.060218438506126E-002,2.280762977898121E-002,-4.783784449100494E-001,-8.535495400428772E-001,
7.067333333333334E+008,-5.386376380920410E-002,2.101280912756920E-002,-5.091743469238281E-001,-8.281433582305908E-001,-5.386376380920410E-002,2.101280912756920E-002,-5.091743469238281E-001,-8.281433582305908E-001,
7.151000000000000E+008,-5.299798771739006E-002,1.344662625342608E-002,-5.183556079864502E-001,-8.199202418327332E-001,-5.299798771739006E-002,1.344662625342608E-002,-5.183556079864502E-001,-8.199202418327332E-001,
7.234666666666666E+008,-5.227033793926239E-002,8.645718917250633E-003,-5.590070486068726E-001,-8.097823262214661E-001,-5.227033793926239E-002,8.645718917250633E-003,-5.590070486068726E-001,-8.097823262214661E-001,
7.318333333333334E+008,-5.889421328902245E-002,5.566689651459456E-003,-5.654732584953308E-001,-8.041654229164124E-001,-5.889421328902245E-002,5.566689651459456E-003,-5.654732584953308E-001,-8.041654229164124E-001,
7.402000000000000E+008,-6.570669263601303E-002,7.595420815050602E-003,-5.962153077125549E-001,-7.819083929061890E-001,-6.570669263601303E-002,7.595420815050602E-003,-5.962153077125549E-001,-7.819083929061890E-001,
7.485666666666666E+008,-7.010499387979507E-002,1.299295015633106E-002,-6.191734075546265E-001,-7.450936436653137E-001,-7.010499387979507E-002,1.299295015633106E-002,-6.191734075546265E-001,-7.450936436653137E-001,
7.569333333333334E+008,-7.043112069368362E-002,2.236721850931644E-002,-6.356716156005859E-001,-7.479191422462463E-001,-7.043112069368362E-002,2.236721850931644E-002,-6.356716156005859E-001,-7.479191422462463E-001,
7.653000000000000E+008,-6.681157648563385E-002,3.158285841345787E-002,-6.435784697532654E-001,-7.416717410087585E-001,-6.681157648563385E-002,3.158285841345787E-002,-6.435784697532654E-001,-7.416717410087585E-001,
7.736666666666666E+008,-5.868276953697205E-002,4.078979045152664E-002,-6.692194342613220E-001,-7.344889640808106E-001,-5.868276953697205E-002,4.078979045152664E-002,-6.692194342613220E-001,-7.344889640808106E-001,
7.820333333333334E+008,-5.152624100446701E-002,4.542880132794380E-002,-6.938732862472534E-001,-7.114182114601135E-001,-5.152624100446701E-002,4.542880132794380E-002,-6.938732862472534E-001,-7.114182114601135E-001,
7.904000000000000E+008,-4.105184599757195E-002,4.462051019072533E-002,-7.097856402397156E-001,-6.892784833908081E-001,-4.105184599757195E-002,4.462051019072533E-002,-7.097856402397156E-001,-6.892784833908081E-001,
7.987666666666666E+008,-3.290474042296410E-002,4.097963124513626E-002,-7.243621349334717E-001,-6.692656874656677E-001,-3.290474042296410E-002,4.097963124513626E-002,-7.243621349334717E-001,-6.692656874656677E-001,
8.071333333333334E+008,-3.182854503393173E-002,3.695340827107430E-002,-7.373832464218140E-001,-6.557216644287109E-001,-3.182854503393173E-002,3.695340827107430E-002,-7.373832464218140E-001,-6.557216644287109E-001,
8.155000000000000E+008,-3.456617891788483E-002,3.011685982346535E-002,-7.495049238204956E-001,-6.107152700424194E-001,-3.456617891788483E-002,3.011685982346535E-002,-7.495049238204956E-001,-6.107152700424194E-001,
8.238666666666666E+008,-3.851407766342163E-002,2.715104073286057E-002,-7.808048129081726E-001,-6.164750456809998E-001,-3.851407766342163E-002,2.715104073286057E-002,-7.808048129081726E-001,-6.164750456809998E-001,
8.322333333333334E+008,-4.608639702200890E-002,2.889255434274674E-002,-7.933753728866577E-001,-5.877794623374939E-001,-4.608639702200890E-002,2.889255434274674E-002,-7.933753728866577E-001,-5.877794623374939E-001,
8.406000000000000E+008,-5.000875890254974E-002,3.212201967835426E-002,-8.070464730262756E-001,-5.734047889709473E-001,-5.000875890254974E-002,3.212201967835426E-002,-8.070464730262756E-001,-5.734047889709473E-001,
8.489666666666668E+008,-5.026818066835403E-002,3.950124979019165E-002,-8.283002972602844E-001,-5.480656027793884E-001,-5.026818066835403E-002,3.950124979019165E-002,-8.283002972602844E-001,-5.480656027793884E-001,
8.573333333333334E+008,-4.676881060004234E-002,4.681758582592011E-002,-8.348320722579956E-001,-5.305427908897400E-001,-4.676881060004234E-002,4.681758582592011E-002,-8.348320722579956E-001,-5.305427908897400E-001,
8.657000000000000E+008,-3.980565071105957E-002,5.554464831948280E-002,-8.515123128890991E-001,-5.025944709777832E-001,-3.980565071105957E-002,5.554464831948280E-002,-8.515123128890991E-001,-5.025944709777832E-001,
8.740666666666668E+008,-3.094570338726044E-002,6.070988997817040E-002,-8.475925922393799E-001,-4.834948480129242E-001,-3.094570338726044E-002,6.070988997817040E-002,-8.475925922393799E-001,-4.834948480129242E-001,
8.824333333333334E+008,-2.105979993939400E-002,5.984849855303764E-002,-8.800529241561890E-001,-4.524047076702118E-001,-2.105979993939400E-002,5.984849855303764E-002,-8.800529241561890E-001,-4.524047076702118E-001,
8.908000000000000E+008,-1.265541836619377E-002,5.998761206865311E-002,-8.908959627151489E-001,-4.488228857517242E-001,-1.265541836619377E-002,5.998761206865311E-002,-8.908959627151489E-001,-4.488228857517242E-001,
8.991666666666668E+008,-8.797843940556049E-003,5.324613675475121E-002,-9.032908082008362E-001,-4.195918142795563E-001,-8.797843940556049E-003,5.324613675475121E-002,-9.032908082008362E-001,-4.195918142795563E-001,
9.075333333333334E+008,-7.536799181252718E-003,4.873853176832199E-002,-8.964024186134338E-001,-3.939287662506104E-001,-7.536799181252718E-003,4.873853176832199E-002,-8.964024186134338E-001,-3.939287662506104E-001,
9.159000000000000E+008,-9.417843073606491E-003,4.353229328989983E-002,-9.120982289314270E-001,-3.832854926586151E-001,-9.417843073606491E-003,4.353229328989983E-002,-9.120982289314270E-001,-3.832854926586151E-001,
9.242666666666668E+008,-1.366024930030108E-002,3.866541758179665E-002,-9.240996241569519E-001,-3.585135340690613E-001,-1.366024930030108E-002,3.866541758179665E-002,-9.240996241569519E-001,-3.585135340690613E-001,
9.326333333333334E+008,-1.768470928072929E-002,4.011201113462448E-002,-9.302462339401245E-001,-3.242208063602448E-001,-1.768470928072929E-002,4.011201113462448E-002,-9.302462339401245E-001,-3.242208063602448E-001,
9.410000000000000E+008,-2.258542180061340E-002,4.570942744612694E-002,-9.371386766433716E-001,-2.963223159313202E-001,-2.258542180061340E-002,4.570942744612694E-002,-9.371386766433716E-001,-2.963223159313202E-001,
9.493666666666668E+008,-2.338683046400547E-002,5.218450352549553E-002,-9.433203339576721E-001,-2.870177030563355E-001,-2.338683046400547E-002,5.218450352549553E-002,-9.433203339576721E-001,-2.870177030563355E-001,
9.577333333333334E+008,-1.845434494316578E-002,6.000676751136780E-002,-9.698743820190430E-001,-2.451225668191910E-001,-1.845434494316578E-002,6.000676751136780E-002,-9.698743820190430E-001,-2.451225668191910E-001,
9.661000000000000E+008,-1.013945229351521E-002,6.648012250661850E-002,-9.561399817466736E-001,-2.296702563762665E-001,-1.013945229351521E-002,6.648012250661850E-002,-9.561399817466736E-001,-2.296702563762665E-001,
9.744666666666668E+008,-3.731455944944173E-004,7.085114717483521E-002,-9.663536548614502E-001,-1.978597193956375E-001,-3.731455944944173E-004,7.085114717483521E-002,-9.663536548614502E-001,-1.978597193956375E-001,
9.828333333333334E+008,1.381144952028990E-002,6.889428943395615E-002,-9.645477533340454E-001,-1.721558421850205E-001,1.381144952028990E-002,6.889428943395615E-002,-9.645477533340454E-001,-1.721558421850205E-001,
9.912000000000000E+008,2.431312575936317E-002,6.545694172382355E-002,-9.758034944534302E-001,-1.620780080556870E-001,2.431312575936317E-002,6.545694172382355E-002,-9.758034944534302E-001,-1.620780080556870E-001,
9.995666666666668E+008,2.964789420366287E-002,5.610428377985954E-002,-9.806247949600220E-001,-1.259203404188156E-001,2.964789420366287E-002,5.610428377985954E-002,-9.806247949600220E-001,-1.259203404188156E-001,
1.007933333333333E+009,3.087356500327587E-002,4.716483503580093E-002,-9.840295910835266E-001,-1.058154851198196E-001,3.087356500327587E-002,4.716483503580093E-002,-9.840295910835266E-001,-1.058154851198196E-001,
1.016300000000000E+009,2.522328495979309E-002,3.757712617516518E-002,-9.846481084823608E-001,-7.980977743864059E-002,2.522328495979309E-002,3.757712617516518E-002,-9.846481084823608E-001,-7.980977743864059E-002,
1.024666666666667E+009,1.786905713379383E-002,3.595831617712975E-002,-9.869869947433472E-001,-5.868212133646011E-002,1.786905713379383E-002,3.595831617712975E-002,-9.869869947433472E-001,-5.868212133646011E-002,
1.033033333333333E+009,1.069465465843678E-002,3.565554320812225E-002,-9.663885235786438E-001,-1.882961951196194E-002,1.069465465843678E-002,3.565554320812225E-002,-9.663885235786438E-001,-1.882961951196194E-002,
1.041400000000000E+009,6.375821307301521E-003,4.089684784412384E-002,-9.751383662223816E-001,2.564261434599757E-003,6.375821307301521E-003,4.089684784412384E-002,-9.751383662223816E-001,2.564261434599757E-003,
1.049766666666667E+009,5.664235446602106E-003,4.842848330736160E-002,-9.845467209815979E-001,2.458136342465878E-002,5.664235446602106E-003,4.842848330736160E-002,-9.845467209815979E-001,2.458136342465878E-002,
1.058133333333333E+009,1.324359141290188E-002,5.675138905644417E-002,-9.802246689796448E-001,4.955380409955978E-002,1.324359141290188E-002,5.675138905644417E-002,-9.802246689796448E-001,4.955380409955978E-002,
1.066500000000000E+009,2.605026960372925E-002,6.065024062991142E-002,-9.651954174041748E-001,7.832706719636917E-002,2.605026960372925E-002,6.065024062991142E-002,-9.651954174041748E-001,7.832706719636917E-002,
1.074866666666667E+009,3.840937837958336E-002,5.690210312604904E-002,-9.768044352531433E-001,1.076546311378479E-001,3.840937837958336E-002,5.690210312604904E-002,-9.768044352531433E-001,1.076546311378479E-001,
1.083233333333334E+009,5.173256620764732E-002,5.225992947816849E-002,-9.724128246307373E-001,1.247784942388535E-001,5.173256620764732E-002,5.225992947816849E-002,-9.724128246307373E-001,1.247784942388535E-001,
1.091600000000000E+009,5.715693160891533E-002,3.946091979742050E-002,-9.660983681678772E-001,1.588806062936783E-001,5.715693160891533E-002,3.946091979742050E-002,-9.660983681678772E-001,1.588806062936783E-001,
1.099966666666667E+009,5.947705358266830E-002,2.585541643202305E-002,-9.620455503463745E-001,1.751874536275864E-001,5.947705358266830E-002,2.585541643202305E-002,-9.620455503463745E-001,1.751874536275864E-001,
1.108333333333334E+009,5.205950886011124E-002,1.472930889576674E-002,-9.744457602500916E-001,1.970513761043549E-001,5.205950886011124E-002,1.472930889576674E-002,-9.744457602500916E-001,1.970513761043549E-001,
1.116700000000000E+009,4.001281410455704E-002,1.317584887146950E-002,-9.609819650650024E-001,2.302302122116089E-001,4.001281410455704E-002,1.317584887146950E-002,-9.609819650650024E-001,2.302302122116089E-001,
1.125066666666667E+009,2.786604128777981E-002,1.295191235840321E-002,-9.463258981704712E-001,2.516472339630127E-001,2.786604128777981E-002,1.295191235840321E-002,-9.463258981704712E-001,2.516472339630127E-001,
1.133433333333334E+009,1.652819104492664E-002,2.378011867403984E-002,-9.426962733268738E-001,2.703616321086884E-001,1.652819104492664E-002,2.378011867403984E-002,-9.426962733268738E-001,2.703616321086884E-001,
1.141800000000000E+009,1.632985472679138E-002,3.580233827233315E-002,-9.323981404304504E-001,2.968219816684723E-001,1.632985472679138E-002,3.580233827233315E-002,-9.323981404304504E-001,2.968219816684723E-001,
1.150166666666667E+009,2.201880700886250E-002,4.784372821450234E-002,-9.277340173721314E-001,3.270817399024963E-001,2.201880700886250E-002,4.784372821450234E-002,-9.277340173721314E-001,3.270817399024963E-001,
1.158533333333334E+009,3.925009816884995E-002,5.419312044978142E-002,-9.183719754219055E-001,3.502281308174133E-001,3.925009816884995E-002,5.419312044978142E-002,-9.183719754219055E-001,3.502281308174133E-001,
1.166900000000000E+009,5.802755802869797E-002,5.259766429662705E-002,-9.099394083023071E-001,3.777838945388794E-001,5.802755802869797E-002,5.259766429662705E-002,-9.099394083023071E-001,3.777838945388794E-001,
1.175266666666667E+009,7.423350960016251E-002,4.220868647098541E-002,-8.907501101493835E-001,3.918835222721100E-001,7.423350960016251E-002,4.220868647098541E-002,-8.907501101493835E-001,3.918835222721100E-001,
1.183633333333334E+009,8.748451620340347E-002,2.622384577989578E-002,-8.861681818962097E-001,4.192664325237274E-001,8.748451620340347E-002,2.622384577989578E-002,-8.861681818962097E-001,4.192664325237274E-001,
1.192000000000000E+009,8.960363268852234E-002,7.327806204557419E-003,-8.795289397239685E-001,4.453235566616058E-001,8.960363268852234E-002,7.327806204557419E-003,-8.795289397239685E-001,4.453235566616058E-001,
1.200366666666667E+009,8.064574748277664E-002,-1.102423947304487E-002,-8.658413887023926E-001,4.633097052574158E-001,8.064574748277664E-002,-1.102423947304487E-002,-8.658413887023926E-001,4.633097052574158E-001,
1.208733333333334E+009,6.305116415023804E-002,-2.134975977241993E-002,-8.615999221801758E-001,4.917114078998566E-001,6.305116415023804E-002,-2.134975977241993E-002,-8.615999221801758E-001,4.917114078998566E-001,
1.217100000000000E+009,4.467288032174110E-002,-2.061300165951252E-002,-8.306645154953003E-001,5.061771869659424E-001,4.467288032174110E-002,-2.061300165951252E-002,-8.306645154953003E-001,5.061771869659424E-001,
1.225466666666667E+009,3.219540417194367E-002,-1.119198929518461E-002,-8.346331715583801E-001,5.308240056037903E-001,3.219540417194367E-002,-1.119198929518461E-002,-8.346331715583801E-001,5.308240056037903E-001,
1.233833333333334E+009,2.877238579094410E-002,2.984124235808849E-003,-8.157923221588135E-001,5.529056787490845E-001,2.877238579094410E-002,2.984124235808849E-003,-8.157923221588135E-001,5.529056787490845E-001,
1.242200000000000E+009,3.323473781347275E-002,1.692404225468636E-002,-7.879340648651123E-001,5.710097551345825E-001,3.323473781347275E-002,1.692404225468636E-002,-7.879340648651123E-001,5.710097551345825E-001,
1.250566666666667E+009,4.711702838540077E-002,2.607849799096584E-002,-7.929235100746155E-001,6.000899672508240E-001,4.711702838540077E-002,2.607849799096584E-002,-7.929235100746155E-001,6.000899672508240E-001,
1.258933333333334E+009,6.683081388473511E-002,2.591163478791714E-002,-7.712231278419495E-001,6.111674904823303E-001,6.683081388473511E-002,2.591163478791714E-002,-7.712231278419495E-001,6.111674904823303E-001,
1.267300000000000E+009,8.377493172883987E-002,1.280649844557047E-002,-7.470216155052185E-001,6.297946572303772E-001,8.377493172883987E-002,1.280649844557047E-002,-7.470216155052185E-001,6.297946572303772E-001,
1.275666666666667E+009,9.433302283287048E-002,-5.919619929045439E-003,-7.421357035636902E-001,6.351134777069092E-001,9.433302283287048E-002,-5.919619929045439E-003,-7.421357035636902E-001,6.351134777069092E-001,
1.284033333333334E+009,9.582281112670898E-002,-2.944066934287548E-002,-7.124967575073242E-001,6.862181425094605E-001,9.582281112670898E-002,-2.944066934287548E-002,-7.124967575073242E-001,6.862181425094605E-001,
1.292400000000000E+009,8.348456025123596E-002,-4.913871362805367E-002,-7.077166438102722E-001,6.850226521492004E-001,8.348456025123596E-002,-4.913871362805367E-002,-7.077166438102722E-001,6.850226521492004E-001,
1.300766666666667E+009,6.514935940504074E-002,-5.837788432836533E-002,-6.903097033500671E-001,7.012125253677368E-001,6.514935940504074E-002,-5.837788432836533E-002,-6.903097033500671E-001,7.012125253677368E-001,
1.309133333333334E+009,4.428159445524216E-002,-5.725661292672157E-002,-6.765121817588806E-001,7.277457118034363E-001,4.428159445524216E-002,-5.725661292672157E-002,-6.765121817588806E-001,7.277457118034363E-001,
1.317500000000000E+009,2.834786660969257E-002,-4.646383970975876E-002,-6.476074457168579E-001,7.529001832008362E-001,2.834786660969257E-002,-4.646383970975876E-002,-6.476074457168579E-001,7.529001832008362E-001,
1.325866666666667E+009,2.171491459012032E-002,-3.108331561088562E-002,-6.299393177032471E-001,7.546221613883972E-001,2.171491459012032E-002,-3.108331561088562E-002,-6.299393177032471E-001,7.546221613883972E-001,
1.334233333333334E+009,2.670994587242603E-002,-1.320670545101166E-002,-6.090162396430969E-001,7.683328986167908E-001,2.670994587242603E-002,-1.320670545101166E-002,-6.090162396430969E-001,7.683328986167908E-001,
1.342600000000000E+009,4.148248955607414E-002,-7.473237812519074E-003,-5.957704186439514E-001,7.881777286529541E-001,4.148248955607414E-002,-7.473237812519074E-003,-5.957704186439514E-001,7.881777286529541E-001,
1.350966666666667E+009,5.831833556294441E-002,-9.259075857698917E-003,-5.653967261314392E-001,8.085947632789612E-001,5.831833556294441E-002,-9.259075857698917E-003,-5.653967261314392E-001,8.085947632789612E-001,
1.359333333333334E+009,7.273080945014954E-002,-2.270495146512985E-002,-5.474177002906799E-001,8.173343539237976E-001,7.273080945014954E-002,-2.270495146512985E-002,-5.474177002906799E-001,8.173343539237976E-001,
1.367700000000000E+009,7.848855853080750E-002,-4.432342201471329E-002,-5.285305380821228E-001,8.276319503784180E-001,7.848855853080750E-002,-4.432342201471329E-002,-5.285305380821228E-001,8.276319503784180E-001,
1.376066666666667E+009,7.200644165277481E-002,-6.859199702739716E-002,-5.022323727607727E-001,8.395693302154541E-001,7.200644165277481E-002,-6.859199702739716E-002,-5.022323727607727E-001,8.395693302154541E-001,
1.384433333333334E+009,5.564437061548233E-002,-8.347941935062408E-002,-4.946898519992828E-001,8.496792912483215E-001,5.564437061548233E-002,-8.347941935062408E-002,-4.946898519992828E-001,8.496792912483215E-001,
1.392800000000000E+009,3.089756704866886E-002,-8.821279555559158E-002,-4.697768092155457E-001,8.558173775672913E-001,3.089756704866886E-002,-8.821279555559158E-002,-4.697768092155457E-001,8.558173775672913E-001,
1.401166666666667E+009,1.199505664408207E-002,-8.166845142841339E-002,-4.404587149620056E-001,8.829756975173950E-001,1.199505664408207E-002,-8.166845142841339E-002,-4.404587149620056E-001,8.829756975173950E-001,
1.409533333333334E+009,-1.673023565672338E-003,-6.244036555290222E-002,-4.198423027992249E-001,8.933560848236084E-001,-1.673023565672338E-003,-6.244036555290222E-002,-4.198423027992249E-001,8.933560848236084E-001,
1.417900000000000E+009,-5.440592765808106E-003,-4.227153211832047E-002,-3.814595639705658E-001,8.895116448402405E-001,-5.440592765808106E-003,-4.227153211832047E-002,-3.814595639705658E-001,8.895116448402405E-001,
1.426266666666667E+009,2.840208122506738E-003,-2.342968247830868E-002,-3.777652382850647E-001,9.192041158676148E-001,2.840208122506738E-003,-2.342968247830868E-002,-3.777652382850647E-001,9.192041158676148E-001,
1.434633333333334E+009,1.982370018959045E-002,-1.577665656805039E-002,-3.469002544879913E-001,9.148447513580322E-001,1.982370018959045E-002,-1.577665656805039E-002,-3.469002544879913E-001,9.148447513580322E-001,
1.443000000000000E+009,4.084422066807747E-002,-1.798571273684502E-002,-3.199023008346558E-001,9.284939765930176E-001,4.084422066807747E-002,-1.798571273684502E-002,-3.199023008346558E-001,9.284939765930176E-001,
1.451366666666667E+009,5.493275821208954E-002,-3.437968716025353E-002,-2.994378209114075E-001,9.351758360862732E-001,5.493275821208954E-002,-3.437968716025353E-002,-2.994378209114075E-001,9.351758360862732E-001,
1.459733333333334E+009,5.831802636384964E-002,-5.598907917737961E-002,-2.826881110668182E-001,9.379827380180359E-001,5.831802636384964E-002,-5.598907917737961E-002,-2.826881110668182E-001,9.379827380180359E-001,
1.468100000000000E+009,5.062716826796532E-002,-7.793168723583221E-002,-2.464341819286346E-001,9.452108144760132E-001,5.062716826796532E-002,-7.793168723583221E-002,-2.464341819286346E-001,9.452108144760132E-001,
1.476466666666667E+009,3.260123357176781E-002,-9.293701499700546E-002,-2.278667390346527E-001,9.591307640075684E-001,3.260123357176781E-002,-9.293701499700546E-002,-2.278667390346527E-001,9.591307640075684E-001,
1.484833333333334E+009,8.819656446576119E-003,-9.692045301198959E-002,-1.956799179315567E-001,9.612404108047485E-001,8.819656446576119E-003,-9.692045301198959E-002,-1.956799179315567E-001,9.612404108047485E-001,
1.493200000000000E+009,-1.013953890651465E-002,-8.837904036045075E-002,-1.802593916654587E-001,9.617930054664612E-001,-1.013953890651465E-002,-8.837904036045075E-002,-1.802593916654587E-001,9.617930054664612E-001,
1.501566666666667E+009,-2.272445522248745E-002,-7.004655897617340E-002,-1.521057933568955E-001,9.662249088287354E-001,-2.272445522248745E-002,-7.004655897617340E-002,-1.521057933568955E-001,9.662249088287354E-001,
1.509933333333334E+009,-2.494334988296032E-002,-4.788139835000038E-002,-1.369040459394455E-001,9.724030494689941E-001,-2.494334988296032E-002,-4.788139835000038E-002,-1.369040459394455E-001,9.724030494689941E-001,
1.518300000000000E+009,-1.226759608834982E-002,-3.058128990232945E-002,-1.106013208627701E-001,9.811556935310364E-001,-1.226759608834982E-002,-3.058128990232945E-002,-1.106013208627701E-001,9.811556935310364E-001,
1.526666666666667E+009,5.693047307431698E-003,-2.260001562535763E-002,-7.668941468000412E-002,9.774229526519775E-001,5.693047307431698E-003,-2.260001562535763E-002,-7.668941468000412E-002,9.774229526519775E-001,
1.535033333333334E+009,2.446378953754902E-002,-2.581027895212174E-002,-5.391282960772514E-002,9.885858893394470E-001,2.446378953754902E-002,-2.581027895212174E-002,-5.391282960772514E-002,9.885858893394470E-001,
1.543400000000000E+009,3.663536533713341E-002,-4.107458889484406E-002,-3.131893649697304E-002,9.819727540016174E-001,3.663536533713341E-002,-4.107458889484406E-002,-3.131893649697304E-002,9.819727540016174E-001,
1.551766666666667E+009,3.688079863786697E-002,-6.295917183160782E-002,-6.175334565341473E-003,9.769198894500732E-001,3.688079863786697E-002,-6.295917183160782E-002,-6.175334565341473E-003,9.769198894500732E-001,
1.560133333333334E+009,2.862900495529175E-002,-8.315399289131165E-002,1.669620163738728E-002,9.815033078193665E-001,2.862900495529175E-002,-8.315399289131165E-002,1.669620163738728E-002,9.815033078193665E-001,
1.568500000000000E+009,1.119740307331085E-002,-9.641318768262863E-002,3.257532417774200E-002,9.832938313484192E-001,1.119740307331085E-002,-9.641318768262863E-002,3.257532417774200E-002,9.832938313484192E-001,
1.576866666666667E+009,-1.131455972790718E-002,-9.694988280534744E-002,7.424047589302063E-002,9.739946722984314E-001,-1.131455972790718E-002,-9.694988280534744E-002,7.424047589302063E-002,9.739946722984314E-001,
1.585233333333334E+009,-2.758517116308212E-002,-8.844394981861115E-002,8.839096873998642E-002,9.739376902580261E-001,-2.758517116308212E-002,-8.844394981861115E-002,8.839096873998642E-002,9.739376902580261E-001,
1.593600000000000E+009,-3.772227093577385E-002,-7.294072955846787E-002,1.154033914208412E-001,9.703433513641357E-001,-3.772227093577385E-002,-7.294072955846787E-002,1.154033914208412E-001,9.703433513641357E-001,
1.601966666666667E+009,-3.806122764945030E-002,-5.330048501491547E-002,1.356880217790604E-001,9.693387746810913E-001,-3.806122764945030E-002,-5.330048501491547E-002,1.356880217790604E-001,9.693387746810913E-001,
1.610333333333334E+009,-2.826381474733353E-002,-3.963192552328110E-002,1.665640920400620E-001,9.648926258087158E-001,-2.826381474733353E-002,-3.963192552328110E-002,1.665640920400620E-001,9.648926258087158E-001,
1.618700000000000E+009,-1.212043967097998E-002,-3.494979068636894E-002,1.930914372205734E-001,9.630886316299439E-001,-1.212043967097998E-002,-3.494979068636894E-002,1.930914372205734E-001,9.630886316299439E-001,
1.627066666666667E+009,1.763038802891970E-003,-3.957796841859818E-002,2.164417952299118E-001,9.564071297645569E-001,1.763038802891970E-003,-3.957796841859818E-002,2.164417952299118E-001,9.564071297645569E-001,
1.635433333333334E+009,9.328620508313179E-003,-5.094632133841515E-002,2.452859729528427E-001,9.557935595512390E-001,9.328620508313179E-003,-5.094632133841515E-002,2.452859729528427E-001,9.557935595512390E-001,
1.643800000000000E+009,8.298064582049847E-003,-6.859587132930756E-002,2.598356902599335E-001,9.449855685234070E-001,8.298064582049847E-003,-6.859587132930756E-002,2.598356902599335E-001,9.449855685234070E-001,
1.652166666666667E+009,-3.001458244398236E-003,-8.270092308521271E-002,2.943781912326813E-001,9.343162775039673E-001,-3.001458244398236E-003,-8.270092308521271E-002,2.943781912326813E-001,9.343162775039673E-001,
1.660533333333334E+009,-1.946237124502659E-002,-8.972946554422379E-002,3.119157254695892E-001,9.281484484672546E-001,-1.946237124502659E-002,-8.972946554422379E-002,3.119157254695892E-001,9.281484484672546E-001,
1.668900000000000E+009,-3.794879838824272E-002,-8.719997107982636E-002,3.313894569873810E-001,9.165986776351929E-001,-3.794879838824272E-002,-8.719997107982636E-002,3.313894569873810E-001,9.165986776351929E-001,
1.677266666666667E+009,-5.279796198010445E-002,-7.721874862909317E-002,3.697609603404999E-001,9.079388976097107E-001,-5.279796198010445E-002,-7.721874862909317E-002,3.697609603404999E-001,9.079388976097107E-001,
1.685633333333334E+009,-5.799046903848648E-002,-6.099447607994080E-002,3.841620087623596E-001,9.019492268562317E-001,-5.799046903848648E-002,-6.099447607994080E-002,3.841620087623596E-001,9.019492268562317E-001,
1.694000000000000E+009,-5.655712634325028E-002,-4.649397730827332E-002,4.005309939384460E-001,8.914800286293030E-001,-5.655712634325028E-002,-4.649397730827332E-002,4.005309939384460E-001,8.914800286293030E-001,
1.702366666666667E+009,-4.644478112459183E-002,-3.256192058324814E-002,4.249550700187683E-001,8.835849165916443E-001,-4.644478112459183E-002,-3.256192058324814E-002,4.249550700187683E-001,8.835849165916443E-001,
1.710733333333334E+009,-3.107278980314732E-002,-2.866521477699280E-002,4.449531733989716E-001,8.690690994262695E-001,-3.107278980314732E-002,-2.866521477699280E-002,4.449531733989716E-001,8.690690994262695E-001,
1.719100000000000E+009,-1.754814386367798E-002,-3.359268233180046E-002,4.744802713394165E-001,8.555681109428406E-001,-1.754814386367798E-002,-3.359268233180046E-002,4.744802713394165E-001,8.555681109428406E-001,
1.727466666666667E+009,-8.987341076135635E-003,-4.517066478729248E-002,4.934254586696625E-001,8.478908538818359E-001,-8.987341076135635E-003,-4.517066478729248E-002,4.934254586696625E-001,8.478908538818359E-001,
1.735833333333334E+009,-8.795837871730328E-003,-5.975349247455597E-002,5.111970901489258E-001,8.318367600440979E-001,-8.795837871730328E-003,-5.975349247455597E-002,5.111970901489258E-001,8.318367600440979E-001,
1.744200000000000E+009,-1.804284565150738E-002,-7.581756263971329E-002,5.407092571258545E-001,8.089267611503601E-001,-1.804284565150738E-002,-7.581756263971329E-002,5.407092571258545E-001,8.089267611503601E-001,
1.752566666666667E+009,-3.248834237456322E-002,-8.436015248298645E-002,5.682978630065918E-001,8.012542128562927E-001,-3.248834237456322E-002,-8.436015248298645E-002,5.682978630065918E-001,8.012542128562927E-001,
1.760933333333334E+009,-5.007831379771233E-002,-8.720115572214127E-002,5.757442116737366E-001,7.880609631538391E-001,-5.007831379771233E-002,-8.720115572214127E-002,5.757442116737366E-001,7.880609631538391E-001,
1.769300000000000E+009,-6.662061810493469E-002,-8.152454346418381E-002,5.987499952316284E-001,7.785100340843201E-001,-6.662061810493469E-002,-8.152454346418381E-002,5.987499952316284E-001,7.785100340843201E-001,
1.777666666666667E+009,-7.690463215112686E-002,-6.881374865770340E-002,6.122681498527527E-001,7.681979537010193E-001,-7.690463215112686E-002,-6.881374865770340E-002,6.122681498527527E-001,7.681979537010193E-001,
1.786033333333334E+009,-8.063989877700806E-002,-5.620394647121429E-002,6.268998384475708E-001,7.395309209823608E-001,-8.063989877700806E-002,-5.620394647121429E-002,6.268998384475708E-001,7.395309209823608E-001,
1.794400000000000E+009,-7.623989880084992E-002,-4.105197265744209E-002,6.496537327766419E-001,7.264867424964905E-001,-7.623989880084992E-002,-4.105197265744209E-002,6.496537327766419E-001,7.264867424964905E-001,
1.802766666666667E+009,-7.019072026014328E-002,-3.208291903138161E-002,6.686003208160400E-001,7.093113660812378E-001,-7.019072026014328E-002,-3.208291903138161E-002,6.686003208160400E-001,7.093113660812378E-001,
1.811133333333334E+009,-5.985774472355843E-002,-2.856515347957611E-002,6.948441267013550E-001,6.922209858894348E-001,-5.985774472355843E-002,-2.856515347957611E-002,6.948441267013550E-001,6.922209858894348E-001,
1.819500000000000E+009,-5.215084925293922E-002,-2.988406829535961E-002,7.083976268768311E-001,6.680727005004883E-001,-5.215084925293922E-002,-2.988406829535961E-002,7.083976268768311E-001,6.680727005004883E-001,
1.827866666666667E+009,-4.740617051720619E-002,-3.606914356350899E-002,7.307906746864319E-001,6.568915843963623E-001,-4.740617051720619E-002,-3.606914356350899E-002,7.307906746864319E-001,6.568915843963623E-001,
1.836233333333334E+009,-4.974333196878433E-002,-4.389126226305962E-002,7.427011132240295E-001,6.385711431503296E-001,-4.974333196878433E-002,-4.389126226305962E-002,7.427011132240295E-001,6.385711431503296E-001,
1.844600000000000E+009,-5.758776143193245E-002,-4.984875768423080E-002,7.593271136283875E-001,6.309361457824707E-001,-5.758776143193245E-002,-4.984875768423080E-002,7.593271136283875E-001,6.309361457824707E-001,
1.852966666666667E+009,-6.693460792303085E-002,-5.255389586091042E-002,7.692379355430603E-001,5.959920287132263E-001,-6.693460792303085E-002,-5.255389586091042E-002,7.692379355430603E-001,5.959920287132263E-001,
1.861333333333334E+009,-7.727499306201935E-002,-5.082212015986443E-002,7.907396554946899E-001,5.760933756828308E-001,-7.727499306201935E-002,-5.082212015986443E-002,7.907396554946899E-001,5.760933756828308E-001,
1.869700000000000E+009,-8.550818264484406E-002,-4.273983091115952E-002,8.046838641166687E-001,5.579741001129150E-001,-8.550818264484406E-002,-4.273983091115952E-002,8.046838641166687E-001,5.579741001129150E-001,
1.878066666666667E+009,-8.969360589981079E-002,-3.337388113141060E-002,8.170817494392395E-001,5.437368750572205E-001,-8.969360589981079E-002,-3.337388113141060E-002,8.170817494392395E-001,5.437368750572205E-001,
1.886433333333334E+009,-8.896808326244354E-002,-2.285457774996758E-002,8.355469107627869E-001,5.194186568260193E-001,-8.896808326244354E-002,-2.285457774996758E-002,8.355469107627869E-001,5.194186568260193E-001,
1.894800000000000E+009,-8.127883076667786E-002,-1.407808437943459E-002,8.477283120155335E-001,5.018333196640015E-001,-8.127883076667786E-002,-1.407808437943459E-002,8.477283120155335E-001,5.018333196640015E-001,
1.903166666666667E+009,-7.267253100872040E-002,-7.752339355647564E-003,8.591122031211853E-001,4.730491042137146E-001,-7.267253100872040E-002,-7.752339355647564E-003,8.591122031211853E-001,4.730491042137146E-001,
1.911533333333334E+009,-6.364106386899948E-002,-8.984261192381382E-003,8.691511750221252E-001,4.467668533325195E-001,-6.364106386899948E-002,-8.984261192381382E-003,8.691511750221252E-001,4.467668533325195E-001,
1.919900000000000E+009,-5.611721426248550E-002,-1.317070424556732E-002,8.870355486869812E-001,4.323794245719910E-001,-5.611721426248550E-002,-1.317070424556732E-002,8.870355486869812E-001,4.323794245719910E-001,
1.928266666666667E+009,-5.350858718156815E-002,-2.129751071333885E-002,8.847962617874146E-001,3.948617875576019E-001,-5.350858718156815E-002,-2.129751071333885E-002,8.847962617874146E-001,3.948617875576019E-001,
1.936633333333334E+009,-5.875497683882713E-002,-2.970818430185318E-002,9.052478075027466E-001,3.832614719867706E-001,-5.875497683882713E-002,-2.970818430185318E-002,9.052478075027466E-001,3.832614719867706E-001,
1.945000000000000E+009,-6.795079261064529E-002,-3.525650501251221E-002,9.157202243804932E-001,3.566659986972809E-001,-6.795079261064529E-002,-3.525650501251221E-002,9.157202243804932E-001,3.566659986972809E-001,
1.953366666666667E+009,-7.990979403257370E-002,-3.742635995149612E-002,9.171712994575501E-001,3.346498906612396E-001,-7.990979403257370E-002,-3.742635995149612E-002,9.171712994575501E-001,3.346498906612396E-001,
1.961733333333334E+009,-9.413078427314758E-002,-3.098668716847897E-002,9.319730401039124E-001,3.117445409297943E-001,-9.413078427314758E-002,-3.098668716847897E-002,9.319730401039124E-001,3.117445409297943E-001,
1.970100000000000E+009,-1.043819263577461E-001,-2.177505195140839E-002,9.310324192047119E-001,2.885704934597015E-001,-1.043819263577461E-001,-2.177505195140839E-002,9.310324192047119E-001,2.885704934597015E-001,
1.978466666666667E+009,-1.079615950584412E-001,-6.423650775104761E-003,9.400521516799927E-001,2.600898444652557E-001,-1.079615950584412E-001,-6.423650775104761E-003,9.400521516799927E-001,2.600898444652557E-001,
1.986833333333334E+009,-1.045799106359482E-001,7.100898772478104E-003,9.428426027297974E-001,2.429032325744629E-001,-1.045799106359482E-001,7.100898772478104E-003,9.428426027297974E-001,2.429032325744629E-001,
1.995200000000000E+009,-9.292222559452057E-002,1.781143061816692E-002,9.465813040733337E-001,2.272864729166031E-001,-9.292222559452057E-002,1.781143061816692E-002,9.465813040733337E-001,2.272864729166031E-001,
2.003566666666667E+009,-7.744196057319641E-002,2.251395024359226E-002,9.552727937698364E-001,1.936276257038117E-001,-7.744196057319641E-002,2.251395024359226E-002,9.552727937698364E-001,1.936276257038117E-001,
2.011933333333334E+009,-6.337948888540268E-002,1.847355812788010E-002,9.678550362586975E-001,1.681686788797379E-001,-6.337948888540268E-002,1.847355812788010E-002,9.678550362586975E-001,1.681686788797379E-001,
2.020300000000000E+009,-5.364683270454407E-002,9.838673286139965E-003,9.721176028251648E-001,1.355914622545242E-001,-5.364683270454407E-002,9.838673286139965E-003,9.721176028251648E-001,1.355914622545242E-001,
2.028666666666667E+009,-5.256164446473122E-002,-2.888045506551862E-003,9.768916368484497E-001,1.187389194965363E-001,-5.256164446473122E-002,-2.888045506551862E-003,9.768916368484497E-001,1.187389194965363E-001,
2.037033333333334E+009,-6.010736525058746E-002,-1.521147228777409E-002,9.810488820075989E-001,8.931010961532593E-002,-6.010736525058746E-002,-1.521147228777409E-002,9.810488820075989E-001,8.931010961532593E-002,
2.045400000000000E+009,-7.423407584428787E-002,-2.135438658297062E-002,9.775892496109009E-001,6.787216663360596E-002,-7.423407584428787E-002,-2.135438658297062E-002,9.775892496109009E-001,6.787216663360596E-002,
2.053766666666667E+009,-9.222394973039627E-002,-1.848322339355946E-002,9.773237109184265E-001,4.152067005634308E-002,-9.222394973039627E-002,-1.848322339355946E-002,9.773237109184265E-001,4.152067005634308E-002,
2.062133333333334E+009,-1.071867123246193E-001,-8.762639015913010E-003,9.798404574394226E-001,1.466595847159624E-002,-1.071867123246193E-001,-8.762639015913010E-003,9.798404574394226E-001,1.466595847159624E-002,
2.070500000000000E+009,-1.132689714431763E-001,9.865820407867432E-003,9.789229631423950E-001,-1.147961709648371E-002,-1.132689714431763E-001,9.865820407867432E-003,9.789229631423950E-001,-1.147961709648371E-002,
2.078866666666667E+009,-1.108625009655953E-001,2.811294235289097E-002,9.741166234016419E-001,-3.053520619869232E-002,-1.108625009655953E-001,2.811294235289097E-002,9.741166234016419E-001,-3.053520619869232E-002,
2.087233333333334E+009,-9.727269411087036E-002,3.931155800819397E-002,9.752246141433716E-001,-6.182039156556130E-002,-9.727269411087036E-002,3.931155800819397E-002,9.752246141433716E-001,-6.182039156556130E-002,
2.095600000000000E+009,-7.933881878852844E-002,4.655876383185387E-002,9.805489182472229E-001,-8.055466413497925E-002,-7.933881878852844E-002,4.655876383185387E-002,9.805489182472229E-001,-8.055466413497925E-002,
2.103966666666667E+009,-6.077473238110542E-002,4.088776931166649E-002,9.819870591163635E-001,-1.076395064592362E-001,-6.077473238110542E-002,4.088776931166649E-002,9.819870591163635E-001,-1.076395064592362E-001,
2.112333333333334E+009,-4.818501323461533E-002,2.722111903131008E-002,9.739064574241638E-001,-1.286453604698181E-001,-4.818501323461533E-002,2.722111903131008E-002,9.739064574241638E-001,-1.286453604698181E-001,
2.120700000000000E+009,-4.578786715865135E-002,6.710944697260857E-003,9.734159111976624E-001,-1.628820449113846E-001,-4.578786715865135E-002,6.710944697260857E-003,9.734159111976624E-001,-1.628820449113846E-001,
2.129066666666667E+009,-5.623867362737656E-002,-7.085132878273726E-003,9.776213169097900E-001,-1.934226304292679E-001,-5.623867362737656E-002,-7.085132878273726E-003,9.776213169097900E-001,-1.934226304292679E-001,
2.137433333333334E+009,-7.620945572853088E-002,-1.505693048238754E-002,9.585335254669190E-001,-2.158141583204269E-001,-7.620945572853088E-002,-1.505693048238754E-002,9.585335254669190E-001,-2.158141583204269E-001,
2.145800000000000E+009,-1.016142815351486E-001,-1.133360061794519E-002,9.540830254554749E-001,-2.415950745344162E-001,-1.016142815351486E-001,-1.133360061794519E-002,9.540830254554749E-001,-2.415950745344162E-001,
2.154166666666667E+009,-1.202963590621948E-001,4.246027674525976E-003,9.424672722816467E-001,-2.598282098770142E-001,-1.202963590621948E-001,4.246027674525976E-003,9.424672722816467E-001,-2.598282098770142E-001,
2.162533333333334E+009,-1.286350786685944E-001,2.937914058566093E-002,9.214074015617371E-001,-2.826974391937256E-001,-1.286350786685944E-001,2.937914058566093E-002,9.214074015617371E-001,-2.826974391937256E-001,
2.170900000000000E+009,-1.259953081607819E-001,5.406383797526360E-002,9.264039397239685E-001,-3.071284592151642E-001,-1.259953081607819E-001,5.406383797526360E-002,9.264039397239685E-001,-3.071284592151642E-001,
2.179266666666667E+009,-1.085708066821098E-001,7.193882018327713E-002,9.159764647483826E-001,-3.201777338981628E-001,-1.085708066821098E-001,7.193882018327713E-002,9.159764647483826E-001,-3.201777338981628E-001,
2.187633333333334E+009,-8.611644804477692E-002,7.941181957721710E-002,9.150826334953308E-001,-3.490800857543945E-001,-8.611644804477692E-002,7.941181957721710E-002,9.150826334953308E-001,-3.490800857543945E-001,
2.196000000000000E+009,-6.131757423281670E-002,7.268790900707245E-002,9.005302786827087E-001,-3.698347806930542E-001,-6.131757423281670E-002,7.268790900707245E-002,9.005302786827087E-001,-3.698347806930542E-001,
2.204366666666667E+009,-4.565451294183731E-002,5.413503199815750E-002,8.966827392578125E-001,-3.942809998989105E-001,-4.565451294183731E-002,5.413503199815750E-002,8.966827392578125E-001,-3.942809998989105E-001,
2.212733333333334E+009,-4.198670014739037E-002,3.021147288382053E-002,8.854130506515503E-001,-4.307507574558258E-001,-4.198670014739037E-002,3.021147288382053E-002,8.854130506515503E-001,-4.307507574558258E-001,
2.221100000000000E+009,-5.286497995257378E-002,1.155035011470318E-002,8.678075075149536E-001,-4.461054205894470E-001,-5.286497995257378E-002,1.155035011470318E-002,8.678075075149536E-001,-4.461054205894470E-001,
2.229466666666667E+009,-7.430230826139450E-002,1.385521492920816E-003,8.577408194541931E-001,-4.633825123310089E-001,-7.430230826139450E-002,1.385521492920816E-003,8.577408194541931E-001,-4.633825123310089E-001,
2.237833333333334E+009,-1.005101799964905E-001,9.452033787965775E-003,8.456903696060181E-001,-4.922071099281311E-001,-1.005101799964905E-001,9.452033787965775E-003,8.456903696060181E-001,-4.922071099281311E-001,
2.246200000000000E+009,-1.217171847820282E-001,2.855844236910343E-002,8.285738825798035E-001,-5.133898854255676E-001,-1.217171847820282E-001,2.855844236910343E-002,8.285738825798035E-001,-5.133898854255676E-001,
2.254566666666667E+009,-1.284102350473404E-001,5.782890319824219E-002,8.156589865684509E-001,-5.284683108329773E-001,-1.284102350473404E-001,5.782890319824219E-002,8.156589865684509E-001,-5.284683108329773E-001,
2.262933333333334E+009,-1.232008114457130E-001,8.453051745891571E-002,8.001023530960083E-001,-5.452665686607361E-001,-1.232008114457130E-001,8.453051745891571E-002,8.001023530960083E-001,-5.452665686607361E-001,
2.271300000000000E+009,-1.046785637736321E-001,1.065097302198410E-001,7.842313647270203E-001,-5.608471035957336E-001,-1.046785637736321E-001,1.065097302198410E-001,7.842313647270203E-001,-5.608471035957336E-001,
2.279666666666667E+009,-7.818068563938141E-002,1.107110604643822E-001,7.755667567253113E-001,-5.791580080986023E-001,-7.818068563938141E-002,1.107110604643822E-001,7.755667567253113E-001,-5.791580080986023E-001,
2.288033333333334E+009,-5.495278909802437E-002,1.015640348196030E-001,7.653843164443970E-001,-6.075292229652405E-001,-5.495278909802437E-002,1.015640348196030E-001,7.653843164443970E-001,-6.075292229652405E-001,
2.296400000000000E+009,-3.937333822250366E-002,8.012957870960236E-002,7.477788329124451E-001,-6.287095546722412E-001,-3.937333822250366E-002,8.012957870960236E-002,7.477788329124451E-001,-6.287095546722412E-001,
2.304766666666667E+009,-3.999080881476402E-002,5.563214421272278E-002,7.363425493240356E-001,-6.395822167396545E-001,-3.999080881476402E-002,5.563214421272278E-002,7.363425493240356E-001,-6.395822167396545E-001,
2.313133333333334E+009,-5.493704602122307E-002,3.859364986419678E-002,7.127068638801575E-001,-6.765311360359192E-001,-5.493704602122307E-002,3.859364986419678E-002,7.127068638801575E-001,-6.765311360359192E-001,
2.321500000000000E+009,-7.596895843744278E-002,3.412963822484016E-002,6.950991153717041E-001,-6.869435310363770E-001,-7.596895843744278E-002,3.412963822484016E-002,6.950991153717041E-001,-6.869435310363770E-001,
2.329866666666667E+009,-9.759179502725601E-002,4.671752080321312E-002,6.797256469726563E-001,-7.074253559112549E-001,-9.759179502725601E-002,4.671752080321312E-002,6.797256469726563E-001,-7.074253559112549E-001,
2.338233333333334E+009,-1.117182895541191E-001,7.085396349430084E-002,6.485646963119507E-001,-7.240026593208313E-001,-1.117182895541191E-001,7.085396349430084E-002,6.485646963119507E-001,-7.240026593208313E-001,
2.346600000000000E+009,-1.106200292706490E-001,1.034356653690338E-001,6.273179054260254E-001,-7.386793494224548E-001,-1.106200292706490E-001,1.034356653690338E-001,6.273179054260254E-001,-7.386793494224548E-001,
2.354966666666667E+009,-9.326203167438507E-002,1.286737620830536E-001,6.199488043785095E-001,-7.456210851669312E-001,-9.326203167438507E-002,1.286737620830536E-001,6.199488043785095E-001,-7.456210851669312E-001,
2.363333333333334E+009,-6.646912544965744E-002,1.405622810125351E-001,6.041071414947510E-001,-7.576580643653870E-001,-6.646912544965744E-002,1.405622810125351E-001,6.041071414947510E-001,-7.576580643653870E-001,
2.371700000000000E+009,-3.417637944221497E-002,1.356686800718308E-001,5.906199812889099E-001,-7.740138769149780E-001,-3.417637944221497E-002,1.356686800718308E-001,5.906199812889099E-001,-7.740138769149780E-001,
2.380066666666667E+009,-1.115773338824511E-002,1.138437464833260E-001,5.661523342132568E-001,-7.916088700294495E-001,-1.115773338824511E-002,1.138437464833260E-001,5.661523342132568E-001,-7.916088700294495E-001,
2.388433333333334E+009,-4.137700423598290E-003,8.258876949548721E-002,5.504869222640991E-001,-8.023238182067871E-001,-4.137700423598290E-003,8.258876949548721E-002,5.504869222640991E-001,-8.023238182067871E-001,
2.396800000000000E+009,-1.573089137673378E-002,4.973549023270607E-002,5.198062062263489E-001,-8.283340930938721E-001,-1.573089137673378E-002,4.973549023270607E-002,5.198062062263489E-001,-8.283340930938721E-001,
2.405166666666667E+009,-4.341878741979599E-002,2.870779857039452E-002,4.994740486145020E-001,-8.459112644195557E-001,-4.341878741979599E-002,2.870779857039452E-002,4.994740486145020E-001,-8.459112644195557E-001,
2.413533333333334E+009,-7.865630090236664E-002,2.762793749570847E-002,4.708950519561768E-001,-8.576786518096924E-001,-7.865630090236664E-002,2.762793749570847E-002,4.708950519561768E-001,-8.576786518096924E-001,
2.421900000000000E+009,-1.108908578753471E-001,4.835005104541779E-002,4.495616853237152E-001,-8.696621656417847E-001,-1.108908578753471E-001,4.835005104541779E-002,4.495616853237152E-001,-8.696621656417847E-001,
2.430266666666667E+009,-1.281096190214157E-001,8.479818701744080E-002,4.226929247379303E-001,-8.797520995140076E-001,-1.281096190214157E-001,8.479818701744080E-002,4.226929247379303E-001,-8.797520995140076E-001,
2.438633333333334E+009,-1.266701668500900E-001,1.287891268730164E-001,3.987839221954346E-001,-8.825737237930298E-001,-1.266701668500900E-001,1.287891268730164E-001,3.987839221954346E-001,-8.825737237930298E-001,
2.447000000000000E+009,-1.032448038458824E-001,1.662378162145615E-001,3.756621181964874E-001,-8.906174898147583E-001,-1.032448038458824E-001,1.662378162145615E-001,3.756621181964874E-001,-8.906174898147583E-001,
2.455366666666667E+009,-6.719890981912613E-002,1.868170052766800E-001,3.585282564163208E-001,-8.921070098876953E-001,-6.719890981912613E-002,1.868170052766800E-001,3.585282564163208E-001,-8.921070098876953E-001,
2.463733333333334E+009,-2.817505225539208E-002,1.891674846410751E-001,3.418219089508057E-001,-9.044772982597351E-001,-2.817505225539208E-002,1.891674846410751E-001,3.418219089508057E-001,-9.044772982597351E-001,
2.472100000000000E+009,4.016738850623369E-003,1.700326800346375E-001,3.213558793067932E-001,-9.123400449752808E-001,4.016738850623369E-003,1.700326800346375E-001,3.213558793067932E-001,-9.123400449752808E-001,
2.480466666666667E+009,1.992950588464737E-002,1.393433809280396E-001,2.948305308818817E-001,-9.198614954948425E-001,1.992950588464737E-002,1.393433809280396E-001,2.948305308818817E-001,-9.198614954948425E-001,
2.488833333333334E+009,1.513296272605658E-002,1.040971651673317E-001,2.786211073398590E-001,-9.318765997886658E-001,1.513296272605658E-002,1.040971651673317E-001,2.786211073398590E-001,-9.318765997886658E-001,
2.497200000000000E+009,-4.313314333558083E-003,8.077520877122879E-002,2.491690963506699E-001,-9.466184377670288E-001,-4.313314333558083E-003,8.077520877122879E-002,2.491690963506699E-001,-9.466184377670288E-001,
2.505566666666667E+009,-3.458796814084053E-002,7.387252151966095E-002,2.180444598197937E-001,-9.578416943550110E-001,-3.458796814084053E-002,7.387252151966095E-002,2.180444598197937E-001,-9.578416943550110E-001,
2.513933333333334E+009,-5.991313979029656E-002,8.973279595375061E-002,1.937590837478638E-001,-9.582301378250122E-001,-5.991313979029656E-002,8.973279595375061E-002,1.937590837478638E-001,-9.582301378250122E-001,
2.522300000000000E+009,-7.348189502954483E-002,1.187856420874596E-001,1.593805551528931E-001,-9.600141644477844E-001,-7.348189502954483E-002,1.187856420874596E-001,1.593805551528931E-001,-9.600141644477844E-001,
2.530666666666667E+009,-6.732621788978577E-002,1.534770131111145E-001,1.317527443170548E-001,-9.632378816604614E-001,-6.732621788978577E-002,1.534770131111145E-001,1.317527443170548E-001,-9.632378816604614E-001,
2.539033333333334E+009,-4.300012066960335E-002,1.821353584527969E-001,1.127645522356033E-001,-9.575996994972229E-001,-4.300012066960335E-002,1.821353584527969E-001,1.127645522356033E-001,-9.575996994972229E-001,
2.547400000000000E+009,-7.458888925611973E-003,1.970294862985611E-001,9.620150923728943E-002,-9.626450538635254E-001,-7.458888925611973E-003,1.970294862985611E-001,9.620150923728943E-002,-9.626450538635254E-001,
2.555766666666667E+009,3.106866590678692E-002,1.930585801601410E-001,7.360272854566574E-002,-9.663087725639343E-001,3.106866590678692E-002,1.930585801601410E-001,7.360272854566574E-002,-9.663087725639343E-001,
2.564133333333334E+009,5.689533427357674E-002,1.700841635465622E-001,5.341838672757149E-002,-9.633832573890686E-001,5.689533427357674E-002,1.700841635465622E-001,5.341838672757149E-002,-9.633832573890686E-001,
2.572500000000000E+009,6.696900725364685E-002,1.376890242099762E-001,3.036667779088020E-002,-9.672286510467529E-001,6.696900725364685E-002,1.376890242099762E-001,3.036667779088020E-002,-9.672286510467529E-001,
2.580866666666667E+009,5.738076940178871E-002,1.036797314882278E-001,6.007323041558266E-003,-9.765298366546631E-001,5.738076940178871E-002,1.036797314882278E-001,6.007323041558266E-003,-9.765298366546631E-001,
2.589233333333334E+009,3.026076406240463E-002,8.224116265773773E-002,-2.581362053751946E-002,-9.769760966300964E-001,3.026076406240463E-002,8.224116265773773E-002,-2.581362053751946E-002,-9.769760966300964E-001,
2.597600000000000E+009,-1.460403669625521E-003,7.814319431781769E-002,-5.746210366487503E-002,-9.784491658210754E-001,-1.460403669625521E-003,7.814319431781769E-002,-5.746210366487503E-002,-9.784491658210754E-001,
2.605966666666667E+009,-2.928235195577145E-002,9.614966809749603E-002,-7.708156108856201E-002,-9.808732271194458E-001,-2.928235195577145E-002,9.614966809749603E-002,-7.708156108856201E-002,-9.808732271194458E-001,
2.614333333333334E+009,-4.094777628779411E-002,1.259732991456986E-001,-1.082406789064407E-001,-9.695063233375549E-001,-4.094777628779411E-002,1.259732991456986E-001,-1.082406789064407E-001,-9.695063233375549E-001,
2.622700000000000E+009,-3.193019330501556E-002,1.608864068984985E-001,-1.322706788778305E-001,-9.569483995437622E-001,-3.193019330501556E-002,1.608864068984985E-001,-1.322706788778305E-001,-9.569483995437622E-001,
2.631066666666667E+009,-5.749126430600882E-003,1.892368346452713E-001,-1.576174497604370E-001,-9.602259993553162E-001,-5.749126430600882E-003,1.892368346452713E-001,-1.576174497604370E-001,-9.602259993553162E-001,
2.639433333333334E+009,3.202782198786736E-002,2.005805671215057E-001,-1.773743480443955E-001,-9.427590370178223E-001,3.202782198786736E-002,2.005805671215057E-001,-1.773743480443955E-001,-9.427590370178223E-001,
2.647800000000000E+009,7.199201732873917E-002,1.947544515132904E-001,-1.972764432430267E-001,-9.393998980522156E-001,7.199201732873917E-002,1.947544515132904E-001,-1.972764432430267E-001,-9.393998980522156E-001,
2.656166666666667E+009,9.980565309524536E-002,1.716301590204239E-001,-2.143399715423584E-001,-9.416566491127014E-001,9.980565309524536E-002,1.716301590204239E-001,-2.143399715423584E-001,-9.416566491127014E-001,
2.664533333333334E+009,1.099377125501633E-001,1.386768966913223E-001,-2.413476407527924E-001,-9.295998811721802E-001,1.099377125501633E-001,1.386768966913223E-001,-2.413476407527924E-001,-9.295998811721802E-001,
2.672900000000000E+009,1.012273356318474E-001,1.074891537427902E-001,-2.607012093067169E-001,-9.328246116638184E-001,1.012273356318474E-001,1.074891537427902E-001,-2.607012093067169E-001,-9.328246116638184E-001,
2.681266666666667E+009,7.679780572652817E-002,8.709972351789475E-002,-2.885452210903168E-001,-9.281395673751831E-001,7.679780572652817E-002,8.709972351789475E-002,-2.885452210903168E-001,-9.281395673751831E-001,
2.689633333333334E+009,4.460673406720161E-002,8.402203023433685E-002,-3.159668743610382E-001,-9.259579777717590E-001,4.460673406720161E-002,8.402203023433685E-002,-3.159668743610382E-001,-9.259579777717590E-001,
2.698000000000000E+009,1.913145557045937E-002,9.977357089519501E-002,-3.370686471462250E-001,-9.130249619483948E-001,1.913145557045937E-002,9.977357089519501E-002,-3.370686471462250E-001,-9.130249619483948E-001,
2.706366666666667E+009,9.706461802124977E-003,1.282182782888413E-001,-3.699440658092499E-001,-8.966700434684753E-001,9.706461802124977E-003,1.282182782888413E-001,-3.699440658092499E-001,-8.966700434684753E-001,
2.714733333333334E+009,1.877189241349697E-002,1.600040644407272E-001,-3.895439803600311E-001,-8.892725110054016E-001,1.877189241349697E-002,1.600040644407272E-001,-3.895439803600311E-001,-8.892725110054016E-001,
2.723100000000000E+009,4.778756946325302E-002,1.838389933109283E-001,-4.100020229816437E-001,-8.689659833908081E-001,4.778756946325302E-002,1.838389933109283E-001,-4.100020229816437E-001,-8.689659833908081E-001,
2.731466666666667E+009,8.734203130006790E-002,1.929798275232315E-001,-4.299775660037994E-001,-8.587183952331543E-001,8.734203130006790E-002,1.929798275232315E-001,-4.299775660037994E-001,-8.587183952331543E-001,
2.739833333333334E+009,1.259479373693466E-001,1.814679801464081E-001,-4.440777301788330E-001,-8.437082171440125E-001,1.259479373693466E-001,1.814679801464081E-001,-4.440777301788330E-001,-8.437082171440125E-001,
2.748200000000000E+009,1.547116041183472E-001,1.561933606863022E-001,-4.615495204925537E-001,-8.356478810310364E-001,1.547116041183472E-001,1.561933606863022E-001,-4.615495204925537E-001,-8.356478810310364E-001,
2.756566666666667E+009,1.664508730173111E-001,1.210894659161568E-001,-4.813175797462463E-001,-8.298732042312622E-001,1.664508730173111E-001,1.210894659161568E-001,-4.813175797462463E-001,-8.298732042312622E-001,
2.764933333333334E+009,1.589940339326859E-001,8.692694455385208E-002,-5.105171203613281E-001,-8.264541029930115E-001,1.589940339326859E-001,8.692694455385208E-002,-5.105171203613281E-001,-8.264541029930115E-001,
2.773300000000000E+009,1.352801471948624E-001,6.275546550750732E-002,-5.271946191787720E-001,-8.128027915954590E-001,1.352801471948624E-001,6.275546550750732E-002,-5.271946191787720E-001,-8.128027915954590E-001,
2.781666666666667E+009,1.032568886876106E-001,5.771683529019356E-002,-5.498499870300293E-001,-8.005345463752747E-001,1.032568886876106E-001,5.771683529019356E-002,-5.498499870300293E-001,-8.005345463752747E-001,
2.790033333333334E+009,7.477314025163651E-002,6.966876983642578E-002,-5.776817798614502E-001,-7.893345355987549E-001,7.477314025163651E-002,6.966876983642578E-002,-5.776817798614502E-001,-7.893345355987549E-001,
2.798400000000000E+009,6.043317541480064E-002,9.581460058689117E-002,-6.012380719184876E-001,-7.741886973381043E-001,6.043317541480064E-002,9.581460058689117E-002,-6.012380719184876E-001,-7.741886973381043E-001,
2.806766666666667E+009,6.854065507650375E-002,1.252559125423431E-001,-6.193445324897766E-001,-7.471589446067810E-001,6.854065507650375E-002,1.252559125423431E-001,-6.193445324897766E-001,-7.471589446067810E-001,
2.815133333333334E+009,9.162337332963944E-002,1.456820219755173E-001,-6.367459297180176E-001,-7.297169566154480E-001,9.162337332963944E-002,1.456820219755173E-001,-6.367459297180176E-001,-7.297169566154480E-001,
2.823500000000000E+009,1.296658217906952E-001,1.525200754404068E-001,-6.531420946121216E-001,-7.090576291084290E-001,1.296658217906952E-001,1.525200754404068E-001,-6.531420946121216E-001,-7.090576291084290E-001,
2.831866666666667E+009,1.659110486507416E-001,1.398639529943466E-001,-6.603899598121643E-001,-6.920701861381531E-001,1.659110486507416E-001,1.398639529943466E-001,-6.603899598121643E-001,-6.920701861381531E-001,
2.840233333333334E+009,1.942342221736908E-001,1.114538908004761E-001,-6.787939667701721E-001,-6.796322464942932E-001,1.942342221736908E-001,1.114538908004761E-001,-6.787939667701721E-001,-6.796322464942932E-001,
2.848600000000000E+009,2.054467201232910E-001,7.438360899686813E-002,-6.878775954246521E-001,-6.612606644630432E-001,2.054467201232910E-001,7.438360899686813E-002,-6.878775954246521E-001,-6.612606644630432E-001,
2.856966666666667E+009,1.978602856397629E-001,3.868568316102028E-002,-7.058261632919312E-001,-6.495845913887024E-001,1.978602856397629E-001,3.868568316102028E-002,-7.058261632919312E-001,-6.495845913887024E-001,
2.865333333333334E+009,1.724034100770950E-001,1.291223242878914E-002,-7.244502305984497E-001,-6.401713490486145E-001,1.724034100770950E-001,1.291223242878914E-002,-7.244502305984497E-001,-6.401713490486145E-001,
2.873700000000000E+009,1.370431333780289E-001,6.927950773388147E-003,-7.469831109046936E-001,-6.175534725189209E-001,1.370431333780289E-001,6.927950773388147E-003,-7.469831109046936E-001,-6.175534725189209E-001,
2.882066666666667E+009,1.059440821409226E-001,1.998734474182129E-002,-7.646360993385315E-001,-5.941438078880310E-001,1.059440821409226E-001,1.998734474182129E-002,-7.646360993385315E-001,-5.941438078880310E-001,
2.890433333333334E+009,8.854245394468308E-002,4.751132428646088E-002,-7.858772277832031E-001,-5.741152167320252E-001,8.854245394468308E-002,4.751132428646088E-002,-7.858772277832031E-001,-5.741152167320252E-001,
2.898800000000000E+009,9.239362925291061E-002,7.979217171669006E-002,-7.995097041130066E-001,-5.540878772735596E-001,9.239362925291061E-002,7.979217171669006E-002,-7.995097041130066E-001,-5.540878772735596E-001,
2.907166666666667E+009,1.155358627438545E-001,1.022499948740006E-001,-8.072244524955750E-001,-5.324604511260986E-001,1.155358627438545E-001,1.022499948740006E-001,-8.072244524955750E-001,-5.324604511260986E-001,
2.915533333333334E+009,1.543996185064316E-001,1.089490875601769E-001,-8.222494125366211E-001,-5.008854269981384E-001,1.543996185064316E-001,1.089490875601769E-001,-8.222494125366211E-001,-5.008854269981384E-001,
2.923900000000000E+009,1.903996616601944E-001,9.581983834505081E-002,-8.266793489456177E-001,-4.847585856914520E-001,1.903996616601944E-001,9.581983834505081E-002,-8.266793489456177E-001,-4.847585856914520E-001,
2.932266666666667E+009,2.198188453912735E-001,6.622492522001267E-002,-8.340291976928711E-001,-4.675708711147308E-001,2.198188453912735E-001,6.622492522001267E-002,-8.340291976928711E-001,-4.675708711147308E-001,
2.940633333333334E+009,2.300896793603897E-001,2.488476783037186E-002,-8.405940532684326E-001,-4.488508105278015E-001,2.300896793603897E-001,2.488476783037186E-002,-8.405940532684326E-001,-4.488508105278015E-001,
2.949000000000000E+009,2.205938100814819E-001,-1.667706854641438E-002,-8.567914366722107E-001,-4.264718294143677E-001,2.205938100814819E-001,-1.667706854641438E-002,-8.567914366722107E-001,-4.264718294143677E-001,
2.957366666666667E+009,1.936778277158737E-001,-4.527255147695541E-002,-8.685870170593262E-001,-4.150843620300293E-001,1.936778277158737E-001,-4.527255147695541E-002,-8.685870170593262E-001,-4.150843620300293E-001,
2.965733333333334E+009,1.554071158170700E-001,-5.378943681716919E-002,-8.848606944084168E-001,-3.932527899742127E-001,1.554071158170700E-001,-5.378943681716919E-002,-8.848606944084168E-001,-3.932527899742127E-001,
2.974100000000000E+009,1.213518008589745E-001,-4.268574342131615E-002,-9.007419347763062E-001,-3.651691079139710E-001,1.213518008589745E-001,-4.268574342131615E-002,-9.007419347763062E-001,-3.651691079139710E-001,
2.982466666666667E+009,9.953453391790390E-002,-1.321119163185358E-002,-9.161651730537415E-001,-3.374165892601013E-001,9.953453391790390E-002,-1.321119163185358E-002,-9.161651730537415E-001,-3.374165892601013E-001,
2.990833333333334E+009,1.007737219333649E-001,2.102731354534626E-002,-9.208379983901978E-001,-3.155198395252228E-001,1.007737219333649E-001,2.102731354534626E-002,-9.208379983901978E-001,-3.155198395252228E-001,
2.999200000000000E+009,1.232513710856438E-001,4.755482450127602E-002,-9.297561049461365E-001,-2.864282727241516E-001,1.232513710856438E-001,4.755482450127602E-002,-9.297561049461365E-001,-2.864282727241516E-001,
3.007566666666667E+009,1.599966585636139E-001,5.617312341928482E-002,-9.333292841911316E-001,-2.586915194988251E-001,1.599966585636139E-001,5.617312341928482E-002,-9.333292841911316E-001,-2.586915194988251E-001,
3.015933333333334E+009,1.989759057760239E-001,4.128970205783844E-002,-9.305285215377808E-001,-2.369956076145172E-001,1.989759057760239E-001,4.128970205783844E-002,-9.305285215377808E-001,-2.369956076145172E-001,
3.024300000000000E+009,2.272582501173019E-001,7.779028732329607E-003,-9.324644207954407E-001,-2.156899273395538E-001,2.272582501173019E-001,7.779028732329607E-003,-9.324644207954407E-001,-2.156899273395538E-001,
3.032666666666667E+009,2.364066392183304E-001,-3.843663632869721E-002,-9.342620968818665E-001,-1.939975470304489E-001,2.364066392183304E-001,-3.843663632869721E-002,-9.342620968818665E-001,-1.939975470304489E-001,
3.041033333333334E+009,2.221661210060120E-001,-8.133076131343842E-002,-9.374830722808838E-001,-1.773398667573929E-001,2.221661210060120E-001,-8.133076131343842E-002,-9.374830722808838E-001,-1.773398667573929E-001,
3.049400000000000E+009,1.887827515602112E-001,-1.120224520564079E-001,-9.433757662773132E-001,-1.515501886606216E-001,1.887827515602112E-001,-1.120224520564079E-001,-9.433757662773132E-001,-1.515501886606216E-001,
3.057766666666667E+009,1.462492942810059E-001,-1.217842921614647E-001,-9.561195373535156E-001,-1.455584764480591E-001,1.462492942810059E-001,-1.217842921614647E-001,-9.561195373535156E-001,-1.455584764480591E-001,
3.066133333333334E+009,1.047969311475754E-001,-1.064276769757271E-001,-9.603347182273865E-001,-1.131433472037315E-001,1.047969311475754E-001,-1.064276769757271E-001,-9.603347182273865E-001,-1.131433472037315E-001,
3.074500000000000E+009,8.029452711343765E-002,-7.331675291061401E-002,-9.725162982940674E-001,-8.340356498956680E-002,8.029452711343765E-002,-7.331675291061401E-002,-9.725162982940674E-001,-8.340356498956680E-002,
3.082866666666667E+009,7.964152842760086E-002,-3.227104246616364E-002,-9.761936068534851E-001,-5.684495344758034E-002,7.964152842760086E-002,-3.227104246616364E-002,-9.761936068534851E-001,-5.684495344758034E-002,
3.091233333333334E+009,1.058628857135773E-001,8.271561819128692E-004,-9.744026064872742E-001,-1.986136659979820E-002,1.058628857135773E-001,8.271561819128692E-004,-9.744026064872742E-001,-1.986136659979820E-002,
3.099600000000000E+009,1.479211747646332E-001,1.052824966609478E-002,-9.671473503112793E-001,8.497454226016998E-003,1.479211747646332E-001,1.052824966609478E-002,-9.671473503112793E-001,8.497454226016998E-003,
3.107966666666667E+009,1.926472634077072E-001,-7.827625609934330E-003,-9.630801081657410E-001,3.067563474178314E-002,1.926472634077072E-001,-7.827625609934330E-003,-9.630801081657410E-001,3.067563474178314E-002,
3.116333333333334E+009,2.248417735099793E-001,-4.775311425328255E-002,-9.537929892539978E-001,5.758579820394516E-002,2.248417735099793E-001,-4.775311425328255E-002,-9.537929892539978E-001,5.758579820394516E-002,
3.124700000000000E+009,2.310292720794678E-001,-1.002448946237564E-001,-9.492511749267578E-001,7.155495136976242E-002,2.310292720794678E-001,-1.002448946237564E-001,-9.492511749267578E-001,7.155495136976242E-002,
3.133066666666667E+009,2.147813290357590E-001,-1.508738249540329E-001,-9.487365484237671E-001,9.320180863142014E-002,2.147813290357590E-001,-1.508738249540329E-001,-9.487365484237671E-001,9.320180863142014E-002,
3.141433333333334E+009,1.741098165512085E-001,-1.877561658620834E-001,-9.480564594268799E-001,1.060770526528359E-001,1.741098165512085E-001,-1.877561658620834E-001,-9.480564594268799E-001,1.060770526528359E-001,
3.149800000000000E+009,1.205794885754585E-001,-1.998403817415237E-001,-9.528930783271790E-001,1.305714398622513E-001,1.205794885754585E-001,-1.998403817415237E-001,-9.528930783271790E-001,1.305714398622513E-001,
3.158166666666667E+009,7.053862512111664E-002,-1.834086477756500E-001,-9.500983357429504E-001,1.541500687599182E-001,7.053862512111664E-002,-1.834086477756500E-001,-9.500983357429504E-001,1.541500687599182E-001,
3.166533333333334E+009,3.805546090006828E-002,-1.454707831144333E-001,-9.548111557960510E-001,1.797121167182922E-001,3.805546090006828E-002,-1.454707831144333E-001,-9.548111557960510E-001,1.797121167182922E-001,
3.174900000000000E+009,2.925932034850121E-002,-9.752047806978226E-002,-9.527045488357544E-001,2.111377418041229E-001,2.925932034850121E-002,-9.752047806978226E-002,-9.527045488357544E-001,2.111377418041229E-001,
3.183266666666667E+009,5.227705463767052E-002,-5.490852892398834E-002,-9.447995424270630E-001,2.425983995199204E-001,5.227705463767052E-002,-5.490852892398834E-002,-9.447995424270630E-001,2.425983995199204E-001,
3.191633333333334E+009,9.564723819494247E-002,-3.885629028081894E-002,-9.313739538192749E-001,2.711793184280396E-001,9.564723819494247E-002,-3.885629028081894E-002,-9.313739538192749E-001,2.711793184280396E-001,
3.200000000000000E+009,1.403390765190125E-001,-5.278900638222694E-002,-9.208999872207642E-001,2.946667373180389E-001,1.403390765190125E-001,-5.278900638222694E-002,-9.208999872207642E-001,2.946667373180389E-001,
