% Version 1.00
%
%freq[Hz],re:Trc1_S11,im:Trc1_S11,re:Trc2_S21,im:Trc2_S21,re:Trc3_S11,im:Trc3_S11,re:Trc4_S21,im:Trc4_S21,
6.900000000000000E+008,-9.255293011665344E-002,2.467401092872024E-003,-4.472524523735046E-001,-8.495456576347351E-001,-9.255293011665344E-002,2.467401092872024E-003,-4.472524523735046E-001,-8.495456576347351E-001,
6.983666666666666E+008,-8.561556786298752E-002,5.343148019164801E-003,-4.695908725261688E-001,-8.331474661827087E-001,-8.561556786298752E-002,5.343148019164801E-003,-4.695908725261688E-001,-8.331474661827087E-001,
7.067333333333334E+008,-8.033371716737747E-002,4.265876021236181E-003,-4.961917698383331E-001,-8.115518689155579E-001,-8.033371716737747E-002,4.265876021236181E-003,-4.961917698383331E-001,-8.115518689155579E-001,
7.151000000000000E+008,-7.926111668348312E-002,-2.041671657934785E-003,-5.095087885856628E-001,-8.063866496086121E-001,-7.926111668348312E-002,-2.041671657934785E-003,-5.095087885856628E-001,-8.063866496086121E-001,
7.234666666666666E+008,-7.903265953063965E-002,-5.509708076715469E-003,-5.506793260574341E-001,-7.908445596694946E-001,-7.903265953063965E-002,-5.509708076715469E-003,-5.506793260574341E-001,-7.908445596694946E-001,
7.318333333333334E+008,-8.663423359394074E-002,-8.197417482733727E-003,-5.616872906684876E-001,-7.907291650772095E-001,-8.663423359394074E-002,-8.197417482733727E-003,-5.616872906684876E-001,-7.907291650772095E-001,
7.402000000000000E+008,-9.404366463422775E-002,-5.783660802990198E-003,-5.835531949996948E-001,-7.679461240768433E-001,-9.404366463422775E-002,-5.783660802990198E-003,-5.835531949996948E-001,-7.679461240768433E-001,
7.485666666666666E+008,-9.883242100477219E-002,-7.315202674362809E-005,-6.053640246391296E-001,-7.319287061691284E-001,-9.883242100477219E-002,-7.315202674362809E-005,-6.053640246391296E-001,-7.319287061691284E-001,
7.569333333333334E+008,-9.974031150341034E-002,1.063381694257259E-002,-6.227802038192749E-001,-7.324885725975037E-001,-9.974031150341034E-002,1.063381694257259E-002,-6.227802038192749E-001,-7.324885725975037E-001,
7.653000000000000E+008,-9.683678299188614E-002,2.020735107362270E-002,-6.292333006858826E-001,-7.255297303199768E-001,-9.683678299188614E-002,2.020735107362270E-002,-6.292333006858826E-001,-7.255297303199768E-001,
7.736666666666666E+008,-8.950972557067871E-002,3.013249672949314E-002,-6.522947549819946E-001,-7.211493253707886E-001,-8.950972557067871E-002,3.013249672949314E-002,-6.522947549819946E-001,-7.211493253707886E-001,
7.820333333333334E+008,-8.303126692771912E-002,3.573850542306900E-002,-6.795921921730042E-001,-6.980000734329224E-001,-8.303126692771912E-002,3.573850542306900E-002,-6.795921921730042E-001,-6.980000734329224E-001,
7.904000000000000E+008,-7.322077453136444E-002,3.597839549183846E-002,-6.977572441101074E-001,-6.751930117607117E-001,-7.322077453136444E-002,3.597839549183846E-002,-6.977572441101074E-001,-6.751930117607117E-001,
7.987666666666666E+008,-6.579387187957764E-002,3.329621627926827E-002,-7.079547643661499E-001,-6.580617427825928E-001,-6.579387187957764E-002,3.329621627926827E-002,-7.079547643661499E-001,-6.580617427825928E-001,
8.071333333333334E+008,-6.515369564294815E-002,3.033228777348995E-002,-7.236322164535523E-001,-6.497453451156616E-001,-6.515369564294815E-002,3.033228777348995E-002,-7.236322164535523E-001,-6.497453451156616E-001,
8.155000000000000E+008,-6.736458837985992E-002,2.385299652814865E-002,-7.370406389236450E-001,-6.030355095863342E-001,-6.736458837985992E-002,2.385299652814865E-002,-7.370406389236450E-001,-6.030355095863342E-001,
8.238666666666666E+008,-7.204213738441467E-002,2.212089672684670E-002,-7.657000422477722E-001,-6.070921421051025E-001,-7.204213738441467E-002,2.212089672684670E-002,-7.657000422477722E-001,-6.070921421051025E-001,
8.322333333333334E+008,-7.998854666948319E-002,2.489666827023029E-002,-7.867145538330078E-001,-5.781131982803345E-001,-7.998854666948319E-002,2.489666827023029E-002,-7.867145538330078E-001,-5.781131982803345E-001,
8.406000000000000E+008,-8.462422341108322E-002,2.850645221769810E-002,-7.912948727607727E-001,-5.665362477302551E-001,-8.462422341108322E-002,2.850645221769810E-002,-7.912948727607727E-001,-5.665362477302551E-001,
8.489666666666668E+008,-8.569507300853729E-002,3.705949708819389E-002,-8.144968748092651E-001,-5.428290367126465E-001,-8.569507300853729E-002,3.705949708819389E-002,-8.144968748092651E-001,-5.428290367126465E-001,
8.573333333333334E+008,-8.202042430639267E-002,4.522518441081047E-002,-8.220376372337341E-001,-5.239933133125305E-001,-8.202042430639267E-002,4.522518441081047E-002,-8.220376372337341E-001,-5.239933133125305E-001,
8.657000000000000E+008,-7.593262195587158E-002,5.531978234648705E-002,-8.361192345619202E-001,-4.960427284240723E-001,-7.593262195587158E-002,5.531978234648705E-002,-8.361192345619202E-001,-4.960427284240723E-001,
8.740666666666668E+008,-6.793945282697678E-002,6.164804473519325E-002,-8.331916332244873E-001,-4.777259230613709E-001,-6.793945282697678E-002,6.164804473519325E-002,-8.331916332244873E-001,-4.777259230613709E-001,
8.824333333333334E+008,-5.848817899823189E-002,6.213077157735825E-002,-8.631848692893982E-001,-4.452856481075287E-001,-5.848817899823189E-002,6.213077157735825E-002,-8.631848692893982E-001,-4.452856481075287E-001,
8.908000000000000E+008,-5.013498663902283E-002,6.393029540777206E-002,-8.742105364799500E-001,-4.435681402683258E-001,-5.013498663902283E-002,6.393029540777206E-002,-8.742105364799500E-001,-4.435681402683258E-001,
8.991666666666668E+008,-4.624032229185104E-002,5.840764567255974E-002,-8.890756964683533E-001,-4.133306443691254E-001,-4.624032229185104E-002,5.840764567255974E-002,-8.890756964683533E-001,-4.133306443691254E-001,
9.075333333333334E+008,-4.534096270799637E-002,5.495236068964005E-002,-8.855324387550354E-001,-3.902910351753235E-001,-4.534096270799637E-002,5.495236068964005E-002,-8.855324387550354E-001,-3.902910351753235E-001,
9.159000000000000E+008,-4.732101410627365E-002,5.110051482915878E-002,-8.978341817855835E-001,-3.795218765735626E-001,-4.732101410627365E-002,5.110051482915878E-002,-8.978341817855835E-001,-3.795218765735626E-001,
9.242666666666668E+008,-5.140851438045502E-002,4.728920385241509E-002,-9.069099426269531E-001,-3.526847958564758E-001,-5.140851438045502E-002,4.728920385241509E-002,-9.069099426269531E-001,-3.526847958564758E-001,
9.326333333333334E+008,-5.548341572284699E-002,4.960435256361961E-002,-9.118027091026306E-001,-3.212469518184662E-001,-5.548341572284699E-002,4.960435256361961E-002,-9.118027091026306E-001,-3.212469518184662E-001,
9.410000000000000E+008,-6.042599305510521E-002,5.637887865304947E-002,-9.237155914306641E-001,-2.941590547561646E-001,-6.042599305510521E-002,5.637887865304947E-002,-9.237155914306641E-001,-2.941590547561646E-001,
9.493666666666668E+008,-6.070619449019432E-002,6.428546458482742E-002,-9.292749762535095E-001,-2.838496565818787E-001,-6.070619449019432E-002,6.428546458482742E-002,-9.292749762535095E-001,-2.838496565818787E-001,
9.577333333333334E+008,-5.628925561904907E-002,7.257058471441269E-002,-9.538463354110718E-001,-2.419425100088120E-001,-5.628925561904907E-002,7.257058471441269E-002,-9.538463354110718E-001,-2.419425100088120E-001,
9.661000000000000E+008,-4.810097813606262E-002,8.078386634588242E-002,-9.378463625907898E-001,-2.263062596321106E-001,-4.810097813606262E-002,8.078386634588242E-002,-9.378463625907898E-001,-2.263062596321106E-001,
9.744666666666668E+008,-3.796437755227089E-002,8.608902990818024E-002,-9.560226798057556E-001,-1.967340707778931E-001,-3.796437755227089E-002,8.608902990818024E-002,-9.560226798057556E-001,-1.967340707778931E-001,
9.828333333333334E+008,-2.402534149587154E-002,8.582229912281036E-002,-9.481754302978516E-001,-1.709324866533279E-001,-2.402534149587154E-002,8.582229912281036E-002,-9.481754302978516E-001,-1.709324866533279E-001,
9.912000000000000E+008,-1.379120815545321E-002,8.412197232246399E-002,-9.623881578445435E-001,-1.632047444581986E-001,-1.379120815545321E-002,8.412197232246399E-002,-9.623881578445435E-001,-1.632047444581986E-001,
9.995666666666668E+008,-7.642585318535566E-003,7.640005648136139E-002,-9.681691527366638E-001,-1.228763237595558E-001,-7.642585318535566E-003,7.640005648136139E-002,-9.681691527366638E-001,-1.228763237595558E-001,
1.007933333333333E+009,-6.757311057299376E-003,6.889694184064865E-002,-9.752035140991211E-001,-1.117946729063988E-001,-6.757311057299376E-003,6.889694184064865E-002,-9.752035140991211E-001,-1.117946729063988E-001,
1.016300000000000E+009,-1.068201474845409E-002,6.067157909274101E-002,-9.726753234863281E-001,-7.823152840137482E-002,-1.068201474845409E-002,6.067157909274101E-002,-9.726753234863281E-001,-7.823152840137482E-002,
1.024666666666667E+009,-1.796733215451241E-002,5.977493152022362E-002,-9.762103557586670E-001,-6.159433722496033E-002,-1.796733215451241E-002,5.977493152022362E-002,-9.762103557586670E-001,-6.159433722496033E-002,
1.033033333333333E+009,-2.450487576425076E-002,6.062750890851021E-002,-9.549835324287415E-001,-1.759537123143673E-002,-2.450487576425076E-002,6.062750890851021E-002,-9.549835324287415E-001,-1.759537123143673E-002,
1.041400000000000E+009,-2.875883691012859E-002,6.683202087879181E-002,-9.661260247230530E-001,-5.947887897491455E-003,-2.875883691012859E-002,6.683202087879181E-002,-9.661260247230530E-001,-5.947887897491455E-003,
1.049766666666667E+009,-2.889886312186718E-002,7.540327310562134E-002,-9.726627469062805E-001,2.400766126811504E-002,-2.889886312186718E-002,7.540327310562134E-002,-9.726627469062805E-001,2.400766126811504E-002,
1.058133333333333E+009,-2.068405039608479E-002,8.471255004405975E-002,-9.670760631561279E-001,4.423867166042328E-002,-2.068405039608479E-002,8.471255004405975E-002,-9.670760631561279E-001,4.423867166042328E-002,
1.066500000000000E+009,-7.753165438771248E-003,9.007179737091065E-002,-9.544166326522827E-001,7.371605932712555E-002,-7.753165438771248E-003,9.007179737091065E-002,-9.544166326522827E-001,7.371605932712555E-002,
1.074866666666667E+009,4.947562702000141E-003,8.846523612737656E-002,-9.653688073158264E-001,1.021942645311356E-001,4.947562702000141E-003,8.846523612737656E-002,-9.653688073158264E-001,1.021942645311356E-001,
1.083233333333334E+009,1.819972507655621E-002,8.526426553726196E-002,-9.580602049827576E-001,1.171276122331619E-001,1.819972507655621E-002,8.526426553726196E-002,-9.580602049827576E-001,1.171276122331619E-001,
1.091600000000000E+009,2.434266358613968E-002,7.365863025188446E-002,-9.554088115692139E-001,1.530604213476181E-001,2.434266358613968E-002,7.365863025188446E-002,-9.554088115692139E-001,1.530604213476181E-001,
1.099966666666667E+009,2.783375233411789E-002,6.157979741692543E-002,-9.537622332572937E-001,1.696207672357559E-001,2.783375233411789E-002,6.157979741692543E-002,-9.537622332572937E-001,1.696207672357559E-001,
1.108333333333334E+009,2.067424170672894E-002,5.135319009423256E-002,-9.673643112182617E-001,1.923909187316895E-001,2.067424170672894E-002,5.135319009423256E-002,-9.673643112182617E-001,1.923909187316895E-001,
1.116700000000000E+009,1.037947181612253E-002,5.142231658101082E-002,-9.486254453659058E-001,2.256228327751160E-001,1.037947181612253E-002,5.142231658101082E-002,-9.486254453659058E-001,2.256228327751160E-001,
1.125066666666667E+009,-9.045688202604652E-004,5.153452605009079E-002,-9.359245896339417E-001,2.473662048578262E-001,-9.045688202604652E-004,5.153452605009079E-002,-9.359245896339417E-001,2.473662048578262E-001,
1.133433333333334E+009,-1.129252277314663E-002,6.262954324483872E-002,-9.323253631591797E-001,2.658518552780151E-001,-1.129252277314663E-002,6.262954324483872E-002,-9.323253631591797E-001,2.658518552780151E-001,
1.141800000000000E+009,-1.032925862818956E-002,7.550135999917984E-002,-9.246206879615784E-001,2.892451584339142E-001,-1.032925862818956E-002,7.550135999917984E-002,-9.246206879615784E-001,2.892451584339142E-001,
1.150166666666667E+009,-3.474583849310875E-003,8.817673474550247E-002,-9.172310233116150E-001,3.201609551906586E-001,-3.474583849310875E-003,8.817673474550247E-002,-9.172310233116150E-001,3.201609551906586E-001,
1.158533333333334E+009,1.435044594109058E-002,9.605865925550461E-002,-9.095975756645203E-001,3.421379327774048E-001,1.435044594109058E-002,9.605865925550461E-002,-9.095975756645203E-001,3.421379327774048E-001,
1.166900000000000E+009,3.427442908287048E-002,9.642416238784790E-002,-9.001374244689941E-001,3.697433769702911E-001,3.427442908287048E-002,9.642416238784790E-002,-9.001374244689941E-001,3.697433769702911E-001,
1.175266666666667E+009,5.091984570026398E-002,8.744028210639954E-002,-8.832669854164124E-001,3.841853141784668E-001,5.091984570026398E-002,8.744028210639954E-002,-8.832669854164124E-001,3.841853141784668E-001,
1.183633333333334E+009,6.567054986953735E-002,7.261183857917786E-002,-8.816929459571838E-001,4.167838692665100E-001,6.567054986953735E-002,7.261183857917786E-002,-8.816929459571838E-001,4.167838692665100E-001,
1.192000000000000E+009,6.780818104743958E-002,5.619063600897789E-002,-8.717093467712402E-001,4.381910264492035E-001,6.780818104743958E-002,5.619063600897789E-002,-8.717093467712402E-001,4.381910264492035E-001,
1.200366666666667E+009,6.054409220814705E-002,3.789738193154335E-002,-8.606078624725342E-001,4.583939015865326E-001,6.054409220814705E-002,3.789738193154335E-002,-8.606078624725342E-001,4.583939015865326E-001,
1.208733333333334E+009,4.471115022897720E-002,2.818089909851551E-002,-8.547515869140625E-001,4.888642728328705E-001,4.471115022897720E-002,2.818089909851551E-002,-8.547515869140625E-001,4.888642728328705E-001,
1.217100000000000E+009,2.751227654516697E-002,2.937535755336285E-002,-8.247972130775452E-001,5.019516348838806E-001,2.751227654516697E-002,2.937535755336285E-002,-8.247972130775452E-001,5.019516348838806E-001,
1.225466666666667E+009,1.568292267620564E-002,3.962665423750877E-002,-8.261085748672485E-001,5.248138308525085E-001,1.568292267620564E-002,3.962665423750877E-002,-8.261085748672485E-001,5.248138308525085E-001,
1.233833333333334E+009,1.396538224071264E-002,5.468917638063431E-002,-8.057793378829956E-001,5.470234751701355E-001,1.396538224071264E-002,5.468917638063431E-002,-8.057793378829956E-001,5.470234751701355E-001,
1.242200000000000E+009,1.892666332423687E-002,6.854584813117981E-002,-7.766665220260620E-001,5.663533806800842E-001,1.892666332423687E-002,6.854584813117981E-002,-7.766665220260620E-001,5.663533806800842E-001,
1.250566666666667E+009,3.430994600057602E-002,7.833173125982285E-002,-7.850314974784851E-001,5.925437211990356E-001,3.430994600057602E-002,7.833173125982285E-002,-7.850314974784851E-001,5.925437211990356E-001,
1.258933333333334E+009,5.555853620171547E-002,7.977631688117981E-002,-7.649743556976318E-001,6.019089221954346E-001,5.555853620171547E-002,7.977631688117981E-002,-7.649743556976318E-001,6.019089221954346E-001,
1.267300000000000E+009,7.381704449653626E-002,6.791096925735474E-002,-7.407325506210327E-001,6.217593550682068E-001,7.381704449653626E-002,6.791096925735474E-002,-7.407325506210327E-001,6.217593550682068E-001,
1.275666666666667E+009,8.615794032812119E-002,5.169950798153877E-002,-7.363291382789612E-001,6.278128623962402E-001,8.615794032812119E-002,5.169950798153877E-002,-7.363291382789612E-001,6.278128623962402E-001,
1.284033333333334E+009,8.970455080270767E-002,2.901652641594410E-002,-7.077445983886719E-001,6.803326010704041E-001,8.970455080270767E-002,2.901652641594410E-002,-7.077445983886719E-001,6.803326010704041E-001,
1.292400000000000E+009,7.882705330848694E-002,1.030697766691446E-002,-7.024802565574646E-001,6.778700947761536E-001,7.882705330848694E-002,1.030697766691446E-002,-7.024802565574646E-001,6.778700947761536E-001,
1.300766666666667E+009,6.209230422973633E-002,1.624407828785479E-003,-6.856676340103149E-001,6.954503059387207E-001,6.209230422973633E-002,1.624407828785479E-003,-6.856676340103149E-001,6.954503059387207E-001,
1.309133333333334E+009,4.299851506948471E-002,2.728822175413370E-003,-6.722391843795776E-001,7.260097265243530E-001,4.299851506948471E-002,2.728822175413370E-003,-6.722391843795776E-001,7.260097265243530E-001,
1.317500000000000E+009,2.848984673619270E-002,1.369223557412624E-002,-6.410656571388245E-001,7.506469488143921E-001,2.848984673619270E-002,1.369223557412624E-002,-6.410656571388245E-001,7.506469488143921E-001,
1.325866666666667E+009,2.327137626707554E-002,2.878593653440476E-002,-6.244991421699524E-001,7.478957772254944E-001,2.327137626707554E-002,2.878593653440476E-002,-6.244991421699524E-001,7.478957772254944E-001,
1.334233333333334E+009,3.016121312975884E-002,4.668129980564117E-002,-6.022480130195618E-001,7.643644809722900E-001,3.016121312975884E-002,4.668129980564117E-002,-6.022480130195618E-001,7.643644809722900E-001,
1.342600000000000E+009,4.646291956305504E-002,5.289805680513382E-002,-5.885294675827026E-001,7.817488312721252E-001,4.646291956305504E-002,5.289805680513382E-002,-5.885294675827026E-001,7.817488312721252E-001,
1.350966666666667E+009,6.466385722160339E-002,5.152292549610138E-002,-5.608916878700256E-001,8.043665289878845E-001,6.466385722160339E-002,5.152292549610138E-002,-5.608916878700256E-001,8.043665289878845E-001,
1.359333333333334E+009,8.094509690999985E-002,3.947090730071068E-002,-5.426117777824402E-001,8.133631348609924E-001,8.094509690999985E-002,3.947090730071068E-002,-5.426117777824402E-001,8.133631348609924E-001,
1.367700000000000E+009,8.920423686504364E-002,1.838804781436920E-002,-5.268275737762451E-001,8.214760422706604E-001,8.920423686504364E-002,1.838804781436920E-002,-5.268275737762451E-001,8.214760422706604E-001,
1.376066666666667E+009,8.460959792137146E-002,-5.092599894851446E-003,-4.999384880065918E-001,8.316600918769836E-001,8.460959792137146E-002,-5.092599894851446E-003,-4.999384880065918E-001,8.316600918769836E-001,
1.384433333333334E+009,7.100263983011246E-002,-1.996024884283543E-002,-4.871756136417389E-001,8.479175567626953E-001,7.100263983011246E-002,-1.996024884283543E-002,-4.871756136417389E-001,8.479175567626953E-001,
1.392800000000000E+009,4.847025498747826E-002,-2.382208406925201E-002,-4.698568582534790E-001,8.509047627449036E-001,4.847025498747826E-002,-2.382208406925201E-002,-4.698568582534790E-001,8.509047627449036E-001,
1.401166666666667E+009,3.054739162325859E-002,-1.775656454265118E-002,-4.347878098487854E-001,8.799032568931580E-001,3.054739162325859E-002,-1.775656454265118E-002,-4.347878098487854E-001,8.799032568931580E-001,
1.409533333333334E+009,1.808115467429161E-002,8.910920005291700E-004,-4.155333042144775E-001,8.878132700920105E-001,1.808115467429161E-002,8.910920005291700E-004,-4.155333042144775E-001,8.878132700920105E-001,
1.417900000000000E+009,1.591699570417404E-002,2.157900109887123E-002,-3.741743862628937E-001,8.837565779685974E-001,1.591699570417404E-002,2.157900109887123E-002,-3.741743862628937E-001,8.837565779685974E-001,
1.426266666666667E+009,2.559217065572739E-002,3.980437666177750E-002,-3.680800199508667E-001,9.122332334518433E-001,2.559217065572739E-002,3.980437666177750E-002,-3.680800199508667E-001,9.122332334518433E-001,
1.434633333333334E+009,4.394366592168808E-002,4.675317183136940E-002,-3.402484953403473E-001,9.060786962509155E-001,4.394366592168808E-002,4.675317183136940E-002,-3.402484953403473E-001,9.060786962509155E-001,
1.443000000000000E+009,6.708700954914093E-002,4.522284865379334E-002,-3.148774206638336E-001,9.193769097328186E-001,6.708700954914093E-002,4.522284865379334E-002,-3.148774206638336E-001,9.193769097328186E-001,
1.451366666666667E+009,8.294477313756943E-002,2.870324440300465E-002,-2.996869683265686E-001,9.267717599868774E-001,8.294477313756943E-002,2.870324440300465E-002,-2.996869683265686E-001,9.267717599868774E-001,
1.459733333333334E+009,8.987644314765930E-002,8.146964944899082E-003,-2.839207351207733E-001,9.285284876823425E-001,8.987644314765930E-002,8.146964944899082E-003,-2.839207351207733E-001,9.285284876823425E-001,
1.468100000000000E+009,8.529911190271378E-002,-1.377587765455246E-002,-2.455478310585022E-001,9.387437105178833E-001,8.529911190271378E-002,-1.377587765455246E-002,-2.455478310585022E-001,9.387437105178833E-001,
1.476466666666667E+009,6.990207731723785E-002,-2.957924269139767E-002,-2.270468324422836E-001,9.550824165344238E-001,6.990207731723785E-002,-2.957924269139767E-002,-2.270468324422836E-001,9.550824165344238E-001,
1.484833333333334E+009,4.885119199752808E-002,-3.397640585899353E-002,-1.932302564382553E-001,9.622700214385986E-001,4.885119199752808E-002,-3.397640585899353E-002,-1.932302564382553E-001,9.622700214385986E-001,
1.493200000000000E+009,3.146946057677269E-002,-2.626397088170052E-002,-1.769086569547653E-001,9.602192044258118E-001,3.146946057677269E-002,-2.626397088170052E-002,-1.769086569547653E-001,9.602192044258118E-001,
1.501566666666667E+009,2.080504037439823E-002,-8.395486511290073E-003,-1.455554962158203E-001,9.622744917869568E-001,2.080504037439823E-002,-8.395486511290073E-003,-1.455554962158203E-001,9.622744917869568E-001,
1.509933333333334E+009,2.046195976436138E-002,1.340521406382322E-002,-1.324412971735001E-001,9.685943126678467E-001,2.046195976436138E-002,1.340521406382322E-002,-1.324412971735001E-001,9.685943126678467E-001,
1.518300000000000E+009,3.370989114046097E-002,2.975913137197495E-002,-1.078046932816505E-001,9.758141040802002E-001,3.370989114046097E-002,2.975913137197495E-002,-1.078046932816505E-001,9.758141040802002E-001,
1.526666666666667E+009,5.317168310284615E-002,3.622917085886002E-002,-7.173826545476914E-002,9.689574241638184E-001,5.317168310284615E-002,3.622917085886002E-002,-7.173826545476914E-002,9.689574241638184E-001,
1.535033333333334E+009,7.370594143867493E-002,3.279703482985497E-002,-5.114209279417992E-002,9.808845520019531E-001,7.370594143867493E-002,3.279703482985497E-002,-5.114209279417992E-002,9.808845520019531E-001,
1.543400000000000E+009,8.755792677402496E-002,1.704681292176247E-002,-3.175768628716469E-002,9.733737111091614E-001,8.755792677402496E-002,1.704681292176247E-002,-3.175768628716469E-002,9.733737111091614E-001,
1.551766666666667E+009,9.098076075315476E-002,-5.856784991919994E-003,-1.056568883359432E-002,9.682922363281250E-001,9.098076075315476E-002,-5.856784991919994E-003,-1.056568883359432E-002,9.682922363281250E-001,
1.560133333333334E+009,8.474082499742508E-002,-2.755797840654850E-002,1.688031852245331E-002,9.750799536705017E-001,8.474082499742508E-002,-2.755797840654850E-002,1.688031852245331E-002,9.750799536705017E-001,
1.568500000000000E+009,7.056838274002075E-002,-4.138404503464699E-002,3.228931501507759E-002,9.780737757682800E-001,7.056838274002075E-002,-4.138404503464699E-002,3.228931501507759E-002,9.780737757682800E-001,
1.576866666666667E+009,5.066722631454468E-002,-4.399484768509865E-002,7.301963120698929E-002,9.724177122116089E-001,5.066722631454468E-002,-4.399484768509865E-002,7.301963120698929E-002,9.724177122116089E-001,
1.585233333333334E+009,3.682798892259598E-002,-3.657791763544083E-002,8.765260875225067E-002,9.730404019355774E-001,3.682798892259598E-002,-3.657791763544083E-002,8.765260875225067E-002,9.730404019355774E-001,
1.593600000000000E+009,2.797001041471958E-002,-2.204771339893341E-002,1.157306656241417E-001,9.677159786224365E-001,2.797001041471958E-002,-2.204771339893341E-002,1.157306656241417E-001,9.677159786224365E-001,
1.601966666666667E+009,2.937656082212925E-002,-3.752790158614516E-003,1.392752528190613E-001,9.652866721153259E-001,2.937656082212925E-002,-3.752790158614516E-003,1.392752528190613E-001,9.652866721153259E-001,
1.610333333333334E+009,4.060520976781845E-002,8.923605084419251E-003,1.696574538946152E-001,9.580216407775879E-001,4.060520976781845E-002,8.923605084419251E-003,1.696574538946152E-001,9.580216407775879E-001,
1.618700000000000E+009,5.813146382570267E-002,1.268539484590292E-002,1.943750381469727E-001,9.538859128952026E-001,5.813146382570267E-002,1.268539484590292E-002,1.943750381469727E-001,9.538859128952026E-001,
1.627066666666667E+009,7.351850718259811E-002,7.072666659951210E-003,2.167364656925201E-001,9.466606378555298E-001,7.351850718259811E-002,7.072666659951210E-003,2.167364656925201E-001,9.466606378555298E-001,
1.635433333333334E+009,8.257196098566055E-002,-5.496826488524675E-003,2.412945628166199E-001,9.473530650138855E-001,8.257196098566055E-002,-5.496826488524675E-003,2.412945628166199E-001,9.473530650138855E-001,
1.643800000000000E+009,8.394352346658707E-002,-2.457358688116074E-002,2.565654814243317E-001,9.392743110656738E-001,8.394352346658707E-002,-2.457358688116074E-002,2.565654814243317E-001,9.392743110656738E-001,
1.652166666666667E+009,7.613541185855866E-002,-4.065766558051109E-002,2.913756668567658E-001,9.309831857681274E-001,7.613541185855866E-002,-4.065766558051109E-002,2.913756668567658E-001,9.309831857681274E-001,
1.660533333333334E+009,6.144107133150101E-002,-5.000394210219383E-002,3.116053640842438E-001,9.264816045761108E-001,6.144107133150101E-002,-5.000394210219383E-002,3.116053640842438E-001,9.264816045761108E-001,
1.668900000000000E+009,4.531087726354599E-002,-4.951206222176552E-002,3.335818052291870E-001,9.134230613708496E-001,4.531087726354599E-002,-4.951206222176552E-002,3.335818052291870E-001,9.134230613708496E-001,
1.677266666666667E+009,3.300869837403297E-002,-4.231472313404083E-002,3.698253929615021E-001,9.059355258941650E-001,3.300869837403297E-002,-4.231472313404083E-002,3.698253929615021E-001,9.059355258941650E-001,
1.685633333333334E+009,2.904816903173924E-002,-2.799192629754543E-002,3.864298760890961E-001,8.991913795471191E-001,2.904816903173924E-002,-2.799192629754543E-002,3.864298760890961E-001,8.991913795471191E-001,
1.694000000000000E+009,3.196356073021889E-002,-1.507439743727446E-002,4.073207080364227E-001,8.891048431396484E-001,3.196356073021889E-002,-1.507439743727446E-002,4.073207080364227E-001,8.891048431396484E-001,
1.702366666666667E+009,4.344925656914711E-002,-3.398248925805092E-003,4.256905913352966E-001,8.776410818099976E-001,4.344925656914711E-002,-3.398248925805092E-003,4.256905913352966E-001,8.776410818099976E-001,
1.710733333333334E+009,5.990505218505859E-002,-3.765063011087477E-004,4.465173184871674E-001,8.613058924674988E-001,5.990505218505859E-002,-3.765063011087477E-004,4.465173184871674E-001,8.613058924674988E-001,
1.719100000000000E+009,7.485292851924896E-002,-7.417947985231876E-003,4.747342765331268E-001,8.457745313644409E-001,7.485292851924896E-002,-7.417947985231876E-003,4.747342765331268E-001,8.457745313644409E-001,
1.727466666666667E+009,8.502759039402008E-002,-2.048426121473312E-002,4.914619028568268E-001,8.385893702507019E-001,8.502759039402008E-002,-2.048426121473312E-002,4.914619028568268E-001,8.385893702507019E-001,
1.735833333333334E+009,8.614339679479599E-002,-3.765827044844627E-002,5.053439736366272E-001,8.252145648002625E-001,8.614339679479599E-002,-3.765827044844627E-002,5.053439736366272E-001,8.252145648002625E-001,
1.744200000000000E+009,7.904218137264252E-002,-5.574236810207367E-002,5.361472368240356E-001,8.032163381576538E-001,7.904218137264252E-002,-5.574236810207367E-002,5.361472368240356E-001,8.032163381576538E-001,
1.752566666666667E+009,6.671613454818726E-002,-6.747744977474213E-002,5.649515986442566E-001,7.976140379905701E-001,6.671613454818726E-002,-6.747744977474213E-002,5.649515986442566E-001,7.976140379905701E-001,
1.760933333333334E+009,5.103194713592529E-002,-7.302569597959518E-002,5.706847906112671E-001,7.851678133010864E-001,5.103194713592529E-002,-7.302569597959518E-002,5.706847906112671E-001,7.851678133010864E-001,
1.769300000000000E+009,3.627981245517731E-002,-7.099156081676483E-002,5.982128977775574E-001,7.759439349174500E-001,3.627981245517731E-002,-7.099156081676483E-002,5.982128977775574E-001,7.759439349174500E-001,
1.777666666666667E+009,2.661416120827198E-002,-6.094773113727570E-002,6.137920022010803E-001,7.667903900146484E-001,2.661416120827198E-002,-6.094773113727570E-002,6.137920022010803E-001,7.667903900146484E-001,
1.786033333333334E+009,2.407082542777062E-002,-5.106026306748390E-002,6.302349567413330E-001,7.362110018730164E-001,2.407082542777062E-002,-5.106026306748390E-002,6.302349567413330E-001,7.362110018730164E-001,
1.794400000000000E+009,2.920994535088539E-002,-3.811139613389969E-002,6.517751812934876E-001,7.203833460807800E-001,2.920994535088539E-002,-3.811139613389969E-002,6.517751812934876E-001,7.203833460807800E-001,
1.802766666666667E+009,3.655014187097549E-002,-3.208552673459053E-002,6.758981347084045E-001,7.046589255332947E-001,3.655014187097549E-002,-3.208552673459053E-002,6.758981347084045E-001,7.046589255332947E-001,
1.811133333333334E+009,4.650235921144486E-002,-3.064648248255253E-002,6.956752538681030E-001,6.862875223159790E-001,4.650235921144486E-002,-3.064648248255253E-002,6.956752538681030E-001,6.862875223159790E-001,
1.819500000000000E+009,5.633040145039558E-002,-3.357156738638878E-002,7.081870436668396E-001,6.602466106414795E-001,5.633040145039558E-002,-3.357156738638878E-002,7.081870436668396E-001,6.602466106414795E-001,
1.827866666666667E+009,6.246301159262657E-002,-4.279267042875290E-002,7.309662103652954E-001,6.497463583946228E-001,6.246301159262657E-002,-4.279267042875290E-002,7.309662103652954E-001,6.497463583946228E-001,
1.836233333333334E+009,5.996546521782875E-002,-5.378233268857002E-002,7.439514398574829E-001,6.302881240844727E-001,5.996546521782875E-002,-5.378233268857002E-002,7.439514398574829E-001,6.302881240844727E-001,
1.844600000000000E+009,5.342034623026848E-002,-6.289919465780258E-002,7.559527754783630E-001,6.270624995231628E-001,5.342034623026848E-002,-6.289919465780258E-002,7.559527754783630E-001,6.270624995231628E-001,
1.852966666666667E+009,4.462803527712822E-002,-6.916958838701248E-002,7.670976519584656E-001,5.922434926033020E-001,4.462803527712822E-002,-6.916958838701248E-002,7.670976519584656E-001,5.922434926033020E-001,
1.861333333333334E+009,3.523421660065651E-002,-7.243800163269043E-002,7.889882326126099E-001,5.727433562278748E-001,3.523421660065651E-002,-7.243800163269043E-002,7.889882326126099E-001,5.727433562278748E-001,
1.869700000000000E+009,2.717481739819050E-002,-6.701596826314926E-002,8.081385493278503E-001,5.509667396545410E-001,2.717481739819050E-002,-6.701596826314926E-002,8.081385493278503E-001,5.509667396545410E-001,
1.878066666666667E+009,2.345107682049274E-002,-6.139424070715904E-002,8.187646269798279E-001,5.395720005035400E-001,2.345107682049274E-002,-6.139424070715904E-002,8.187646269798279E-001,5.395720005035400E-001,
1.886433333333334E+009,2.468652464449406E-002,-5.322584137320519E-002,8.384808301925659E-001,5.129022002220154E-001,2.468652464449406E-002,-5.322584137320519E-002,8.384808301925659E-001,5.129022002220154E-001,
1.894800000000000E+009,3.264289349317551E-002,-4.762305691838265E-002,8.506853580474854E-001,4.946891963481903E-001,3.264289349317551E-002,-4.762305691838265E-002,8.506853580474854E-001,4.946891963481903E-001,
1.903166666666667E+009,4.150180891156197E-002,-4.375245794653893E-002,8.621214628219605E-001,4.664732813835144E-001,4.150180891156197E-002,-4.375245794653893E-002,8.621214628219605E-001,4.664732813835144E-001,
1.911533333333334E+009,5.046348646283150E-002,-4.845494776964188E-002,8.710274696350098E-001,4.369214773178101E-001,5.046348646283150E-002,-4.845494776964188E-002,8.710274696350098E-001,4.369214773178101E-001,
1.919900000000000E+009,5.746417865157127E-002,-5.630564689636231E-002,8.837046623229981E-001,4.227939546108246E-001,5.746417865157127E-002,-5.630564689636231E-002,8.837046623229981E-001,4.227939546108246E-001,
1.928266666666667E+009,6.012640148401260E-002,-6.691005080938339E-002,8.834615349769592E-001,3.860118687152863E-001,6.012640148401260E-002,-6.691005080938339E-002,8.834615349769592E-001,3.860118687152863E-001,
1.936633333333334E+009,5.496522784233093E-002,-7.930244505405426E-002,9.034418463706970E-001,3.729291260242462E-001,5.496522784233093E-002,-7.930244505405426E-002,9.034418463706970E-001,3.729291260242462E-001,
1.945000000000000E+009,4.499558731913567E-002,-8.913356810808182E-002,9.129809737205505E-001,3.533867597579956E-001,4.499558731913567E-002,-8.913356810808182E-002,9.129809737205505E-001,3.533867597579956E-001,
1.953366666666667E+009,3.331525623798370E-002,-9.587512165307999E-002,9.137509465217590E-001,3.283249735832214E-001,3.331525623798370E-002,-9.587512165307999E-002,9.137509465217590E-001,3.283249735832214E-001,
1.961733333333334E+009,1.839848235249519E-002,-9.319808334112167E-002,9.292075634002686E-001,3.076448142528534E-001,1.839848235249519E-002,-9.319808334112167E-002,9.292075634002686E-001,3.076448142528534E-001,
1.970100000000000E+009,7.300392258912325E-003,-8.794445544481278E-002,9.318569302558899E-001,2.816259860992432E-001,7.300392258912325E-003,-8.794445544481278E-002,9.318569302558899E-001,2.816259860992432E-001,
1.978466666666667E+009,3.060716902837157E-003,-7.622049748897553E-002,9.430884718894959E-001,2.546205818653107E-001,3.060716902837157E-003,-7.622049748897553E-002,9.430884718894959E-001,2.546205818653107E-001,
1.986833333333334E+009,5.959474481642246E-003,-6.513696163892746E-002,9.443070888519287E-001,2.350408732891083E-001,5.959474481642246E-003,-6.513696163892746E-002,9.443070888519287E-001,2.350408732891083E-001,
1.995200000000000E+009,1.727143116295338E-002,-5.762186273932457E-002,9.477711915969849E-001,2.198975682258606E-001,1.727143116295338E-002,-5.762186273932457E-002,9.477711915969849E-001,2.198975682258606E-001,
2.003566666666667E+009,3.111550398170948E-002,-5.631417408585548E-002,9.569835662841797E-001,1.856283247470856E-001,3.111550398170948E-002,-5.631417408585548E-002,9.569835662841797E-001,1.856283247470856E-001,
2.011933333333334E+009,4.358286038041115E-002,-6.382478028535843E-002,9.640787243843079E-001,1.578157991170883E-001,4.358286038041115E-002,-6.382478028535843E-002,9.640787243843079E-001,1.578157991170883E-001,
2.020300000000000E+009,5.164182931184769E-002,-7.444565743207932E-002,9.676992297172546E-001,1.260346770286560E-001,5.164182931184769E-002,-7.444565743207932E-002,9.676992297172546E-001,1.260346770286560E-001,
2.028666666666667E+009,5.105943605303764E-002,-9.034471213817596E-002,9.698252081871033E-001,1.109198853373528E-001,5.105943605303764E-002,-9.034471213817596E-002,9.698252081871033E-001,1.109198853373528E-001,
2.037033333333334E+009,4.172223806381226E-002,-1.078820228576660E-001,9.742463231086731E-001,8.573545515537262E-002,4.172223806381226E-002,-1.078820228576660E-001,9.742463231086731E-001,8.573545515537262E-002,
2.045400000000000E+009,2.549732290208340E-002,-1.178441792726517E-001,9.727376103401184E-001,6.565256416797638E-002,2.549732290208340E-002,-1.178441792726517E-001,9.727376103401184E-001,6.565256416797638E-002,
2.053766666666667E+009,6.883593276143074E-003,-1.183964461088181E-001,9.699738025665283E-001,3.917887434363365E-002,6.883593276143074E-003,-1.183964461088181E-001,9.699738025665283E-001,3.917887434363365E-002,
2.062133333333334E+009,-8.611826226115227E-003,-1.132104620337486E-001,9.771198034286499E-001,1.149325259029865E-002,-8.611826226115227E-003,-1.132104620337486E-001,9.771198034286499E-001,1.149325259029865E-002,
2.070500000000000E+009,-1.745473034679890E-002,-9.855327755212784E-002,9.749658703804016E-001,-1.405661739408970E-002,-1.745473034679890E-002,-9.855327755212784E-002,9.749658703804016E-001,-1.405661739408970E-002,
2.078866666666667E+009,-1.563507318496704E-002,-8.345781266689301E-002,9.730469584465027E-001,-3.368665277957916E-002,-1.563507318496704E-002,-8.345781266689301E-002,9.730469584465027E-001,-3.368665277957916E-002,
2.087233333333334E+009,-5.298429168760777E-003,-7.473631948232651E-002,9.755142927169800E-001,-7.040659338235855E-002,-5.298429168760777E-003,-7.473631948232651E-002,9.755142927169800E-001,-7.040659338235855E-002,
2.095600000000000E+009,1.055509969592094E-002,-7.026709616184235E-002,9.769878983497620E-001,-9.072258323431015E-002,1.055509969592094E-002,-7.026709616184235E-002,9.769878983497620E-001,-9.072258323431015E-002,
2.103966666666667E+009,2.691659517586231E-002,-7.989014685153961E-002,9.762463569641113E-001,-1.191776171326637E-001,2.691659517586231E-002,-7.989014685153961E-002,9.762463569641113E-001,-1.191776171326637E-001,
2.112333333333334E+009,3.535356372594833E-002,-9.546198695898056E-002,9.604765176773071E-001,-1.406517326831818E-001,3.535356372594833E-002,-9.546198695898056E-002,9.604765176773071E-001,-1.406517326831818E-001,
2.120700000000000E+009,3.534273058176041E-002,-1.188760623335838E-001,9.599233269691467E-001,-1.704260259866715E-001,3.534273058176041E-002,-1.188760623335838E-001,9.599233269691467E-001,-1.704260259866715E-001,
2.129066666666667E+009,2.156186103820801E-002,-1.360068023204804E-001,9.627600908279419E-001,-1.976042389869690E-001,2.156186103820801E-002,-1.360068023204804E-001,9.627600908279419E-001,-1.976042389869690E-001,
2.137433333333334E+009,-7.521309307776392E-004,-1.479467004537582E-001,9.474467039108276E-001,-2.142435759305954E-001,-7.521309307776392E-004,-1.479467004537582E-001,9.474467039108276E-001,-2.142435759305954E-001,
2.145800000000000E+009,-2.949112467467785E-002,-1.472900509834290E-001,9.433851242065430E-001,-2.404480576515198E-001,-2.949112467467785E-002,-1.472900509834290E-001,9.433851242065430E-001,-2.404480576515198E-001,
2.154166666666667E+009,-5.144033953547478E-002,-1.359160840511322E-001,9.367731213569641E-001,-2.567224204540253E-001,-5.144033953547478E-002,-1.359160840511322E-001,9.367731213569641E-001,-2.567224204540253E-001,
2.162533333333334E+009,-6.364275515079498E-002,-1.144324988126755E-001,9.192327260971069E-001,-2.821070849895477E-001,-6.364275515079498E-002,-1.144324988126755E-001,9.192327260971069E-001,-2.821070849895477E-001,
2.170900000000000E+009,-6.293257325887680E-002,-9.239131957292557E-002,9.268601536750794E-001,-3.101201653480530E-001,-6.293257325887680E-002,-9.239131957292557E-002,9.268601536750794E-001,-3.101201653480530E-001,
2.179266666666667E+009,-4.946096986532211E-002,-7.806091010570526E-002,9.151508212089539E-001,-3.276529312133789E-001,-4.946096986532211E-002,-7.806091010570526E-002,9.151508212089539E-001,-3.276529312133789E-001,
2.187633333333334E+009,-3.016672283411026E-002,-7.248003780841827E-002,9.128710627555847E-001,-3.612629771232605E-001,-3.016672283411026E-002,-7.248003780841827E-002,9.128710627555847E-001,-3.612629771232605E-001,
2.196000000000000E+009,-8.437506854534149E-003,-8.161594718694687E-002,8.944295048713684E-001,-3.819516301155090E-001,-8.437506854534149E-003,-8.161594718694687E-002,8.944295048713684E-001,-3.819516301155090E-001,
2.204366666666667E+009,3.436708124354482E-003,-1.022135838866234E-001,8.860045075416565E-001,-4.061449170112610E-001,3.436708124354482E-003,-1.022135838866234E-001,8.860045075416565E-001,-4.061449170112610E-001,
2.212733333333334E+009,3.065232653170824E-003,-1.269799619913101E-001,8.712244629859924E-001,-4.348638057708740E-001,3.065232653170824E-003,-1.269799619913101E-001,8.712244629859924E-001,-4.348638057708740E-001,
2.221100000000000E+009,-1.293211802840233E-002,-1.476312279701233E-001,8.498582839965820E-001,-4.494250118732452E-001,-1.293211802840233E-002,-1.476312279701233E-001,8.498582839965820E-001,-4.494250118732452E-001,
2.229466666666667E+009,-3.723645210266113E-002,-1.590411663055420E-001,8.419741392135620E-001,-4.615477025508881E-001,-3.723645210266113E-002,-1.590411663055420E-001,8.419741392135620E-001,-4.615477025508881E-001,
2.237833333333334E+009,-6.826267391443253E-002,-1.544310897588730E-001,8.340155482292175E-001,-4.871060848236084E-001,-6.826267391443253E-002,-1.544310897588730E-001,8.340155482292175E-001,-4.871060848236084E-001,
2.246200000000000E+009,-9.430269896984100E-002,-1.388290673494339E-001,8.217830657958984E-001,-5.071057081222534E-001,-9.430269896984100E-002,-1.388290673494339E-001,8.217830657958984E-001,-5.071057081222534E-001,
2.254566666666667E+009,-1.059683859348297E-001,-1.131238713860512E-001,8.133834600448608E-001,-5.238593220710754E-001,-1.059683859348297E-001,-1.131238713860512E-001,8.133834600448608E-001,-5.238593220710754E-001,
2.262933333333334E+009,-1.065181419253349E-001,-8.824515342712402E-002,7.998171448707581E-001,-5.470507144927979E-001,-1.065181419253349E-001,-8.824515342712402E-002,7.998171448707581E-001,-5.470507144927979E-001,
2.271300000000000E+009,-9.203522652387619E-002,-6.872028112411499E-002,7.841160297393799E-001,-5.676568150520325E-001,-9.203522652387619E-002,-6.872028112411499E-002,7.841160297393799E-001,-5.676568150520325E-001,
2.279666666666667E+009,-6.885323673486710E-002,-6.504986435174942E-002,7.712855935096741E-001,-5.889362096786499E-001,-6.885323673486710E-002,-6.504986435174942E-002,7.712855935096741E-001,-5.889362096786499E-001,
2.288033333333334E+009,-4.905715212225914E-002,-7.593996077775955E-002,7.570841312408447E-001,-6.179984807968140E-001,-4.905715212225914E-002,-7.593996077775955E-002,7.570841312408447E-001,-6.179984807968140E-001,
2.296400000000000E+009,-3.761471435427666E-002,-9.811833500862122E-002,7.341111302375794E-001,-6.373753547668457E-001,-3.761471435427666E-002,-9.811833500862122E-002,7.341111302375794E-001,-6.373753547668457E-001,
2.304766666666667E+009,-4.330253973603249E-002,-1.232808306813240E-001,7.195737957954407E-001,-6.463864445686340E-001,-4.330253973603249E-002,-1.232808306813240E-001,7.195737957954407E-001,-6.463864445686340E-001,
2.313133333333334E+009,-6.322712451219559E-002,-1.399243921041489E-001,6.960249543190002E-001,-6.779430508613586E-001,-6.322712451219559E-002,-1.399243921041489E-001,6.960249543190002E-001,-6.779430508613586E-001,
2.321500000000000E+009,-8.832011371850967E-002,-1.439941972494125E-001,6.810385584831238E-001,-6.835363507270813E-001,-8.832011371850967E-002,-1.439941972494125E-001,6.810385584831238E-001,-6.835363507270813E-001,
2.329866666666667E+009,-1.156052201986313E-001,-1.326169371604919E-001,6.702104210853577E-001,-7.000840902328491E-001,-1.156052201986313E-001,-1.326169371604919E-001,6.702104210853577E-001,-7.000840902328491E-001,
2.338233333333334E+009,-1.356329768896103E-001,-1.105594709515572E-001,6.440197229385376E-001,-7.179170846939087E-001,-1.356329768896103E-001,-1.105594709515572E-001,6.440197229385376E-001,-7.179170846939087E-001,
2.346600000000000E+009,-1.412283033132553E-001,-7.990039139986038E-002,6.251623034477234E-001,-7.361150383949280E-001,-1.412283033132553E-001,-7.990039139986038E-002,6.251623034477234E-001,-7.361150383949280E-001,
2.354966666666667E+009,-1.296934485435486E-001,-5.504290759563446E-002,6.164147257804871E-001,-7.487924098968506E-001,-1.296934485435486E-001,-5.504290759563446E-002,6.164147257804871E-001,-7.487924098968506E-001,
2.363333333333334E+009,-1.083559989929199E-001,-4.450504854321480E-002,6.014397144317627E-001,-7.669163346290588E-001,-1.083559989929199E-001,-4.450504854321480E-002,6.014397144317627E-001,-7.669163346290588E-001,
2.371700000000000E+009,-8.028456568717957E-002,-4.865653067827225E-002,5.822753310203552E-001,-7.883233428001404E-001,-8.028456568717957E-002,-4.865653067827225E-002,5.822753310203552E-001,-7.883233428001404E-001,
2.380066666666667E+009,-6.198766455054283E-002,-7.200117409229279E-002,5.515153408050537E-001,-8.027147054672241E-001,-6.198766455054283E-002,-7.200117409229279E-002,5.515153408050537E-001,-8.027147054672241E-001,
2.388433333333334E+009,-6.107417866587639E-002,-1.022734120488167E-001,5.277712941169739E-001,-8.125595450401306E-001,-6.107417866587639E-002,-1.022734120488167E-001,5.277712941169739E-001,-8.125595450401306E-001,
2.396800000000000E+009,-7.715769112110138E-002,-1.328647881746292E-001,4.949508905410767E-001,-8.286044597625732E-001,-7.715769112110138E-002,-1.328647881746292E-001,4.949508905410767E-001,-8.286044597625732E-001,
2.405166666666667E+009,-1.085626408457756E-001,-1.524728089570999E-001,4.771338403224945E-001,-8.392221927642822E-001,-1.085626408457756E-001,-1.524728089570999E-001,4.771338403224945E-001,-8.392221927642822E-001,
2.413533333333334E+009,-1.488254517316818E-001,-1.501660943031311E-001,4.527083933353424E-001,-8.462192416191101E-001,-1.488254517316818E-001,-1.501660943031311E-001,4.527083933353424E-001,-8.462192416191101E-001,
2.421900000000000E+009,-1.863956898450851E-001,-1.289806067943573E-001,4.388796687126160E-001,-8.548937439918518E-001,-1.863956898450851E-001,-1.289806067943573E-001,4.388796687126160E-001,-8.548937439918518E-001,
2.430266666666667E+009,-2.079972475767136E-001,-9.385084360837936E-002,4.208979308605194E-001,-8.624796867370606E-001,-2.079972475767136E-001,-9.385084360837936E-002,4.208979308605194E-001,-8.624796867370606E-001,
2.438633333333334E+009,-2.141971737146378E-001,-4.947270452976227E-002,4.036043286323547E-001,-8.737078309059143E-001,-2.141971737146378E-001,-4.947270452976227E-002,4.036043286323547E-001,-8.737078309059143E-001,
2.447000000000000E+009,-1.992718130350113E-001,-9.949613362550736E-003,3.818173706531525E-001,-8.887664079666138E-001,-1.992718130350113E-001,-9.949613362550736E-003,3.818173706531525E-001,-8.887664079666138E-001,
2.455366666666667E+009,-1.688500046730042E-001,1.258930005133152E-002,3.639400899410248E-001,-8.961735963821411E-001,-1.688500046730042E-001,1.258930005133152E-002,3.639400899410248E-001,-8.961735963821411E-001,
2.463733333333334E+009,-1.345673501491547E-001,1.620602793991566E-002,3.410240411758423E-001,-9.150603413581848E-001,-1.345673501491547E-001,1.620602793991566E-002,3.410240411758423E-001,-9.150603413581848E-001,
2.472100000000000E+009,-1.078550815582275E-001,-2.210900187492371E-003,3.137671053409576E-001,-9.239796996116638E-001,-1.078550815582275E-001,-2.210900187492371E-003,3.137671053409576E-001,-9.239796996116638E-001,
2.480466666666667E+009,-9.658999741077423E-002,-3.297569975256920E-002,2.810839414596558E-001,-9.288648366928101E-001,-9.658999741077423E-002,-3.297569975256920E-002,2.810839414596558E-001,-9.288648366928101E-001,
2.488833333333334E+009,-1.058666110038757E-001,-6.487947702407837E-002,2.580328285694122E-001,-9.361611604690552E-001,-1.058666110038757E-001,-6.487947702407837E-002,2.580328285694122E-001,-9.361611604690552E-001,
2.497200000000000E+009,-1.294247508049011E-001,-8.473537117242813E-002,2.277133613824844E-001,-9.451184272766113E-001,-1.294247508049011E-001,-8.473537117242813E-002,2.277133613824844E-001,-9.451184272766113E-001,
2.505566666666667E+009,-1.654887646436691E-001,-8.564488589763641E-002,1.965838372707367E-001,-9.448300004005432E-001,-1.654887646436691E-001,-8.564488589763641E-002,1.965838372707367E-001,-9.448300004005432E-001,
2.513933333333334E+009,-1.953218728303909E-001,-6.700664013624191E-002,1.783809363842011E-001,-9.424331188201904E-001,-1.953218728303909E-001,-6.700664013624191E-002,1.783809363842011E-001,-9.424331188201904E-001,
2.522300000000000E+009,-2.131195217370987E-001,-3.727264702320099E-002,1.547174602746964E-001,-9.454352855682373E-001,-2.131195217370987E-001,-3.727264702320099E-002,1.547174602746964E-001,-9.454352855682373E-001,
2.530666666666667E+009,-2.123651057481766E-001,1.702246721833944E-003,1.308467686176300E-001,-9.530090689659119E-001,-2.123651057481766E-001,1.702246721833944E-003,1.308467686176300E-001,-9.530090689659119E-001,
2.539033333333334E+009,-1.952856034040451E-001,3.404524922370911E-002,1.126782596111298E-001,-9.559931755065918E-001,-1.952856034040451E-001,3.404524922370911E-002,1.126782596111298E-001,-9.559931755065918E-001,
2.547400000000000E+009,-1.659705042839050E-001,5.281261727213860E-002,9.464985877275467E-002,-9.662542939186096E-001,-1.659705042839050E-001,5.281261727213860E-002,9.464985877275467E-002,-9.662542939186096E-001,
2.555766666666667E+009,-1.328640431165695E-001,5.270343646407127E-002,6.661503762006760E-002,-9.720278382301331E-001,-1.328640431165695E-001,5.270343646407127E-002,6.661503762006760E-002,-9.720278382301331E-001,
2.564133333333334E+009,-1.104652583599091E-001,3.190200403332710E-002,3.764218837022781E-002,-9.708039760589600E-001,-1.104652583599091E-001,3.190200403332710E-002,3.764218837022781E-002,-9.708039760589600E-001,
2.572500000000000E+009,-1.056282296776772E-001,2.034970093518496E-003,1.105228718370199E-002,-9.699283838272095E-001,-1.056282296776772E-001,2.034970093518496E-003,1.105228718370199E-002,-9.699283838272095E-001,
2.580866666666667E+009,-1.195233166217804E-001,-2.679645642638207E-002,-1.821427792310715E-002,-9.710769653320313E-001,-1.195233166217804E-001,-2.679645642638207E-002,-1.821427792310715E-002,-9.710769653320313E-001,
2.589233333333334E+009,-1.499806940555573E-001,-4.287292435765266E-002,-4.980514198541641E-002,-9.614574313163757E-001,-1.499806940555573E-001,-4.287292435765266E-002,-4.980514198541641E-002,-9.614574313163757E-001,
2.597600000000000E+009,-1.850966364145279E-001,-4.151429608464241E-002,-7.937246561050415E-002,-9.567044377326965E-001,-1.850966364145279E-001,-4.151429608464241E-002,-7.937246561050415E-002,-9.567044377326965E-001,
2.605966666666667E+009,-2.149575799703598E-001,-1.997397281229496E-002,-9.107557684183121E-002,-9.601092338562012E-001,-2.149575799703598E-001,-1.997397281229496E-002,-9.107557684183121E-002,-9.601092338562012E-001,
2.614333333333334E+009,-2.298180162906647E-001,1.287366915494204E-002,-1.117981597781181E-001,-9.472100734710693E-001,-2.298180162906647E-001,1.287366915494204E-002,-1.117981597781181E-001,-9.472100734710693E-001,
2.622700000000000E+009,-2.261971831321716E-001,5.361718311905861E-002,-1.322055459022522E-001,-9.428447484970093E-001,-2.261971831321716E-001,5.361718311905861E-002,-1.322055459022522E-001,-9.428447484970093E-001,
2.631066666666667E+009,-2.061152160167694E-001,8.826355636119843E-002,-1.549605876207352E-001,-9.545027017593384E-001,-2.061152160167694E-001,8.826355636119843E-002,-1.549605876207352E-001,-9.545027017593384E-001,
2.639433333333334E+009,-1.722811311483383E-001,1.061539724469185E-001,-1.769108325242996E-001,-9.427068829536438E-001,-1.722811311483383E-001,1.061539724469185E-001,-1.769108325242996E-001,-9.427068829536438E-001,
2.647800000000000E+009,-1.371355056762695E-001,1.062102913856506E-001,-2.004606723785400E-001,-9.425755739212036E-001,-1.371355056762695E-001,1.062102913856506E-001,-2.004606723785400E-001,-9.425755739212036E-001,
2.656166666666667E+009,-1.134957745671272E-001,8.788935095071793E-002,-2.244180440902710E-001,-9.484551548957825E-001,-1.134957745671272E-001,8.788935095071793E-002,-2.244180440902710E-001,-9.484551548957825E-001,
2.664533333333334E+009,-1.062331274151802E-001,6.019973009824753E-002,-2.625324726104736E-001,-9.320621490478516E-001,-1.062331274151802E-001,6.019973009824753E-002,-2.625324726104736E-001,-9.320621490478516E-001,
2.672900000000000E+009,-1.191959008574486E-001,3.334469720721245E-002,-2.825304865837097E-001,-9.280476570129395E-001,-1.191959008574486E-001,3.334469720721245E-002,-2.825304865837097E-001,-9.280476570129395E-001,
2.681266666666667E+009,-1.469498127698898E-001,1.907978393137455E-002,-3.094061911106110E-001,-9.151812791824341E-001,-1.469498127698898E-001,1.907978393137455E-002,-3.094061911106110E-001,-9.151812791824341E-001,
2.689633333333334E+009,-1.803953200578690E-001,2.226336114108563E-002,-3.323879837989807E-001,-9.045305252075195E-001,-1.803953200578690E-001,2.226336114108563E-002,-3.323879837989807E-001,-9.045305252075195E-001,
2.698000000000000E+009,-2.059871554374695E-001,4.386749118566513E-002,-3.478066027164459E-001,-8.885223865509033E-001,-2.059871554374695E-001,4.386749118566513E-002,-3.478066027164459E-001,-8.885223865509033E-001,
2.706366666666667E+009,-2.163879424333572E-001,7.837272435426712E-002,-3.702158629894257E-001,-8.737243413925171E-001,-2.163879424333572E-001,7.837272435426712E-002,-3.702158629894257E-001,-8.737243413925171E-001,
2.714733333333334E+009,-2.101004123687744E-001,1.134974360466003E-001,-3.832546174526215E-001,-8.715367317199707E-001,-2.101004123687744E-001,1.134974360466003E-001,-3.832546174526215E-001,-8.715367317199707E-001,
2.723100000000000E+009,-1.849991083145142E-001,1.448903083801270E-001,-4.018009603023529E-001,-8.620259761810303E-001,-1.849991083145142E-001,1.448903083801270E-001,-4.018009603023529E-001,-8.620259761810303E-001,
2.731466666666667E+009,-1.477031111717224E-001,1.623100042343140E-001,-4.257777333259583E-001,-8.588083386421204E-001,-1.477031111717224E-001,1.623100042343140E-001,-4.257777333259583E-001,-8.588083386421204E-001,
2.739833333333334E+009,-1.107878386974335E-001,1.593682765960693E-001,-4.459038972854614E-001,-8.482165932655335E-001,-1.107878386974335E-001,1.593682765960693E-001,-4.459038972854614E-001,-8.482165932655335E-001,
2.748200000000000E+009,-8.432378619909287E-002,1.412387788295746E-001,-4.723937809467316E-001,-8.412630558013916E-001,-8.432378619909287E-002,1.412387788295746E-001,-4.723937809467316E-001,-8.412630558013916E-001,
2.756566666666667E+009,-7.513452321290970E-002,1.123234555125237E-001,-4.976330995559692E-001,-8.328626155853272E-001,-7.513452321290970E-002,1.123234555125237E-001,-4.976330995559692E-001,-8.328626155853272E-001,
2.764933333333334E+009,-8.401176333427429E-002,8.459637314081192E-002,-5.335128903388977E-001,-8.215196132659912E-001,-8.401176333427429E-002,8.459637314081192E-002,-5.335128903388977E-001,-8.215196132659912E-001,
2.773300000000000E+009,-1.095285192131996E-001,6.686636805534363E-002,-5.494482517242432E-001,-8.007326126098633E-001,-1.095285192131996E-001,6.686636805534363E-002,-5.494482517242432E-001,-8.007326126098633E-001,
2.781666666666667E+009,-1.432513147592545E-001,6.970173865556717E-002,-5.670979022979736E-001,-7.787080407142639E-001,-1.432513147592545E-001,6.970173865556717E-002,-5.670979022979736E-001,-7.787080407142639E-001,
2.790033333333334E+009,-1.700837612152100E-001,8.788235485553742E-002,-5.855501890182495E-001,-7.638369798660278E-001,-1.700837612152100E-001,8.788235485553742E-002,-5.855501890182495E-001,-7.638369798660278E-001,
2.798400000000000E+009,-1.827632039785385E-001,1.204486861824989E-001,-6.022608280181885E-001,-7.491668462753296E-001,-1.827632039785385E-001,1.204486861824989E-001,-6.022608280181885E-001,-7.491668462753296E-001,
2.806766666666667E+009,-1.741686463356018E-001,1.561881750822067E-001,-6.162857413291931E-001,-7.258808612823486E-001,-1.741686463356018E-001,1.561881750822067E-001,-6.162857413291931E-001,-7.258808612823486E-001,
2.815133333333334E+009,-1.503657102584839E-001,1.829071193933487E-001,-6.277390718460083E-001,-7.160744667053223E-001,-1.503657102584839E-001,1.829071193933487E-001,-6.277390718460083E-001,-7.160744667053223E-001,
2.823500000000000E+009,-1.139877438545227E-001,1.976380944252014E-001,-6.439626812934876E-001,-7.071226239204407E-001,-1.139877438545227E-001,1.976380944252014E-001,-6.439626812934876E-001,-7.071226239204407E-001,
2.831866666666667E+009,-7.636237144470215E-002,1.923368573188782E-001,-6.639730334281921E-001,-6.955339908599854E-001,-7.636237144470215E-002,1.923368573188782E-001,-6.639730334281921E-001,-6.955339908599854E-001,
2.840233333333334E+009,-4.690640792250633E-002,1.725928932428360E-001,-6.896357536315918E-001,-6.806229948997498E-001,-4.690640792250633E-002,1.725928932428360E-001,-6.896357536315918E-001,-6.806229948997498E-001,
2.848600000000000E+009,-3.541133552789688E-002,1.437289267778397E-001,-7.048449516296387E-001,-6.604895591735840E-001,-3.541133552789688E-002,1.437289267778397E-001,-7.048449516296387E-001,-6.604895591735840E-001,
2.856966666666667E+009,-4.453272372484207E-002,1.158228665590286E-001,-7.263624072074890E-001,-6.449766755104065E-001,-4.453272372484207E-002,1.158228665590286E-001,-7.263624072074890E-001,-6.449766755104065E-001,
2.865333333333334E+009,-7.013023644685745E-002,9.833461791276932E-002,-7.480863332748413E-001,-6.243807077407837E-001,-7.013023644685745E-002,9.833461791276932E-002,-7.480863332748413E-001,-6.243807077407837E-001,
2.873700000000000E+009,-1.044458001852036E-001,9.968256950378418E-002,-7.662100791931152E-001,-5.919528007507324E-001,-1.044458001852036E-001,9.968256950378418E-002,-7.662100791931152E-001,-5.919528007507324E-001,
2.882066666666667E+009,-1.317200362682343E-001,1.193485036492348E-001,-7.724705934524536E-001,-5.646289587020874E-001,-1.317200362682343E-001,1.193485036492348E-001,-7.724705934524536E-001,-5.646289587020874E-001,
2.890433333333334E+009,-1.456121504306793E-001,1.537370234727860E-001,-7.839816808700562E-001,-5.461621880531311E-001,-1.456121504306793E-001,1.537370234727860E-001,-7.839816808700562E-001,-5.461621880531311E-001,
2.898800000000000E+009,-1.380004584789276E-001,1.904995143413544E-001,-7.893271446228027E-001,-5.290412902832031E-001,-1.380004584789276E-001,1.904995143413544E-001,-7.893271446228027E-001,-5.290412902832031E-001,
2.907166666666667E+009,-1.111874803900719E-001,2.184038758277893E-001,-7.931441664695740E-001,-5.147022008895874E-001,-1.111874803900719E-001,2.184038758277893E-001,-7.931441664695740E-001,-5.147022008895874E-001,
2.915533333333334E+009,-7.149481028318405E-002,2.329420745372772E-001,-8.082057833671570E-001,-4.940414130687714E-001,-7.149481028318405E-002,2.329420745372772E-001,-8.082057833671570E-001,-4.940414130687714E-001,
2.923900000000000E+009,-3.138798102736473E-002,2.269353717565537E-001,-8.209163546562195E-001,-4.850884675979614E-001,-3.138798102736473E-002,2.269353717565537E-001,-8.209163546562195E-001,-4.850884675979614E-001,
2.932266666666667E+009,1.935286098159850E-003,2.049862146377564E-001,-8.335025310516357E-001,-4.711813628673554E-001,1.935286098159850E-003,2.049862146377564E-001,-8.335025310516357E-001,-4.711813628673554E-001,
2.940633333333334E+009,1.617548614740372E-002,1.709751188755035E-001,-8.566196560859680E-001,-4.469267129898071E-001,1.617548614740372E-002,1.709751188755035E-001,-8.566196560859680E-001,-4.469267129898071E-001,
2.949000000000000E+009,9.346204809844494E-003,1.365159153938294E-001,-8.772910833358765E-001,-4.178782701492310E-001,9.346204809844494E-003,1.365159153938294E-001,-8.772910833358765E-001,-4.178782701492310E-001,
2.957366666666667E+009,-1.563575491309166E-002,1.154882609844208E-001,-8.896605372428894E-001,-3.978403210639954E-001,-1.563575491309166E-002,1.154882609844208E-001,-8.896605372428894E-001,-3.978403210639954E-001,
2.965733333333334E+009,-5.105733126401901E-002,1.151121780276299E-001,-9.013749957084656E-001,-3.643503487110138E-001,-5.105733126401901E-002,1.151121780276299E-001,-9.013749957084656E-001,-3.643503487110138E-001,
2.974100000000000E+009,-8.115808665752411E-002,1.360249817371368E-001,-9.102361202239990E-001,-3.305521607398987E-001,-8.115808665752411E-002,1.360249817371368E-001,-9.102361202239990E-001,-3.305521607398987E-001,
2.982466666666667E+009,-9.559851139783859E-002,1.706438064575195E-001,-9.109153151512146E-001,-3.043873012065888E-001,-9.559851139783859E-002,1.706438064575195E-001,-9.109153151512146E-001,-3.043873012065888E-001,
2.990833333333334E+009,-8.919296413660049E-002,2.086578905582428E-001,-9.079310297966003E-001,-2.879361808300018E-001,-8.919296413660049E-002,2.086578905582428E-001,-9.079310297966003E-001,-2.879361808300018E-001,
2.999200000000000E+009,-6.172957271337509E-002,2.383855283260346E-001,-9.093946218490601E-001,-2.698715031147003E-001,-6.172957271337509E-002,2.383855283260346E-001,-9.093946218490601E-001,-2.698715031147003E-001,
3.007566666666667E+009,-2.161050774157047E-002,2.516257762908936E-001,-9.151509404182434E-001,-2.508260011672974E-001,-2.161050774157047E-002,2.516257762908936E-001,-9.151509404182434E-001,-2.508260011672974E-001,
3.015933333333334E+009,2.339589968323708E-002,2.420955449342728E-001,-9.191266894340515E-001,-2.353799641132355E-001,2.339589968323708E-002,2.420955449342728E-001,-9.191266894340515E-001,-2.353799641132355E-001,
3.024300000000000E+009,5.666232854127884E-002,2.159247696399689E-001,-9.303237795829773E-001,-2.197242975234985E-001,5.666232854127884E-002,2.159247696399689E-001,-9.303237795829773E-001,-2.197242975234985E-001,
3.032666666666667E+009,7.248970866203308E-002,1.758097112178803E-001,-9.417054653167725E-001,-1.965039819478989E-001,7.248970866203308E-002,1.758097112178803E-001,-9.417054653167725E-001,-1.965039819478989E-001,
3.041033333333334E+009,6.397803872823715E-002,1.369765102863312E-001,-9.521752595901489E-001,-1.673611849546433E-001,6.397803872823715E-002,1.369765102863312E-001,-9.521752595901489E-001,-1.673611849546433E-001,
3.049400000000000E+009,3.458105400204659E-002,1.133451312780380E-001,-9.608654975891113E-001,-1.324918568134308E-001,3.458105400204659E-002,1.133451312780380E-001,-9.608654975891113E-001,-1.324918568134308E-001,
3.057766666666667E+009,-2.447814214974642E-003,1.124757900834084E-001,-9.699859023094177E-001,-1.141255646944046E-001,-2.447814214974642E-003,1.124757900834084E-001,-9.699859023094177E-001,-1.141255646944046E-001,
3.066133333333334E+009,-3.698178380727768E-002,1.342558860778809E-001,-9.624654650688171E-001,-7.377530634403229E-002,-3.698178380727768E-002,1.342558860778809E-001,-9.624654650688171E-001,-7.377530634403229E-002,
3.074500000000000E+009,-5.320061743259430E-002,1.744129508733749E-001,-9.640964269638062E-001,-4.544234275817871E-002,-5.320061743259430E-002,1.744129508733749E-001,-9.640964269638062E-001,-4.544234275817871E-002,
3.082866666666667E+009,-4.303799197077751E-002,2.171378880739212E-001,-9.566062688827515E-001,-2.134025469422340E-002,-4.303799197077751E-002,2.171378880739212E-001,-9.566062688827515E-001,-2.134025469422340E-002,
3.091233333333334E+009,-1.128659769892693E-002,2.513258159160614E-001,-9.472352862358093E-001,-1.586847502039746E-004,-1.128659769892693E-002,2.513258159160614E-001,-9.472352862358093E-001,-1.586847502039746E-004,
3.099600000000000E+009,3.634094446897507E-002,2.634998857975006E-001,-9.401693344116211E-001,1.301150768995285E-002,3.634094446897507E-002,2.634998857975006E-001,-9.401693344116211E-001,1.301150768995285E-002,
3.107966666666667E+009,8.771115541458130E-002,2.499220073223114E-001,-9.436451196670532E-001,2.552769146859646E-002,8.771115541458130E-002,2.499220073223114E-001,-9.436451196670532E-001,2.552769146859646E-002,
3.116333333333334E+009,1.269991248846054E-001,2.148689776659012E-001,-9.496292471885681E-001,4.443211108446121E-002,1.269991248846054E-001,2.148689776659012E-001,-9.496292471885681E-001,4.443211108446121E-002,
3.124700000000000E+009,1.422666162252426E-001,1.650382429361343E-001,-9.564850330352783E-001,6.266941875219345E-002,1.422666162252426E-001,1.650382429361343E-001,-9.564850330352783E-001,6.266941875219345E-002,
3.133066666666667E+009,1.328243017196655E-001,1.173125579953194E-001,-9.651708602905273E-001,9.249577671289444E-002,1.328243017196655E-001,1.173125579953194E-001,-9.651708602905273E-001,9.249577671289444E-002,
3.141433333333334E+009,1.001588255167007E-001,8.235838264226914E-002,-9.671552181243897E-001,1.218797415494919E-001,1.001588255167007E-001,8.235838264226914E-002,-9.671552181243897E-001,1.218797415494919E-001,
3.149800000000000E+009,5.266752094030380E-002,7.540886104106903E-002,-9.678245782852173E-001,1.620873808860779E-001,5.266752094030380E-002,7.540886104106903E-002,-9.678245782852173E-001,1.620873808860779E-001,
3.158166666666667E+009,9.747751057147980E-003,9.903209656476975E-002,-9.538018703460693E-001,1.946828365325928E-001,9.747751057147980E-003,9.903209656476975E-002,-9.538018703460693E-001,1.946828365325928E-001,
3.166533333333334E+009,-1.135213952511549E-002,1.426858454942703E-001,-9.444518685340881E-001,2.231783717870712E-001,-1.135213952511549E-002,1.426858454942703E-001,-9.444518685340881E-001,2.231783717870712E-001,
3.174900000000000E+009,-6.850337143987417E-003,1.921256631612778E-001,-9.262848496437073E-001,2.476931512355804E-001,-6.850337143987417E-003,1.921256631612778E-001,-9.262848496437073E-001,2.476931512355804E-001,
3.183266666666667E+009,2.548003196716309E-002,2.318133264780045E-001,-9.093197584152222E-001,2.673493921756744E-001,2.548003196716309E-002,2.318133264780045E-001,-9.093197584152222E-001,2.673493921756744E-001,
3.191633333333334E+009,7.363341748714447E-002,2.469366937875748E-001,-8.963266015052795E-001,2.788033485412598E-001,7.363341748714447E-002,2.469366937875748E-001,-8.963266015052795E-001,2.788033485412598E-001,
3.200000000000000E+009,1.250584125518799E-001,2.328336387872696E-001,-8.957728743553162E-001,2.886386811733246E-001,1.250584125518799E-001,2.328336387872696E-001,-8.957728743553162E-001,2.886386811733246E-001,
