% Version 1.00
%
%freq[Hz],re:Trc1_S11,im:Trc1_S11,re:Trc2_S21,im:Trc2_S21,re:Trc3_S11,im:Trc3_S11,re:Trc4_S21,im:Trc4_S21,
6.900000000000000E+008,-6.840848922729492E-002,2.134438790380955E-002,-4.594455063343048E-001,-8.676825761795044E-001,-6.840848922729492E-002,2.134438790380955E-002,-4.594455063343048E-001,-8.676825761795044E-001,
6.983666666666666E+008,-6.041387841105461E-002,2.270793356001377E-002,-4.789699316024780E-001,-8.503096699714661E-001,-6.041387841105461E-002,2.270793356001377E-002,-4.789699316024780E-001,-8.503096699714661E-001,
7.067333333333334E+008,-5.372217297554016E-002,2.121065557003021E-002,-5.095225572586060E-001,-8.273620605468750E-001,-5.372217297554016E-002,2.121065557003021E-002,-5.095225572586060E-001,-8.273620605468750E-001,
7.151000000000000E+008,-5.295511707663536E-002,1.341235544532538E-002,-5.177628397941589E-001,-8.193413019180298E-001,-5.295511707663536E-002,1.341235544532538E-002,-5.177628397941589E-001,-8.193413019180298E-001,
7.234666666666666E+008,-5.232641473412514E-002,8.890896104276180E-003,-5.589157342910767E-001,-8.081240057945252E-001,-5.232641473412514E-002,8.890896104276180E-003,-5.589157342910767E-001,-8.081240057945252E-001,
7.318333333333334E+008,-5.881647765636444E-002,5.723011679947376E-003,-5.628437995910645E-001,-8.046790957450867E-001,-5.881647765636444E-002,5.723011679947376E-003,-5.628437995910645E-001,-8.046790957450867E-001,
7.402000000000000E+008,-6.567709892988205E-002,7.825250737369061E-003,-5.961818695068359E-001,-7.803726792335510E-001,-6.567709892988205E-002,7.825250737369061E-003,-5.961818695068359E-001,-7.803726792335510E-001,
7.485666666666666E+008,-7.023722678422928E-002,1.318280491977930E-002,-6.198031902313232E-001,-7.441682219505310E-001,-7.023722678422928E-002,1.318280491977930E-002,-6.198031902313232E-001,-7.441682219505310E-001,
7.569333333333334E+008,-7.046590000391007E-002,2.247776277363300E-002,-6.367332935333252E-001,-7.484492063522339E-001,-7.046590000391007E-002,2.247776277363300E-002,-6.367332935333252E-001,-7.484492063522339E-001,
7.653000000000000E+008,-6.673635542392731E-002,3.177536278963089E-002,-6.427795886993408E-001,-7.389791011810303E-001,-6.673635542392731E-002,3.177536278963089E-002,-6.427795886993408E-001,-7.389791011810303E-001,
7.736666666666666E+008,-5.846372991800308E-002,4.080754145979881E-002,-6.690512299537659E-001,-7.330641746520996E-001,-5.846372991800308E-002,4.080754145979881E-002,-6.690512299537659E-001,-7.330641746520996E-001,
7.820333333333334E+008,-5.141184851527214E-002,4.528129473328590E-002,-6.931967139244080E-001,-7.107642889022827E-001,-5.141184851527214E-002,4.528129473328590E-002,-6.931967139244080E-001,-7.107642889022827E-001,
7.904000000000000E+008,-4.083001241087914E-002,4.438954964280129E-002,-7.084607481956482E-001,-6.879293322563171E-001,-4.083001241087914E-002,4.438954964280129E-002,-7.084607481956482E-001,-6.879293322563171E-001,
7.987666666666666E+008,-3.258491680026054E-002,4.082576930522919E-002,-7.237314581871033E-001,-6.679056882858276E-001,-3.258491680026054E-002,4.082576930522919E-002,-7.237314581871033E-001,-6.679056882858276E-001,
8.071333333333334E+008,-3.170930221676827E-002,3.689798340201378E-002,-7.362177371978760E-001,-6.552612781524658E-001,-3.170930221676827E-002,3.689798340201378E-002,-7.362177371978760E-001,-6.552612781524658E-001,
8.155000000000000E+008,-3.437508270144463E-002,3.010643087327480E-002,-7.488984465599060E-001,-6.094641685485840E-001,-3.437508270144463E-002,3.010643087327480E-002,-7.488984465599060E-001,-6.094641685485840E-001,
8.238666666666666E+008,-3.823217004537582E-002,2.712334506213665E-002,-7.800769209861755E-001,-6.145188808441162E-001,-3.823217004537582E-002,2.712334506213665E-002,-7.800769209861755E-001,-6.145188808441162E-001,
8.322333333333334E+008,-4.592896997928619E-002,2.899563871324062E-002,-7.934012413024902E-001,-5.877829790115356E-001,-4.592896997928619E-002,2.899563871324062E-002,-7.934012413024902E-001,-5.877829790115356E-001,
8.406000000000000E+008,-4.982600733637810E-002,3.243250399827957E-002,-8.067589402198792E-001,-5.717804431915283E-001,-4.982600733637810E-002,3.243250399827957E-002,-8.067589402198792E-001,-5.717804431915283E-001,
8.489666666666668E+008,-4.985131323337555E-002,3.940260782837868E-002,-8.273122906684876E-001,-5.470663905143738E-001,-4.985131323337555E-002,3.940260782837868E-002,-8.273122906684876E-001,-5.470663905143738E-001,
8.573333333333334E+008,-4.667325690388680E-002,4.679345712065697E-002,-8.350124955177307E-001,-5.291362404823303E-001,-4.667325690388680E-002,4.679345712065697E-002,-8.350124955177307E-001,-5.291362404823303E-001,
8.657000000000000E+008,-3.963432461023331E-002,5.545851215720177E-002,-8.524131178855896E-001,-5.020455718040466E-001,-3.963432461023331E-002,5.545851215720177E-002,-8.524131178855896E-001,-5.020455718040466E-001,
8.740666666666668E+008,-3.078762069344521E-002,6.066016480326653E-002,-8.455595970153809E-001,-4.819693863391876E-001,-3.078762069344521E-002,6.066016480326653E-002,-8.455595970153809E-001,-4.819693863391876E-001,
8.824333333333334E+008,-2.080299891531467E-002,5.945495143532753E-002,-8.805427551269531E-001,-4.509180784225464E-001,-2.080299891531467E-002,5.945495143532753E-002,-8.805427551269531E-001,-4.509180784225464E-001,
8.908000000000000E+008,-1.253128517419100E-002,5.986657738685608E-002,-8.917100429534912E-001,-4.473663866519928E-001,-1.253128517419100E-002,5.986657738685608E-002,-8.917100429534912E-001,-4.473663866519928E-001,
8.991666666666668E+008,-8.697294630110264E-003,5.326742678880692E-002,-9.047298431396484E-001,-4.204340577125549E-001,-8.697294630110264E-003,5.326742678880692E-002,-9.047298431396484E-001,-4.204340577125549E-001,
9.075333333333334E+008,-7.157562300562859E-003,4.859716445207596E-002,-8.942523002624512E-001,-3.928045928478241E-001,-7.157562300562859E-003,4.859716445207596E-002,-8.942523002624512E-001,-3.928045928478241E-001,
9.159000000000000E+008,-9.155889041721821E-003,4.339534416794777E-002,-9.116554856300354E-001,-3.810198605060577E-001,-9.155889041721821E-003,4.339534416794777E-002,-9.116554856300354E-001,-3.810198605060577E-001,
9.242666666666668E+008,-1.347522996366024E-002,3.870788216590881E-002,-9.220667481422424E-001,-3.573461174964905E-001,-1.347522996366024E-002,3.870788216590881E-002,-9.220667481422424E-001,-3.573461174964905E-001,
9.326333333333334E+008,-1.747984625399113E-002,4.008608311414719E-002,-9.280686974525452E-001,-3.244968652725220E-001,-1.747984625399113E-002,4.008608311414719E-002,-9.280686974525452E-001,-3.244968652725220E-001,
9.410000000000000E+008,-2.242228016257286E-002,4.562694206833839E-002,-9.358560442924500E-001,-2.955677509307861E-001,-2.242228016257286E-002,4.562694206833839E-002,-9.358560442924500E-001,-2.955677509307861E-001,
9.493666666666668E+008,-2.303081937134266E-002,5.211142450571060E-002,-9.414226412773132E-001,-2.859523892402649E-001,-2.303081937134266E-002,5.211142450571060E-002,-9.414226412773132E-001,-2.859523892402649E-001,
9.577333333333334E+008,-1.822879351675510E-002,6.003803759813309E-002,-9.693483710289002E-001,-2.442387789487839E-001,-1.822879351675510E-002,6.003803759813309E-002,-9.693483710289002E-001,-2.442387789487839E-001,
9.661000000000000E+008,-1.011586654931307E-002,6.631448119878769E-002,-9.546576142311096E-001,-2.275415062904358E-001,-1.011586654931307E-002,6.631448119878769E-002,-9.546576142311096E-001,-2.275415062904358E-001,
9.744666666666668E+008,-2.490810875315219E-004,7.055150717496872E-002,-9.640514850616455E-001,-1.974109709262848E-001,-2.490810875315219E-004,7.055150717496872E-002,-9.640514850616455E-001,-1.974109709262848E-001,
9.828333333333334E+008,1.393087487667799E-002,6.831872463226318E-002,-9.638719558715820E-001,-1.714982539415360E-001,1.393087487667799E-002,6.831872463226318E-002,-9.638719558715820E-001,-1.714982539415360E-001,
9.912000000000000E+008,2.462064661085606E-002,6.517569720745087E-002,-9.743217229843140E-001,-1.609286665916443E-001,2.462064661085606E-002,6.517569720745087E-002,-9.743217229843140E-001,-1.609286665916443E-001,
9.995666666666668E+008,2.988322637975216E-002,5.584432557225227E-002,-9.783373475074768E-001,-1.257270127534866E-001,2.988322637975216E-002,5.584432557225227E-002,-9.783373475074768E-001,-1.257270127534866E-001,
1.007933333333333E+009,3.122665919363499E-002,4.700795188546181E-002,-9.847015738487244E-001,-1.083067208528519E-001,3.122665919363499E-002,4.700795188546181E-002,-9.847015738487244E-001,-1.083067208528519E-001,
1.016300000000000E+009,2.554199285805225E-002,3.749302029609680E-002,-9.877725839614868E-001,-7.778084278106690E-002,2.554199285805225E-002,3.749302029609680E-002,-9.877725839614868E-001,-7.778084278106690E-002,
1.024666666666667E+009,1.784338615834713E-002,3.572453185915947E-002,-9.885874390602112E-001,-5.835781618952751E-002,1.784338615834713E-002,3.572453185915947E-002,-9.885874390602112E-001,-5.835781618952751E-002,
1.033033333333333E+009,1.087655033916235E-002,3.560508042573929E-002,-9.680655598640442E-001,-2.067430503666401E-002,1.087655033916235E-002,3.560508042573929E-002,-9.680655598640442E-001,-2.067430503666401E-002,
1.041400000000000E+009,6.537876557558775E-003,4.054528847336769E-002,-9.774435162544251E-001,2.359162754146382E-004,6.537876557558775E-003,4.054528847336769E-002,-9.774435162544251E-001,2.359162754146382E-004,
1.049766666666667E+009,5.829730071127415E-003,4.808715358376503E-002,-9.859749078750610E-001,2.409979701042175E-002,5.829730071127415E-003,4.808715358376503E-002,-9.859749078750610E-001,2.409979701042175E-002,
1.058133333333333E+009,1.344331633299589E-002,5.643091723322868E-002,-9.811359643936157E-001,4.925770685076714E-002,1.344331633299589E-002,5.643091723322868E-002,-9.811359643936157E-001,4.925770685076714E-002,
1.066500000000000E+009,2.639082632958889E-002,6.063161790370941E-002,-9.673781394958496E-001,7.801503688097000E-002,2.639082632958889E-002,6.063161790370941E-002,-9.673781394958496E-001,7.801503688097000E-002,
1.074866666666667E+009,3.856739774346352E-002,5.671862140297890E-002,-9.778800606727600E-001,1.071363016963005E-001,3.856739774346352E-002,5.671862140297890E-002,-9.778800606727600E-001,1.071363016963005E-001,
1.083233333333334E+009,5.186054855585098E-002,5.215043947100639E-002,-9.732094407081604E-001,1.234211921691895E-001,5.186054855585098E-002,5.215043947100639E-002,-9.732094407081604E-001,1.234211921691895E-001,
1.091600000000000E+009,5.741104856133461E-002,3.939204290509224E-002,-9.673660993576050E-001,1.584523469209671E-001,5.741104856133461E-002,3.939204290509224E-002,-9.673660993576050E-001,1.584523469209671E-001,
1.099966666666667E+009,5.972740426659584E-002,2.588042803108692E-002,-9.651112556457520E-001,1.747002303600311E-001,5.972740426659584E-002,2.588042803108692E-002,-9.651112556457520E-001,1.747002303600311E-001,
1.108333333333334E+009,5.235308036208153E-002,1.452516578137875E-002,-9.767021536827087E-001,1.969083845615387E-001,5.235308036208153E-002,1.452516578137875E-002,-9.767021536827087E-001,1.969083845615387E-001,
1.116700000000000E+009,4.021516069769859E-002,1.309254392981529E-002,-9.623717665672302E-001,2.307797670364380E-001,4.021516069769859E-002,1.309254392981529E-002,-9.623717665672302E-001,2.307797670364380E-001,
1.125066666666667E+009,2.787223830819130E-002,1.284866780042648E-002,-9.477009773254395E-001,2.521699070930481E-001,2.787223830819130E-002,1.284866780042648E-002,-9.477009773254395E-001,2.521699070930481E-001,
1.133433333333334E+009,1.675479114055634E-002,2.364771254360676E-002,-9.440868496894836E-001,2.697086632251740E-001,1.675479114055634E-002,2.364771254360676E-002,-9.440868496894836E-001,2.697086632251740E-001,
1.141800000000000E+009,1.636654511094093E-002,3.563851118087769E-002,-9.336509704589844E-001,2.962315678596497E-001,1.636654511094093E-002,3.563851118087769E-002,-9.336509704589844E-001,2.962315678596497E-001,
1.150166666666667E+009,2.201845496892929E-002,4.768855497241020E-002,-9.288672208786011E-001,3.274627923965454E-001,2.201845496892929E-002,4.768855497241020E-002,-9.288672208786011E-001,3.274627923965454E-001,
1.158533333333334E+009,3.923221677541733E-002,5.406508967280388E-002,-9.190189838409424E-001,3.509687781333923E-001,3.923221677541733E-002,5.406508967280388E-002,-9.190189838409424E-001,3.509687781333923E-001,
1.166900000000000E+009,5.823079869151115E-002,5.255586653947830E-002,-9.113582372665405E-001,3.778521418571472E-001,5.823079869151115E-002,5.255586653947830E-002,-9.113582372665405E-001,3.778521418571472E-001,
1.175266666666667E+009,7.456936687231064E-002,4.211551323533058E-002,-8.928843140602112E-001,3.925127685070038E-001,7.456936687231064E-002,4.211551323533058E-002,-8.928843140602112E-001,3.925127685070038E-001,
1.183633333333334E+009,8.782858401536942E-002,2.605703100562096E-002,-8.872143030166626E-001,4.186556339263916E-001,8.782858401536942E-002,2.605703100562096E-002,-8.872143030166626E-001,4.186556339263916E-001,
1.192000000000000E+009,8.991795778274536E-002,7.142001297324896E-003,-8.806442618370056E-001,4.447565972805023E-001,8.991795778274536E-002,7.142001297324896E-003,-8.806442618370056E-001,4.447565972805023E-001,
1.200366666666667E+009,8.077803999185562E-002,-1.130688935518265E-002,-8.681589961051941E-001,4.631862342357636E-001,8.077803999185562E-002,-1.130688935518265E-002,-8.681589961051941E-001,4.631862342357636E-001,
1.208733333333334E+009,6.336472183465958E-002,-2.167168632149696E-002,-8.619135618209839E-001,4.926406741142273E-001,6.336472183465958E-002,-2.167168632149696E-002,-8.619135618209839E-001,4.926406741142273E-001,
1.217100000000000E+009,4.473935812711716E-002,-2.096825838088989E-002,-8.329536914825440E-001,5.050025582313538E-001,4.473935812711716E-002,-2.096825838088989E-002,-8.329536914825440E-001,5.050025582313538E-001,
1.225466666666667E+009,3.212239220738411E-002,-1.147757191210985E-002,-8.357986807823181E-001,5.316625833511353E-001,3.212239220738411E-002,-1.147757191210985E-002,-8.357986807823181E-001,5.316625833511353E-001,
1.233833333333334E+009,2.892597578465939E-002,2.727568382397294E-003,-8.167523741722107E-001,5.533558726310730E-001,2.892597578465939E-002,2.727568382397294E-003,-8.167523741722107E-001,5.533558726310730E-001,
1.242200000000000E+009,3.350768238306046E-002,1.672399975359440E-002,-7.891517877578735E-001,5.708544850349426E-001,3.350768238306046E-002,1.672399975359440E-002,-7.891517877578735E-001,5.708544850349426E-001,
1.250566666666667E+009,4.706419631838799E-002,2.601709216833115E-002,-7.928874492645264E-001,6.003878116607666E-001,4.706419631838799E-002,2.601709216833115E-002,-7.928874492645264E-001,6.003878116607666E-001,
1.258933333333334E+009,6.700040400028229E-002,2.539704740047455E-002,-7.736572623252869E-001,6.122717261314392E-001,6.700040400028229E-002,2.539704740047455E-002,-7.736572623252869E-001,6.122717261314392E-001,
1.267300000000000E+009,8.403937518596649E-002,1.232654973864555E-002,-7.482790946960449E-001,6.304449439048767E-001,8.403937518596649E-002,1.232654973864555E-002,-7.482790946960449E-001,6.304449439048767E-001,
1.275666666666667E+009,9.451878815889359E-002,-6.413192022591829E-003,-7.437424063682556E-001,6.367886662483215E-001,9.451878815889359E-002,-6.413192022591829E-003,-7.437424063682556E-001,6.367886662483215E-001,
1.284033333333334E+009,9.613375365734100E-002,-2.995700202882290E-002,-7.141434550285339E-001,6.890817880630493E-001,9.613375365734100E-002,-2.995700202882290E-002,-7.141434550285339E-001,6.890817880630493E-001,
1.292400000000000E+009,8.353311568498612E-002,-4.954287037253380E-002,-7.077206373214722E-001,6.846128106117249E-001,8.353311568498612E-002,-4.954287037253380E-002,-7.077206373214722E-001,6.846128106117249E-001,
1.300766666666667E+009,6.537020206451416E-002,-5.888007953763008E-002,-6.922908425331116E-001,7.026710510253906E-001,6.537020206451416E-002,-5.888007953763008E-002,-6.922908425331116E-001,7.026710510253906E-001,
1.309133333333334E+009,4.438836127519608E-002,-5.764329805970192E-002,-6.768500804901123E-001,7.288205027580261E-001,4.438836127519608E-002,-5.764329805970192E-002,-6.768500804901123E-001,7.288205027580261E-001,
1.317500000000000E+009,2.849681675434113E-002,-4.683965072035790E-002,-6.478358507156372E-001,7.536528706550598E-001,2.849681675434113E-002,-4.683965072035790E-002,-6.478358507156372E-001,7.536528706550598E-001,
1.325866666666667E+009,2.163828723132610E-002,-3.148590028285980E-002,-6.299003362655640E-001,7.554562687873840E-001,2.163828723132610E-002,-3.148590028285980E-002,-6.299003362655640E-001,7.554562687873840E-001,
1.334233333333334E+009,2.664128877222538E-002,-1.352364104241133E-002,-6.105549931526184E-001,7.696583271026611E-001,2.664128877222538E-002,-1.352364104241133E-002,-6.105549931526184E-001,7.696583271026611E-001,
1.342600000000000E+009,4.154076054692268E-002,-7.890538312494755E-003,-5.970906615257263E-001,7.894262075424194E-001,4.154076054692268E-002,-7.890538312494755E-003,-5.970906615257263E-001,7.894262075424194E-001,
1.350966666666667E+009,5.841040983796120E-002,-9.445575065910816E-003,-5.661021471023560E-001,8.097938299179077E-001,5.841040983796120E-002,-9.445575065910816E-003,-5.661021471023560E-001,8.097938299179077E-001,
1.359333333333334E+009,7.265552878379822E-002,-2.309806086122990E-002,-5.479596853256226E-001,8.185073137283325E-001,7.265552878379822E-002,-2.309806086122990E-002,-5.479596853256226E-001,8.185073137283325E-001,
1.367700000000000E+009,7.855103909969330E-002,-4.495334252715111E-002,-5.297743082046509E-001,8.295223116874695E-001,7.855103909969330E-002,-4.495334252715111E-002,-5.297743082046509E-001,8.295223116874695E-001,
1.376066666666667E+009,7.203239947557449E-002,-6.919594109058380E-002,-5.038428902626038E-001,8.402529358863831E-001,7.203239947557449E-002,-6.919594109058380E-002,-5.038428902626038E-001,8.402529358863831E-001,
1.384433333333334E+009,5.552985891699791E-002,-8.404415100812912E-002,-4.952661693096161E-001,8.517454266548157E-001,5.552985891699791E-002,-8.404415100812912E-002,-4.952661693096161E-001,8.517454266548157E-001,
1.392800000000000E+009,3.104493394494057E-002,-8.845248818397522E-002,-4.715630114078522E-001,8.560522794723511E-001,3.104493394494057E-002,-8.845248818397522E-002,-4.715630114078522E-001,8.560522794723511E-001,
1.401166666666667E+009,1.209782529622316E-002,-8.215934038162231E-002,-4.415352046489716E-001,8.843641281127930E-001,1.209782529622316E-002,-8.215934038162231E-002,-4.415352046489716E-001,8.843641281127930E-001,
1.409533333333334E+009,-1.520747086033225E-003,-6.278277188539505E-002,-4.207559823989868E-001,8.945072889328003E-001,-1.520747086033225E-003,-6.278277188539505E-002,-4.207559823989868E-001,8.945072889328003E-001,
1.417900000000000E+009,-5.265245679765940E-003,-4.270870983600617E-002,-3.813734352588654E-001,8.910713791847229E-001,-5.265245679765940E-003,-4.270870983600617E-002,-3.813734352588654E-001,8.910713791847229E-001,
1.426266666666667E+009,2.697091316804290E-003,-2.367512695491314E-002,-3.788719773292542E-001,9.215771555900574E-001,2.697091316804290E-003,-2.367512695491314E-002,-3.788719773292542E-001,9.215771555900574E-001,
1.434633333333334E+009,1.977998204529285E-002,-1.605935953557491E-002,-3.480157256126404E-001,9.176629185676575E-001,1.977998204529285E-002,-1.605935953557491E-002,-3.480157256126404E-001,9.176629185676575E-001,
1.443000000000000E+009,4.078379273414612E-002,-1.840369217097759E-002,-3.203829526901245E-001,9.305403828620911E-001,4.078379273414612E-002,-1.840369217097759E-002,-3.203829526901245E-001,9.305403828620911E-001,
1.451366666666667E+009,5.473557114601135E-002,-3.477536514401436E-002,-3.001823127269745E-001,9.362741708755493E-001,5.473557114601135E-002,-3.477536514401436E-002,-3.001823127269745E-001,9.362741708755493E-001,
1.459733333333334E+009,5.799991264939308E-002,-5.639160796999931E-002,-2.816355526447296E-001,9.381350278854370E-001,5.799991264939308E-002,-5.639160796999931E-002,-2.816355526447296E-001,9.381350278854370E-001,
1.468100000000000E+009,5.050447955727577E-002,-7.865320146083832E-002,-2.465811520814896E-001,9.482004642486572E-001,5.050447955727577E-002,-7.865320146083832E-002,-2.465811520814896E-001,9.482004642486572E-001,
1.476466666666667E+009,3.255000337958336E-002,-9.344309568405151E-002,-2.290578931570053E-001,9.608114361763001E-001,3.255000337958336E-002,-9.344309568405151E-002,-2.290578931570053E-001,9.608114361763001E-001,
1.484833333333334E+009,8.843301795423031E-003,-9.723077714443207E-002,-1.968937814235687E-001,9.637291431427002E-001,8.843301795423031E-003,-9.723077714443207E-002,-1.968937814235687E-001,9.637291431427002E-001,
1.493200000000000E+009,-1.034580264240503E-002,-8.883921802043915E-002,-1.798846572637558E-001,9.627038836479187E-001,-1.034580264240503E-002,-8.883921802043915E-002,-1.798846572637558E-001,9.627038836479187E-001,
1.501566666666667E+009,-2.284146472811699E-002,-7.046771794557571E-002,-1.519563049077988E-001,9.678066968917847E-001,-2.284146472811699E-002,-7.046771794557571E-002,-1.519563049077988E-001,9.678066968917847E-001,
1.509933333333334E+009,-2.506296150386334E-002,-4.834293201565743E-002,-1.359606832265854E-001,9.746320843696594E-001,-2.506296150386334E-002,-4.834293201565743E-002,-1.359606832265854E-001,9.746320843696594E-001,
1.518300000000000E+009,-1.211043540388346E-002,-3.102967515587807E-002,-1.088358610868454E-001,9.845896363258362E-001,-1.211043540388346E-002,-3.102967515587807E-002,-1.088358610868454E-001,9.845896363258362E-001,
1.526666666666667E+009,5.655332934111357E-003,-2.280888147652149E-002,-7.716268301010132E-002,9.807879924774170E-001,5.655332934111357E-003,-2.280888147652149E-002,-7.716268301010132E-002,9.807879924774170E-001,
1.535033333333334E+009,2.431001700460911E-002,-2.611892111599445E-002,-5.378633737564087E-002,9.912440776824951E-001,2.431001700460911E-002,-2.611892111599445E-002,-5.378633737564087E-002,9.912440776824951E-001,
1.543400000000000E+009,3.672166168689728E-002,-4.139726236462593E-002,-3.134144097566605E-002,9.850535392761231E-001,3.672166168689728E-002,-4.139726236462593E-002,-3.134144097566605E-002,9.850535392761231E-001,
1.551766666666667E+009,3.674665093421936E-002,-6.349539756774902E-002,-6.149879656732082E-003,9.794006943702698E-001,3.674665093421936E-002,-6.349539756774902E-002,-6.149879656732082E-003,9.794006943702698E-001,
1.560133333333334E+009,2.829647064208984E-002,-8.349446952342987E-002,1.626462675631046E-002,9.840436577796936E-001,2.829647064208984E-002,-8.349446952342987E-002,1.626462675631046E-002,9.840436577796936E-001,
1.568500000000000E+009,1.081308908760548E-002,-9.693950414657593E-002,3.312625363469124E-002,9.844418168067932E-001,1.081308908760548E-002,-9.693950414657593E-002,3.312625363469124E-002,9.844418168067932E-001,
1.576866666666667E+009,-1.164541766047478E-002,-9.722208976745606E-002,7.439514249563217E-002,9.757271409034729E-001,-1.164541766047478E-002,-9.722208976745606E-002,7.439514249563217E-002,9.757271409034729E-001,
1.585233333333334E+009,-2.795386686921120E-002,-8.889594674110413E-002,8.840590715408325E-002,9.740582108497620E-001,-2.795386686921120E-002,-8.889594674110413E-002,8.840590715408325E-002,9.740582108497620E-001,
1.593600000000000E+009,-3.794972226023674E-002,-7.337652891874313E-002,1.144316941499710E-001,9.710602164268494E-001,-3.794972226023674E-002,-7.337652891874313E-002,1.144316941499710E-001,9.710602164268494E-001,
1.601966666666667E+009,-3.818594664335251E-002,-5.376642569899559E-002,1.362066864967346E-001,9.712344408035278E-001,-3.818594664335251E-002,-5.376642569899559E-002,1.362066864967346E-001,9.712344408035278E-001,
1.610333333333334E+009,-2.836734801530838E-002,-3.994985297322273E-002,1.673642396926880E-001,9.667376279830933E-001,-2.836734801530838E-002,-3.994985297322273E-002,1.673642396926880E-001,9.667376279830933E-001,
1.618700000000000E+009,-1.226954907178879E-002,-3.525372594594955E-002,1.944815218448639E-001,9.651418328285217E-001,-1.226954907178879E-002,-3.525372594594955E-002,1.944815218448639E-001,9.651418328285217E-001,
1.627066666666667E+009,1.697691041044891E-003,-4.008023440837860E-002,2.156872302293778E-001,9.569578766822815E-001,1.697691041044891E-003,-4.008023440837860E-002,2.156872302293778E-001,9.569578766822815E-001,
1.635433333333334E+009,9.077816270291805E-003,-5.147143080830574E-002,2.443856149911881E-001,9.602082371711731E-001,9.077816270291805E-003,-5.147143080830574E-002,2.443856149911881E-001,9.602082371711731E-001,
1.643800000000000E+009,8.289091289043427E-003,-6.893295794725418E-002,2.606563568115234E-001,9.470754265785217E-001,8.289091289043427E-003,-6.893295794725418E-002,2.606563568115234E-001,9.470754265785217E-001,
1.652166666666667E+009,-3.458438673987985E-003,-8.318864554166794E-002,2.963043451309204E-001,9.366932511329651E-001,-3.458438673987985E-003,-8.318864554166794E-002,2.963043451309204E-001,9.366932511329651E-001,
1.660533333333334E+009,-1.987336575984955E-002,-8.993600308895111E-002,3.133076131343842E-001,9.298949837684631E-001,-1.987336575984955E-002,-8.993600308895111E-002,3.133076131343842E-001,9.298949837684631E-001,
1.668900000000000E+009,-3.851130232214928E-002,-8.748401701450348E-002,3.326930403709412E-001,9.182385206222534E-001,-3.851130232214928E-002,-8.748401701450348E-002,3.326930403709412E-001,9.182385206222534E-001,
1.677266666666667E+009,-5.319530889391899E-002,-7.728903740644455E-002,3.710502684116364E-001,9.098399281501770E-001,-5.319530889391899E-002,-7.728903740644455E-002,3.710502684116364E-001,9.098399281501770E-001,
1.685633333333334E+009,-5.833337083458901E-002,-6.132609024643898E-002,3.850765824317932E-001,9.034689068794251E-001,-5.833337083458901E-002,-6.132609024643898E-002,3.850765824317932E-001,9.034689068794251E-001,
1.694000000000000E+009,-5.677689611911774E-002,-4.696490615606308E-002,4.001830220222473E-001,8.933115005493164E-001,-5.677689611911774E-002,-4.696490615606308E-002,4.001830220222473E-001,8.933115005493164E-001,
1.702366666666667E+009,-4.662408307194710E-002,-3.295315802097321E-002,4.270809888839722E-001,8.849931955337524E-001,-4.662408307194710E-002,-3.295315802097321E-002,4.270809888839722E-001,8.849931955337524E-001,
1.710733333333334E+009,-3.136503696441650E-002,-2.896323055028915E-002,4.461520314216614E-001,8.712906241416931E-001,-3.136503696441650E-002,-2.896323055028915E-002,4.461520314216614E-001,8.712906241416931E-001,
1.719100000000000E+009,-1.764773018658161E-002,-3.376300260424614E-002,4.757847785949707E-001,8.569966554641724E-001,-1.764773018658161E-002,-3.376300260424614E-002,4.757847785949707E-001,8.569966554641724E-001,
1.727466666666667E+009,-9.191013872623444E-003,-4.513292014598846E-002,4.959058463573456E-001,8.491563796997070E-001,-9.191013872623444E-003,-4.513292014598846E-002,4.959058463573456E-001,8.491563796997070E-001,
1.735833333333334E+009,-9.179253131151199E-003,-6.007449701428413E-002,5.113841295242310E-001,8.346423506736755E-001,-9.179253131151199E-003,-6.007449701428413E-002,5.113841295242310E-001,8.346423506736755E-001,
1.744200000000000E+009,-1.827264763414860E-002,-7.606335729360580E-002,5.427553653717041E-001,8.108707666397095E-001,-1.827264763414860E-002,-7.606335729360580E-002,5.427553653717041E-001,8.108707666397095E-001,
1.752566666666667E+009,-3.314289078116417E-002,-8.485507965087891E-002,5.697155594825745E-001,8.027425408363342E-001,-3.314289078116417E-002,-8.485507965087891E-002,5.697155594825745E-001,8.027425408363342E-001,
1.760933333333334E+009,-5.076214298605919E-002,-8.758641779422760E-002,5.787568092346191E-001,7.897127866744995E-001,-5.076214298605919E-002,-8.758641779422760E-002,5.787568092346191E-001,7.897127866744995E-001,
1.769300000000000E+009,-6.733290106058121E-002,-8.162597566843033E-002,6.023261547088623E-001,7.784416675567627E-001,-6.733290106058121E-002,-8.162597566843033E-002,6.023261547088623E-001,7.784416675567627E-001,
1.777666666666667E+009,-7.748937606811523E-002,-6.906834244728088E-002,6.138074994087219E-001,7.707410454750061E-001,-7.748937606811523E-002,-6.906834244728088E-002,6.138074994087219E-001,7.707410454750061E-001,
1.786033333333334E+009,-8.108893781900406E-002,-5.651709064841270E-002,6.283821463584900E-001,7.420074343681335E-001,-8.108893781900406E-002,-5.651709064841270E-002,6.283821463584900E-001,7.420074343681335E-001,
1.794400000000000E+009,-7.665102183818817E-002,-4.137211665511131E-002,6.512022018432617E-001,7.290112972259522E-001,-7.665102183818817E-002,-4.137211665511131E-002,6.512022018432617E-001,7.290112972259522E-001,
1.802766666666667E+009,-7.061352580785751E-002,-3.222674131393433E-002,6.704539656639099E-001,7.109911441802979E-001,-7.061352580785751E-002,-3.222674131393433E-002,6.704539656639099E-001,7.109911441802979E-001,
1.811133333333334E+009,-6.011641025543213E-002,-2.895701862871647E-002,6.970770359039307E-001,6.937066912651062E-001,-6.011641025543213E-002,-2.895701862871647E-002,6.970770359039307E-001,6.937066912651062E-001,
1.819500000000000E+009,-5.276668071746826E-002,-3.001177683472633E-002,7.105702757835388E-001,6.692351102828980E-001,-5.276668071746826E-002,-3.001177683472633E-002,7.105702757835388E-001,6.692351102828980E-001,
1.827866666666667E+009,-4.739011451601982E-002,-3.625756502151489E-002,7.318851947784424E-001,6.570103764533997E-001,-4.739011451601982E-002,-3.625756502151489E-002,7.318851947784424E-001,6.570103764533997E-001,
1.836233333333334E+009,-5.012736469507217E-002,-4.397276043891907E-002,7.450655698776245E-001,6.400613784790039E-001,-5.012736469507217E-002,-4.397276043891907E-002,7.450655698776245E-001,6.400613784790039E-001,
1.844600000000000E+009,-5.810628831386566E-002,-4.970588162541390E-002,7.619853615760803E-001,6.312513947486877E-001,-5.810628831386566E-002,-4.970588162541390E-002,7.619853615760803E-001,6.312513947486877E-001,
1.852966666666667E+009,-6.751106679439545E-002,-5.272525548934937E-002,7.710608839988709E-001,5.973466634750366E-001,-6.751106679439545E-002,-5.272525548934937E-002,7.710608839988709E-001,5.973466634750366E-001,
1.861333333333334E+009,-7.781077176332474E-002,-5.114330723881722E-002,7.923650145530701E-001,5.782130360603333E-001,-7.781077176332474E-002,-5.114330723881722E-002,7.923650145530701E-001,5.782130360603333E-001,
1.869700000000000E+009,-8.596695959568024E-002,-4.309568181633949E-002,8.059424161911011E-001,5.598939657211304E-001,-8.596695959568024E-002,-4.309568181633949E-002,8.059424161911011E-001,5.598939657211304E-001,
1.878066666666667E+009,-9.017810225486755E-002,-3.359521552920342E-002,8.181386590003967E-001,5.452864766120911E-001,-9.017810225486755E-002,-3.359521552920342E-002,8.181386590003967E-001,5.452864766120911E-001,
1.886433333333334E+009,-8.957999944686890E-002,-2.312598563730717E-002,8.374224305152893E-001,5.207402706146240E-001,-8.957999944686890E-002,-2.312598563730717E-002,8.374224305152893E-001,5.207402706146240E-001,
1.894800000000000E+009,-8.175545930862427E-002,-1.429765578359366E-002,8.497294187545776E-001,5.018473267555237E-001,-8.175545930862427E-002,-1.429765578359366E-002,8.497294187545776E-001,5.018473267555237E-001,
1.903166666666667E+009,-7.311346381902695E-002,-8.033343590795994E-003,8.621724247932434E-001,4.746777713298798E-001,-7.311346381902695E-002,-8.033343590795994E-003,8.621724247932434E-001,4.746777713298798E-001,
1.911533333333334E+009,-6.378202140331268E-002,-9.295621886849403E-003,8.717040419578552E-001,4.466716945171356E-001,-6.378202140331268E-002,-9.295621886849403E-003,8.717040419578552E-001,4.466716945171356E-001,
1.919900000000000E+009,-5.637506768107414E-002,-1.342563237994909E-002,8.885883092880249E-001,4.325110614299774E-001,-5.637506768107414E-002,-1.342563237994909E-002,8.885883092880249E-001,4.325110614299774E-001,
1.928266666666667E+009,-5.375451222062111E-002,-2.147877216339111E-002,8.866046667098999E-001,3.955792784690857E-001,-5.375451222062111E-002,-2.147877216339111E-002,8.866046667098999E-001,3.955792784690857E-001,
1.936633333333334E+009,-5.904631689190865E-002,-3.014954924583435E-002,9.087393879890442E-001,3.856883645057678E-001,-5.904631689190865E-002,-3.014954924583435E-002,9.087393879890442E-001,3.856883645057678E-001,
1.945000000000000E+009,-6.835325807332993E-002,-3.557050228118897E-002,9.187132716178894E-001,3.583298325538635E-001,-6.835325807332993E-002,-3.557050228118897E-002,9.187132716178894E-001,3.583298325538635E-001,
1.953366666666667E+009,-8.033757656812668E-002,-3.734076395630837E-002,9.190225601196289E-001,3.349460363388062E-001,-8.033757656812668E-002,-3.734076395630837E-002,9.190225601196289E-001,3.349460363388062E-001,
1.961733333333334E+009,-9.433831274509430E-002,-3.102691099047661E-002,9.331465363502502E-001,3.120632469654083E-001,-9.433831274509430E-002,-3.102691099047661E-002,9.331465363502502E-001,3.120632469654083E-001,
1.970100000000000E+009,-1.045487821102142E-001,-2.210958302021027E-002,9.319606423377991E-001,2.900502383708954E-001,-1.045487821102142E-001,-2.210958302021027E-002,9.319606423377991E-001,2.900502383708954E-001,
1.978466666666667E+009,-1.085069924592972E-001,-6.629592273384333E-003,9.418835043907166E-001,2.599726021289825E-001,-1.085069924592972E-001,-6.629592273384333E-003,9.418835043907166E-001,2.599726021289825E-001,
1.986833333333334E+009,-1.050954610109329E-001,6.973832845687866E-003,9.458756446838379E-001,2.431633621454239E-001,-1.050954610109329E-001,6.973832845687866E-003,9.458756446838379E-001,2.431633621454239E-001,
1.995200000000000E+009,-9.327151626348496E-002,1.777192391455174E-002,9.485738277435303E-001,2.274530529975891E-001,-9.327151626348496E-002,1.777192391455174E-002,9.485738277435303E-001,2.274530529975891E-001,
2.003566666666667E+009,-7.795304805040360E-002,2.242993749678135E-002,9.574388265609741E-001,1.961989402770996E-001,-7.795304805040360E-002,2.242993749678135E-002,9.574388265609741E-001,1.961989402770996E-001,
2.011933333333334E+009,-6.376338750123978E-002,1.841054484248161E-002,9.710531830787659E-001,1.692102104425430E-001,-6.376338750123978E-002,1.841054484248161E-002,9.710531830787659E-001,1.692102104425430E-001,
2.020300000000000E+009,-5.397810414433479E-002,9.468092583119869E-003,9.736846685409546E-001,1.355606764554977E-001,-5.397810414433479E-002,9.468092583119869E-003,9.736846685409546E-001,1.355606764554977E-001,
2.028666666666667E+009,-5.281870067119598E-002,-2.908226102590561E-003,9.786442518234253E-001,1.189660504460335E-001,-5.281870067119598E-002,-2.908226102590561E-003,9.786442518234253E-001,1.189660504460335E-001,
2.037033333333334E+009,-6.027917191386223E-002,-1.525781396776438E-002,9.828498959541321E-001,9.014111757278442E-002,-6.027917191386223E-002,-1.525781396776438E-002,9.828498959541321E-001,9.014111757278442E-002,
2.045400000000000E+009,-7.463157176971436E-002,-2.136274054646492E-002,9.791212677955627E-001,6.821557134389877E-002,-7.463157176971436E-002,-2.136274054646492E-002,9.791212677955627E-001,6.821557134389877E-002,
2.053766666666667E+009,-9.253873676061630E-002,-1.855243369936943E-002,9.796012043952942E-001,4.161531478166580E-002,-9.253873676061630E-002,-1.855243369936943E-002,9.796012043952942E-001,4.161531478166580E-002,
2.062133333333334E+009,-1.076672971248627E-001,-8.543365634977818E-003,9.814118742942810E-001,1.464438438415527E-002,-1.076672971248627E-001,-8.543365634977818E-003,9.814118742942810E-001,1.464438438415527E-002,
2.070500000000000E+009,-1.136237308382988E-001,9.907302446663380E-003,9.810110926628113E-001,-1.231961697340012E-002,-1.136237308382988E-001,9.907302446663380E-003,9.810110926628113E-001,-1.231961697340012E-002,
2.078866666666667E+009,-1.111458018422127E-001,2.821776829659939E-002,9.773123860359192E-001,-3.010804951190949E-002,-1.111458018422127E-001,2.821776829659939E-002,9.773123860359192E-001,-3.010804951190949E-002,
2.087233333333334E+009,-9.769818186759949E-002,3.919601440429688E-002,9.769145250320435E-001,-6.238879635930061E-002,-9.769818186759949E-002,3.919601440429688E-002,9.769145250320435E-001,-6.238879635930061E-002,
2.095600000000000E+009,-7.991816103458405E-002,4.635510966181755E-002,9.818837642669678E-001,-8.116447180509567E-002,-7.991816103458405E-002,4.635510966181755E-002,9.818837642669678E-001,-8.116447180509567E-002,
2.103966666666667E+009,-6.133679300546646E-002,4.076679423451424E-002,9.833282828330994E-001,-1.072301045060158E-001,-6.133679300546646E-002,4.076679423451424E-002,9.833282828330994E-001,-1.072301045060158E-001,
2.112333333333334E+009,-4.864068701863289E-002,2.688318304717541E-002,9.744806885719299E-001,-1.279929131269455E-001,-4.864068701863289E-002,2.688318304717541E-002,9.744806885719299E-001,-1.279929131269455E-001,
2.120700000000000E+009,-4.601249098777771E-002,6.346487440168858E-003,9.748986959457398E-001,-1.634226143360138E-001,-4.601249098777771E-002,6.346487440168858E-003,9.748986959457398E-001,-1.634226143360138E-001,
2.129066666666667E+009,-5.642472580075264E-002,-7.172782905399799E-003,9.795810580253601E-001,-1.936566382646561E-001,-5.642472580075264E-002,-7.172782905399799E-003,9.795810580253601E-001,-1.936566382646561E-001,
2.137433333333334E+009,-7.672142237424851E-002,-1.515162270516157E-002,9.601652622222900E-001,-2.169131636619568E-001,-7.672142237424851E-002,-1.515162270516157E-002,9.601652622222900E-001,-2.169131636619568E-001,
2.145800000000000E+009,-1.017622947692871E-001,-1.138898637145758E-002,9.549071788787842E-001,-2.405067980289459E-001,-1.017622947692871E-001,-1.138898637145758E-002,9.549071788787842E-001,-2.405067980289459E-001,
2.154166666666667E+009,-1.205381751060486E-001,4.273583181202412E-003,9.441766142845154E-001,-2.598729729652405E-001,-1.205381751060486E-001,4.273583181202412E-003,9.441766142845154E-001,-2.598729729652405E-001,
2.162533333333334E+009,-1.288286596536636E-001,2.956126071512699E-002,9.226844906806946E-001,-2.831275463104248E-001,-1.288286596536636E-001,2.956126071512699E-002,9.226844906806946E-001,-2.831275463104248E-001,
2.170900000000000E+009,-1.263124197721481E-001,5.432048439979553E-002,9.271520376205444E-001,-3.079169094562531E-001,-1.263124197721481E-001,5.432048439979553E-002,9.271520376205444E-001,-3.079169094562531E-001,
2.179266666666667E+009,-1.088514253497124E-001,7.208265364170075E-002,9.177577495574951E-001,-3.205497264862061E-001,-1.088514253497124E-001,7.208265364170075E-002,9.177577495574951E-001,-3.205497264862061E-001,
2.187633333333334E+009,-8.644483983516693E-002,7.948566228151321E-002,9.172884821891785E-001,-3.505980372428894E-001,-8.644483983516693E-002,7.948566228151321E-002,9.172884821891785E-001,-3.505980372428894E-001,
2.196000000000000E+009,-6.176729500293732E-002,7.255067676305771E-002,9.018384218215942E-001,-3.702777326107025E-001,-6.176729500293732E-002,7.255067676305771E-002,9.018384218215942E-001,-3.702777326107025E-001,
2.204366666666667E+009,-4.599917680025101E-002,5.375935882329941E-002,8.971807360649109E-001,-3.944508731365204E-001,-4.599917680025101E-002,5.375935882329941E-002,8.971807360649109E-001,-3.944508731365204E-001,
2.212733333333334E+009,-4.249348863959312E-002,3.000292740762234E-002,8.879401683807373E-001,-4.313021600246429E-001,-4.249348863959312E-002,3.000292740762234E-002,8.879401683807373E-001,-4.313021600246429E-001,
2.221100000000000E+009,-5.326031893491745E-002,1.131857838481665E-002,8.690736293792725E-001,-4.471302926540375E-001,-5.326031893491745E-002,1.131857838481665E-002,8.690736293792725E-001,-4.471302926540375E-001,
2.229466666666667E+009,-7.468017935752869E-002,1.374689280055463E-003,8.589256405830383E-001,-4.644889831542969E-001,-7.468017935752869E-002,1.374689280055463E-003,8.589256405830383E-001,-4.644889831542969E-001,
2.237833333333334E+009,-1.009674593806267E-001,9.353245608508587E-003,8.471475243568420E-001,-4.938541054725647E-001,-1.009674593806267E-001,9.353245608508587E-003,8.471475243568420E-001,-4.938541054725647E-001,
2.246200000000000E+009,-1.220062002539635E-001,2.858636714518070E-002,8.292654156684876E-001,-5.150207877159119E-001,-1.220062002539635E-001,2.858636714518070E-002,8.292654156684876E-001,-5.150207877159119E-001,
2.254566666666667E+009,-1.285810768604279E-001,5.778874456882477E-002,8.165674805641174E-001,-5.300230383872986E-001,-1.285810768604279E-001,5.778874456882477E-002,8.165674805641174E-001,-5.300230383872986E-001,
2.262933333333334E+009,-1.233707889914513E-001,8.461997658014298E-002,8.014263510704041E-001,-5.463802814483643E-001,-1.233707889914513E-001,8.461997658014298E-002,8.014263510704041E-001,-5.463802814483643E-001,
2.271300000000000E+009,-1.048382073640823E-001,1.065105125308037E-001,7.852551937103272E-001,-5.619434714317322E-001,-1.048382073640823E-001,1.065105125308037E-001,7.852551937103272E-001,-5.619434714317322E-001,
2.279666666666667E+009,-7.863456010818481E-002,1.104723662137985E-001,7.783468365669251E-001,-5.808432102203369E-001,-7.863456010818481E-002,1.104723662137985E-001,7.783468365669251E-001,-5.808432102203369E-001,
2.288033333333334E+009,-5.516697093844414E-002,1.016733273863792E-001,7.664247155189514E-001,-6.086772680282593E-001,-5.516697093844414E-002,1.016733273863792E-001,7.664247155189514E-001,-6.086772680282593E-001,
2.296400000000000E+009,-3.983101993799210E-002,8.011374622583389E-002,7.487604022026062E-001,-6.301966905593872E-001,-3.983101993799210E-002,8.011374622583389E-002,7.487604022026062E-001,-6.301966905593872E-001,
2.304766666666667E+009,-4.068197309970856E-002,5.585275962948799E-002,7.380311489105225E-001,-6.406092047691345E-001,-4.068197309970856E-002,5.585275962948799E-002,7.380311489105225E-001,-6.406092047691345E-001,
2.313133333333334E+009,-5.546284839510918E-002,3.867797181010246E-002,7.135733366012573E-001,-6.780390739440918E-001,-5.546284839510918E-002,3.867797181010246E-002,7.135733366012573E-001,-6.780390739440918E-001,
2.321500000000000E+009,-7.646727561950684E-002,3.419557213783264E-002,6.957647204399109E-001,-6.884132623672485E-001,-7.646727561950684E-002,3.419557213783264E-002,6.957647204399109E-001,-6.884132623672485E-001,
2.329866666666667E+009,-9.778460115194321E-002,4.662249982357025E-002,6.809412837028503E-001,-7.094644308090210E-001,-9.778460115194321E-002,4.662249982357025E-002,6.809412837028503E-001,-7.094644308090210E-001,
2.338233333333334E+009,-1.116462424397469E-001,7.079529017210007E-002,6.500175595283508E-001,-7.254738211631775E-001,-1.116462424397469E-001,7.079529017210007E-002,6.500175595283508E-001,-7.254738211631775E-001,
2.346600000000000E+009,-1.106410846114159E-001,1.031957119703293E-001,6.281500458717346E-001,-7.405859231948853E-001,-1.106410846114159E-001,1.031957119703293E-001,6.281500458717346E-001,-7.405859231948853E-001,
2.354966666666667E+009,-9.333597868680954E-002,1.285328716039658E-001,6.211645007133484E-001,-7.460790276527405E-001,-9.333597868680954E-002,1.285328716039658E-001,6.211645007133484E-001,-7.460790276527405E-001,
2.363333333333334E+009,-6.631896644830704E-002,1.403570175170898E-001,6.052132844924927E-001,-7.580729126930237E-001,-6.631896644830704E-002,1.403570175170898E-001,6.052132844924927E-001,-7.580729126930237E-001,
2.371700000000000E+009,-3.420256078243256E-002,1.354189217090607E-001,5.918735265731812E-001,-7.751579284667969E-001,-3.420256078243256E-002,1.354189217090607E-001,5.918735265731812E-001,-7.751579284667969E-001,
2.380066666666667E+009,-1.125134807080030E-002,1.136006191372871E-001,5.670829415321350E-001,-7.914528846740723E-001,-1.125134807080030E-002,1.136006191372871E-001,5.670829415321350E-001,-7.914528846740723E-001,
2.388433333333334E+009,-4.647179972380400E-003,8.254890143871307E-002,5.502179265022278E-001,-8.025607466697693E-001,-4.647179972380400E-003,8.254890143871307E-002,5.502179265022278E-001,-8.025607466697693E-001,
2.396800000000000E+009,-1.616729609668255E-002,5.002998933196068E-002,5.205172896385193E-001,-8.296537995338440E-001,-1.616729609668255E-002,5.002998933196068E-002,5.205172896385193E-001,-8.296537995338440E-001,
2.405166666666667E+009,-4.368293657898903E-002,2.895383909344673E-002,4.999178647994995E-001,-8.476288914680481E-001,-4.368293657898903E-002,2.895383909344673E-002,4.999178647994995E-001,-8.476288914680481E-001,
2.413533333333334E+009,-7.910409569740295E-002,2.781991846859455E-002,4.714882075786591E-001,-8.584129810333252E-001,-7.910409569740295E-002,2.781991846859455E-002,4.714882075786591E-001,-8.584129810333252E-001,
2.421900000000000E+009,-1.112323999404907E-001,4.853162541985512E-002,4.506383538246155E-001,-8.710895180702210E-001,-1.112323999404907E-001,4.853162541985512E-002,4.506383538246155E-001,-8.710895180702210E-001,
2.430266666666667E+009,-1.284789890050888E-001,8.475671708583832E-002,4.229101538658142E-001,-8.805890679359436E-001,-1.284789890050888E-001,8.475671708583832E-002,4.229101538658142E-001,-8.805890679359436E-001,
2.438633333333334E+009,-1.267277747392654E-001,1.284625679254532E-001,3.998886644840241E-001,-8.839967846870422E-001,-1.267277747392654E-001,1.284625679254532E-001,3.998886644840241E-001,-8.839967846870422E-001,
2.447000000000000E+009,-1.036355867981911E-001,1.660023331642151E-001,3.780060410499573E-001,-8.922389745712280E-001,-1.036355867981911E-001,1.660023331642151E-001,3.780060410499573E-001,-8.922389745712280E-001,
2.455366666666667E+009,-6.692194193601608E-002,1.863367557525635E-001,3.580538630485535E-001,-8.925899863243103E-001,-6.692194193601608E-002,1.863367557525635E-001,3.580538630485535E-001,-8.925899863243103E-001,
2.463733333333334E+009,-2.825364097952843E-002,1.886553913354874E-001,3.427513837814331E-001,-9.065331816673279E-001,-2.825364097952843E-002,1.886553913354874E-001,3.427513837814331E-001,-9.065331816673279E-001,
2.472100000000000E+009,3.889479907229543E-003,1.696433424949646E-001,3.226699233055115E-001,-9.139218330383301E-001,3.889479907229543E-003,1.696433424949646E-001,3.226699233055115E-001,-9.139218330383301E-001,
2.480466666666667E+009,1.966487616300583E-002,1.389371156692505E-001,2.956258654594421E-001,-9.199153184890747E-001,1.966487616300583E-002,1.389371156692505E-001,2.956258654594421E-001,-9.199153184890747E-001,
2.488833333333334E+009,1.468920521438122E-002,1.040570065379143E-001,2.790944278240204E-001,-9.337715506553650E-001,1.468920521438122E-002,1.040570065379143E-001,2.790944278240204E-001,-9.337715506553650E-001,
2.497200000000000E+009,-4.619289655238390E-003,8.098076283931732E-002,2.504012286663055E-001,-9.481905102729797E-001,-4.619289655238390E-003,8.098076283931732E-002,2.504012286663055E-001,-9.481905102729797E-001,
2.505566666666667E+009,-3.490578755736351E-002,7.421759516000748E-002,2.166712433099747E-001,-9.566073417663574E-001,-3.490578755736351E-002,7.421759516000748E-002,2.166712433099747E-001,-9.566073417663574E-001,
2.513933333333334E+009,-6.040485203266144E-002,8.986697345972061E-002,1.925312131643295E-001,-9.570891857147217E-001,-6.040485203266144E-002,8.986697345972061E-002,1.925312131643295E-001,-9.570891857147217E-001,
2.522300000000000E+009,-7.397086173295975E-002,1.186406761407852E-001,1.558530628681183E-001,-9.595423936843872E-001,-7.397086173295975E-002,1.186406761407852E-001,1.558530628681183E-001,-9.595423936843872E-001,
2.530666666666667E+009,-6.775955855846405E-002,1.526946723461151E-001,1.298177540302277E-001,-9.637025594711304E-001,-6.775955855846405E-002,1.526946723461151E-001,1.298177540302277E-001,-9.637025594711304E-001,
2.539033333333334E+009,-4.354145377874374E-002,1.808858215808868E-001,1.103925853967667E-001,-9.555131196975708E-001,-4.354145377874374E-002,1.808858215808868E-001,1.103925853967667E-001,-9.555131196975708E-001,
2.547400000000000E+009,-7.925691083073616E-003,1.955113708972931E-001,9.545969218015671E-002,-9.606562256813049E-001,-7.925691083073616E-003,1.955113708972931E-001,9.545969218015671E-002,-9.606562256813049E-001,
2.555766666666667E+009,3.069666959345341E-002,1.913003623485565E-001,7.320921868085861E-002,-9.638021588325501E-001,3.069666959345341E-002,1.913003623485565E-001,7.320921868085861E-002,-9.638021588325501E-001,
2.564133333333334E+009,5.645724013447762E-002,1.686838418245316E-001,5.304051190614700E-002,-9.606410264968872E-001,5.645724013447762E-002,1.686838418245316E-001,5.304051190614700E-002,-9.606410264968872E-001,
2.572500000000000E+009,6.673271209001541E-002,1.366409659385681E-001,2.975994907319546E-002,-9.652542471885681E-001,6.673271209001541E-002,1.366409659385681E-001,2.975994907319546E-002,-9.652542471885681E-001,
2.580866666666667E+009,5.716426670551300E-002,1.034201979637146E-001,6.291880737990141E-003,-9.745754003524780E-001,5.716426670551300E-002,1.034201979637146E-001,6.291880737990141E-003,-9.745754003524780E-001,
2.589233333333334E+009,3.015926294028759E-002,8.254935592412949E-002,-2.561192400753498E-002,-9.764159321784973E-001,3.015926294028759E-002,8.254935592412949E-002,-2.561192400753498E-002,-9.764159321784973E-001,
2.597600000000000E+009,-1.783734420314431E-003,7.861267775297165E-002,-5.783559754490852E-002,-9.760879874229431E-001,-1.783734420314431E-003,7.861267775297165E-002,-5.783559754490852E-002,-9.760879874229431E-001,
2.605966666666667E+009,-2.935420162975788E-002,9.666161984205246E-002,-7.799674570560455E-002,-9.798662066459656E-001,-2.935420162975788E-002,9.666161984205246E-002,-7.799674570560455E-002,-9.798662066459656E-001,
2.614333333333334E+009,-4.137849807739258E-002,1.261208951473236E-001,-1.097119897603989E-001,-9.677618145942688E-001,-4.137849807739258E-002,1.261208951473236E-001,-1.097119897603989E-001,-9.677618145942688E-001,
2.622700000000000E+009,-3.257503733038902E-002,1.603999584913254E-001,-1.318667680025101E-001,-9.567950963973999E-001,-3.257503733038902E-002,1.603999584913254E-001,-1.318667680025101E-001,-9.567950963973999E-001,
2.631066666666667E+009,-6.687079090625048E-003,1.882458329200745E-001,-1.582452952861786E-001,-9.591471552848816E-001,-6.687079090625048E-003,1.882458329200745E-001,-1.582452952861786E-001,-9.591471552848816E-001,
2.639433333333334E+009,3.083437308669090E-002,1.992646157741547E-001,-1.777205616235733E-001,-9.408997297286987E-001,3.083437308669090E-002,1.992646157741547E-001,-1.777205616235733E-001,-9.408997297286987E-001,
2.647800000000000E+009,7.071920484304428E-002,1.932059079408646E-001,-1.979915648698807E-001,-9.373694062232971E-001,7.071920484304428E-002,1.932059079408646E-001,-1.979915648698807E-001,-9.373694062232971E-001,
2.656166666666667E+009,9.865204989910126E-002,1.699570417404175E-001,-2.142095714807510E-001,-9.391037225723267E-001,9.865204989910126E-002,1.699570417404175E-001,-2.142095714807510E-001,-9.391037225723267E-001,
2.664533333333334E+009,1.086836308240891E-001,1.373718827962875E-001,-2.407486438751221E-001,-9.277480840682983E-001,1.086836308240891E-001,1.373718827962875E-001,-2.407486438751221E-001,-9.277480840682983E-001,
2.672900000000000E+009,1.004498898983002E-001,1.065947115421295E-001,-2.607955038547516E-001,-9.308110475540161E-001,1.004498898983002E-001,1.065947115421295E-001,-2.607955038547516E-001,-9.308110475540161E-001,
2.681266666666667E+009,7.634465396404266E-002,8.669421076774597E-002,-2.888436019420624E-001,-9.268091917037964E-001,7.634465396404266E-002,8.669421076774597E-002,-2.888436019420624E-001,-9.268091917037964E-001,
2.689633333333334E+009,4.454733803868294E-002,8.400180190801621E-002,-3.152245581150055E-001,-9.238860607147217E-001,4.454733803868294E-002,8.400180190801621E-002,-3.152245581150055E-001,-9.238860607147217E-001,
2.698000000000000E+009,1.889888383448124E-002,1.000884175300598E-001,-3.365591168403626E-001,-9.120187163352966E-001,1.889888383448124E-002,1.000884175300598E-001,-3.365591168403626E-001,-9.120187163352966E-001,
2.706366666666667E+009,9.495719335973263E-003,1.282579749822617E-001,-3.698301613330841E-001,-8.951296210289002E-001,9.495719335973263E-003,1.282579749822617E-001,-3.698301613330841E-001,-8.951296210289002E-001,
2.714733333333334E+009,1.809273660182953E-002,1.600754708051682E-001,-3.883848190307617E-001,-8.876883983612061E-001,1.809273660182953E-002,1.600754708051682E-001,-3.883848190307617E-001,-8.876883983612061E-001,
2.723100000000000E+009,4.647669196128845E-002,1.835230886936188E-001,-4.089742898941040E-001,-8.687216639518738E-001,4.647669196128845E-002,1.835230886936188E-001,-4.089742898941040E-001,-8.687216639518738E-001,
2.731466666666667E+009,8.576437085866928E-002,1.919373422861099E-001,-4.309377372264862E-001,-8.568096160888672E-001,8.576437085866928E-002,1.919373422861099E-001,-4.309377372264862E-001,-8.568096160888672E-001,
2.739833333333334E+009,1.241852790117264E-001,1.804781258106232E-001,-4.448133111000061E-001,-8.415893912315369E-001,1.241852790117264E-001,1.804781258106232E-001,-4.448133111000061E-001,-8.415893912315369E-001,
2.748200000000000E+009,1.526672989130020E-001,1.552632600069046E-001,-4.619009196758270E-001,-8.334982991218567E-001,1.526672989130020E-001,1.552632600069046E-001,-4.619009196758270E-001,-8.334982991218567E-001,
2.756566666666667E+009,1.644316464662552E-001,1.200098246335983E-001,-4.806851148605347E-001,-8.272064328193665E-001,1.644316464662552E-001,1.200098246335983E-001,-4.806851148605347E-001,-8.272064328193665E-001,
2.764933333333334E+009,1.575043052434921E-001,8.599750697612763E-002,-5.107179880142212E-001,-8.247582912445068E-001,1.575043052434921E-001,8.599750697612763E-002,-5.107179880142212E-001,-8.247582912445068E-001,
2.773300000000000E+009,1.343745589256287E-001,6.216197460889816E-002,-5.262750983238220E-001,-8.106548190116882E-001,1.343745589256287E-001,6.216197460889816E-002,-5.262750983238220E-001,-8.106548190116882E-001,
2.781666666666667E+009,1.026799231767654E-001,5.747130140662193E-002,-5.492116808891296E-001,-7.994616627693176E-001,1.026799231767654E-001,5.747130140662193E-002,-5.492116808891296E-001,-7.994616627693176E-001,
2.790033333333334E+009,7.455958425998688E-002,6.973703950643539E-002,-5.766453146934509E-001,-7.878390550613403E-001,7.455958425998688E-002,6.973703950643539E-002,-5.766453146934509E-001,-7.878390550613403E-001,
2.798400000000000E+009,6.016843020915985E-002,9.574100375175476E-002,-6.004506349563599E-001,-7.724393606185913E-001,6.016843020915985E-002,9.574100375175476E-002,-6.004506349563599E-001,-7.724393606185913E-001,
2.806766666666667E+009,6.800618022680283E-002,1.252221614122391E-001,-6.184001564979553E-001,-7.460548281669617E-001,6.800618022680283E-002,1.252221614122391E-001,-6.184001564979553E-001,-7.460548281669617E-001,
2.815133333333334E+009,9.069080650806427E-002,1.457114666700363E-001,-6.365897655487061E-001,-7.281721234321594E-001,9.069080650806427E-002,1.457114666700363E-001,-6.365897655487061E-001,-7.281721234321594E-001,
2.823500000000000E+009,1.279143691062927E-001,1.523800641298294E-001,-6.522355675697327E-001,-7.068775296211243E-001,1.279143691062927E-001,1.523800641298294E-001,-6.522355675697327E-001,-7.068775296211243E-001,
2.831866666666667E+009,1.637488007545471E-001,1.396889090538025E-001,-6.601464748382568E-001,-6.904679536819458E-001,1.637488007545471E-001,1.396889090538025E-001,-6.601464748382568E-001,-6.904679536819458E-001,
2.840233333333334E+009,1.914661377668381E-001,1.112824007868767E-001,-6.768522858619690E-001,-6.765645742416382E-001,1.914661377668381E-001,1.112824007868767E-001,-6.768522858619690E-001,-6.765645742416382E-001,
2.848600000000000E+009,2.030797004699707E-001,7.395350933074951E-002,-6.874433159828186E-001,-6.594777703285217E-001,2.030797004699707E-001,7.395350933074951E-002,-6.874433159828186E-001,-6.594777703285217E-001,
2.856966666666667E+009,1.956975162029266E-001,3.836870193481445E-002,-7.049345374107361E-001,-6.485533118247986E-001,1.956975162029266E-001,3.836870193481445E-002,-7.049345374107361E-001,-6.485533118247986E-001,
2.865333333333334E+009,1.707553863525391E-001,1.273302361369133E-002,-7.244014143943787E-001,-6.397944092750549E-001,1.707553863525391E-001,1.273302361369133E-002,-7.244014143943787E-001,-6.397944092750549E-001,
2.873700000000000E+009,1.360810697078705E-001,6.746307481080294E-003,-7.472448945045471E-001,-6.162788867950440E-001,1.360810697078705E-001,6.746307481080294E-003,-7.472448945045471E-001,-6.162788867950440E-001,
2.882066666666667E+009,1.054982990026474E-001,1.994175463914871E-002,-7.641135454177856E-001,-5.928187966346741E-001,1.054982990026474E-001,1.994175463914871E-002,-7.641135454177856E-001,-5.928187966346741E-001,
2.890433333333334E+009,8.832847326993942E-002,4.743678122758865E-002,-7.849946022033691E-001,-5.721507668495178E-001,8.832847326993942E-002,4.743678122758865E-002,-7.849946022033691E-001,-5.721507668495178E-001,
2.898800000000000E+009,9.224363416433334E-002,7.987505942583084E-002,-7.989748716354370E-001,-5.522189140319824E-001,9.224363416433334E-002,7.987505942583084E-002,-7.989748716354370E-001,-5.522189140319824E-001,
2.907166666666667E+009,1.147916465997696E-001,1.023213714361191E-001,-8.052945733070374E-001,-5.298132300376892E-001,1.147916465997696E-001,1.023213714361191E-001,-8.052945733070374E-001,-5.298132300376892E-001,
2.915533333333334E+009,1.531277000904083E-001,1.092927902936935E-001,-8.199443221092224E-001,-4.988467097282410E-001,1.531277000904083E-001,1.092927902936935E-001,-8.199443221092224E-001,-4.988467097282410E-001,
2.923900000000000E+009,1.883518844842911E-001,9.673497080802918E-002,-8.250061273574829E-001,-4.838377535343170E-001,1.883518844842911E-001,9.673497080802918E-002,-8.250061273574829E-001,-4.838377535343170E-001,
2.932266666666667E+009,2.173365801572800E-001,6.734032928943634E-002,-8.323088884353638E-001,-4.666233360767365E-001,2.173365801572800E-001,6.734032928943634E-002,-8.323088884353638E-001,-4.666233360767365E-001,
2.940633333333334E+009,2.272899895906448E-001,2.554857358336449E-002,-8.395158648490906E-001,-4.451664984226227E-001,2.272899895906448E-001,2.554857358336449E-002,-8.395158648490906E-001,-4.451664984226227E-001,
2.949000000000000E+009,2.180055677890778E-001,-1.557577028870583E-002,-8.559048175811768E-001,-4.257813990116119E-001,2.180055677890778E-001,-1.557577028870583E-002,-8.559048175811768E-001,-4.257813990116119E-001,
2.957366666666667E+009,1.913276314735413E-001,-4.445910453796387E-002,-8.674229979515076E-001,-4.153630733489990E-001,1.913276314735413E-001,-4.445910453796387E-002,-8.674229979515076E-001,-4.153630733489990E-001,
2.965733333333334E+009,1.537617444992065E-001,-5.343321710824966E-002,-8.840178847312927E-001,-3.916276693344116E-001,1.537617444992065E-001,-5.343321710824966E-002,-8.840178847312927E-001,-3.916276693344116E-001,
2.974100000000000E+009,1.203301325440407E-001,-4.250143095850945E-002,-9.006670117378235E-001,-3.625847697257996E-001,1.203301325440407E-001,-4.250143095850945E-002,-9.006670117378235E-001,-3.625847697257996E-001,
2.982466666666667E+009,9.914530068635941E-002,-1.314909663051367E-002,-9.146561026573181E-001,-3.354603350162506E-001,9.914530068635941E-002,-1.314909663051367E-002,-9.146561026573181E-001,-3.354603350162506E-001,
2.990833333333334E+009,1.002790033817291E-001,2.089313417673111E-002,-9.193632006645203E-001,-3.136055171489716E-001,1.002790033817291E-001,2.089313417673111E-002,-9.193632006645203E-001,-3.136055171489716E-001,
2.999200000000000E+009,1.232378110289574E-001,4.764851555228233E-002,-9.274256229400635E-001,-2.833290696144104E-001,1.232378110289574E-001,4.764851555228233E-002,-9.274256229400635E-001,-2.833290696144104E-001,
3.007566666666667E+009,1.594451367855072E-001,5.681046843528748E-002,-9.314159154891968E-001,-2.566946446895599E-001,1.594451367855072E-001,5.681046843528748E-002,-9.314159154891968E-001,-2.566946446895599E-001,
3.015933333333334E+009,1.977270245552063E-001,4.261752963066101E-002,-9.286814332008362E-001,-2.349457740783691E-001,1.977270245552063E-001,4.261752963066101E-002,-9.286814332008362E-001,-2.349457740783691E-001,
3.024300000000000E+009,2.253571897745132E-001,9.451754391193390E-003,-9.305509924888611E-001,-2.139540910720825E-001,2.253571897745132E-001,9.451754391193390E-003,-9.305509924888611E-001,-2.139540910720825E-001,
3.032666666666667E+009,2.348473221063614E-001,-3.612346202135086E-002,-9.330801963806152E-001,-1.937149912118912E-001,2.348473221063614E-001,-3.612346202135086E-002,-9.330801963806152E-001,-1.937149912118912E-001,
3.041033333333334E+009,2.202608883380890E-001,-7.921735197305679E-002,-9.360403418540955E-001,-1.774574667215347E-001,2.202608883380890E-001,-7.921735197305679E-002,-9.360403418540955E-001,-1.774574667215347E-001,
3.049400000000000E+009,1.868432313203812E-001,-1.104072630405426E-001,-9.423074722290039E-001,-1.509443968534470E-001,1.868432313203812E-001,-1.104072630405426E-001,-9.423074722290039E-001,-1.509443968534470E-001,
3.057766666666667E+009,1.445496976375580E-001,-1.201782524585724E-001,-9.542348980903626E-001,-1.462534815073013E-001,1.445496976375580E-001,-1.201782524585724E-001,-9.542348980903626E-001,-1.462534815073013E-001,
3.066133333333334E+009,1.034400537610054E-001,-1.054145768284798E-001,-9.581353664398193E-001,-1.103698089718819E-001,1.034400537610054E-001,-1.054145768284798E-001,-9.581353664398193E-001,-1.103698089718819E-001,
3.074500000000000E+009,7.956101745367050E-002,-7.278830558061600E-002,-9.693994522094727E-001,-8.076500892639160E-002,7.956101745367050E-002,-7.278830558061600E-002,-9.693994522094727E-001,-8.076500892639160E-002,
3.082866666666667E+009,7.926124334335327E-002,-3.206648305058479E-002,-9.757067561149597E-001,-5.521111190319061E-002,7.926124334335327E-002,-3.206648305058479E-002,-9.757067561149597E-001,-5.521111190319061E-002,
3.091233333333334E+009,1.055270433425903E-001,7.780518499203026E-004,-9.737181663513184E-001,-1.976822689175606E-002,1.055270433425903E-001,7.780518499203026E-004,-9.737181663513184E-001,-1.976822689175606E-002,
3.099600000000000E+009,1.473979651927948E-001,1.118693314492703E-002,-9.654533863067627E-001,8.683970198035240E-003,1.473979651927948E-001,1.118693314492703E-002,-9.654533863067627E-001,8.683970198035240E-003,
3.107966666666667E+009,1.918012350797653E-001,-6.572149228304625E-003,-9.625222086906433E-001,2.880879864096642E-002,1.918012350797653E-001,-6.572149228304625E-003,-9.625222086906433E-001,2.880879864096642E-002,
3.116333333333334E+009,2.238128781318665E-001,-4.567856714129448E-002,-9.528030157089233E-001,5.652379617094994E-002,2.238128781318665E-001,-4.567856714129448E-002,-9.528030157089233E-001,5.652379617094994E-002,
3.124700000000000E+009,2.297983914613724E-001,-9.795180708169937E-002,-9.477975964546204E-001,7.097668945789337E-002,2.297983914613724E-001,-9.795180708169937E-002,-9.477975964546204E-001,7.097668945789337E-002,
3.133066666666667E+009,2.138191759586334E-001,-1.480711251497269E-001,-9.457057118415833E-001,9.478919208049774E-002,2.138191759586334E-001,-1.480711251497269E-001,-9.457057118415833E-001,9.478919208049774E-002,
3.141433333333334E+009,1.733344495296478E-001,-1.850654035806656E-001,-9.459739923477173E-001,1.088498607277870E-001,1.733344495296478E-001,-1.850654035806656E-001,-9.459739923477173E-001,1.088498607277870E-001,
3.149800000000000E+009,1.197612956166267E-001,-1.972071677446365E-001,-9.500534534454346E-001,1.323468238115311E-001,1.197612956166267E-001,-1.972071677446365E-001,-9.500534534454346E-001,1.323468238115311E-001,
3.158166666666667E+009,6.993290036916733E-002,-1.816495507955551E-001,-9.483354687690735E-001,1.544684469699860E-001,6.993290036916733E-002,-1.816495507955551E-001,-9.483354687690735E-001,1.544684469699860E-001,
3.166533333333334E+009,3.763316199183464E-002,-1.441438198089600E-001,-9.542151093482971E-001,1.785974204540253E-001,3.763316199183464E-002,-1.441438198089600E-001,-9.542151093482971E-001,1.785974204540253E-001,
3.174900000000000E+009,2.897902950644493E-002,-9.668876975774765E-002,-9.507471323013306E-001,2.095773369073868E-001,2.897902950644493E-002,-9.668876975774765E-002,-9.507471323013306E-001,2.095773369073868E-001,
3.183266666666667E+009,5.232637375593185E-002,-5.439373105764389E-002,-9.437708258628845E-001,2.416817992925644E-001,5.232637375593185E-002,-5.439373105764389E-002,-9.437708258628845E-001,2.416817992925644E-001,
3.191633333333334E+009,9.540534764528275E-002,-3.823248669505119E-002,-9.288305640220642E-001,2.717146277427673E-001,9.540534764528275E-002,-3.823248669505119E-002,-9.288305640220642E-001,2.717146277427673E-001,
3.200000000000000E+009,1.401766836643219E-001,-5.160962790250778E-002,-9.188162088394165E-001,2.957953512668610E-001,1.401766836643219E-001,-5.160962790250778E-002,-9.188162088394165E-001,2.957953512668610E-001,
