% Version 1.00
%
%freq[Hz],re:Trc1_S11,im:Trc1_S11,re:Trc2_S21,im:Trc2_S21,re:Trc3_S11,im:Trc3_S11,re:Trc4_S21,im:Trc4_S21,
6.900000000000000E+008,-6.485234946012497E-002,4.290473088622093E-002,-5.068657398223877E-001,-8.370561599731445E-001,-6.485234946012497E-002,4.290473088622093E-002,-5.068657398223877E-001,-8.370561599731445E-001,
6.983666666666666E+008,-5.752425640821457E-002,4.357601702213287E-002,-5.224874615669251E-001,-8.190997838973999E-001,-5.752425640821457E-002,4.357601702213287E-002,-5.224874615669251E-001,-8.190997838973999E-001,
7.067333333333334E+008,-5.198602378368378E-002,4.107084870338440E-002,-5.527473092079163E-001,-7.925510406494141E-001,-5.198602378368378E-002,4.107084870338440E-002,-5.527473092079163E-001,-7.925510406494141E-001,
7.151000000000000E+008,-5.292692035436630E-002,3.308278322219849E-002,-5.621997117996216E-001,-7.845372557640076E-001,-5.292692035436630E-002,3.308278322219849E-002,-5.621997117996216E-001,-7.845372557640076E-001,
7.234666666666666E+008,-5.304085463285446E-002,2.859187312424183E-002,-5.991066694259644E-001,-7.722995877265930E-001,-5.304085463285446E-002,2.859187312424183E-002,-5.991066694259644E-001,-7.722995877265930E-001,
7.318333333333334E+008,-6.084514409303665E-002,2.614769712090492E-002,-6.073320508003235E-001,-7.673558592796326E-001,-6.084514409303665E-002,2.614769712090492E-002,-6.073320508003235E-001,-7.673558592796326E-001,
7.402000000000000E+008,-6.798390299081802E-002,2.893227711319923E-002,-6.358057856559753E-001,-7.427491545677185E-001,-6.798390299081802E-002,2.893227711319923E-002,-6.358057856559753E-001,-7.427491545677185E-001,
7.485666666666666E+008,-7.264880836009979E-002,3.503121808171272E-002,-6.552698016166687E-001,-7.050756812095642E-001,-7.264880836009979E-002,3.503121808171272E-002,-6.552698016166687E-001,-7.050756812095642E-001,
7.569333333333334E+008,-7.262142747640610E-002,4.483791440725327E-002,-6.709213852882385E-001,-7.050607800483704E-001,-7.262142747640610E-002,4.483791440725327E-002,-6.709213852882385E-001,-7.050607800483704E-001,
7.653000000000000E+008,-6.880246102809906E-002,5.407219007611275E-002,-6.777243614196777E-001,-6.991366744041443E-001,-6.880246102809906E-002,5.407219007611275E-002,-6.777243614196777E-001,-6.991366744041443E-001,
7.736666666666666E+008,-6.059365347027779E-002,6.299167126417160E-002,-7.037838697433472E-001,-6.915268301963806E-001,-6.059365347027779E-002,6.299167126417160E-002,-7.037838697433472E-001,-6.915268301963806E-001,
7.820333333333334E+008,-5.397420004010201E-002,6.711249053478241E-002,-7.258759140968323E-001,-6.673486828804016E-001,-5.397420004010201E-002,6.711249053478241E-002,-7.258759140968323E-001,-6.673486828804016E-001,
7.904000000000000E+008,-4.448623210191727E-002,6.588755548000336E-002,-7.401105165481567E-001,-6.451644301414490E-001,-4.448623210191727E-002,6.588755548000336E-002,-7.401105165481567E-001,-6.451644301414490E-001,
7.987666666666666E+008,-3.726037964224815E-002,6.211763620376587E-002,-7.515407800674439E-001,-6.246961951255798E-001,-3.726037964224815E-002,6.211763620376587E-002,-7.515407800674439E-001,-6.246961951255798E-001,
8.071333333333334E+008,-3.753278404474258E-002,5.841598287224770E-002,-7.662906050682068E-001,-6.111180186271668E-001,-3.753278404474258E-002,5.841598287224770E-002,-7.662906050682068E-001,-6.111180186271668E-001,
8.155000000000000E+008,-4.151417687535286E-002,5.173510313034058E-002,-7.743566036224365E-001,-5.657665133476257E-001,-4.151417687535286E-002,5.173510313034058E-002,-7.743566036224365E-001,-5.657665133476257E-001,
8.238666666666666E+008,-4.611341282725334E-002,4.996731877326965E-002,-8.056831955909729E-001,-5.699186325073242E-001,-4.611341282725334E-002,4.996731877326965E-002,-8.056831955909729E-001,-5.699186325073242E-001,
8.322333333333334E+008,-5.427694693207741E-002,5.255141854286194E-002,-8.181079030036926E-001,-5.401655435562134E-001,-5.427694693207741E-002,5.255141854286194E-002,-8.181079030036926E-001,-5.401655435562134E-001,
8.406000000000000E+008,-5.811993032693863E-002,5.695398524403572E-002,-8.311858773231506E-001,-5.267940759658814E-001,-5.811993032693863E-002,5.695398524403572E-002,-8.311858773231506E-001,-5.267940759658814E-001,
8.489666666666668E+008,-5.818799883127213E-002,6.509713083505631E-002,-8.490544557571411E-001,-4.999265074729919E-001,-5.818799883127213E-002,6.509713083505631E-002,-8.490544557571411E-001,-4.999265074729919E-001,
8.573333333333334E+008,-5.406779423356056E-002,7.309287786483765E-002,-8.530748486518860E-001,-4.822733700275421E-001,-5.406779423356056E-002,7.309287786483765E-002,-8.530748486518860E-001,-4.822733700275421E-001,
8.657000000000000E+008,-4.673575609922409E-002,8.201286196708679E-002,-8.697931766510010E-001,-4.543472528457642E-001,-4.673575609922409E-002,8.201286196708679E-002,-8.697931766510010E-001,-4.543472528457642E-001,
8.740666666666668E+008,-3.780334442853928E-002,8.723263442516327E-002,-8.641282320022583E-001,-4.352206289768219E-001,-3.780334442853928E-002,8.723263442516327E-002,-8.641282320022583E-001,-4.352206289768219E-001,
8.824333333333334E+008,-2.833439968526363E-002,8.626429736614227E-002,-8.941166996955872E-001,-4.026728868484497E-001,-2.833439968526363E-002,8.626429736614227E-002,-8.941166996955872E-001,-4.026728868484497E-001,
8.908000000000000E+008,-2.076156809926033E-002,8.672787249088287E-002,-9.053852558135986E-001,-4.006136953830719E-001,-2.076156809926033E-002,8.672787249088287E-002,-9.053852558135986E-001,-4.006136953830719E-001,
8.991666666666668E+008,-1.790030673146248E-002,8.033797889947891E-002,-9.161258935928345E-001,-3.698959350585938E-001,-1.790030673146248E-002,8.033797889947891E-002,-9.161258935928345E-001,-3.698959350585938E-001,
9.075333333333334E+008,-1.774834468960762E-002,7.641720771789551E-002,-9.083402156829834E-001,-3.453526794910431E-001,-1.774834468960762E-002,7.641720771789551E-002,-9.083402156829834E-001,-3.453526794910431E-001,
9.159000000000000E+008,-1.997744850814343E-002,7.236004620790482E-002,-9.223111271858215E-001,-3.336071670055389E-001,-1.997744850814343E-002,7.236004620790482E-002,-9.223111271858215E-001,-3.336071670055389E-001,
9.242666666666668E+008,-2.464159019291401E-002,6.871106475591660E-002,-9.332192540168762E-001,-3.078072965145111E-001,-2.464159019291401E-002,6.871106475591660E-002,-9.332192540168762E-001,-3.078072965145111E-001,
9.326333333333334E+008,-2.873175404965878E-002,7.130941748619080E-002,-9.365482330322266E-001,-2.736526727676392E-001,-2.873175404965878E-002,7.130941748619080E-002,-9.365482330322266E-001,-2.736526727676392E-001,
9.410000000000000E+008,-3.314177691936493E-002,7.782503217458725E-002,-9.421365261077881E-001,-2.465059757232666E-001,-3.314177691936493E-002,7.782503217458725E-002,-9.421365261077881E-001,-2.465059757232666E-001,
9.493666666666668E+008,-3.328366577625275E-002,8.553943783044815E-002,-9.480447769165039E-001,-2.371795624494553E-001,-3.328366577625275E-002,8.553943783044815E-002,-9.480447769165039E-001,-2.371795624494553E-001,
9.577333333333334E+008,-2.763894014060497E-002,9.332403540611267E-002,-9.720508456230164E-001,-1.945675164461136E-001,-2.763894014060497E-002,9.332403540611267E-002,-9.720508456230164E-001,-1.945675164461136E-001,
9.661000000000000E+008,-1.841654069721699E-002,1.006718277931213E-001,-9.558410644531250E-001,-1.808438152074814E-001,-1.841654069721699E-002,1.006718277931213E-001,-9.558410644531250E-001,-1.808438152074814E-001,
9.744666666666668E+008,-8.321182802319527E-003,1.052866205573082E-001,-9.661165475845337E-001,-1.492498517036438E-001,-8.321182802319527E-003,1.052866205573082E-001,-9.661165475845337E-001,-1.492498517036438E-001,
9.828333333333334E+008,5.827852059155703E-003,1.034620478749275E-001,-9.630928635597229E-001,-1.240768656134605E-001,5.827852059155703E-003,1.034620478749275E-001,-9.630928635597229E-001,-1.240768656134605E-001,
9.912000000000000E+008,1.570342853665352E-002,1.005814373493195E-001,-9.731302261352539E-001,-1.137708872556686E-001,1.570342853665352E-002,1.005814373493195E-001,-9.731302261352539E-001,-1.137708872556686E-001,
9.995666666666668E+008,2.060328796505928E-002,9.155821800231934E-002,-9.767193794250488E-001,-7.909961789846420E-002,2.060328796505928E-002,9.155821800231934E-002,-9.767193794250488E-001,-7.909961789846420E-002,
1.007933333333333E+009,2.074501104652882E-002,8.402076363563538E-002,-9.809927344322205E-001,-5.858333781361580E-002,2.074501104652882E-002,8.402076363563538E-002,-9.809927344322205E-001,-5.858333781361580E-002,
1.016300000000000E+009,1.528326235711575E-002,7.566960901021957E-002,-9.790544509887695E-001,-3.133092448115349E-002,1.528326235711575E-002,7.566960901021957E-002,-9.790544509887695E-001,-3.133092448115349E-002,
1.024666666666667E+009,7.401563692837954E-003,7.521434128284454E-002,-9.805278778076172E-001,-1.061022374778986E-002,7.401563692837954E-003,7.521434128284454E-002,-9.805278778076172E-001,-1.061022374778986E-002,
1.033033333333333E+009,8.794742752797902E-004,7.668583095073700E-002,-9.578081369400024E-001,2.850385382771492E-002,8.794742752797902E-004,7.668583095073700E-002,-9.578081369400024E-001,2.850385382771492E-002,
1.041400000000000E+009,-2.205990022048354E-003,8.341206610202789E-002,-9.643312692642212E-001,5.073109641671181E-002,-2.205990022048354E-003,8.341206610202789E-002,-9.643312692642212E-001,5.073109641671181E-002,
1.049766666666667E+009,-2.287374809384346E-003,9.177478402853012E-002,-9.721571803092957E-001,6.984726339578629E-002,-2.287374809384346E-003,9.177478402853012E-002,-9.721571803092957E-001,6.984726339578629E-002,
1.058133333333333E+009,7.165540475398302E-003,1.003170087933540E-001,-9.667515158653259E-001,9.625293314456940E-002,7.165540475398302E-003,1.003170087933540E-001,-9.667515158653259E-001,9.625293314456940E-002,
1.066500000000000E+009,2.073780819773674E-002,1.046977937221527E-001,-9.507640004158020E-001,1.225429698824883E-001,2.073780819773674E-002,1.046977937221527E-001,-9.507640004158020E-001,1.225429698824883E-001,
1.074866666666667E+009,3.392023965716362E-002,1.012608259916306E-001,-9.614631533622742E-001,1.521317511796951E-001,3.392023965716362E-002,1.012608259916306E-001,-9.614631533622742E-001,1.521317511796951E-001,
1.083233333333334E+009,4.710017144680023E-002,9.685084223747253E-002,-9.563775062561035E-001,1.675342619419098E-001,4.710017144680023E-002,9.685084223747253E-002,-9.563775062561035E-001,1.675342619419098E-001,
1.091600000000000E+009,5.202008783817291E-002,8.459947258234024E-002,-9.489569067955017E-001,2.018276453018189E-001,5.202008783817291E-002,8.459947258234024E-002,-9.489569067955017E-001,2.018276453018189E-001,
1.099966666666667E+009,5.382662266492844E-002,7.245703041553497E-002,-9.448527097702026E-001,2.178284525871277E-001,5.382662266492844E-002,7.245703041553497E-002,-9.448527097702026E-001,2.178284525871277E-001,
1.108333333333334E+009,4.598036035895348E-002,6.309179216623306E-002,-9.553389549255371E-001,2.410883307456970E-001,4.598036035895348E-002,6.309179216623306E-002,-9.553389549255371E-001,2.410883307456970E-001,
1.116700000000000E+009,3.483628481626511E-002,6.399761140346527E-002,-9.402288198471069E-001,2.733567953109741E-001,3.483628481626511E-002,6.399761140346527E-002,-9.402288198471069E-001,2.733567953109741E-001,
1.125066666666667E+009,2.337910979986191E-002,6.556124240159988E-002,-9.246199131011963E-001,2.944824695587158E-001,2.337910979986191E-002,6.556124240159988E-002,-9.246199131011963E-001,2.944824695587158E-001,
1.133433333333334E+009,1.404577121138573E-002,7.742964476346970E-002,-9.193961620330811E-001,3.119190931320190E-001,1.404577121138573E-002,7.742964476346970E-002,-9.193961620330811E-001,3.119190931320190E-001,
1.141800000000000E+009,1.609268784523010E-002,9.035999327898026E-002,-9.082292914390564E-001,3.376894593238831E-001,1.609268784523010E-002,9.035999327898026E-002,-9.082292914390564E-001,3.376894593238831E-001,
1.150166666666667E+009,2.363990060985088E-002,1.017141267657280E-001,-9.017238020896912E-001,3.664611876010895E-001,2.363990060985088E-002,1.017141267657280E-001,-9.017238020896912E-001,3.664611876010895E-001,
1.158533333333334E+009,4.242705181241036E-002,1.085180565714836E-001,-8.905366063117981E-001,3.890566527843475E-001,4.242705181241036E-002,1.085180565714836E-001,-8.905366063117981E-001,3.890566527843475E-001,
1.166900000000000E+009,6.293170899152756E-002,1.064552962779999E-001,-8.820482492446899E-001,4.138346612453461E-001,6.293170899152756E-002,1.064552962779999E-001,-8.820482492446899E-001,4.138346612453461E-001,
1.175266666666667E+009,7.885525375604630E-002,9.554148465394974E-002,-8.619469404220581E-001,4.262714982032776E-001,7.885525375604630E-002,9.554148465394974E-002,-8.619469404220581E-001,4.262714982032776E-001,
1.183633333333334E+009,9.214803576469421E-002,8.004810661077499E-002,-8.574955463409424E-001,4.538000822067261E-001,9.214803576469421E-002,8.004810661077499E-002,-8.574955463409424E-001,4.538000822067261E-001,
1.192000000000000E+009,9.398496150970459E-002,6.289206445217133E-002,-8.518443107604981E-001,4.791907370090485E-001,9.398496150970459E-002,6.289206445217133E-002,-8.518443107604981E-001,4.791907370090485E-001,
1.200366666666667E+009,8.436504751443863E-002,4.568825289607048E-002,-8.375651836395264E-001,4.976724982261658E-001,8.436504751443863E-002,4.568825289607048E-002,-8.375651836395264E-001,4.976724982261658E-001,
1.208733333333334E+009,6.780333071947098E-002,3.792707994580269E-002,-8.319454789161682E-001,5.266232490539551E-001,6.780333071947098E-002,3.792707994580269E-002,-8.319454789161682E-001,5.266232490539551E-001,
1.217100000000000E+009,5.021937191486359E-002,4.042924195528030E-002,-7.986717224121094E-001,5.392496585845947E-001,5.021937191486359E-002,4.042924195528030E-002,-7.986717224121094E-001,5.392496585845947E-001,
1.225466666666667E+009,3.991662338376045E-002,5.249700322747231E-002,-8.013744354248047E-001,5.652065873146057E-001,3.991662338376045E-002,5.249700322747231E-002,-8.013744354248047E-001,5.652065873146057E-001,
1.233833333333334E+009,3.960186988115311E-002,6.727228313684464E-002,-7.806561589241028E-001,5.852223038673401E-001,3.960186988115311E-002,6.727228313684464E-002,-7.806561589241028E-001,5.852223038673401E-001,
1.242200000000000E+009,4.640841484069824E-002,8.100029081106186E-002,-7.522107362747192E-001,6.022596955299377E-001,4.640841484069824E-002,8.100029081106186E-002,-7.522107362747192E-001,6.022596955299377E-001,
1.250566666666667E+009,6.268038600683212E-002,8.942838013172150E-002,-7.550100088119507E-001,6.292108893394470E-001,6.268038600683212E-002,8.942838013172150E-002,-7.550100088119507E-001,6.292108893394470E-001,
1.258933333333334E+009,8.385632187128067E-002,8.845216780900955E-002,-7.343044877052307E-001,6.365050673484802E-001,8.385632187128067E-002,8.845216780900955E-002,-7.343044877052307E-001,6.365050673484802E-001,
1.267300000000000E+009,1.017436981201172E-001,7.434912025928497E-002,-7.101723551750183E-001,6.545099616050720E-001,1.017436981201172E-001,7.434912025928497E-002,-7.101723551750183E-001,6.545099616050720E-001,
1.275666666666667E+009,1.129020154476166E-001,5.656353756785393E-002,-7.079660892486572E-001,6.589331030845642E-001,1.129020154476166E-001,5.656353756785393E-002,-7.079660892486572E-001,6.589331030845642E-001,
1.284033333333334E+009,1.140188425779343E-001,3.371601551771164E-002,-6.753677725791931E-001,7.093890309333801E-001,1.140188425779343E-001,3.371601551771164E-002,-6.753677725791931E-001,7.093890309333801E-001,
1.292400000000000E+009,1.021310016512871E-001,1.599296182394028E-002,-6.719784140586853E-001,7.096620798110962E-001,1.021310016512871E-001,1.599296182394028E-002,-6.719784140586853E-001,7.096620798110962E-001,
1.300766666666667E+009,8.445388823747635E-002,8.854620158672333E-003,-6.540287137031555E-001,7.262110114097595E-001,8.445388823747635E-002,8.854620158672333E-003,-6.540287137031555E-001,7.262110114097595E-001,
1.309133333333334E+009,6.588747352361679E-002,1.195955276489258E-002,-6.379570364952087E-001,7.539159059524536E-001,6.588747352361679E-002,1.195955276489258E-002,-6.379570364952087E-001,7.539159059524536E-001,
1.317500000000000E+009,5.257687345147133E-002,2.468303404748440E-002,-6.077108383178711E-001,7.781701087951660E-001,5.257687345147133E-002,2.468303404748440E-002,-6.077108383178711E-001,7.781701087951660E-001,
1.325866666666667E+009,4.927961155772209E-002,4.070166870951653E-002,-5.881660580635071E-001,7.769268155097961E-001,4.927961155772209E-002,4.070166870951653E-002,-5.881660580635071E-001,7.769268155097961E-001,
1.334233333333334E+009,5.734232813119888E-002,5.834926664829254E-002,-5.662254095077515E-001,7.887661457061768E-001,5.734232813119888E-002,5.834926664829254E-002,-5.662254095077515E-001,7.887661457061768E-001,
1.342600000000000E+009,7.522681355476379E-002,6.257064640522003E-002,-5.516114234924316E-001,8.054348826408386E-001,7.522681355476379E-002,6.257064640522003E-002,-5.516114234924316E-001,8.054348826408386E-001,
1.350966666666667E+009,9.315961599349976E-002,5.951046943664551E-002,-5.224006175994873E-001,8.234065175056458E-001,9.315961599349976E-002,5.951046943664551E-002,-5.224006175994873E-001,8.234065175056458E-001,
1.359333333333334E+009,1.090080887079239E-001,4.558743536472321E-002,-5.050427317619324E-001,8.308522701263428E-001,1.090080887079239E-001,4.558743536472321E-002,-5.050427317619324E-001,8.308522701263428E-001,
1.367700000000000E+009,1.156368628144264E-001,2.332034148275852E-002,-4.880936443805695E-001,8.417019844055176E-001,1.156368628144264E-001,2.332034148275852E-002,-4.880936443805695E-001,8.417019844055176E-001,
1.376066666666667E+009,1.094475463032723E-001,-1.159298553830013E-004,-4.622650146484375E-001,8.529908061027527E-001,1.094475463032723E-001,-1.159298553830013E-004,-4.622650146484375E-001,8.529908061027527E-001,
1.384433333333334E+009,9.428630024194717E-002,-1.350641157478094E-002,-4.540973603725433E-001,8.637299537658691E-001,9.428630024194717E-002,-1.350641157478094E-002,-4.540973603725433E-001,8.637299537658691E-001,
1.392800000000000E+009,7.167226821184158E-002,-1.650456897914410E-002,-4.293308556079865E-001,8.717438578605652E-001,7.167226821184158E-002,-1.650456897914410E-002,-4.293308556079865E-001,8.717438578605652E-001,
1.401166666666667E+009,5.567868053913117E-002,-7.711807731539011E-003,-3.965520262718201E-001,8.980248570442200E-001,5.567868053913117E-002,-7.711807731539011E-003,-3.965520262718201E-001,8.980248570442200E-001,
1.409533333333334E+009,4.471822828054428E-002,1.226697582751513E-002,-3.725362718105316E-001,9.064209461212158E-001,4.471822828054428E-002,1.226697582751513E-002,-3.725362718105316E-001,9.064209461212158E-001,
1.417900000000000E+009,4.538400843739510E-002,3.327836841344833E-002,-3.333924114704132E-001,8.994245529174805E-001,4.538400843739510E-002,3.327836841344833E-002,-3.333924114704132E-001,8.994245529174805E-001,
1.426266666666667E+009,5.788656696677208E-002,5.074604600667954E-002,-3.273506164550781E-001,9.273784160614014E-001,5.788656696677208E-002,5.074604600667954E-002,-3.273506164550781E-001,9.273784160614014E-001,
1.434633333333334E+009,7.722271233797073E-002,5.587077885866165E-002,-2.981589138507843E-001,9.193246960639954E-001,7.722271233797073E-002,5.587077885866165E-002,-2.981589138507843E-001,9.193246960639954E-001,
1.443000000000000E+009,9.991905838251114E-002,5.124942213296890E-002,-2.717292606830597E-001,9.309374094009399E-001,9.991905838251114E-002,5.124942213296890E-002,-2.717292606830597E-001,9.309374094009399E-001,
1.451366666666667E+009,1.144873499870300E-001,3.322653844952583E-002,-2.542078197002411E-001,9.352669119834900E-001,1.144873499870300E-001,3.322653844952583E-002,-2.542078197002411E-001,9.352669119834900E-001,
1.459733333333334E+009,1.200351268053055E-001,1.108856126666069E-002,-2.392971515655518E-001,9.393432736396790E-001,1.200351268053055E-001,1.108856126666069E-002,-2.392971515655518E-001,9.393432736396790E-001,
1.468100000000000E+009,1.135848313570023E-001,-1.089749578386545E-002,-2.043906152248383E-001,9.462652802467346E-001,1.135848313570023E-001,-1.089749578386545E-002,-2.043906152248383E-001,9.462652802467346E-001,
1.476466666666667E+009,9.734123945236206E-002,-2.534132450819016E-002,-1.848213672637940E-001,9.617749452590942E-001,9.734123945236206E-002,-2.534132450819016E-002,-1.848213672637940E-001,9.617749452590942E-001,
1.484833333333334E+009,7.562167197465897E-002,-2.839292585849762E-002,-1.526077389717102E-001,9.635817408561707E-001,7.562167197465897E-002,-2.839292585849762E-002,-1.526077389717102E-001,9.635817408561707E-001,
1.493200000000000E+009,6.012505665421486E-002,-1.866046525537968E-002,-1.345192492008209E-001,9.653666615486145E-001,6.012505665421486E-002,-1.866046525537968E-002,-1.345192492008209E-001,9.653666615486145E-001,
1.501566666666667E+009,5.178945884108543E-002,-6.493343244073913E-005,-1.028404906392098E-001,9.666890501976013E-001,5.178945884108543E-002,-6.493343244073913E-005,-1.028404906392098E-001,9.666890501976013E-001,
1.509933333333334E+009,5.380807071924210E-002,2.158263139426708E-002,-8.628591895103455E-002,9.713715910911560E-001,5.380807071924210E-002,2.158263139426708E-002,-8.628591895103455E-002,9.713715910911560E-001,
1.518300000000000E+009,6.985218077898026E-002,3.609954565763474E-002,-5.936818197369576E-002,9.767884016036987E-001,6.985218077898026E-002,3.609954565763474E-002,-5.936818197369576E-002,9.767884016036987E-001,
1.526666666666667E+009,9.023292362689972E-002,4.056749120354652E-002,-2.696635760366917E-002,9.679306149482727E-001,9.023292362689972E-002,4.056749120354652E-002,-2.696635760366917E-002,9.679306149482727E-001,
1.535033333333334E+009,1.107109487056732E-001,3.481649607419968E-002,-5.932700354605913E-003,9.764780998229981E-001,1.107109487056732E-001,3.481649607419968E-002,-5.932700354605913E-003,9.764780998229981E-001,
1.543400000000000E+009,1.233092471957207E-001,1.696961931884289E-002,1.329904235899448E-002,9.686232209205627E-001,1.233092471957207E-001,1.696961931884289E-002,1.329904235899448E-002,9.686232209205627E-001,
1.551766666666667E+009,1.242759078741074E-001,-6.825040560215712E-003,3.601694479584694E-002,9.634457826614380E-001,1.242759078741074E-001,-6.825040560215712E-003,3.601694479584694E-002,9.634457826614380E-001,
1.560133333333334E+009,1.166347190737724E-001,-2.789958752691746E-002,5.804662778973579E-002,9.700643420219421E-001,1.166347190737724E-001,-2.789958752691746E-002,5.804662778973579E-002,9.700643420219421E-001,
1.568500000000000E+009,1.017223000526428E-001,-4.061077907681465E-002,7.457734644412994E-002,9.730209112167358E-001,1.017223000526428E-001,-4.061077907681465E-002,7.457734644412994E-002,9.730209112167358E-001,
1.576866666666667E+009,8.176494389772415E-002,-4.198414459824562E-002,1.162534207105637E-001,9.638654589653015E-001,8.176494389772415E-002,-4.198414459824562E-002,1.162534207105637E-001,9.638654589653015E-001,
1.585233333333334E+009,6.924290210008621E-002,-3.341536223888397E-002,1.325479596853256E-001,9.633743166923523E-001,6.924290210008621E-002,-3.341536223888397E-002,1.325479596853256E-001,9.633743166923523E-001,
1.593600000000000E+009,6.261545419692993E-002,-1.909301988780499E-002,1.613299548625946E-001,9.570932388305664E-001,6.261545419692993E-002,-1.909301988780499E-002,1.613299548625946E-001,9.570932388305664E-001,
1.601966666666667E+009,6.665810197591782E-002,-1.379429595544934E-003,1.827516257762909E-001,9.555824398994446E-001,6.665810197591782E-002,-1.379429595544934E-003,1.827516257762909E-001,9.555824398994446E-001,
1.610333333333334E+009,7.985366880893707E-002,9.487706236541271E-003,2.142631411552429E-001,9.454818964004517E-001,7.985366880893707E-002,9.487706236541271E-003,2.142631411552429E-001,9.454818964004517E-001,
1.618700000000000E+009,9.847953170537949E-002,1.141891255974770E-002,2.395586818456650E-001,9.406136870384216E-001,9.847953170537949E-002,1.141891255974770E-002,2.395586818456650E-001,9.406136870384216E-001,
1.627066666666667E+009,1.133084520697594E-001,2.916624769568443E-003,2.599160373210907E-001,9.307194352149963E-001,1.133084520697594E-001,2.916624769568443E-003,2.599160373210907E-001,9.307194352149963E-001,
1.635433333333334E+009,1.213503777980804E-001,-1.098621077835560E-002,2.862687110900879E-001,9.299486875534058E-001,1.213503777980804E-001,-1.098621077835560E-002,2.862687110900879E-001,9.299486875534058E-001,
1.643800000000000E+009,1.210357844829559E-001,-3.056181035935879E-002,2.981911301612854E-001,9.205830097198486E-001,1.210357844829559E-001,-3.056181035935879E-002,2.981911301612854E-001,9.205830097198486E-001,
1.652166666666667E+009,1.112872809171677E-001,-4.692706838250160E-002,3.315171003341675E-001,9.111516475677490E-001,1.112872809171677E-001,-4.692706838250160E-002,3.315171003341675E-001,9.111516475677490E-001,
1.660533333333334E+009,9.616438299417496E-002,-5.523527041077614E-002,3.467535674571991E-001,9.069217443466187E-001,9.616438299417496E-002,-5.523527041077614E-002,3.467535674571991E-001,9.069217443466187E-001,
1.668900000000000E+009,8.082277327775955E-002,-5.405161529779434E-002,3.699786663055420E-001,8.952563405036926E-001,8.082277327775955E-002,-5.405161529779434E-002,3.699786663055420E-001,8.952563405036926E-001,
1.677266666666667E+009,6.860440969467163E-002,-4.669838398694992E-002,4.111904203891754E-001,8.845791816711426E-001,6.860440969467163E-002,-4.669838398694992E-002,4.111904203891754E-001,8.845791816711426E-001,
1.685633333333334E+009,6.674184650182724E-002,-3.260214254260063E-002,4.268906116485596E-001,8.769074678421021E-001,6.674184650182724E-002,-3.260214254260063E-002,4.268906116485596E-001,8.769074678421021E-001,
1.694000000000000E+009,7.197916507720947E-002,-2.076161839067936E-002,4.433727860450745E-001,8.621180057525635E-001,7.197916507720947E-002,-2.076161839067936E-002,4.433727860450745E-001,8.621180057525635E-001,
1.702366666666667E+009,8.479756861925125E-002,-1.132057048380375E-002,4.669212400913239E-001,8.529288768768311E-001,8.479756861925125E-002,-1.132057048380375E-002,4.669212400913239E-001,8.529288768768311E-001,
1.710733333333334E+009,1.015042364597321E-001,-1.011590566486120E-002,4.847263693809509E-001,8.335989713668823E-001,1.015042364597321E-001,-1.011590566486120E-002,4.847263693809509E-001,8.335989713668823E-001,
1.719100000000000E+009,1.162430122494698E-001,-1.968137547373772E-002,5.096148252487183E-001,8.173654675483704E-001,1.162430122494698E-001,-1.968137547373772E-002,5.096148252487183E-001,8.173654675483704E-001,
1.727466666666667E+009,1.249716356396675E-001,-3.410644829273224E-002,5.264092683792114E-001,8.117085099220276E-001,1.249716356396675E-001,-3.410644829273224E-002,5.264092683792114E-001,8.117085099220276E-001,
1.735833333333334E+009,1.249084398150444E-001,-5.180856212973595E-002,5.415809154510498E-001,7.958589792251587E-001,1.249084398150444E-001,-5.180856212973595E-002,5.415809154510498E-001,7.958589792251587E-001,
1.744200000000000E+009,1.160294860601425E-001,-6.991296261548996E-002,5.690402984619141E-001,7.736085653305054E-001,1.160294860601425E-001,-6.991296261548996E-002,5.690402984619141E-001,7.736085653305054E-001,
1.752566666666667E+009,1.028310805559158E-001,-8.158486336469650E-002,5.960266590118408E-001,7.678111791610718E-001,1.028310805559158E-001,-8.158486336469650E-002,5.960266590118408E-001,7.678111791610718E-001,
1.760933333333334E+009,8.697327971458435E-002,-8.718872070312500E-002,6.056535243988037E-001,7.543224096298218E-001,8.697327971458435E-002,-8.718872070312500E-002,6.056535243988037E-001,7.543224096298218E-001,
1.769300000000000E+009,7.241550832986832E-002,-8.444865047931671E-002,6.286126375198364E-001,7.455760836601257E-001,7.241550832986832E-002,-8.444865047931671E-002,6.286126375198364E-001,7.455760836601257E-001,
1.777666666666667E+009,6.393226981163025E-002,-7.461843639612198E-002,6.441527009010315E-001,7.353860735893250E-001,6.393226981163025E-002,-7.461843639612198E-002,6.441527009010315E-001,7.353860735893250E-001,
1.786033333333334E+009,6.301819533109665E-002,-6.537555158138275E-002,6.593193411827087E-001,7.038488984107971E-001,6.301819533109665E-002,-6.537555158138275E-002,6.593193411827087E-001,7.038488984107971E-001,
1.794400000000000E+009,6.961844116449356E-002,-5.392592027783394E-002,6.832753419876099E-001,6.877402663230896E-001,6.961844116449356E-002,-5.392592027783394E-002,6.832753419876099E-001,6.877402663230896E-001,
1.802766666666667E+009,7.799313962459564E-002,-4.974963515996933E-002,7.006128430366516E-001,6.687209010124207E-001,7.799313962459564E-002,-4.974963515996933E-002,7.006128430366516E-001,6.687209010124207E-001,
1.811133333333334E+009,8.815525472164154E-002,-4.947447776794434E-002,7.227931618690491E-001,6.492534875869751E-001,8.815525472164154E-002,-4.947447776794434E-002,7.227931618690491E-001,6.492534875869751E-001,
1.819500000000000E+009,9.755227714776993E-002,-5.478398874402046E-002,7.335321903228760E-001,6.218861937522888E-001,9.755227714776993E-002,-5.478398874402046E-002,7.335321903228760E-001,6.218861937522888E-001,
1.827866666666667E+009,1.024250537157059E-001,-6.460572034120560E-002,7.530723810195923E-001,6.113619804382324E-001,1.024250537157059E-001,-6.460572034120560E-002,7.530723810195923E-001,6.113619804382324E-001,
1.836233333333334E+009,9.879443049430847E-002,-7.658389210700989E-002,7.645553946495056E-001,5.942037105560303E-001,9.879443049430847E-002,-7.658389210700989E-002,7.645553946495056E-001,5.942037105560303E-001,
1.844600000000000E+009,9.071598201990128E-002,-8.610462397336960E-002,7.799573540687561E-001,5.875073075294495E-001,9.071598201990128E-002,-8.610462397336960E-002,7.799573540687561E-001,5.875073075294495E-001,
1.852966666666667E+009,8.127266168594360E-002,-9.146617352962494E-002,7.869212627410889E-001,5.530993938446045E-001,8.127266168594360E-002,-9.146617352962494E-002,7.869212627410889E-001,5.530993938446045E-001,
1.861333333333334E+009,7.105088979005814E-002,-9.540372341871262E-002,8.099744319915772E-001,5.335314869880676E-001,7.105088979005814E-002,-9.540372341871262E-002,8.099744319915772E-001,5.335314869880676E-001,
1.869700000000000E+009,6.380992382764816E-002,-9.017077088356018E-002,8.243905305862427E-001,5.141333341598511E-001,6.380992382764816E-002,-9.017077088356018E-002,8.243905305862427E-001,5.141333341598511E-001,
1.878066666666667E+009,6.088671460747719E-002,-8.616689592599869E-002,8.375616669654846E-001,4.989169239997864E-001,6.088671460747719E-002,-8.616689592599869E-002,8.375616669654846E-001,4.989169239997864E-001,
1.886433333333334E+009,6.289380788803101E-002,-7.933785766363144E-002,8.557049632072449E-001,4.717117249965668E-001,6.289380788803101E-002,-7.933785766363144E-002,8.557049632072449E-001,4.717117249965668E-001,
1.894800000000000E+009,7.140322029590607E-002,-7.553026825189591E-002,8.661148548126221E-001,4.517847597599030E-001,7.140322029590607E-002,-7.553026825189591E-002,8.661148548126221E-001,4.517847597599030E-001,
1.903166666666667E+009,8.042496442794800E-002,-7.374855130910873E-002,8.765398263931274E-001,4.204615652561188E-001,8.042496442794800E-002,-7.374855130910873E-002,8.765398263931274E-001,4.204615652561188E-001,
1.911533333333334E+009,8.917714655399323E-002,-7.998884469270706E-002,8.831701278686523E-001,3.928175866603851E-001,8.917714655399323E-002,-7.998884469270706E-002,8.831701278686523E-001,3.928175866603851E-001,
1.919900000000000E+009,9.472433477640152E-002,-8.925601840019226E-002,8.958916664123535E-001,3.786512017250061E-001,9.472433477640152E-002,-8.925601840019226E-002,8.958916664123535E-001,3.786512017250061E-001,
1.928266666666667E+009,9.624890238046646E-002,-1.001890674233437E-001,8.915378451347351E-001,3.427075445652008E-001,9.624890238046646E-002,-1.001890674233437E-001,8.915378451347351E-001,3.427075445652008E-001,
1.936633333333334E+009,8.937752246856690E-002,-1.130295321345329E-001,9.097449779510498E-001,3.319571912288666E-001,8.937752246856690E-002,-1.130295321345329E-001,9.097449779510498E-001,3.319571912288666E-001,
1.945000000000000E+009,7.789303362369537E-002,-1.218771860003471E-001,9.181466102600098E-001,3.076298534870148E-001,7.789303362369537E-002,-1.218771860003471E-001,9.181466102600098E-001,3.076298534870148E-001,
1.953366666666667E+009,6.484059244394302E-002,-1.280256807804108E-001,9.208364486694336E-001,2.865065336227417E-001,6.484059244394302E-002,-1.280256807804108E-001,9.208364486694336E-001,2.865065336227417E-001,
1.961733333333334E+009,4.892287775874138E-002,-1.255499720573425E-001,9.352730512619019E-001,2.643787860870361E-001,4.892287775874138E-002,-1.255499720573425E-001,9.352730512619019E-001,2.643787860870361E-001,
1.970100000000000E+009,3.795302659273148E-002,-1.202681735157967E-001,9.370981454849243E-001,2.411499619483948E-001,3.795302659273148E-002,-1.202681735157967E-001,9.370981454849243E-001,2.411499619483948E-001,
1.978466666666667E+009,3.461508080363274E-002,-1.097691133618355E-001,9.474060535430908E-001,2.112312763929367E-001,3.461508080363274E-002,-1.097691133618355E-001,9.474060535430908E-001,2.112312763929367E-001,
1.986833333333334E+009,3.850016370415688E-002,-1.005671173334122E-001,9.497641324996948E-001,1.913693547248840E-001,3.850016370415688E-002,-1.005671173334122E-001,9.497641324996948E-001,1.913693547248840E-001,
1.995200000000000E+009,5.068693682551384E-002,-9.561583399772644E-002,9.520130157470703E-001,1.728898137807846E-001,5.068693682551384E-002,-9.561583399772644E-002,9.520130157470703E-001,1.728898137807846E-001,
2.003566666666667E+009,6.461901962757111E-002,-9.657987207174301E-002,9.567423462867737E-001,1.378153562545776E-001,6.461901962757111E-002,-9.657987207174301E-002,9.567423462867737E-001,1.378153562545776E-001,
2.011933333333334E+009,7.632206380367279E-002,-1.066518202424049E-001,9.629487395286560E-001,1.095510795712471E-001,7.632206380367279E-002,-1.066518202424049E-001,9.629487395286560E-001,1.095510795712471E-001,
2.020300000000000E+009,8.297754824161530E-002,-1.184949204325676E-001,9.635326266288757E-001,7.850007712841034E-002,8.297754824161530E-002,-1.184949204325676E-001,9.635326266288757E-001,7.850007712841034E-002,
2.028666666666667E+009,8.022560924291611E-002,-1.347103416919708E-001,9.636167287826538E-001,6.398758292198181E-002,8.022560924291611E-002,-1.347103416919708E-001,9.636167287826538E-001,6.398758292198181E-002,
2.037033333333334E+009,6.866091489791870E-002,-1.512138545513153E-001,9.660974144935608E-001,3.729653358459473E-002,6.866091489791870E-002,-1.512138545513153E-001,9.660974144935608E-001,3.729653358459473E-002,
2.045400000000000E+009,5.099174380302429E-002,-1.597753465175629E-001,9.612178802490234E-001,1.998264528810978E-002,5.099174380302429E-002,-1.597753465175629E-001,9.612178802490234E-001,1.998264528810978E-002,
2.053766666666667E+009,3.022719174623489E-002,-1.600081324577332E-001,9.641356468200684E-001,-4.994001239538193E-003,3.022719174623489E-002,-1.600081324577332E-001,9.641356468200684E-001,-4.994001239538193E-003,
2.062133333333334E+009,1.459473464637995E-002,-1.540026068687439E-001,9.689165353775024E-001,-3.117802366614342E-002,1.459473464637995E-002,-1.540026068687439E-001,9.689165353775024E-001,-3.117802366614342E-002,
2.070500000000000E+009,6.097692996263504E-003,-1.397315114736557E-001,9.693540930747986E-001,-5.794787406921387E-002,6.097692996263504E-003,-1.397315114736557E-001,9.693540930747986E-001,-5.794787406921387E-002,
2.078866666666667E+009,7.793930824846029E-003,-1.264955103397369E-001,9.644176363945007E-001,-8.072583377361298E-002,7.793930824846029E-003,-1.264955103397369E-001,9.644176363945007E-001,-8.072583377361298E-002,
2.087233333333334E+009,1.854219101369381E-002,-1.204946562647820E-001,9.641508460044861E-001,-1.158655881881714E-001,1.854219101369381E-002,-1.204946562647820E-001,9.641508460044861E-001,-1.158655881881714E-001,
2.095600000000000E+009,3.428470343351364E-002,-1.193293929100037E-001,9.650977253913879E-001,-1.371128559112549E-001,3.428470343351364E-002,-1.193293929100037E-001,9.650977253913879E-001,-1.371128559112549E-001,
2.103966666666667E+009,4.854162037372589E-002,-1.318693161010742E-001,9.606395959854126E-001,-1.653034389019013E-001,4.854162037372589E-002,-1.318693161010742E-001,9.606395959854126E-001,-1.653034389019013E-001,
2.112333333333334E+009,5.582492798566818E-002,-1.491946727037430E-001,9.475609064102173E-001,-1.845136731863022E-001,5.582492798566818E-002,-1.491946727037430E-001,9.475609064102173E-001,-1.845136731863022E-001,
2.120700000000000E+009,5.303760617971420E-002,-1.723919659852982E-001,9.401339888572693E-001,-2.132657766342163E-001,5.303760617971420E-002,-1.723919659852982E-001,9.401339888572693E-001,-2.132657766342163E-001,
2.129066666666667E+009,3.728436678647995E-002,-1.882608234882355E-001,9.434815049171448E-001,-2.399631887674332E-001,3.728436678647995E-002,-1.882608234882355E-001,9.434815049171448E-001,-2.399631887674332E-001,
2.137433333333334E+009,1.277947425842285E-002,-1.970796585083008E-001,9.246275424957275E-001,-2.557097375392914E-001,1.277947425842285E-002,-1.970796585083008E-001,9.246275424957275E-001,-2.557097375392914E-001,
2.145800000000000E+009,-1.622013747692108E-002,-1.945074349641800E-001,9.231396913528442E-001,-2.790967226028442E-001,-1.622013747692108E-002,-1.945074349641800E-001,9.231396913528442E-001,-2.790967226028442E-001,
2.154166666666667E+009,-3.798291087150574E-002,-1.810415536165237E-001,9.168590903282166E-001,-2.953011393547058E-001,-3.798291087150574E-002,-1.810415536165237E-001,9.168590903282166E-001,-2.953011393547058E-001,
2.162533333333334E+009,-5.049075186252594E-002,-1.598008275032044E-001,8.987486362457275E-001,-3.194966614246368E-001,-5.049075186252594E-002,-1.598008275032044E-001,8.987486362457275E-001,-3.194966614246368E-001,
2.170900000000000E+009,-4.877497628331184E-002,-1.391346156597138E-001,9.064921736717224E-001,-3.492411673069000E-001,-4.877497628331184E-002,-1.391346156597138E-001,9.064921736717224E-001,-3.492411673069000E-001,
2.179266666666667E+009,-3.554064407944679E-002,-1.272056251764298E-001,8.948534131050110E-001,-3.664186596870422E-001,-3.554064407944679E-002,-1.272056251764298E-001,8.948534131050110E-001,-3.664186596870422E-001,
2.187633333333334E+009,-1.679835841059685E-002,-1.257738620042801E-001,8.888694047927856E-001,-4.009683728218079E-001,-1.679835841059685E-002,-1.257738620042801E-001,8.888694047927856E-001,-4.009683728218079E-001,
2.196000000000000E+009,2.395462477579713E-003,-1.383311152458191E-001,8.669569492340088E-001,-4.214053153991699E-001,2.395462477579713E-003,-1.383311152458191E-001,8.669569492340088E-001,-4.214053153991699E-001,
2.204366666666667E+009,1.276391185820103E-002,-1.613614112138748E-001,8.569343090057373E-001,-4.422947764396668E-001,1.276391185820103E-002,-1.613614112138748E-001,8.569343090057373E-001,-4.422947764396668E-001,
2.212733333333334E+009,8.741478435695171E-003,-1.868404895067215E-001,8.402835726737976E-001,-4.728474617004395E-001,8.741478435695171E-003,-1.868404895067215E-001,8.402835726737976E-001,-4.728474617004395E-001,
2.221100000000000E+009,-9.897580370306969E-003,-2.050861716270447E-001,8.199990391731262E-001,-4.816895723342896E-001,-9.897580370306969E-003,-2.050861716270447E-001,8.199990391731262E-001,-4.816895723342896E-001,
2.229466666666667E+009,-3.547712787985802E-002,-2.135926783084869E-001,8.112261295318604E-001,-4.923534393310547E-001,-3.547712787985802E-002,-2.135926783084869E-001,8.112261295318604E-001,-4.923534393310547E-001,
2.237833333333334E+009,-6.639850884675980E-002,-2.057178765535355E-001,8.033475875854492E-001,-5.168535709381104E-001,-6.639850884675980E-002,-2.057178765535355E-001,8.033475875854492E-001,-5.168535709381104E-001,
2.246200000000000E+009,-9.196823835372925E-002,-1.873429417610169E-001,7.922996878623962E-001,-5.359660983085632E-001,-9.196823835372925E-002,-1.873429417610169E-001,7.922996878623962E-001,-5.359660983085632E-001,
2.254566666666667E+009,-1.029327139258385E-001,-1.596877723932266E-001,7.833970189094544E-001,-5.550023317337036E-001,-1.029327139258385E-001,-1.596877723932266E-001,7.833970189094544E-001,-5.550023317337036E-001,
2.262933333333334E+009,-1.025699600577354E-001,-1.358362287282944E-001,7.694170475006104E-001,-5.775051116943359E-001,-1.025699600577354E-001,-1.358362287282944E-001,7.694170475006104E-001,-5.775051116943359E-001,
2.271300000000000E+009,-8.862614631652832E-002,-1.187833622097969E-001,7.518118619918823E-001,-5.978440046310425E-001,-8.862614631652832E-002,-1.187833622097969E-001,7.518118619918823E-001,-5.978440046310425E-001,
2.279666666666667E+009,-6.724669784307480E-002,-1.184890270233154E-001,7.385646104812622E-001,-6.197655797004700E-001,-6.724669784307480E-002,-1.184890270233154E-001,7.385646104812622E-001,-6.197655797004700E-001,
2.288033333333334E+009,-5.044807493686676E-002,-1.324665546417236E-001,7.211260199546814E-001,-6.503454446792603E-001,-5.044807493686676E-002,-1.324665546417236E-001,7.211260199546814E-001,-6.503454446792603E-001,
2.296400000000000E+009,-4.282523319125176E-002,-1.571696102619171E-001,6.963682174682617E-001,-6.668462157249451E-001,-4.282523319125176E-002,-1.571696102619171E-001,6.963682174682617E-001,-6.668462157249451E-001,
2.304766666666667E+009,-5.080059915781021E-002,-1.826879084110260E-001,6.814190149307251E-001,-6.717902421951294E-001,-5.080059915781021E-002,-1.826879084110260E-001,6.814190149307251E-001,-6.717902421951294E-001,
2.313133333333334E+009,-7.386106997728348E-002,-1.978551000356674E-001,6.545684337615967E-001,-6.993335485458374E-001,-7.386106997728348E-002,-1.978551000356674E-001,6.545684337615967E-001,-6.993335485458374E-001,
2.321500000000000E+009,-9.942506253719330E-002,-1.986418068408966E-001,6.422288417816162E-001,-7.056553959846497E-001,-9.942506253719330E-002,-1.986418068408966E-001,6.422288417816162E-001,-7.056553959846497E-001,
2.329866666666667E+009,-1.254896521568298E-001,-1.848487108945847E-001,6.319530606269836E-001,-7.204055190086365E-001,-1.254896521568298E-001,-1.848487108945847E-001,6.319530606269836E-001,-7.204055190086365E-001,
2.338233333333334E+009,-1.439119130373001E-001,-1.605377048254013E-001,6.074184775352478E-001,-7.360061407089233E-001,-1.439119130373001E-001,-1.605377048254013E-001,6.074184775352478E-001,-7.360061407089233E-001,
2.346600000000000E+009,-1.473792642354965E-001,-1.283583492040634E-001,5.896582007408142E-001,-7.548879981040955E-001,-1.473792642354965E-001,-1.283583492040634E-001,5.896582007408142E-001,-7.548879981040955E-001,
2.354966666666667E+009,-1.350331902503967E-001,-1.051380634307861E-001,5.817426443099976E-001,-7.686626315116882E-001,-1.350331902503967E-001,-1.051380634307861E-001,5.817426443099976E-001,-7.686626315116882E-001,
2.363333333333334E+009,-1.147893220186234E-001,-9.613109380006790E-002,5.627222657203674E-001,-7.864421010017395E-001,-1.147893220186234E-001,-9.613109380006790E-002,5.627222657203674E-001,-7.864421010017395E-001,
2.371700000000000E+009,-9.033346176147461E-002,-1.027520149946213E-001,5.402978658676148E-001,-8.086680769920349E-001,-9.033346176147461E-002,-1.027520149946213E-001,5.402978658676148E-001,-8.086680769920349E-001,
2.380066666666667E+009,-7.727327197790146E-002,-1.286742091178894E-001,5.063281655311585E-001,-8.212189078330994E-001,-7.727327197790146E-002,-1.286742091178894E-001,5.063281655311585E-001,-8.212189078330994E-001,
2.388433333333334E+009,-8.183138072490692E-002,-1.601131409406662E-001,4.839662611484528E-001,-8.257686495780945E-001,-8.183138072490692E-002,-1.601131409406662E-001,4.839662611484528E-001,-8.257686495780945E-001,
2.396800000000000E+009,-1.032757014036179E-001,-1.891326755285263E-001,4.492516517639160E-001,-8.410995006561279E-001,-1.032757014036179E-001,-1.891326755285263E-001,4.492516517639160E-001,-8.410995006561279E-001,
2.405166666666667E+009,-1.361716091632843E-001,-2.060312628746033E-001,4.328016638755798E-001,-8.475178480148315E-001,-1.361716091632843E-001,-2.060312628746033E-001,4.328016638755798E-001,-8.475178480148315E-001,
2.413533333333334E+009,-1.769674271345139E-001,-1.987400054931641E-001,4.104251265525818E-001,-8.491466641426086E-001,-1.769674271345139E-001,-1.987400054931641E-001,4.104251265525818E-001,-8.491466641426086E-001,
2.421900000000000E+009,-2.119210064411163E-001,-1.754053831100464E-001,4.006528556346893E-001,-8.576878905296326E-001,-2.119210064411163E-001,-1.754053831100464E-001,4.006528556346893E-001,-8.576878905296326E-001,
2.430266666666667E+009,-2.290954142808914E-001,-1.380756944417954E-001,3.843906521797180E-001,-8.683443665504456E-001,-2.290954142808914E-001,-1.380756944417954E-001,3.843906521797180E-001,-8.683443665504456E-001,
2.438633333333334E+009,-2.324822992086411E-001,-9.393519908189774E-002,3.668211400508881E-001,-8.782879114151001E-001,-2.324822992086411E-001,-9.393519908189774E-002,3.668211400508881E-001,-8.782879114151001E-001,
2.447000000000000E+009,-2.151660323143005E-001,-5.486093088984489E-002,3.456083834171295E-001,-8.954433202743530E-001,-2.151660323143005E-001,-5.486093088984489E-002,3.456083834171295E-001,-8.954433202743530E-001,
2.455366666666667E+009,-1.839442700147629E-001,-3.384105116128922E-002,3.247166872024536E-001,-9.054434299468994E-001,-1.839442700147629E-001,-3.384105116128922E-002,3.247166872024536E-001,-9.054434299468994E-001,
2.463733333333334E+009,-1.520607918500900E-001,-3.319068625569344E-002,2.992876172065735E-001,-9.222810268402100E-001,-1.520607918500900E-001,-3.319068625569344E-002,2.992876172065735E-001,-9.222810268402100E-001,
2.472100000000000E+009,-1.297388374805450E-001,-5.404522269964218E-002,2.689250111579895E-001,-9.320300221443176E-001,-1.297388374805450E-001,-5.404522269964218E-002,2.689250111579895E-001,-9.320300221443176E-001,
2.480466666666667E+009,-1.242064237594605E-001,-8.579915761947632E-002,2.331460118293762E-001,-9.318162202835083E-001,-1.242064237594605E-001,-8.579915761947632E-002,2.331460118293762E-001,-9.318162202835083E-001,
2.488833333333334E+009,-1.391842216253281E-001,-1.163388490676880E-001,2.113967388868332E-001,-9.358796477317810E-001,-1.391842216253281E-001,-1.163388490676880E-001,2.113967388868332E-001,-9.358796477317810E-001,
2.497200000000000E+009,-1.667848527431488E-001,-1.333536058664322E-001,1.819953620433807E-001,-9.405294060707092E-001,-1.667848527431488E-001,-1.333536058664322E-001,1.819953620433807E-001,-9.405294060707092E-001,
2.505566666666667E+009,-2.048057317733765E-001,-1.324560493230820E-001,1.562392562627792E-001,-9.428687095642090E-001,-2.048057317733765E-001,-1.324560493230820E-001,1.562392562627792E-001,-9.428687095642090E-001,
2.513933333333334E+009,-2.328480333089829E-001,-1.108126863837242E-001,1.405404210090637E-001,-9.396860003471375E-001,-2.328480333089829E-001,-1.108126863837242E-001,1.405404210090637E-001,-9.396860003471375E-001,
2.522300000000000E+009,-2.472495883703232E-001,-7.902511954307556E-002,1.160628572106361E-001,-9.416214823722839E-001,-2.472495883703232E-001,-7.902511954307556E-002,1.160628572106361E-001,-9.416214823722839E-001,
2.530666666666667E+009,-2.428738325834274E-001,-3.986017405986786E-002,9.528529644012451E-002,-9.521571397781372E-001,-2.428738325834274E-001,-3.986017405986786E-002,9.528529644012451E-002,-9.521571397781372E-001,
2.539033333333334E+009,-2.232678085565567E-001,-8.115246891975403E-003,7.804823666810989E-002,-9.537827968597412E-001,-2.232678085565567E-001,-8.115246891975403E-003,7.804823666810989E-002,-9.537827968597412E-001,
2.547400000000000E+009,-1.937764883041382E-001,9.248301386833191E-003,5.917790159583092E-002,-9.667922258377075E-001,-1.937764883041382E-001,9.248301386833191E-003,5.917790159583092E-002,-9.667922258377075E-001,
2.555766666666667E+009,-1.624072641134262E-001,7.515345700085163E-003,2.654685080051422E-002,-9.740478992462158E-001,-1.624072641134262E-001,7.515345700085163E-003,2.654685080051422E-002,-9.740478992462158E-001,
2.564133333333334E+009,-1.446130275726318E-001,-1.414125971496105E-002,-3.671349259093404E-003,-9.679777622222900E-001,-1.446130275726318E-001,-1.414125971496105E-002,-3.671349259093404E-003,-9.679777622222900E-001,
2.572500000000000E+009,-1.456495672464371E-001,-4.328472912311554E-002,-3.326472640037537E-002,-9.650502800941467E-001,-1.456495672464371E-001,-4.328472912311554E-002,-3.326472640037537E-002,-9.650502800941467E-001,
2.580866666666667E+009,-1.655291765928268E-001,-6.936935335397720E-002,-6.272620707750320E-002,-9.629794359207153E-001,-1.655291765928268E-001,-6.936935335397720E-002,-6.272620707750320E-002,-9.629794359207153E-001,
2.589233333333334E+009,-1.998632997274399E-001,-8.214637637138367E-002,-9.240869432687759E-002,-9.516860842704773E-001,-1.998632997274399E-001,-8.214637637138367E-002,-9.240869432687759E-002,-9.516860842704773E-001,
2.597600000000000E+009,-2.355180978775024E-001,-7.732592523097992E-002,-1.175432577729225E-001,-9.444422125816345E-001,-2.355180978775024E-001,-7.732592523097992E-002,-1.175432577729225E-001,-9.444422125816345E-001,
2.605966666666667E+009,-2.639669179916382E-001,-5.255681276321411E-002,-1.276879608631134E-001,-9.444295167922974E-001,-2.639669179916382E-001,-5.255681276321411E-002,-1.276879608631134E-001,-9.444295167922974E-001,
2.614333333333334E+009,-2.753548622131348E-001,-1.943961344659329E-002,-1.462266892194748E-001,-9.335135221481323E-001,-2.753548622131348E-001,-1.943961344659329E-002,-1.462266892194748E-001,-9.335135221481323E-001,
2.622700000000000E+009,-2.681674063205719E-001,2.122181095182896E-002,-1.647853702306747E-001,-9.307034611701965E-001,-2.681674063205719E-001,2.122181095182896E-002,-1.647853702306747E-001,-9.307034611701965E-001,
2.631066666666667E+009,-2.448357343673706E-001,5.429568141698837E-002,-1.894050091505051E-001,-9.414719939231873E-001,-2.448357343673706E-001,5.429568141698837E-002,-1.894050091505051E-001,-9.414719939231873E-001,
2.639433333333334E+009,-2.099583894014359E-001,7.045086473226547E-002,-2.099580764770508E-001,-9.328939318656921E-001,-2.099583894014359E-001,7.045086473226547E-002,-2.099580764770508E-001,-9.328939318656921E-001,
2.647800000000000E+009,-1.753104478120804E-001,6.910112500190735E-002,-2.387582510709763E-001,-9.340273141860962E-001,-1.753104478120804E-001,6.910112500190735E-002,-2.387582510709763E-001,-9.340273141860962E-001,
2.656166666666667E+009,-1.549800038337708E-001,5.012343451380730E-002,-2.651101350784302E-001,-9.350990653038025E-001,-1.549800038337708E-001,5.012343451380730E-002,-2.651101350784302E-001,-9.350990653038025E-001,
2.664533333333334E+009,-1.532284617424011E-001,2.459197863936424E-002,-2.998369336128235E-001,-9.153103828430176E-001,-1.532284617424011E-001,2.459197863936424E-002,-2.998369336128235E-001,-9.153103828430176E-001,
2.672900000000000E+009,-1.703390479087830E-001,1.150918425992131E-003,-3.230036497116089E-001,-9.084588885307312E-001,-1.703390479087830E-001,1.150918425992131E-003,-3.230036497116089E-001,-9.084588885307312E-001,
2.681266666666667E+009,-2.016886472702026E-001,-8.158432319760323E-003,-3.491109609603882E-001,-8.913811445236206E-001,-2.016886472702026E-001,-8.158432319760323E-003,-3.491109609603882E-001,-8.913811445236206E-001,
2.689633333333334E+009,-2.366908639669418E-001,-5.454284837469459E-004,-3.683691918849945E-001,-8.800894021987915E-001,-2.366908639669418E-001,-5.454284837469459E-004,-3.683691918849945E-001,-8.800894021987915E-001,
2.698000000000000E+009,-2.613797485828400E-001,2.333125658333302E-002,-3.781222701072693E-001,-8.643956780433655E-001,-2.613797485828400E-001,2.333125658333302E-002,-3.781222701072693E-001,-8.643956780433655E-001,
2.706366666666667E+009,-2.698105573654175E-001,5.873941630125046E-002,-4.010711014270783E-001,-8.515059947967529E-001,-2.698105573654175E-001,5.873941630125046E-002,-4.010711014270783E-001,-8.515059947967529E-001,
2.714733333333334E+009,-2.604695558547974E-001,9.277743846178055E-002,-4.137111902236939E-001,-8.509781956672669E-001,-2.604695558547974E-001,9.277743846178055E-002,-4.137111902236939E-001,-8.509781956672669E-001,
2.723100000000000E+009,-2.327896505594254E-001,1.221445351839066E-001,-4.328520596027374E-001,-8.415480852127075E-001,-2.327896505594254E-001,1.221445351839066E-001,-4.328520596027374E-001,-8.415480852127075E-001,
2.731466666666667E+009,-1.937661916017532E-001,1.365265995264053E-001,-4.573986232280731E-001,-8.402159214019775E-001,-1.937661916017532E-001,1.365265995264053E-001,-4.573986232280731E-001,-8.402159214019775E-001,
2.739833333333334E+009,-1.570978164672852E-001,1.316487938165665E-001,-4.791792035102844E-001,-8.305444717407227E-001,-1.570978164672852E-001,1.316487938165665E-001,-4.791792035102844E-001,-8.305444717407227E-001,
2.748200000000000E+009,-1.324329674243927E-001,1.125852242112160E-001,-5.067881941795349E-001,-8.214929699897766E-001,-1.324329674243927E-001,1.125852242112160E-001,-5.067881941795349E-001,-8.214929699897766E-001,
2.756566666666667E+009,-1.268666237592697E-001,8.534722030162811E-002,-5.359639525413513E-001,-8.092616200447083E-001,-1.268666237592697E-001,8.534722030162811E-002,-5.359639525413513E-001,-8.092616200447083E-001,
2.764933333333334E+009,-1.408938914537430E-001,6.180012971162796E-002,-5.692888498306274E-001,-7.939746975898743E-001,-1.408938914537430E-001,6.180012971162796E-002,-5.692888498306274E-001,-7.939746975898743E-001,
2.773300000000000E+009,-1.690096855163574E-001,4.880898073315620E-002,-5.817705392837524E-001,-7.685660123825073E-001,-1.690096855163574E-001,4.880898073315620E-002,-5.817705392837524E-001,-7.685660123825073E-001,
2.781666666666667E+009,-2.050946503877640E-001,5.835798010230064E-002,-5.973546504974365E-001,-7.474910020828247E-001,-2.050946503877640E-001,5.835798010230064E-002,-5.973546504974365E-001,-7.474910020828247E-001,
2.790033333333334E+009,-2.303963005542755E-001,8.078046888113022E-002,-6.132504940032959E-001,-7.307363748550415E-001,-2.303963005542755E-001,8.078046888113022E-002,-6.132504940032959E-001,-7.307363748550415E-001,
2.798400000000000E+009,-2.416789978742600E-001,1.142968460917473E-001,-6.266233921051025E-001,-7.172449231147766E-001,-2.416789978742600E-001,1.142968460917473E-001,-6.266233921051025E-001,-7.172449231147766E-001,
2.806766666666667E+009,-2.305496186017990E-001,1.486985236406326E-001,-6.359840035438538E-001,-6.969740986824036E-001,-2.305496186017990E-001,1.486985236406326E-001,-6.359840035438538E-001,-6.969740986824036E-001,
2.815133333333334E+009,-2.043581753969193E-001,1.733691543340683E-001,-6.517218947410584E-001,-6.890994906425476E-001,-2.043581753969193E-001,1.733691543340683E-001,-6.517218947410584E-001,-6.890994906425476E-001,
2.823500000000000E+009,-1.663781106472015E-001,1.845396459102631E-001,-6.716649532318115E-001,-6.786471009254456E-001,-1.663781106472015E-001,1.845396459102631E-001,-6.716649532318115E-001,-6.786471009254456E-001,
2.831866666666667E+009,-1.283471584320068E-001,1.762791574001312E-001,-6.892838478088379E-001,-6.650616526603699E-001,-1.283471584320068E-001,1.762791574001312E-001,-6.892838478088379E-001,-6.650616526603699E-001,
2.840233333333334E+009,-1.011032983660698E-001,1.554180681705475E-001,-7.174913883209229E-001,-6.518459916114807E-001,-1.011032983660698E-001,1.554180681705475E-001,-7.174913883209229E-001,-6.518459916114807E-001,
2.848600000000000E+009,-9.216304123401642E-002,1.278456300497055E-001,-7.350006699562073E-001,-6.277329325675964E-001,-9.216304123401642E-002,1.278456300497055E-001,-7.350006699562073E-001,-6.277329325675964E-001,
2.856966666666667E+009,-1.041578501462936E-001,1.041776314377785E-001,-7.559063434600830E-001,-6.067765355110169E-001,-1.041578501462936E-001,1.041776314377785E-001,-7.559063434600830E-001,-6.067765355110169E-001,
2.865333333333334E+009,-1.335434466600418E-001,9.358985722064972E-002,-7.732980251312256E-001,-5.866408348083496E-001,-1.335434466600418E-001,9.358985722064972E-002,-7.732980251312256E-001,-5.866408348083496E-001,
2.873700000000000E+009,-1.673990190029144E-001,1.016868874430656E-001,-7.861475348472595E-001,-5.526490211486816E-001,-1.673990190029144E-001,1.016868874430656E-001,-7.861475348472595E-001,-5.526490211486816E-001,
2.882066666666667E+009,-1.937583237886429E-001,1.266760826110840E-001,-7.900739908218384E-001,-5.259750485420227E-001,-1.937583237886429E-001,1.266760826110840E-001,-7.900739908218384E-001,-5.259750485420227E-001,
2.890433333333334E+009,-2.053238153457642E-001,1.640563756227493E-001,-7.985041141510010E-001,-5.070341229438782E-001,-2.053238153457642E-001,1.640563756227493E-001,-7.985041141510010E-001,-5.070341229438782E-001,
2.898800000000000E+009,-1.951673477888107E-001,2.009408921003342E-001,-8.035501837730408E-001,-4.917478561401367E-001,-1.951673477888107E-001,2.009408921003342E-001,-8.035501837730408E-001,-4.917478561401367E-001,
2.907166666666667E+009,-1.675750613212585E-001,2.255964279174805E-001,-8.082132339477539E-001,-4.828142225742340E-001,-1.675750613212585E-001,2.255964279174805E-001,-8.082132339477539E-001,-4.828142225742340E-001,
2.915533333333334E+009,-1.268477588891983E-001,2.360020726919174E-001,-8.246256113052368E-001,-4.606800973415375E-001,-1.268477588891983E-001,2.360020726919174E-001,-8.246256113052368E-001,-4.606800973415375E-001,
2.923900000000000E+009,-8.695806562900543E-002,2.258959859609604E-001,-8.407087326049805E-001,-4.507220089435577E-001,-8.695806562900543E-002,2.258959859609604E-001,-8.407087326049805E-001,-4.507220089435577E-001,
2.932266666666667E+009,-5.592452362179756E-002,2.005349397659302E-001,-8.567624092102051E-001,-4.352509379386902E-001,-5.592452362179756E-002,2.005349397659302E-001,-8.567624092102051E-001,-4.352509379386902E-001,
2.940633333333334E+009,-4.399946331977844E-002,1.664861142635346E-001,-8.746786713600159E-001,-4.083944261074066E-001,-4.399946331977844E-002,1.664861142635346E-001,-8.746786713600159E-001,-4.083944261074066E-001,
2.949000000000000E+009,-5.308156460523605E-002,1.351196318864822E-001,-8.949614167213440E-001,-3.741097152233124E-001,-5.308156460523605E-002,1.351196318864822E-001,-8.949614167213440E-001,-3.741097152233124E-001,
2.957366666666667E+009,-7.915575802326202E-002,1.210100576281548E-001,-9.063307046890259E-001,-3.516812920570374E-001,-7.915575802326202E-002,1.210100576281548E-001,-9.063307046890259E-001,-3.516812920570374E-001,
2.965733333333334E+009,-1.145898699760437E-001,1.278816461563110E-001,-9.144130349159241E-001,-3.197183310985565E-001,-1.145898699760437E-001,1.278816461563110E-001,-9.144130349159241E-001,-3.197183310985565E-001,
2.974100000000000E+009,-1.410600990056992E-001,1.555998772382736E-001,-9.151019454002380E-001,-2.858822643756867E-001,-1.410600990056992E-001,1.555998772382736E-001,-9.151019454002380E-001,-2.858822643756867E-001,
2.982466666666667E+009,-1.518062651157379E-001,1.944933384656906E-001,-9.161176085472107E-001,-2.611352503299713E-001,-1.518062651157379E-001,1.944933384656906E-001,-9.161176085472107E-001,-2.611352503299713E-001,
2.990833333333334E+009,-1.433414816856384E-001,2.326652556657791E-001,-9.098983407020569E-001,-2.482948303222656E-001,-1.433414816856384E-001,2.326652556657791E-001,-9.098983407020569E-001,-2.482948303222656E-001,
2.999200000000000E+009,-1.150268018245697E-001,2.605045437812805E-001,-9.137171506881714E-001,-2.312782108783722E-001,-1.150268018245697E-001,2.605045437812805E-001,-9.137171506881714E-001,-2.312782108783722E-001,
3.007566666666667E+009,-7.470538467168808E-002,2.703799605369568E-001,-9.191135168075562E-001,-2.128316164016724E-001,-7.470538467168808E-002,2.703799605369568E-001,-9.191135168075562E-001,-2.128316164016724E-001,
3.015933333333334E+009,-3.186627849936485E-002,2.563032209873200E-001,-9.269193410873413E-001,-2.006009221076965E-001,-3.186627849936485E-002,2.563032209873200E-001,-9.269193410873413E-001,-2.006009221076965E-001,
3.024300000000000E+009,-1.258330419659615E-003,2.268107831478119E-001,-9.401779770851135E-001,-1.798582375049591E-001,-1.258330419659615E-003,2.268107831478119E-001,-9.401779770851135E-001,-1.798582375049591E-001,
3.032666666666667E+009,1.092729344964027E-002,1.854765713214874E-001,-9.512947797775269E-001,-1.539109647274017E-001,1.092729344964027E-002,1.854765713214874E-001,-9.512947797775269E-001,-1.539109647274017E-001,
3.041033333333334E+009,-3.611108986660838E-004,1.485755592584610E-001,-9.623751044273377E-001,-1.228368952870369E-001,-3.611108986660838E-004,1.485755592584610E-001,-9.623751044273377E-001,-1.228368952870369E-001,
3.049400000000000E+009,-3.033559955656529E-002,1.303749680519104E-001,-9.666110873222351E-001,-8.216913789510727E-002,-3.033559955656529E-002,1.303749680519104E-001,-9.666110873222351E-001,-8.216913789510727E-002,
3.057766666666667E+009,-6.574978679418564E-002,1.368396133184433E-001,-9.707796573638916E-001,-6.403737515211105E-002,-6.574978679418564E-002,1.368396133184433E-001,-9.707796573638916E-001,-6.403737515211105E-002,
3.066133333333334E+009,-9.475106745958328E-002,1.661012917757034E-001,-9.585373997688294E-001,-2.511802501976490E-002,-9.475106745958328E-002,1.661012917757034E-001,-9.585373997688294E-001,-2.511802501976490E-002,
3.074500000000000E+009,-1.041029468178749E-001,2.102338224649429E-001,-9.550347924232483E-001,5.372170708142221E-004,-1.041029468178749E-001,2.102338224649429E-001,-9.550347924232483E-001,5.372170708142221E-004,
3.082866666666667E+009,-8.934459835290909E-002,2.536541521549225E-001,-9.456883072853088E-001,1.668964698910713E-002,-8.934459835290909E-002,2.536541521549225E-001,-9.456883072853088E-001,1.668964698910713E-002,
3.091233333333334E+009,-5.463866889476776E-002,2.865775823593140E-001,-9.391692876815796E-001,3.783051669597626E-002,-5.463866889476776E-002,2.865775823593140E-001,-9.391692876815796E-001,3.783051669597626E-002,
3.099600000000000E+009,-8.558684960007668E-003,2.949795722961426E-001,-9.347256422042847E-001,4.781911522150040E-002,-8.558684960007668E-003,2.949795722961426E-001,-9.347256422042847E-001,4.781911522150040E-002,
3.107966666666667E+009,3.940122947096825E-002,2.777988314628601E-001,-9.419885873794556E-001,6.041038036346436E-002,3.940122947096825E-002,2.777988314628601E-001,-9.419885873794556E-001,6.041038036346436E-002,
3.116333333333334E+009,7.450254261493683E-002,2.392830848693848E-001,-9.481203556060791E-001,8.535145968198776E-002,7.450254261493683E-002,2.392830848693848E-001,-9.481203556060791E-001,8.535145968198776E-002,
3.124700000000000E+009,8.411510288715363E-002,1.883769482374191E-001,-9.565082788467407E-001,1.036710813641548E-001,8.411510288715363E-002,1.883769482374191E-001,-9.565082788467407E-001,1.036710813641548E-001,
3.133066666666667E+009,6.897729635238648E-002,1.415502130985260E-001,-9.636417031288147E-001,1.398434638977051E-001,6.897729635238648E-002,1.415502130985260E-001,-9.636417031288147E-001,1.398434638977051E-001,
3.141433333333334E+009,3.445842489600182E-002,1.125704050064087E-001,-9.621550440788269E-001,1.741135865449905E-001,3.445842489600182E-002,1.125704050064087E-001,-9.621550440788269E-001,1.741135865449905E-001,
3.149800000000000E+009,-1.145704090595245E-002,1.142649874091148E-001,-9.555113911628723E-001,2.137750983238220E-001,-1.145704090595245E-002,1.142649874091148E-001,-9.555113911628723E-001,2.137750983238220E-001,
3.158166666666667E+009,-4.694148153066635E-002,1.444182842969894E-001,-9.364969134330750E-001,2.455246746540070E-001,-4.694148153066635E-002,1.444182842969894E-001,-9.364969134330750E-001,2.455246746540070E-001,
3.166533333333334E+009,-5.980614572763443E-002,1.918267309665680E-001,-9.224600791931152E-001,2.696694135665894E-001,-5.980614572763443E-002,1.918267309665680E-001,-9.224600791931152E-001,2.696694135665894E-001,
3.174900000000000E+009,-4.794680699706078E-002,2.422578483819962E-001,-9.044387936592102E-001,2.876254618167877E-001,-4.794680699706078E-002,2.422578483819962E-001,-9.044387936592102E-001,2.876254618167877E-001,
3.183266666666667E+009,-1.136905606836081E-002,2.791796922683716E-001,-8.895754814147949E-001,3.017742633819580E-001,-1.136905606836081E-002,2.791796922683716E-001,-8.895754814147949E-001,3.017742633819580E-001,
3.191633333333334E+009,3.653677552938461E-002,2.903175950050354E-001,-8.785064816474915E-001,3.125716447830200E-001,3.653677552938461E-002,2.903175950050354E-001,-8.785064816474915E-001,3.125716447830200E-001,
3.200000000000000E+009,8.461737632751465E-002,2.734571099281311E-001,-8.803989291191101E-001,3.230591118335724E-001,8.461737632751465E-002,2.734571099281311E-001,-8.803989291191101E-001,3.230591118335724E-001,
