% Version 1.00
%
%freq[Hz],re:Trc1_S11,im:Trc1_S11,re:Trc2_S21,im:Trc2_S21,re:Trc3_S11,im:Trc3_S11,re:Trc4_S21,im:Trc4_S21,
6.900000000000000E+008,-4.218586534261704E-002,2.601044066250324E-002,-4.916360974311829E-001,-8.359954953193665E-001,-4.218586534261704E-002,2.601044066250324E-002,-4.916360974311829E-001,-8.359954953193665E-001,
6.983666666666666E+008,-3.504042699933052E-002,2.619526721537113E-002,-5.101160407066345E-001,-8.205919861793518E-001,-3.504042699933052E-002,2.619526721537113E-002,-5.101160407066345E-001,-8.205919861793518E-001,
7.067333333333334E+008,-2.949402481317520E-002,2.319385670125485E-002,-5.376487970352173E-001,-7.940987348556519E-001,-2.949402481317520E-002,2.319385670125485E-002,-5.376487970352173E-001,-7.940987348556519E-001,
7.151000000000000E+008,-3.041466698050499E-002,1.512145530432463E-002,-5.446537733078003E-001,-7.872331142425537E-001,-3.041466698050499E-002,1.512145530432463E-002,-5.446537733078003E-001,-7.872331142425537E-001,
7.234666666666666E+008,-3.087877854704857E-002,9.504430927336216E-003,-5.851660370826721E-001,-7.767459154129028E-001,-3.087877854704857E-002,9.504430927336216E-003,-5.851660370826721E-001,-7.767459154129028E-001,
7.318333333333334E+008,-3.835741057991982E-002,6.497385445982218E-003,-5.890516638755798E-001,-7.693014144897461E-001,-3.835741057991982E-002,6.497385445982218E-003,-5.890516638755798E-001,-7.693014144897461E-001,
7.402000000000000E+008,-4.579401388764381E-002,8.266142569482327E-003,-6.212584972381592E-001,-7.460032105445862E-001,-4.579401388764381E-002,8.266142569482327E-003,-6.212584972381592E-001,-7.460032105445862E-001,
7.485666666666666E+008,-5.079779028892517E-002,1.360875368118286E-002,-6.411883831024170E-001,-7.083523869514465E-001,-5.079779028892517E-002,1.360875368118286E-002,-6.411883831024170E-001,-7.083523869514465E-001,
7.569333333333334E+008,-5.168066173791885E-002,2.244466915726662E-002,-6.566981077194214E-001,-7.114884853363037E-001,-5.168066173791885E-002,2.244466915726662E-002,-6.566981077194214E-001,-7.114884853363037E-001,
7.653000000000000E+008,-4.831128194928169E-002,3.112209960818291E-002,-6.643797755241394E-001,-7.048581242561340E-001,-4.831128194928169E-002,3.112209960818291E-002,-6.643797755241394E-001,-7.048581242561340E-001,
7.736666666666666E+008,-4.077259823679924E-002,3.932890295982361E-002,-6.890977621078491E-001,-6.963488459587097E-001,-4.077259823679924E-002,3.932890295982361E-002,-6.890977621078491E-001,-6.963488459587097E-001,
7.820333333333334E+008,-3.464325517416000E-002,4.338664188981056E-002,-7.109113931655884E-001,-6.742332577705383E-001,-3.464325517416000E-002,4.338664188981056E-002,-7.109113931655884E-001,-6.742332577705383E-001,
7.904000000000000E+008,-2.554433606564999E-002,4.185540974140167E-002,-7.262919545173645E-001,-6.516616940498352E-001,-2.554433606564999E-002,4.185540974140167E-002,-7.262919545173645E-001,-6.516616940498352E-001,
7.987666666666666E+008,-1.867304183542728E-002,3.749488666653633E-002,-7.377405762672424E-001,-6.320523619651794E-001,-1.867304183542728E-002,3.749488666653633E-002,-7.377405762672424E-001,-6.320523619651794E-001,
8.071333333333334E+008,-1.898273080587387E-002,3.327029943466187E-002,-7.508863210678101E-001,-6.196615099906921E-001,-1.898273080587387E-002,3.327029943466187E-002,-7.508863210678101E-001,-6.196615099906921E-001,
8.155000000000000E+008,-2.310183644294739E-002,2.640916965901852E-002,-7.610915899276733E-001,-5.734661221504211E-001,-2.310183644294739E-002,2.640916965901852E-002,-7.610915899276733E-001,-5.734661221504211E-001,
8.238666666666666E+008,-2.811790443956852E-002,2.366893552243710E-002,-7.923843264579773E-001,-5.781098604202271E-001,-2.811790443956852E-002,2.366893552243710E-002,-7.923843264579773E-001,-5.781098604202271E-001,
8.322333333333334E+008,-3.636987134814262E-002,2.566221170127392E-002,-8.032020330429077E-001,-5.509256124496460E-001,-3.636987134814262E-002,2.566221170127392E-002,-8.032020330429077E-001,-5.509256124496460E-001,
8.406000000000000E+008,-4.119796678423882E-002,2.890921011567116E-002,-8.139286637306213E-001,-5.358174443244934E-001,-4.119796678423882E-002,2.890921011567116E-002,-8.139286637306213E-001,-5.358174443244934E-001,
8.489666666666668E+008,-4.170547053217888E-002,3.658349066972733E-002,-8.350024223327637E-001,-5.100207328796387E-001,-4.170547053217888E-002,3.658349066972733E-002,-8.350024223327637E-001,-5.100207328796387E-001,
8.573333333333334E+008,-3.884223103523254E-002,4.382573440670967E-002,-8.400806188583374E-001,-4.922580122947693E-001,-3.884223103523254E-002,4.382573440670967E-002,-8.400806188583374E-001,-4.922580122947693E-001,
8.657000000000000E+008,-3.213478252291679E-002,5.247361958026886E-002,-8.543372750282288E-001,-4.643577933311462E-001,-3.213478252291679E-002,5.247361958026886E-002,-8.543372750282288E-001,-4.643577933311462E-001,
8.740666666666668E+008,-2.404943481087685E-002,5.719528719782829E-002,-8.505092859268189E-001,-4.470029175281525E-001,-2.404943481087685E-002,5.719528719782829E-002,-8.505092859268189E-001,-4.470029175281525E-001,
8.824333333333334E+008,-1.548039633780718E-002,5.622832477092743E-002,-8.809356093406677E-001,-4.161490797996521E-001,-1.548039633780718E-002,5.622832477092743E-002,-8.809356093406677E-001,-4.161490797996521E-001,
8.908000000000000E+008,-8.235139772295952E-003,5.619917809963226E-002,-8.909237980842590E-001,-4.125858545303345E-001,-8.235139772295952E-003,5.619917809963226E-002,-8.909237980842590E-001,-4.125858545303345E-001,
8.991666666666668E+008,-5.649887491017580E-003,4.967599362134934E-002,-9.027575850486755E-001,-3.837632238864899E-001,-5.649887491017580E-003,4.967599362134934E-002,-9.027575850486755E-001,-3.837632238864899E-001,
9.075333333333334E+008,-5.634680390357971E-003,4.551516473293304E-002,-8.946553468704224E-001,-3.585004508495331E-001,-5.634680390357971E-003,4.551516473293304E-002,-8.946553468704224E-001,-3.585004508495331E-001,
9.159000000000000E+008,-8.625120855867863E-003,4.078146070241928E-002,-9.105520248413086E-001,-3.480831980705261E-001,-8.625120855867863E-003,4.078146070241928E-002,-9.105520248413086E-001,-3.480831980705261E-001,
9.242666666666668E+008,-1.382188033312559E-002,3.648497536778450E-002,-9.217788577079773E-001,-3.236693441867828E-001,-1.382188033312559E-002,3.648497536778450E-002,-9.217788577079773E-001,-3.236693441867828E-001,
9.326333333333334E+008,-1.848919130861759E-002,3.844254463911057E-002,-9.236309528350830E-001,-2.887938916683197E-001,-1.848919130861759E-002,3.844254463911057E-002,-9.236309528350830E-001,-2.887938916683197E-001,
9.410000000000000E+008,-2.407042495906353E-002,4.480602219700813E-002,-9.328112006187439E-001,-2.626526057720184E-001,-2.407042495906353E-002,4.480602219700813E-002,-9.328112006187439E-001,-2.626526057720184E-001,
9.493666666666668E+008,-2.486692741513252E-002,5.152112618088722E-002,-9.366201162338257E-001,-2.522841393947601E-001,-2.486692741513252E-002,5.152112618088722E-002,-9.366201162338257E-001,-2.522841393947601E-001,
9.577333333333334E+008,-2.015794441103935E-002,5.989968404173851E-002,-9.601461291313171E-001,-2.109077423810959E-001,-2.015794441103935E-002,5.989968404173851E-002,-9.601461291313171E-001,-2.109077423810959E-001,
9.661000000000000E+008,-1.225923281162977E-002,6.635814160108566E-002,-9.449387192726135E-001,-1.968762278556824E-001,-1.225923281162977E-002,6.635814160108566E-002,-9.449387192726135E-001,-1.968762278556824E-001,
9.744666666666668E+008,-2.828142605721951E-003,7.117898762226105E-002,-9.589699506759644E-001,-1.674086749553680E-001,-2.828142605721951E-003,7.117898762226105E-002,-9.589699506759644E-001,-1.674086749553680E-001,
9.828333333333334E+008,1.013037282973528E-002,6.933823227882385E-002,-9.538713693618774E-001,-1.406363546848297E-001,1.013037282973528E-002,6.933823227882385E-002,-9.538713693618774E-001,-1.406363546848297E-001,
9.912000000000000E+008,1.934772543609142E-002,6.671981513500214E-002,-9.651134014129639E-001,-1.322762817144394E-001,1.934772543609142E-002,6.671981513500214E-002,-9.651134014129639E-001,-1.322762817144394E-001,
9.995666666666668E+008,2.388663776218891E-002,5.767143145203590E-002,-9.690852165222168E-001,-9.611589461565018E-002,2.388663776218891E-002,5.767143145203590E-002,-9.690852165222168E-001,-9.611589461565018E-002,
1.007933333333333E+009,2.395281940698624E-002,4.980653896927834E-002,-9.734729528427124E-001,-7.901838421821594E-002,2.395281940698624E-002,4.980653896927834E-002,-9.734729528427124E-001,-7.901838421821594E-002,
1.016300000000000E+009,1.757494732737541E-002,4.140083864331245E-002,-9.739613533020020E-001,-5.317743867635727E-002,1.757494732737541E-002,4.140083864331245E-002,-9.739613533020020E-001,-5.317743867635727E-002,
1.024666666666667E+009,9.424171410501003E-003,4.074490070343018E-002,-9.757381081581116E-001,-3.150590881705284E-002,9.424171410501003E-003,4.074490070343018E-002,-9.757381081581116E-001,-3.150590881705284E-002,
1.033033333333333E+009,2.066995482891798E-003,4.140011221170425E-002,-9.556362628936768E-001,8.077965117990971E-003,2.066995482891798E-003,4.140011221170425E-002,-9.556362628936768E-001,8.077965117990971E-003,
1.041400000000000E+009,-2.146888757124543E-003,4.764687642455101E-002,-9.626381397247315E-001,2.825882844626904E-002,-2.146888757124543E-003,4.764687642455101E-002,-9.626381397247315E-001,2.825882844626904E-002,
1.049766666666667E+009,-2.756192814558744E-003,5.580385774374008E-002,-9.695981740951538E-001,5.032386630773544E-002,-2.756192814558744E-003,5.580385774374008E-002,-9.695981740951538E-001,5.032386630773544E-002,
1.058133333333333E+009,5.203900858759880E-003,6.472290307283402E-002,-9.640895724296570E-001,7.349867373704910E-002,5.203900858759880E-003,6.472290307283402E-002,-9.640895724296570E-001,7.349867373704910E-002,
1.066500000000000E+009,1.777444593608379E-002,6.902319192886353E-002,-9.482018351554871E-001,1.020232588052750E-001,1.777444593608379E-002,6.902319192886353E-002,-9.482018351554871E-001,1.020232588052750E-001,
1.074866666666667E+009,2.974967285990715E-002,6.631012260913849E-002,-9.603510499000549E-001,1.300293803215027E-001,2.974967285990715E-002,6.631012260913849E-002,-9.603510499000549E-001,1.300293803215027E-001,
1.083233333333334E+009,4.240274801850319E-002,6.252749264240265E-002,-9.561898708343506E-001,1.449606120586395E-001,4.240274801850319E-002,6.252749264240265E-002,-9.561898708343506E-001,1.449606120586395E-001,
1.091600000000000E+009,4.694564267992973E-002,5.077593028545380E-002,-9.486135840415955E-001,1.801171302795410E-001,4.694564267992973E-002,5.077593028545380E-002,-9.486135840415955E-001,1.801171302795410E-001,
1.099966666666667E+009,4.860108718276024E-002,3.860990330576897E-002,-9.461237192153931E-001,1.964375823736191E-001,4.860108718276024E-002,3.860990330576897E-002,-9.461237192153931E-001,1.964375823736191E-001,
1.108333333333334E+009,4.050293192267418E-002,2.884504012763500E-002,-9.565630555152893E-001,2.186718583106995E-001,4.050293192267418E-002,2.884504012763500E-002,-9.565630555152893E-001,2.186718583106995E-001,
1.116700000000000E+009,2.848447486758232E-002,2.913720533251762E-002,-9.443545937538147E-001,2.501323223114014E-001,2.848447486758232E-002,2.913720533251762E-002,-9.443545937538147E-001,2.501323223114014E-001,
1.125066666666667E+009,1.656842976808548E-002,3.004980459809303E-002,-9.284332990646362E-001,2.716673016548157E-001,1.656842976808548E-002,3.004980459809303E-002,-9.284332990646362E-001,2.716673016548157E-001,
1.133433333333334E+009,5.816299933940172E-003,4.142475500702858E-002,-9.230539798736572E-001,2.903544306755066E-001,5.816299933940172E-003,4.142475500702858E-002,-9.230539798736572E-001,2.903544306755066E-001,
1.141800000000000E+009,6.441595032811165E-003,5.424574390053749E-002,-9.124826192855835E-001,3.152881264686585E-001,6.441595032811165E-003,5.424574390053749E-002,-9.124826192855835E-001,3.152881264686585E-001,
1.150166666666667E+009,1.276255585253239E-002,6.631946563720703E-002,-9.065691828727722E-001,3.452020883560181E-001,1.276255585253239E-002,6.631946563720703E-002,-9.065691828727722E-001,3.452020883560181E-001,
1.158533333333334E+009,3.033394552767277E-002,7.323578000068665E-002,-8.957228660583496E-001,3.663811087608337E-001,3.033394552767277E-002,7.323578000068665E-002,-8.957228660583496E-001,3.663811087608337E-001,
1.166900000000000E+009,4.964942857623100E-002,7.215680927038193E-002,-8.873435258865356E-001,3.922856152057648E-001,4.964942857623100E-002,7.215680927038193E-002,-8.873435258865356E-001,3.922856152057648E-001,
1.175266666666667E+009,6.550081819295883E-002,6.284926086664200E-002,-8.698748946189880E-001,4.026429653167725E-001,6.550081819295883E-002,6.284926086664200E-002,-8.698748946189880E-001,4.026429653167725E-001,
1.183633333333334E+009,7.845834642648697E-002,4.818981885910034E-002,-8.646331429481506E-001,4.313429296016693E-001,7.845834642648697E-002,4.818981885910034E-002,-8.646331429481506E-001,4.313429296016693E-001,
1.192000000000000E+009,8.037989586591721E-002,3.127961605787277E-002,-8.589171171188355E-001,4.566785991191864E-001,8.037989586591721E-002,3.127961605787277E-002,-8.589171171188355E-001,4.566785991191864E-001,
1.200366666666667E+009,7.115162163972855E-002,1.423439383506775E-002,-8.465908765792847E-001,4.759124815464020E-001,7.115162163972855E-002,1.423439383506775E-002,-8.465908765792847E-001,4.759124815464020E-001,
1.208733333333334E+009,5.375648662447929E-002,5.875130183994770E-003,-8.404500484466553E-001,5.045608878135681E-001,5.375648662447929E-002,5.875130183994770E-003,-8.404500484466553E-001,5.045608878135681E-001,
1.217100000000000E+009,3.581750020384789E-002,7.879311218857765E-003,-8.061639666557312E-001,5.202153921127319E-001,3.581750020384789E-002,7.879311218857765E-003,-8.061639666557312E-001,5.202153921127319E-001,
1.225466666666667E+009,2.420920319855213E-002,1.897701062262058E-002,-8.108195662498474E-001,5.438299775123596E-001,2.420920319855213E-002,1.897701062262058E-002,-8.108195662498474E-001,5.438299775123596E-001,
1.233833333333334E+009,2.219906449317932E-002,3.380456194281578E-002,-7.915599346160889E-001,5.648645162582398E-001,2.219906449317932E-002,3.380456194281578E-002,-7.915599346160889E-001,5.648645162582398E-001,
1.242200000000000E+009,2.749805338680744E-002,4.775197058916092E-002,-7.643280625343323E-001,5.818000435829163E-001,2.749805338680744E-002,4.775197058916092E-002,-7.643280625343323E-001,5.818000435829163E-001,
1.250566666666667E+009,4.251248016953468E-002,5.715612322092056E-002,-7.686400413513184E-001,6.074857711791992E-001,4.251248016953468E-002,5.715612322092056E-002,-7.686400413513184E-001,6.074857711791992E-001,
1.258933333333334E+009,6.299803406000137E-002,5.741235241293907E-002,-7.476656436920166E-001,6.175097227096558E-001,6.299803406000137E-002,5.741235241293907E-002,-7.476656436920166E-001,6.175097227096558E-001,
1.267300000000000E+009,8.074320107698441E-002,4.512517526745796E-002,-7.243862152099609E-001,6.353325843811035E-001,8.074320107698441E-002,4.512517526745796E-002,-7.243862152099609E-001,6.353325843811035E-001,
1.275666666666667E+009,9.192619472742081E-002,2.838389389216900E-002,-7.217594385147095E-001,6.388887763023377E-001,9.192619472742081E-002,2.838389389216900E-002,-7.217594385147095E-001,6.388887763023377E-001,
1.284033333333334E+009,9.389450401067734E-002,6.387155503034592E-003,-6.933405995368958E-001,6.912024617195129E-001,9.389450401067734E-002,6.387155503034592E-003,-6.933405995368958E-001,6.912024617195129E-001,
1.292400000000000E+009,8.254123479127884E-002,-1.157178822904825E-002,-6.879343390464783E-001,6.908301711082459E-001,8.254123479127884E-002,-1.157178822904825E-002,-6.879343390464783E-001,6.908301711082459E-001,
1.300766666666667E+009,6.496356427669525E-002,-1.891425810754299E-002,-6.696487069129944E-001,7.070816159248352E-001,6.496356427669525E-002,-1.891425810754299E-002,-6.696487069129944E-001,7.070816159248352E-001,
1.309133333333334E+009,4.531899467110634E-002,-1.649338565766811E-002,-6.546427607536316E-001,7.346131801605225E-001,4.531899467110634E-002,-1.649338565766811E-002,-6.546427607536316E-001,7.346131801605225E-001,
1.317500000000000E+009,3.068732656538487E-002,-4.317723680287600E-003,-6.270546913146973E-001,7.596982121467590E-001,3.068732656538487E-002,-4.317723680287600E-003,-6.270546913146973E-001,7.596982121467590E-001,
1.325866666666667E+009,2.580362930893898E-002,1.148854475468397E-002,-6.057609915733337E-001,7.609950900077820E-001,2.580362930893898E-002,1.148854475468397E-002,-6.057609915733337E-001,7.609950900077820E-001,
1.334233333333334E+009,3.203984722495079E-002,2.949971146881580E-002,-5.838942527770996E-001,7.720217704772949E-001,3.203984722495079E-002,2.949971146881580E-002,-5.838942527770996E-001,7.720217704772949E-001,
1.342600000000000E+009,4.820994287729263E-002,3.479460999369621E-002,-5.718933343887329E-001,7.902923226356506E-001,4.820994287729263E-002,3.479460999369621E-002,-5.718933343887329E-001,7.902923226356506E-001,
1.350966666666667E+009,6.582511961460114E-002,3.300846740603447E-002,-5.429066419601440E-001,8.093425631523132E-001,6.582511961460114E-002,3.300846740603447E-002,-5.429066419601440E-001,8.093425631523132E-001,
1.359333333333334E+009,8.171825110912323E-002,2.034041099250317E-002,-5.260388255119324E-001,8.152598738670349E-001,8.171825110912323E-002,2.034041099250317E-002,-5.260388255119324E-001,8.152598738670349E-001,
1.367700000000000E+009,8.909261226654053E-002,-7.035603048279882E-004,-5.091711282730103E-001,8.255756497383118E-001,8.909261226654053E-002,-7.035603048279882E-004,-5.091711282730103E-001,8.255756497383118E-001,
1.376066666666667E+009,8.367497473955154E-002,-2.354617416858673E-002,-4.826812446117401E-001,8.391373753547669E-001,8.367497473955154E-002,-2.354617416858673E-002,-4.826812446117401E-001,8.391373753547669E-001,
1.384433333333334E+009,6.914141029119492E-002,-3.736886754631996E-002,-4.735667109489441E-001,8.502162098884583E-001,6.914141029119492E-002,-3.736886754631996E-002,-4.735667109489441E-001,8.502162098884583E-001,
1.392800000000000E+009,4.647314548492432E-002,-4.043590277433395E-002,-4.515359699726105E-001,8.572243452072144E-001,4.647314548492432E-002,-4.043590277433395E-002,-4.515359699726105E-001,8.572243452072144E-001,
1.401166666666667E+009,2.917888946831226E-002,-3.242490440607071E-002,-4.186031222343445E-001,8.839923143386841E-001,2.917888946831226E-002,-3.242490440607071E-002,-4.186031222343445E-001,8.839923143386841E-001,
1.409533333333334E+009,1.705897413194180E-002,-1.272560097277165E-002,-3.963897526264191E-001,8.947731256484985E-001,1.705897413194180E-002,-1.272560097277165E-002,-3.963897526264191E-001,8.947731256484985E-001,
1.417900000000000E+009,1.570304296910763E-002,8.359082974493504E-003,-3.554196655750275E-001,8.896749615669251E-001,1.570304296910763E-002,8.359082974493504E-003,-3.554196655750275E-001,8.896749615669251E-001,
1.426266666666667E+009,2.577367611229420E-002,2.650727890431881E-002,-3.526811301708221E-001,9.159340262413025E-001,2.577367611229420E-002,2.650727890431881E-002,-3.526811301708221E-001,9.159340262413025E-001,
1.434633333333334E+009,4.402706772089005E-002,3.333239257335663E-002,-3.220117986202240E-001,9.094017148017883E-001,4.402706772089005E-002,3.333239257335663E-002,-3.220117986202240E-001,9.094017148017883E-001,
1.443000000000000E+009,6.592985242605209E-002,3.019337542355061E-002,-2.974927425384522E-001,9.214839935302734E-001,6.592985242605209E-002,3.019337542355061E-002,-2.974927425384522E-001,9.214839935302734E-001,
1.451366666666667E+009,8.097767829895020E-002,1.368399988859892E-002,-2.766603529453278E-001,9.265879988670349E-001,8.097767829895020E-002,1.368399988859892E-002,-2.766603529453278E-001,9.265879988670349E-001,
1.459733333333334E+009,8.692234754562378E-002,-7.559060119092464E-003,-2.646485269069672E-001,9.306839108467102E-001,8.692234754562378E-002,-7.559060119092464E-003,-2.646485269069672E-001,9.306839108467102E-001,
1.468100000000000E+009,8.147574216127396E-002,-2.920831367373467E-002,-2.295298725366592E-001,9.380049705505371E-001,8.147574216127396E-002,-2.920831367373467E-002,-2.295298725366592E-001,9.380049705505371E-001,
1.476466666666667E+009,6.608928740024567E-002,-4.375971481204033E-002,-2.114260345697403E-001,9.540929794311523E-001,6.608928740024567E-002,-4.375971481204033E-002,-2.114260345697403E-001,9.540929794311523E-001,
1.484833333333334E+009,4.468775168061256E-002,-4.754756763577461E-002,-1.762506514787674E-001,9.565446376800537E-001,4.468775168061256E-002,-4.754756763577461E-002,-1.762506514787674E-001,9.565446376800537E-001,
1.493200000000000E+009,2.827928215265274E-002,-3.840778023004532E-002,-1.608088612556458E-001,9.572542309761047E-001,2.827928215265274E-002,-3.840778023004532E-002,-1.608088612556458E-001,9.572542309761047E-001,
1.501566666666667E+009,1.846422255039215E-002,-1.944391429424286E-002,-1.304732561111450E-001,9.612103104591370E-001,1.846422255039215E-002,-1.944391429424286E-002,-1.304732561111450E-001,9.612103104591370E-001,
1.509933333333334E+009,1.835785061120987E-002,2.284083515405655E-003,-1.148278787732124E-001,9.661390185356140E-001,1.835785061120987E-002,2.284083515405655E-003,-1.148278787732124E-001,9.661390185356140E-001,
1.518300000000000E+009,3.252998366951942E-002,1.884320937097073E-002,-9.059213101863861E-002,9.725965857505798E-001,3.252998366951942E-002,1.884320937097073E-002,-9.059213101863861E-002,9.725965857505798E-001,
1.526666666666667E+009,5.202769115567207E-002,2.544916421175003E-002,-5.568575114011765E-002,9.660799503326416E-001,5.202769115567207E-002,2.544916421175003E-002,-5.568575114011765E-002,9.660799503326416E-001,
1.535033333333334E+009,7.150416076183319E-002,2.123614773154259E-002,-3.525117039680481E-002,9.755525588989258E-001,7.150416076183319E-002,2.123614773154259E-002,-3.525117039680481E-002,9.755525588989258E-001,
1.543400000000000E+009,8.478558063507080E-002,5.020828451961279E-003,-1.500648446381092E-002,9.687836766242981E-001,8.478558063507080E-002,5.020828451961279E-003,-1.500648446381092E-002,9.687836766242981E-001,
1.551766666666667E+009,8.673885464668274E-002,-1.783881336450577E-002,7.618072908371687E-003,9.653542637825012E-001,8.673885464668274E-002,-1.783881336450577E-002,7.618072908371687E-003,9.653542637825012E-001,
1.560133333333334E+009,8.034226298332214E-002,-3.891102969646454E-002,2.868833206593990E-002,9.700268507003784E-001,8.034226298332214E-002,-3.891102969646454E-002,2.868833206593990E-002,9.700268507003784E-001,
1.568500000000000E+009,6.550834327936173E-002,-5.223964899778366E-002,4.719882830977440E-002,9.728412032127380E-001,6.550834327936173E-002,-5.223964899778366E-002,4.719882830977440E-002,9.728412032127380E-001,
1.576866666666667E+009,4.586997255682945E-002,-5.407310277223587E-002,8.772561699151993E-002,9.648977518081665E-001,4.586997255682945E-002,-5.407310277223587E-002,8.772561699151993E-002,9.648977518081665E-001,
1.585233333333334E+009,3.246509283781052E-002,-4.610585793852806E-002,1.016368642449379E-001,9.656810164451599E-001,3.246509283781052E-002,-4.610585793852806E-002,1.016368642449379E-001,9.656810164451599E-001,
1.593600000000000E+009,2.506766468286514E-002,-3.150470927357674E-002,1.294863671064377E-001,9.608081579208374E-001,2.506766468286514E-002,-3.150470927357674E-002,1.294863671064377E-001,9.608081579208374E-001,
1.601966666666667E+009,2.739463932812214E-002,-1.302322652190924E-002,1.509033739566803E-001,9.581928849220276E-001,2.739463932812214E-002,-1.302322652190924E-002,1.509033739566803E-001,9.581928849220276E-001,
1.610333333333334E+009,3.909950703382492E-002,-6.491558160632849E-004,1.839248836040497E-001,9.513788223266602E-001,3.909950703382492E-002,-6.491558160632849E-004,1.839248836040497E-001,9.513788223266602E-001,
1.618700000000000E+009,5.686195939779282E-002,3.190591000020504E-003,2.087040096521378E-001,9.472942948341370E-001,5.686195939779282E-002,3.190591000020504E-003,2.087040096521378E-001,9.472942948341370E-001,
1.627066666666667E+009,7.171342521905899E-002,-2.938151359558106E-003,2.290415018796921E-001,9.397752881050110E-001,7.171342521905899E-002,-2.938151359558106E-003,2.290415018796921E-001,9.397752881050110E-001,
1.635433333333334E+009,8.005348592996597E-002,-1.522237341850996E-002,2.568160891532898E-001,9.406868219375610E-001,8.005348592996597E-002,-1.522237341850996E-002,2.568160891532898E-001,9.406868219375610E-001,
1.643800000000000E+009,8.035217970609665E-002,-3.422918915748596E-002,2.689450979232788E-001,9.297358393669128E-001,8.035217970609665E-002,-3.422918915748596E-002,2.689450979232788E-001,9.297358393669128E-001,
1.652166666666667E+009,7.099404931068420E-002,-5.007976666092873E-002,3.028008043766022E-001,9.202984571456909E-001,7.099404931068420E-002,-5.007976666092873E-002,3.028008043766022E-001,9.202984571456909E-001,
1.660533333333334E+009,5.655901134014130E-002,-5.881344154477119E-002,3.187639415264130E-001,9.155216813087463E-001,5.655901134014130E-002,-5.881344154477119E-002,3.187639415264130E-001,9.155216813087463E-001,
1.668900000000000E+009,4.052061215043068E-002,-5.816715210676193E-002,3.416005969047546E-001,9.035494923591614E-001,4.052061215043068E-002,-5.816715210676193E-002,3.416005969047546E-001,9.035494923591614E-001,
1.677266666666667E+009,2.814821712672710E-002,-5.103373154997826E-002,3.813644051551819E-001,8.958907723426819E-001,2.814821712672710E-002,-5.103373154997826E-002,3.813644051551819E-001,8.958907723426819E-001,
1.685633333333334E+009,2.545437961816788E-002,-3.694981336593628E-002,3.969215750694275E-001,8.903052806854248E-001,2.545437961816788E-002,-3.694981336593628E-002,3.969215750694275E-001,8.903052806854248E-001,
1.694000000000000E+009,2.897191606462002E-002,-2.453194744884968E-002,4.123772382736206E-001,8.766790628433228E-001,2.897191606462002E-002,-2.453194744884968E-002,4.123772382736206E-001,8.766790628433228E-001,
1.702366666666667E+009,4.079652205109596E-002,-1.308457460254431E-002,4.378450512886047E-001,8.659860491752625E-001,4.079652205109596E-002,-1.308457460254431E-002,4.378450512886047E-001,8.659860491752625E-001,
1.710733333333334E+009,5.740793421864510E-002,-1.038647256791592E-002,4.559372961521149E-001,8.501889705657959E-001,5.740793421864510E-002,-1.038647256791592E-002,4.559372961521149E-001,8.501889705657959E-001,
1.719100000000000E+009,7.211759686470032E-002,-1.771677657961845E-002,4.813961386680603E-001,8.366795182228088E-001,7.211759686470032E-002,-1.771677657961845E-002,4.813961386680603E-001,8.366795182228088E-001,
1.727466666666667E+009,8.144600689411163E-002,-3.043755888938904E-002,4.979985654354096E-001,8.294680118560791E-001,8.144600689411163E-002,-3.043755888938904E-002,4.979985654354096E-001,8.294680118560791E-001,
1.735833333333334E+009,8.267274498939514E-002,-4.666449502110481E-002,5.161822438240051E-001,8.127742409706116E-001,8.267274498939514E-002,-4.666449502110481E-002,5.161822438240051E-001,8.127742409706116E-001,
1.744200000000000E+009,7.472928613424301E-002,-6.452378630638123E-002,5.436118841171265E-001,7.927951812744141E-001,7.472928613424301E-002,-6.452378630638123E-002,5.436118841171265E-001,7.927951812744141E-001,
1.752566666666667E+009,6.169961765408516E-002,-7.591586560010910E-002,5.713326930999756E-001,7.872185111045837E-001,6.169961765408516E-002,-7.591586560010910E-002,5.713326930999756E-001,7.872185111045837E-001,
1.760933333333334E+009,4.567429423332214E-002,-8.161032944917679E-002,5.797618627548218E-001,7.731701135635376E-001,4.567429423332214E-002,-8.161032944917679E-002,5.797618627548218E-001,7.731701135635376E-001,
1.769300000000000E+009,3.048566915094852E-002,-7.973862439393997E-002,6.061756014823914E-001,7.652846574783325E-001,3.048566915094852E-002,-7.973862439393997E-002,6.061756014823914E-001,7.652846574783325E-001,
1.777666666666667E+009,2.142765372991562E-002,-6.965453177690506E-002,6.187149286270142E-001,7.559383511543274E-001,2.142765372991562E-002,-6.965453177690506E-002,6.187149286270142E-001,7.559383511543274E-001,
1.786033333333334E+009,1.932248286902905E-002,-6.016866862773895E-002,6.342463493347168E-001,7.263087630271912E-001,1.932248286902905E-002,-6.016866862773895E-002,6.342463493347168E-001,7.263087630271912E-001,
1.794400000000000E+009,2.516071498394013E-002,-4.787285253405571E-002,6.568099856376648E-001,7.105489969253540E-001,2.516071498394013E-002,-4.787285253405571E-002,6.568099856376648E-001,7.105489969253540E-001,
1.802766666666667E+009,3.263686597347260E-002,-4.232742637395859E-002,6.766469478607178E-001,6.939339637756348E-001,3.263686597347260E-002,-4.232742637395859E-002,6.766469478607178E-001,6.939339637756348E-001,
1.811133333333334E+009,4.302423447370529E-002,-4.065157845616341E-002,7.002953290939331E-001,6.758936047554016E-001,4.302423447370529E-002,-4.065157845616341E-002,7.002953290939331E-001,6.758936047554016E-001,
1.819500000000000E+009,5.230611190199852E-002,-4.428603127598763E-002,7.119663953781128E-001,6.491067409515381E-001,5.230611190199852E-002,-4.428603127598763E-002,7.119663953781128E-001,6.491067409515381E-001,
1.827866666666667E+009,5.769874528050423E-002,-5.283622816205025E-002,7.326570749282837E-001,6.373811364173889E-001,5.769874528050423E-002,-5.283622816205025E-002,7.326570749282837E-001,6.373811364173889E-001,
1.836233333333334E+009,5.539508908987045E-002,-6.357257813215256E-002,7.439169287681580E-001,6.210734844207764E-001,5.539508908987045E-002,-6.357257813215256E-002,7.439169287681580E-001,6.210734844207764E-001,
1.844600000000000E+009,4.789063706994057E-002,-7.235533744096756E-002,7.609525322914124E-001,6.141840815544128E-001,4.789063706994057E-002,-7.235533744096756E-002,7.609525322914124E-001,6.141840815544128E-001,
1.852966666666667E+009,3.872008249163628E-002,-7.768359780311585E-002,7.685447931289673E-001,5.808114409446716E-001,3.872008249163628E-002,-7.768359780311585E-002,7.685447931289673E-001,5.808114409446716E-001,
1.861333333333334E+009,2.859239093959332E-002,-8.065627515316010E-002,7.926261425018311E-001,5.629225373268127E-001,2.859239093959332E-002,-8.065627515316010E-002,7.926261425018311E-001,5.629225373268127E-001,
1.869700000000000E+009,2.060977555811405E-002,-7.537476718425751E-002,8.056929707527161E-001,5.418891310691834E-001,2.060977555811405E-002,-7.537476718425751E-002,8.056929707527161E-001,5.418891310691834E-001,
1.878066666666667E+009,1.672931946814060E-002,-7.044314593076706E-002,8.191766142845154E-001,5.289514660835266E-001,1.672931946814060E-002,-7.044314593076706E-002,8.191766142845154E-001,5.289514660835266E-001,
1.886433333333334E+009,1.775844581425190E-002,-6.312774121761322E-002,8.386943340301514E-001,5.027841329574585E-001,1.775844581425190E-002,-6.312774121761322E-002,8.386943340301514E-001,5.027841329574585E-001,
1.894800000000000E+009,2.577288821339607E-002,-5.790509283542633E-002,8.497528433799744E-001,4.839214980602264E-001,2.577288821339607E-002,-5.790509283542633E-002,8.497528433799744E-001,4.839214980602264E-001,
1.903166666666667E+009,3.441911190748215E-002,-5.464229360222817E-002,8.604530692100525E-001,4.537069201469421E-001,3.441911190748215E-002,-5.464229360222817E-002,8.604530692100525E-001,4.537069201469421E-001,
1.911533333333334E+009,4.335823282599449E-002,-5.927244946360588E-002,8.691242933273315E-001,4.252612888813019E-001,4.335823282599449E-002,-5.927244946360588E-002,8.691242933273315E-001,4.252612888813019E-001,
1.919900000000000E+009,5.023036524653435E-002,-6.697617471218109E-002,8.834128975868225E-001,4.128314554691315E-001,5.023036524653435E-002,-6.697617471218109E-002,8.834128975868225E-001,4.128314554691315E-001,
1.928266666666667E+009,5.260704457759857E-002,-7.695742696523666E-002,8.799725770950317E-001,3.765660822391510E-001,5.260704457759857E-002,-7.695742696523666E-002,8.799725770950317E-001,3.765660822391510E-001,
1.936633333333334E+009,4.718320071697235E-002,-8.894553035497665E-002,8.990712761878967E-001,3.672473728656769E-001,4.718320071697235E-002,-8.894553035497665E-002,8.990712761878967E-001,3.672473728656769E-001,
1.945000000000000E+009,3.690604120492935E-002,-9.750297665596008E-002,9.105541706085205E-001,3.408359587192535E-001,3.690604120492935E-002,-9.750297665596008E-002,9.105541706085205E-001,3.408359587192535E-001,
1.953366666666667E+009,2.433368191123009E-002,-1.035322248935700E-001,9.118058681488037E-001,3.210233747959137E-001,2.433368191123009E-002,-1.035322248935700E-001,9.118058681488037E-001,3.210233747959137E-001,
1.961733333333334E+009,8.848450146615505E-003,-1.002132147550583E-001,9.276763796806335E-001,2.994722127914429E-001,8.848450146615505E-003,-1.002132147550583E-001,9.276763796806335E-001,2.994722127914429E-001,
1.970100000000000E+009,-2.881967695429921E-003,-9.480512142181397E-002,9.270213842391968E-001,2.752519845962524E-001,-2.881967695429921E-003,-9.480512142181397E-002,9.270213842391968E-001,2.752519845962524E-001,
1.978466666666667E+009,-7.236158475279808E-003,-8.353748172521591E-002,9.375035762786865E-001,2.452558428049088E-001,-7.236158475279808E-003,-8.353748172521591E-002,9.375035762786865E-001,2.452558428049088E-001,
1.986833333333334E+009,-4.536802414804697E-003,-7.316531985998154E-002,9.426084756851196E-001,2.265207469463348E-001,-4.536802414804697E-003,-7.316531985998154E-002,9.426084756851196E-001,2.265207469463348E-001,
1.995200000000000E+009,6.561525166034699E-003,-6.645835936069489E-002,9.456142783164978E-001,2.103032916784287E-001,6.561525166034699E-003,-6.645835936069489E-002,9.456142783164978E-001,2.103032916784287E-001,
2.003566666666667E+009,2.015899866819382E-002,-6.527860462665558E-002,9.515935182571411E-001,1.753189712762833E-001,2.015899866819382E-002,-6.527860462665558E-002,9.515935182571411E-001,1.753189712762833E-001,
2.011933333333334E+009,3.282768651843071E-002,-7.348991930484772E-002,9.630939364433289E-001,1.466307342052460E-001,3.282768651843071E-002,-7.348991930484772E-002,9.630939364433289E-001,1.466307342052460E-001,
2.020300000000000E+009,4.071003943681717E-002,-8.436092734336853E-002,9.636429548263550E-001,1.170548498630524E-001,4.071003943681717E-002,-8.436092734336853E-002,9.636429548263550E-001,1.170548498630524E-001,
2.028666666666667E+009,3.995541483163834E-002,-9.976751357316971E-002,9.645748138427734E-001,1.020053252577782E-001,3.995541483163834E-002,-9.976751357316971E-002,9.645748138427734E-001,1.020053252577782E-001,
2.037033333333334E+009,3.012541308999062E-002,-1.155874058604240E-001,9.682580828666687E-001,7.555525004863739E-002,3.012541308999062E-002,-1.155874058604240E-001,9.682580828666687E-001,7.555525004863739E-002,
2.045400000000000E+009,1.415823120623827E-002,-1.242424100637436E-001,9.644576311111450E-001,5.697612091898918E-002,1.415823120623827E-002,-1.242424100637436E-001,9.644576311111450E-001,5.697612091898918E-002,
2.053766666666667E+009,-5.776807200163603E-003,-1.240874677896500E-001,9.671368002891541E-001,3.157602250576019E-002,-5.776807200163603E-003,-1.240874677896500E-001,9.671368002891541E-001,3.157602250576019E-002,
2.062133333333334E+009,-2.125502005219460E-002,-1.182111799716950E-001,9.724330306053162E-001,5.133333150297403E-003,-2.125502005219460E-002,-1.182111799716950E-001,9.724330306053162E-001,5.133333150297403E-003,
2.070500000000000E+009,-3.046215139329433E-002,-1.029403954744339E-001,9.719426631927490E-001,-2.115047164261341E-002,-3.046215139329433E-002,-1.029403954744339E-001,9.719426631927490E-001,-2.115047164261341E-002,
2.078866666666667E+009,-2.936123870313168E-002,-8.816798031330109E-002,9.705062508583069E-001,-4.286081343889237E-002,-2.936123870313168E-002,-8.816798031330109E-002,9.705062508583069E-001,-4.286081343889237E-002,
2.087233333333334E+009,-1.941736973822117E-002,-7.981777191162109E-002,9.688602685928345E-001,-7.656600326299667E-002,-1.941736973822117E-002,-7.981777191162109E-002,9.688602685928345E-001,-7.656600326299667E-002,
2.095600000000000E+009,-4.080062266439199E-003,-7.620391994714737E-002,9.720285534858704E-001,-9.664419293403626E-002,-4.080062266439199E-003,-7.620391994714737E-002,9.720285534858704E-001,-9.664419293403626E-002,
2.103966666666667E+009,1.103347912430763E-002,-8.585879206657410E-002,9.696518778800964E-001,-1.248411834239960E-001,1.103347912430763E-002,-8.585879206657410E-002,9.696518778800964E-001,-1.248411834239960E-001,
2.112333333333334E+009,2.024784684181213E-002,-1.016573533415794E-001,9.573947191238403E-001,-1.450129300355911E-001,2.024784684181213E-002,-1.016573533415794E-001,9.573947191238403E-001,-1.450129300355911E-001,
2.120700000000000E+009,1.993819884955883E-002,-1.246896609663963E-001,9.538858532905579E-001,-1.749339401721954E-001,1.993819884955883E-002,-1.246896609663963E-001,9.538858532905579E-001,-1.749339401721954E-001,
2.129066666666667E+009,6.529823876917362E-003,-1.409319639205933E-001,9.587342739105225E-001,-2.023586034774780E-001,6.529823876917362E-003,-1.409319639205933E-001,9.587342739105225E-001,-2.023586034774780E-001,
2.137433333333334E+009,-1.647591032087803E-002,-1.511769294738770E-001,9.392047524452210E-001,-2.228935062885284E-001,-1.647591032087803E-002,-1.511769294738770E-001,9.392047524452210E-001,-2.228935062885284E-001,
2.145800000000000E+009,-4.410398378968239E-002,-1.499454826116562E-001,9.383535981178284E-001,-2.437004148960114E-001,-4.410398378968239E-002,-1.499454826116562E-001,9.383535981178284E-001,-2.437004148960114E-001,
2.154166666666667E+009,-6.560397148132324E-002,-1.371197253465653E-001,9.322201609611511E-001,-2.620705366134644E-001,-6.560397148132324E-002,-1.371197253465653E-001,9.322201609611511E-001,-2.620705366134644E-001,
2.162533333333334E+009,-7.819355279207230E-002,-1.150561273097992E-001,9.120604395866394E-001,-2.863632738590241E-001,-7.819355279207230E-002,-1.150561273097992E-001,9.120604395866394E-001,-2.863632738590241E-001,
2.170900000000000E+009,-7.773843407630920E-002,-9.289685636758804E-002,9.202148914337158E-001,-3.144179880619049E-001,-7.773843407630920E-002,-9.289685636758804E-002,9.202148914337158E-001,-3.144179880619049E-001,
2.179266666666667E+009,-6.497000902891159E-002,-7.809430360794067E-002,9.087863564491272E-001,-3.307026624679565E-001,-6.497000902891159E-002,-7.809430360794067E-002,9.087863564491272E-001,-3.307026624679565E-001,
2.187633333333334E+009,-4.622643068432808E-002,-7.326637953519821E-002,9.062605500221252E-001,-3.632567524909973E-001,-4.622643068432808E-002,-7.326637953519821E-002,9.062605500221252E-001,-3.632567524909973E-001,
2.196000000000000E+009,-2.599531412124634E-002,-8.271804451942444E-002,8.877913951873779E-001,-3.850008845329285E-001,-2.599531412124634E-002,-8.271804451942444E-002,8.877913951873779E-001,-3.850008845329285E-001,
2.204366666666667E+009,-1.423403713852167E-002,-1.036593466997147E-001,8.794628381729126E-001,-4.077158868312836E-001,-1.423403713852167E-002,-1.036593466997147E-001,8.794628381729126E-001,-4.077158868312836E-001,
2.212733333333334E+009,-1.524757966399193E-002,-1.285146772861481E-001,8.660780787467957E-001,-4.391569793224335E-001,-1.524757966399193E-002,-1.285146772861481E-001,8.660780787467957E-001,-4.391569793224335E-001,
2.221100000000000E+009,-3.084076941013336E-002,-1.478836834430695E-001,8.454335331916809E-001,-4.507853090763092E-001,-3.084076941013336E-002,-1.478836834430695E-001,8.454335331916809E-001,-4.507853090763092E-001,
2.229466666666667E+009,-5.463607609272003E-002,-1.586019247770309E-001,8.373730778694153E-001,-4.636972546577454E-001,-5.463607609272003E-002,-1.586019247770309E-001,8.373730778694153E-001,-4.636972546577454E-001,
2.237833333333334E+009,-8.468458056449890E-002,-1.528915762901306E-001,8.278158903121948E-001,-4.895787835121155E-001,-8.468458056449890E-002,-1.528915762901306E-001,8.278158903121948E-001,-4.895787835121155E-001,
2.246200000000000E+009,-1.094108670949936E-001,-1.359602212905884E-001,8.153299689292908E-001,-5.092415809631348E-001,-1.094108670949936E-001,-1.359602212905884E-001,8.153299689292908E-001,-5.092415809631348E-001,
2.254566666666667E+009,-1.205516457557678E-001,-1.085971742868424E-001,8.063125610351563E-001,-5.278263688087463E-001,-1.205516457557678E-001,-1.085971742868424E-001,8.063125610351563E-001,-5.278263688087463E-001,
2.262933333333334E+009,-1.203085705637932E-001,-8.391111344099045E-002,7.929615378379822E-001,-5.481835603713989E-001,-1.203085705637932E-001,-8.391111344099045E-002,7.929615378379822E-001,-5.481835603713989E-001,
2.271300000000000E+009,-1.064465567469597E-001,-6.364057958126068E-002,7.768319845199585E-001,-5.680140852928162E-001,-1.064465567469597E-001,-6.364057958126068E-002,7.768319845199585E-001,-5.680140852928162E-001,
2.279666666666667E+009,-8.445011824369431E-002,-5.986430123448372E-002,7.661437988281250E-001,-5.899220108985901E-001,-8.445011824369431E-002,-5.986430123448372E-002,7.661437988281250E-001,-5.899220108985901E-001,
2.288033333333334E+009,-6.578941643238068E-002,-7.057183980941773E-002,7.508709430694580E-001,-6.195058226585388E-001,-6.578941643238068E-002,-7.057183980941773E-002,7.508709430694580E-001,-6.195058226585388E-001,
2.296400000000000E+009,-5.526654049754143E-002,-9.273389726877213E-002,7.280347347259522E-001,-6.379803419113159E-001,-5.526654049754143E-002,-9.273389726877213E-002,7.280347347259522E-001,-6.379803419113159E-001,
2.304766666666667E+009,-6.116169691085815E-002,-1.177694126963615E-001,7.139094471931458E-001,-6.465457081794739E-001,-6.116169691085815E-002,-1.177694126963615E-001,7.139094471931458E-001,-6.465457081794739E-001,
2.313133333333334E+009,-8.151521533727646E-002,-1.340477168560028E-001,6.891974210739136E-001,-6.776250004768372E-001,-8.151521533727646E-002,-1.340477168560028E-001,6.891974210739136E-001,-6.776250004768372E-001,
2.321500000000000E+009,-1.059679463505745E-001,-1.372984349727631E-001,6.757051944732666E-001,-6.842484474182129E-001,-1.059679463505745E-001,-1.372984349727631E-001,6.757051944732666E-001,-6.842484474182129E-001,
2.329866666666667E+009,-1.318311244249344E-001,-1.260350644588471E-001,6.647697091102600E-001,-7.011525630950928E-001,-1.318311244249344E-001,-1.260350644588471E-001,6.647697091102600E-001,-7.011525630950928E-001,
2.338233333333334E+009,-1.505691558122635E-001,-1.032475978136063E-001,6.377491950988770E-001,-7.173350453376770E-001,-1.505691558122635E-001,-1.032475978136063E-001,6.377491950988770E-001,-7.173350453376770E-001,
2.346600000000000E+009,-1.541421711444855E-001,-7.189062982797623E-002,6.208415627479553E-001,-7.358983755111694E-001,-1.541421711444855E-001,-7.189062982797623E-002,6.208415627479553E-001,-7.358983755111694E-001,
2.354966666666667E+009,-1.417129635810852E-001,-4.726990684866905E-002,6.128774881362915E-001,-7.475545406341553E-001,-1.417129635810852E-001,-4.726990684866905E-002,6.128774881362915E-001,-7.475545406341553E-001,
2.363333333333334E+009,-1.202394887804985E-001,-3.560324013233185E-002,5.964521765708923E-001,-7.646960020065308E-001,-1.202394887804985E-001,-3.560324013233185E-002,5.964521765708923E-001,-7.646960020065308E-001,
2.371700000000000E+009,-9.298798441886902E-002,-3.867979720234871E-002,5.765151977539063E-001,-7.858594655990601E-001,-9.298798441886902E-002,-3.867979720234871E-002,5.765151977539063E-001,-7.858594655990601E-001,
2.380066666666667E+009,-7.632100582122803E-002,-6.084990501403809E-002,5.453827977180481E-001,-8.004535436630249E-001,-7.632100582122803E-002,-6.084990501403809E-002,5.453827977180481E-001,-8.004535436630249E-001,
2.388433333333334E+009,-7.587619870901108E-002,-9.039028733968735E-002,5.246607065200806E-001,-8.085774779319763E-001,-7.587619870901108E-002,-9.039028733968735E-002,5.246607065200806E-001,-8.085774779319763E-001,
2.396800000000000E+009,-9.292751550674439E-002,-1.201915740966797E-001,4.917610585689545E-001,-8.268244862556458E-001,-9.292751550674439E-002,-1.201915740966797E-001,4.917610585689545E-001,-8.268244862556458E-001,
2.405166666666667E+009,-1.244769245386124E-001,-1.391460597515106E-001,4.730279743671417E-001,-8.374808430671692E-001,-1.244769245386124E-001,-1.391460597515106E-001,4.730279743671417E-001,-8.374808430671692E-001,
2.413533333333334E+009,-1.635570377111435E-001,-1.361319273710251E-001,4.488298296928406E-001,-8.424679040908814E-001,-1.635570377111435E-001,-1.361319273710251E-001,4.488298296928406E-001,-8.424679040908814E-001,
2.421900000000000E+009,-1.996473670005798E-001,-1.155111044645309E-001,4.368304312229157E-001,-8.512005209922791E-001,-1.996473670005798E-001,-1.155111044645309E-001,4.368304312229157E-001,-8.512005209922791E-001,
2.430266666666667E+009,-2.197581529617310E-001,-8.025286346673966E-002,4.167634546756744E-001,-8.625497817993164E-001,-2.197581529617310E-001,-8.025286346673966E-002,4.167634546756744E-001,-8.625497817993164E-001,
2.438633333333334E+009,-2.246455103158951E-001,-3.734540566802025E-002,3.986732065677643E-001,-8.698965907096863E-001,-2.246455103158951E-001,-3.734540566802025E-002,3.986732065677643E-001,-8.698965907096863E-001,
2.447000000000000E+009,-2.078509479761124E-001,1.558270654641092E-003,3.788168728351593E-001,-8.849095106124878E-001,-2.078509479761124E-001,1.558270654641092E-003,3.788168728351593E-001,-8.849095106124878E-001,
2.455366666666667E+009,-1.765704751014710E-001,2.444131672382355E-002,3.588187396526337E-001,-8.918231129646301E-001,-1.765704751014710E-001,2.444131672382355E-002,3.588187396526337E-001,-8.918231129646301E-001,
2.463733333333334E+009,-1.424466371536255E-001,2.822228148579598E-002,3.366171419620514E-001,-9.082920551300049E-001,-1.424466371536255E-001,2.822228148579598E-002,3.366171419620514E-001,-9.082920551300049E-001,
2.472100000000000E+009,-1.157189309597015E-001,1.135740615427494E-002,3.111307621002197E-001,-9.196517467498779E-001,-1.157189309597015E-001,1.135740615427494E-002,3.111307621002197E-001,-9.196517467498779E-001,
2.480466666666667E+009,-1.053663492202759E-001,-1.766754128038883E-002,2.778442502021790E-001,-9.243434071540833E-001,-1.053663492202759E-001,-1.766754128038883E-002,2.778442502021790E-001,-9.243434071540833E-001,
2.488833333333334E+009,-1.146712228655815E-001,-4.829849302768707E-002,2.569366693496704E-001,-9.317400455474854E-001,-1.146712228655815E-001,-4.829849302768707E-002,2.569366693496704E-001,-9.317400455474854E-001,
2.497200000000000E+009,-1.381711661815643E-001,-6.659051030874252E-002,2.261685431003571E-001,-9.384701848030090E-001,-1.381711661815643E-001,-6.659051030874252E-002,2.261685431003571E-001,-9.384701848030090E-001,
2.505566666666667E+009,-1.742289662361145E-001,-6.794074922800064E-002,1.978362202644348E-001,-9.414728283882141E-001,-1.742289662361145E-001,-6.794074922800064E-002,1.978362202644348E-001,-9.414728283882141E-001,
2.513933333333334E+009,-2.030941545963287E-001,-4.975412786006928E-002,1.787884384393692E-001,-9.395751953125000E-001,-2.030941545963287E-001,-4.975412786006928E-002,1.787884384393692E-001,-9.395751953125000E-001,
2.522300000000000E+009,-2.200461179018021E-001,-2.058196254074574E-002,1.516660600900650E-001,-9.426175951957703E-001,-2.200461179018021E-001,-2.058196254074574E-002,1.516660600900650E-001,-9.426175951957703E-001,
2.530666666666667E+009,-2.180372774600983E-001,1.628662645816803E-002,1.294969171285629E-001,-9.499214291572571E-001,-2.180372774600983E-001,1.628662645816803E-002,1.294969171285629E-001,-9.499214291572571E-001,
2.539033333333334E+009,-1.995681822299957E-001,4.732659086585045E-002,1.122106388211250E-001,-9.497676491737366E-001,-1.995681822299957E-001,4.732659086585045E-002,1.122106388211250E-001,-9.497676491737366E-001,
2.547400000000000E+009,-1.698950231075287E-001,6.539969146251679E-002,9.494214504957199E-002,-9.621801972389221E-001,-1.698950231075287E-001,6.539969146251679E-002,9.494214504957199E-002,-9.621801972389221E-001,
2.555766666666667E+009,-1.356891840696335E-001,6.539265066385269E-002,6.690403074026108E-002,-9.691815972328186E-001,-1.356891840696335E-001,6.539265066385269E-002,6.690403074026108E-002,-9.691815972328186E-001,
2.564133333333334E+009,-1.131623014807701E-001,4.535943642258644E-002,3.757609799504280E-002,-9.654555320739746E-001,-1.131623014807701E-001,4.535943642258644E-002,3.757609799504280E-002,-9.654555320739746E-001,
2.572500000000000E+009,-1.077888682484627E-001,1.752413995563984E-002,1.188558060675860E-002,-9.659665822982788E-001,-1.077888682484627E-001,1.752413995563984E-002,1.188558060675860E-002,-9.659665822982788E-001,
2.580866666666667E+009,-1.211620867252350E-001,-9.513591416180134E-003,-1.850216276943684E-002,-9.679664373397827E-001,-1.211620867252350E-001,-9.513591416180134E-003,-1.850216276943684E-002,-9.679664373397827E-001,
2.589233333333334E+009,-1.511310786008835E-001,-2.476498484611511E-002,-4.960129037499428E-002,-9.603924155235291E-001,-1.511310786008835E-001,-2.476498484611511E-002,-4.960129037499428E-002,-9.603924155235291E-001,
2.597600000000000E+009,-1.851498782634735E-001,-2.356140315532684E-002,-7.461850345134735E-002,-9.571818709373474E-001,-1.851498782634735E-001,-2.356140315532684E-002,-7.461850345134735E-002,-9.571818709373474E-001,
2.605966666666667E+009,-2.149781286716461E-001,-1.069790101610124E-003,-8.902642130851746E-002,-9.559535980224609E-001,-2.149781286716461E-001,-1.069790101610124E-003,-8.902642130851746E-002,-9.559535980224609E-001,
2.614333333333334E+009,-2.296376526355743E-001,3.057565353810787E-002,-1.121666729450226E-001,-9.450761675834656E-001,-2.296376526355743E-001,3.057565353810787E-002,-1.121666729450226E-001,-9.450761675834656E-001,
2.622700000000000E+009,-2.255782037973404E-001,6.943454593420029E-002,-1.311824619770050E-001,-9.393031597137451E-001,-2.255782037973404E-001,6.943454593420029E-002,-1.311824619770050E-001,-9.393031597137451E-001,
2.631066666666667E+009,-2.052603513002396E-001,1.013720855116844E-001,-1.542500108480454E-001,-9.496404528617859E-001,-2.052603513002396E-001,1.013720855116844E-001,-1.542500108480454E-001,-9.496404528617859E-001,
2.639433333333334E+009,-1.715209633111954E-001,1.174900606274605E-001,-1.743402630090714E-001,-9.382276535034180E-001,-1.715209633111954E-001,1.174900606274605E-001,-1.743402630090714E-001,-9.382276535034180E-001,
2.647800000000000E+009,-1.359823495149612E-001,1.168210059404373E-001,-1.998621672391892E-001,-9.401633143424988E-001,-1.359823495149612E-001,1.168210059404373E-001,-1.998621672391892E-001,-9.401633143424988E-001,
2.656166666666667E+009,-1.114118620753288E-001,9.868533164262772E-002,-2.232661992311478E-001,-9.436190724372864E-001,-1.114118620753288E-001,9.868533164262772E-002,-2.232661992311478E-001,-9.436190724372864E-001,
2.664533333333334E+009,-1.034164279699326E-001,7.190171629190445E-002,-2.572986483573914E-001,-9.276754856109619E-001,-1.034164279699326E-001,7.190171629190445E-002,-2.572986483573914E-001,-9.276754856109619E-001,
2.672900000000000E+009,-1.140475496649742E-001,4.606598988175392E-002,-2.801821529865265E-001,-9.234693050384522E-001,-1.140475496649742E-001,4.606598988175392E-002,-2.801821529865265E-001,-9.234693050384522E-001,
2.681266666666667E+009,-1.399922966957092E-001,3.315249830484390E-002,-3.080451488494873E-001,-9.114027023315430E-001,-1.399922966957092E-001,3.315249830484390E-002,-3.080451488494873E-001,-9.114027023315430E-001,
2.689633333333334E+009,-1.728109270334244E-001,3.710994124412537E-002,-3.303212225437164E-001,-9.027295112609863E-001,-1.728109270334244E-001,3.710994124412537E-002,-3.303212225437164E-001,-9.027295112609863E-001,
2.698000000000000E+009,-1.979707628488541E-001,5.864882469177246E-002,-3.436991274356842E-001,-8.865366578102112E-001,-1.979707628488541E-001,5.864882469177246E-002,-3.436991274356842E-001,-8.865366578102112E-001,
2.706366666666667E+009,-2.090502381324768E-001,9.235665202140808E-002,-3.683104515075684E-001,-8.714788556098938E-001,-2.090502381324768E-001,9.235665202140808E-002,-3.683104515075684E-001,-8.714788556098938E-001,
2.714733333333334E+009,-2.036832720041275E-001,1.268774121999741E-001,-3.823236525058746E-001,-8.707543611526489E-001,-2.036832720041275E-001,1.268774121999741E-001,-3.823236525058746E-001,-8.707543611526489E-001,
2.723100000000000E+009,-1.793572902679443E-001,1.565232723951340E-001,-4.013544917106628E-001,-8.592352867126465E-001,-1.793572902679443E-001,1.565232723951340E-001,-4.013544917106628E-001,-8.592352867126465E-001,
2.731466666666667E+009,-1.427486538887024E-001,1.718682497739792E-001,-4.243277609348297E-001,-8.543711304664612E-001,-1.427486538887024E-001,1.718682497739792E-001,-4.243277609348297E-001,-8.543711304664612E-001,
2.739833333333334E+009,-1.067442223429680E-001,1.674290299415588E-001,-4.440644681453705E-001,-8.451721668243408E-001,-1.067442223429680E-001,1.674290299415588E-001,-4.440644681453705E-001,-8.451721668243408E-001,
2.748200000000000E+009,-7.955454289913178E-002,1.482260078191757E-001,-4.684866964817047E-001,-8.384660482406616E-001,-7.955454289913178E-002,1.482260078191757E-001,-4.684866964817047E-001,-8.384660482406616E-001,
2.756566666666667E+009,-6.904347985982895E-002,1.192839443683624E-001,-4.951972365379334E-001,-8.307422995567322E-001,-6.904347985982895E-002,1.192839443683624E-001,-4.951972365379334E-001,-8.307422995567322E-001,
2.764933333333334E+009,-7.686730474233627E-002,9.179008007049561E-002,-5.290350914001465E-001,-8.215243816375732E-001,-7.686730474233627E-002,9.179008007049561E-002,-5.290350914001465E-001,-8.215243816375732E-001,
2.773300000000000E+009,-9.930782765150070E-002,7.345810532569885E-002,-5.453262329101563E-001,-7.969179749488831E-001,-9.930782765150070E-002,7.345810532569885E-002,-5.453262329101563E-001,-7.969179749488831E-001,
2.781666666666667E+009,-1.317979991436005E-001,7.711301743984222E-002,-5.637232661247253E-001,-7.782225608825684E-001,-1.317979991436005E-001,7.711301743984222E-002,-5.637232661247253E-001,-7.782225608825684E-001,
2.790033333333334E+009,-1.572504788637161E-001,9.545283019542694E-002,-5.825672149658203E-001,-7.643147706985474E-001,-1.572504788637161E-001,9.545283019542694E-002,-5.825672149658203E-001,-7.643147706985474E-001,
2.798400000000000E+009,-1.706696599721909E-001,1.276075989007950E-001,-5.992702841758728E-001,-7.494629025459290E-001,-1.706696599721909E-001,1.276075989007950E-001,-5.992702841758728E-001,-7.494629025459290E-001,
2.806766666666667E+009,-1.630184650421143E-001,1.625739037990570E-001,-6.112287640571594E-001,-7.253414392471314E-001,-1.630184650421143E-001,1.625739037990570E-001,-6.112287640571594E-001,-7.253414392471314E-001,
2.815133333333334E+009,-1.412774920463562E-001,1.888956427574158E-001,-6.255657076835632E-001,-7.153893709182739E-001,-1.412774920463562E-001,1.888956427574158E-001,-6.255657076835632E-001,-7.153893709182739E-001,
2.823500000000000E+009,-1.062639579176903E-001,2.027113139629364E-001,-6.437087655067444E-001,-7.043884396553040E-001,-1.062639579176903E-001,2.027113139629364E-001,-6.437087655067444E-001,-7.043884396553040E-001,
2.831866666666667E+009,-7.087478786706924E-002,1.962981075048447E-001,-6.575251817703247E-001,-6.924071311950684E-001,-7.087478786706924E-002,1.962981075048447E-001,-6.575251817703247E-001,-6.924071311950684E-001,
2.840233333333334E+009,-4.246648028492928E-002,1.755333542823792E-001,-6.823556423187256E-001,-6.793616414070129E-001,-4.246648028492928E-002,1.755333542823792E-001,-6.823556423187256E-001,-6.793616414070129E-001,
2.848600000000000E+009,-3.037210740149021E-002,1.455777734518051E-001,-7.003421783447266E-001,-6.594520807266235E-001,-3.037210740149021E-002,1.455777734518051E-001,-7.003421783447266E-001,-6.594520807266235E-001,
2.856966666666667E+009,-3.758759051561356E-002,1.171648204326630E-001,-7.223422527313232E-001,-6.440070271492004E-001,-3.758759051561356E-002,1.171648204326630E-001,-7.223422527313232E-001,-6.440070271492004E-001,
2.865333333333334E+009,-6.126699224114418E-002,9.856390208005905E-002,-7.428853511810303E-001,-6.246370673179627E-001,-6.126699224114418E-002,9.856390208005905E-002,-7.428853511810303E-001,-6.246370673179627E-001,
2.873700000000000E+009,-9.312400966882706E-002,9.891554713249207E-002,-7.609158754348755E-001,-5.931409001350403E-001,-9.312400966882706E-002,9.891554713249207E-002,-7.609158754348755E-001,-5.931409001350403E-001,
2.882066666666667E+009,-1.194833666086197E-001,1.178421005606651E-001,-7.687088847160339E-001,-5.656340718269348E-001,-1.194833666086197E-001,1.178421005606651E-001,-7.687088847160339E-001,-5.656340718269348E-001,
2.890433333333334E+009,-1.324668526649475E-001,1.517333984375000E-001,-7.813025116920471E-001,-5.461270213127136E-001,-1.324668526649475E-001,1.517333984375000E-001,-7.813025116920471E-001,-5.461270213127136E-001,
2.898800000000000E+009,-1.258509010076523E-001,1.886767596006393E-001,-7.859939336776733E-001,-5.311180949211121E-001,-1.258509010076523E-001,1.886767596006393E-001,-7.859939336776733E-001,-5.311180949211121E-001,
2.907166666666667E+009,-1.011529713869095E-001,2.171165198087692E-001,-7.923410534858704E-001,-5.174246430397034E-001,-1.011529713869095E-001,2.171165198087692E-001,-7.923410534858704E-001,-5.174246430397034E-001,
2.915533333333334E+009,-6.327505409717560E-002,2.321548759937286E-001,-8.073211908340454E-001,-4.936559498310089E-001,-6.327505409717560E-002,2.321548759937286E-001,-8.073211908340454E-001,-4.936559498310089E-001,
2.923900000000000E+009,-2.564900927245617E-002,2.262836545705795E-001,-8.192223310470581E-001,-4.838278591632843E-001,-2.564900927245617E-002,2.262836545705795E-001,-8.192223310470581E-001,-4.838278591632843E-001,
2.932266666666667E+009,4.683858249336481E-003,2.045127749443054E-001,-8.324754238128662E-001,-4.706059396266937E-001,4.683858249336481E-003,2.045127749443054E-001,-8.324754238128662E-001,-4.706059396266937E-001,
2.940633333333334E+009,1.836338080465794E-002,1.705056577920914E-001,-8.494061827659607E-001,-4.473475515842438E-001,1.836338080465794E-002,1.705056577920914E-001,-8.494061827659607E-001,-4.473475515842438E-001,
2.949000000000000E+009,1.251007243990898E-002,1.343644708395004E-001,-8.716828823089600E-001,-4.162273705005646E-001,1.251007243990898E-002,1.343644708395004E-001,-8.716828823089600E-001,-4.162273705005646E-001,
2.957366666666667E+009,-1.167067978531122E-002,1.125760078430176E-001,-8.833587765693665E-001,-4.001494944095612E-001,-1.167067978531122E-002,1.125760078430176E-001,-8.833587765693665E-001,-4.001494944095612E-001,
2.965733333333334E+009,-4.606344178318977E-002,1.094568744301796E-001,-8.974595665931702E-001,-3.692781627178192E-001,-4.606344178318977E-002,1.094568744301796E-001,-8.974595665931702E-001,-3.692781627178192E-001,
2.974100000000000E+009,-7.313331961631775E-002,1.281874328851700E-001,-9.042540788650513E-001,-3.314722776412964E-001,-7.313331961631775E-002,1.281874328851700E-001,-9.042540788650513E-001,-3.314722776412964E-001,
2.982466666666667E+009,-8.768010139465332E-002,1.612802147865295E-001,-9.083452820777893E-001,-3.084793090820313E-001,-8.768010139465332E-002,1.612802147865295E-001,-9.083452820777893E-001,-3.084793090820313E-001,
2.990833333333334E+009,-8.138749003410339E-002,1.987344920635223E-001,-9.045659899711609E-001,-2.920033335685730E-001,-8.138749003410339E-002,1.987344920635223E-001,-9.045659899711609E-001,-2.920033335685730E-001,
2.999200000000000E+009,-5.519080907106400E-002,2.296269536018372E-001,-9.091219305992127E-001,-2.706909179687500E-001,-5.519080907106400E-002,2.296269536018372E-001,-9.091219305992127E-001,-2.706909179687500E-001,
3.007566666666667E+009,-1.624112017452717E-002,2.444301843643189E-001,-9.125417470932007E-001,-2.514074742794037E-001,-1.624112017452717E-002,2.444301843643189E-001,-9.125417470932007E-001,-2.514074742794037E-001,
3.015933333333334E+009,2.644930034875870E-002,2.365563958883286E-001,-9.153990745544434E-001,-2.378293871879578E-001,2.644930034875870E-002,2.365563958883286E-001,-9.153990745544434E-001,-2.378293871879578E-001,
3.024300000000000E+009,5.818203464150429E-002,2.123263329267502E-001,-9.272301197052002E-001,-2.195006459951401E-001,5.818203464150429E-002,2.123263329267502E-001,-9.272301197052002E-001,-2.195006459951401E-001,
3.032666666666667E+009,7.265246659517288E-002,1.731181293725967E-001,-9.379512667655945E-001,-1.948046535253525E-001,7.265246659517288E-002,1.731181293725967E-001,-9.379512667655945E-001,-1.948046535253525E-001,
3.041033333333334E+009,6.346430629491806E-002,1.347095966339111E-001,-9.486308693885803E-001,-1.717816740274429E-001,6.346430629491806E-002,1.347095966339111E-001,-9.486308693885803E-001,-1.717816740274429E-001,
3.049400000000000E+009,3.447359800338745E-002,1.091590225696564E-001,-9.591122865676880E-001,-1.353469640016556E-001,3.447359800338745E-002,1.091590225696564E-001,-9.591122865676880E-001,-1.353469640016556E-001,
3.057766666666667E+009,-2.814285224303603E-003,1.049448773264885E-001,-9.656851887702942E-001,-1.194973513484001E-001,-2.814285224303603E-003,1.049448773264885E-001,-9.656851887702942E-001,-1.194973513484001E-001,
3.066133333333334E+009,-3.731952235102654E-002,1.240168809890747E-001,-9.601829051971436E-001,-7.971827685832977E-002,-3.731952235102654E-002,1.240168809890747E-001,-9.601829051971436E-001,-7.971827685832977E-002,
3.074500000000000E+009,-5.300479009747505E-002,1.611422598361969E-001,-9.607256650924683E-001,-5.152777582406998E-002,-5.300479009747505E-002,1.611422598361969E-001,-9.607256650924683E-001,-5.152777582406998E-002,
3.082866666666667E+009,-4.420885816216469E-002,2.029736638069153E-001,-9.551762938499451E-001,-2.878642082214356E-002,-4.420885816216469E-002,2.029736638069153E-001,-9.551762938499451E-001,-2.878642082214356E-002,
3.091233333333334E+009,-1.297153439372778E-002,2.376990467309952E-001,-9.468255043029785E-001,-4.966917913407087E-003,-1.297153439372778E-002,2.376990467309952E-001,-9.468255043029785E-001,-4.966917913407087E-003,
3.099600000000000E+009,3.360475972294807E-002,2.513630390167236E-001,-9.396848678588867E-001,1.074886135756970E-002,3.360475972294807E-002,2.513630390167236E-001,-9.396848678588867E-001,1.074886135756970E-002,
3.107966666666667E+009,8.386041224002838E-002,2.408752590417862E-001,-9.440162777900696E-001,2.383751608431339E-002,8.386041224002838E-002,2.408752590417862E-001,-9.440162777900696E-001,2.383751608431339E-002,
3.116333333333334E+009,1.235127002000809E-001,2.086749970912933E-001,-9.467128515243530E-001,4.509492591023445E-002,1.235127002000809E-001,2.086749970912933E-001,-9.467128515243530E-001,4.509492591023445E-002,
3.124700000000000E+009,1.389904767274857E-001,1.618444174528122E-001,-9.551665186882019E-001,6.108227372169495E-002,1.389904767274857E-001,1.618444174528122E-001,-9.551665186882019E-001,6.108227372169495E-002,
3.133066666666667E+009,1.292293816804886E-001,1.147618144750595E-001,-9.630875587463379E-001,9.010584652423859E-002,1.292293816804886E-001,1.147618144750595E-001,-9.630875587463379E-001,9.010584652423859E-002,
3.141433333333334E+009,9.696876257658005E-002,7.973655313253403E-002,-9.652633666992188E-001,1.179129108786583E-001,9.696876257658005E-002,7.973655313253403E-002,-9.652633666992188E-001,1.179129108786583E-001,
3.149800000000000E+009,4.878035560250282E-002,7.088326662778854E-002,-9.649587273597717E-001,1.580834984779358E-001,4.878035560250282E-002,7.088326662778854E-002,-9.649587273597717E-001,1.580834984779358E-001,
3.158166666666667E+009,5.591748747974634E-003,9.054074436426163E-002,-9.512925148010254E-001,1.912534087896347E-001,5.591748747974634E-003,9.054074436426163E-002,-9.512925148010254E-001,1.912534087896347E-001,
3.166533333333334E+009,-1.778358779847622E-002,1.310637146234512E-001,-9.427505135536194E-001,2.181586623191834E-001,-1.778358779847622E-002,1.310637146234512E-001,-9.427505135536194E-001,2.181586623191834E-001,
3.174900000000000E+009,-1.504543982446194E-002,1.790197491645813E-001,-9.270637631416321E-001,2.420994341373444E-001,-1.504543982446194E-002,1.790197491645813E-001,-9.270637631416321E-001,2.420994341373444E-001,
3.183266666666667E+009,1.590625196695328E-002,2.191318124532700E-001,-9.116698503494263E-001,2.609501779079437E-001,1.590625196695328E-002,2.191318124532700E-001,-9.116698503494263E-001,2.609501779079437E-001,
3.191633333333334E+009,6.360556185245514E-002,2.353680431842804E-001,-8.981324434280396E-001,2.749166786670685E-001,6.360556185245514E-002,2.353680431842804E-001,-8.981324434280396E-001,2.749166786670685E-001,
3.200000000000000E+009,1.151521578431130E-001,2.244034558534622E-001,-8.954449295997620E-001,2.858666181564331E-001,1.151521578431130E-001,2.244034558534622E-001,-8.954449295997620E-001,2.858666181564331E-001,
