% Version 1.00
%
%freq[Hz],re:Trc1_S11,im:Trc1_S11,re:Trc2_S21,im:Trc2_S21,re:Trc3_S11,im:Trc3_S11,re:Trc4_S21,im:Trc4_S21,
6.900000000000000E+008,-4.128932580351830E-002,3.056172281503677E-002,-4.961201846599579E-001,-8.455694317817688E-001,-4.128932580351830E-002,3.056172281503677E-002,-4.961201846599579E-001,-8.455694317817688E-001,
6.983666666666666E+008,-3.397255763411522E-002,3.056665137410164E-002,-5.135964155197144E-001,-8.278462290763855E-001,-3.397255763411522E-002,3.056665137410164E-002,-5.135964155197144E-001,-8.278462290763855E-001,
7.067333333333334E+008,-2.845598571002483E-002,2.734752744436264E-002,-5.418252944946289E-001,-8.018506765365601E-001,-2.845598571002483E-002,2.734752744436264E-002,-5.418252944946289E-001,-8.018506765365601E-001,
7.151000000000000E+008,-2.947350032627583E-002,1.913942024111748E-002,-5.506371855735779E-001,-7.943527102470398E-001,-2.947350032627583E-002,1.913942024111748E-002,-5.506371855735779E-001,-7.943527102470398E-001,
7.234666666666666E+008,-2.981928177177906E-002,1.334706041961908E-002,-5.885571241378784E-001,-7.822790741920471E-001,-2.981928177177906E-002,1.334706041961908E-002,-5.885571241378784E-001,-7.822790741920471E-001,
7.318333333333334E+008,-3.748783841729164E-002,9.897856041789055E-003,-5.949190855026245E-001,-7.779390811920166E-001,-3.748783841729164E-002,9.897856041789055E-003,-5.949190855026245E-001,-7.779390811920166E-001,
7.402000000000000E+008,-4.517294466495514E-002,1.158429030328989E-002,-6.248303055763245E-001,-7.541832923889160E-001,-4.517294466495514E-002,1.158429030328989E-002,-6.248303055763245E-001,-7.541832923889160E-001,
7.485666666666666E+008,-5.018125474452972E-002,1.689388789236546E-002,-6.463458538055420E-001,-7.168129086494446E-001,-5.018125474452972E-002,1.689388789236546E-002,-6.463458538055420E-001,-7.168129086494446E-001,
7.569333333333334E+008,-5.116742476820946E-002,2.572967857122421E-002,-6.614676117897034E-001,-7.192991375923157E-001,-5.116742476820946E-002,2.572967857122421E-002,-6.614676117897034E-001,-7.192991375923157E-001,
7.653000000000000E+008,-4.789831116795540E-002,3.423387929797173E-002,-6.687992215156555E-001,-7.120375633239746E-001,-4.789831116795540E-002,3.423387929797173E-002,-6.687992215156555E-001,-7.120375633239746E-001,
7.736666666666666E+008,-4.019610211253166E-002,4.270292073488236E-002,-6.937108635902405E-001,-7.043499946594238E-001,-4.019610211253166E-002,4.270292073488236E-002,-6.937108635902405E-001,-7.043499946594238E-001,
7.820333333333334E+008,-3.402279317378998E-002,4.650196805596352E-002,-7.167319655418396E-001,-6.815032362937927E-001,-3.402279317378998E-002,4.650196805596352E-002,-7.167319655418396E-001,-6.815032362937927E-001,
7.904000000000000E+008,-2.473675087094307E-002,4.490244016051292E-002,-7.313629984855652E-001,-6.588041186332703E-001,-2.473675087094307E-002,4.490244016051292E-002,-7.313629984855652E-001,-6.588041186332703E-001,
7.987666666666666E+008,-1.795408129692078E-002,4.037488251924515E-002,-7.437152862548828E-001,-6.387916207313538E-001,-1.795408129692078E-002,4.037488251924515E-002,-7.437152862548828E-001,-6.387916207313538E-001,
8.071333333333334E+008,-1.838647760450840E-002,3.588951006531715E-002,-7.570851445198059E-001,-6.255357861518860E-001,-1.838647760450840E-002,3.588951006531715E-002,-7.570851445198059E-001,-6.255357861518860E-001,
8.155000000000000E+008,-2.272946387529373E-002,2.887075580656529E-002,-7.667742967605591E-001,-5.805113315582275E-001,-2.272946387529373E-002,2.887075580656529E-002,-7.667742967605591E-001,-5.805113315582275E-001,
8.238666666666666E+008,-2.790623344480991E-002,2.586673200130463E-002,-7.983391880989075E-001,-5.846429467201233E-001,-2.790623344480991E-002,2.586673200130463E-002,-7.983391880989075E-001,-5.846429467201233E-001,
8.322333333333334E+008,-3.640699759125710E-002,2.768774330615997E-002,-8.098635673522949E-001,-5.567060112953186E-001,-3.640699759125710E-002,2.768774330615997E-002,-8.098635673522949E-001,-5.567060112953186E-001,
8.406000000000000E+008,-4.132195562124252E-002,3.089136071503162E-002,-8.221428990364075E-001,-5.422842502593994E-001,-4.132195562124252E-002,3.089136071503162E-002,-8.221428990364075E-001,-5.422842502593994E-001,
8.489666666666668E+008,-4.216143861413002E-002,3.843986615538597E-002,-8.421378731727600E-001,-5.161635875701904E-001,-4.216143861413002E-002,3.843986615538597E-002,-8.421378731727600E-001,-5.161635875701904E-001,
8.573333333333334E+008,-3.920128196477890E-002,4.565113037824631E-002,-8.471857309341431E-001,-4.991526007652283E-001,-3.920128196477890E-002,4.565113037824631E-002,-8.471857309341431E-001,-4.991526007652283E-001,
8.657000000000000E+008,-3.274771571159363E-002,5.421595647931099E-002,-8.632083535194397E-001,-4.706367850303650E-001,-3.274771571159363E-002,5.421595647931099E-002,-8.632083535194397E-001,-4.706367850303650E-001,
8.740666666666668E+008,-2.463755011558533E-002,5.909661948680878E-002,-8.574907183647156E-001,-4.520518183708191E-001,-2.463755011558533E-002,5.909661948680878E-002,-8.574907183647156E-001,-4.520518183708191E-001,
8.824333333333334E+008,-1.566669158637524E-002,5.801974982023239E-002,-8.889382481575012E-001,-4.210214316844940E-001,-1.566669158637524E-002,5.801974982023239E-002,-8.889382481575012E-001,-4.210214316844940E-001,
8.908000000000000E+008,-8.564827032387257E-003,5.806349217891693E-002,-8.997994065284729E-001,-4.174780547618866E-001,-8.564827032387257E-003,5.806349217891693E-002,-8.997994065284729E-001,-4.174780547618866E-001,
8.991666666666668E+008,-6.067876704037190E-003,5.123633518815041E-002,-9.108107089996338E-001,-3.880711197853088E-001,-6.067876704037190E-003,5.123633518815041E-002,-9.108107089996338E-001,-3.880711197853088E-001,
9.075333333333334E+008,-6.387813948094845E-003,4.682105779647827E-002,-9.028285741806030E-001,-3.629887402057648E-001,-6.387813948094845E-003,4.682105779647827E-002,-9.028285741806030E-001,-3.629887402057648E-001,
9.159000000000000E+008,-9.775449521839619E-003,4.183821380138397E-002,-9.178239703178406E-001,-3.526457548141480E-001,-9.775449521839619E-003,4.183821380138397E-002,-9.178239703178406E-001,-3.526457548141480E-001,
9.242666666666668E+008,-1.529582682996988E-002,3.752622008323669E-002,-9.289487600326538E-001,-3.275282382965088E-001,-1.529582682996988E-002,3.752622008323669E-002,-9.289487600326538E-001,-3.275282382965088E-001,
9.326333333333334E+008,-2.017609030008316E-002,3.957771882414818E-002,-9.327784180641174E-001,-2.933221161365509E-001,-2.017609030008316E-002,3.957771882414818E-002,-9.327784180641174E-001,-2.933221161365509E-001,
9.410000000000000E+008,-2.570309489965439E-002,4.585322737693787E-002,-9.389738440513611E-001,-2.659440040588379E-001,-2.570309489965439E-002,4.585322737693787E-002,-9.389738440513611E-001,-2.659440040588379E-001,
9.493666666666668E+008,-2.701447904109955E-002,5.272997543215752E-002,-9.445907473564148E-001,-2.568447887897492E-001,-2.701447904109955E-002,5.272997543215752E-002,-9.445907473564148E-001,-2.568447887897492E-001,
9.577333333333334E+008,-2.233923599123955E-002,6.101860478520393E-002,-9.695816636085510E-001,-2.149918377399445E-001,-2.233923599123955E-002,6.101860478520393E-002,-9.695816636085510E-001,-2.149918377399445E-001,
9.661000000000000E+008,-1.448293682187796E-002,6.786300241947174E-002,-9.551305770874023E-001,-2.011457383632660E-001,-1.448293682187796E-002,6.786300241947174E-002,-9.551305770874023E-001,-2.011457383632660E-001,
9.744666666666668E+008,-5.260963458567858E-003,7.245165109634399E-002,-9.661340713500977E-001,-1.694820821285248E-001,-5.260963458567858E-003,7.245165109634399E-002,-9.661340713500977E-001,-1.694820821285248E-001,
9.828333333333334E+008,8.015303872525692E-003,7.073105126619339E-002,-9.625146389007568E-001,-1.442572325468063E-001,8.015303872525692E-003,7.073105126619339E-002,-9.625146389007568E-001,-1.442572325468063E-001,
9.912000000000000E+008,1.723515614867210E-002,6.781727075576782E-002,-9.732683897018433E-001,-1.345110088586807E-001,1.723515614867210E-002,6.781727075576782E-002,-9.732683897018433E-001,-1.345110088586807E-001,
9.995666666666668E+008,2.137017436325550E-002,5.900990962982178E-002,-9.769968986511231E-001,-9.863201528787613E-002,2.137017436325550E-002,5.900990962982178E-002,-9.769968986511231E-001,-9.863201528787613E-002,
1.007933333333333E+009,2.105551026761532E-002,5.093308538198471E-002,-9.806354641914368E-001,-7.935673743486404E-002,2.105551026761532E-002,5.093308538198471E-002,-9.806354641914368E-001,-7.935673743486404E-002,
1.016300000000000E+009,1.436862908303738E-002,4.245427250862122E-002,-9.803230166435242E-001,-5.259424820542336E-002,1.436862908303738E-002,4.245427250862122E-002,-9.803230166435242E-001,-5.259424820542336E-002,
1.024666666666667E+009,6.011077668517828E-003,4.166039451956749E-002,-9.814941287040710E-001,-3.177902847528458E-002,6.011077668517828E-003,4.166039451956749E-002,-9.814941287040710E-001,-3.177902847528458E-002,
1.033033333333333E+009,-1.648277044296265E-003,4.272323101758957E-002,-9.597230553627014E-001,6.719538476318121E-003,-1.648277044296265E-003,4.272323101758957E-002,-9.597230553627014E-001,6.719538476318121E-003,
1.041400000000000E+009,-6.167049519717693E-003,4.897741973400116E-002,-9.671260714530945E-001,2.773615531623364E-002,-6.167049519717693E-003,4.897741973400116E-002,-9.671260714530945E-001,2.773615531623364E-002,
1.049766666666667E+009,-7.126219104975462E-003,5.726800858974457E-002,-9.760919213294983E-001,4.925920814275742E-002,-7.126219104975462E-003,5.726800858974457E-002,-9.760919213294983E-001,4.925920814275742E-002,
1.058133333333333E+009,5.869475426152349E-004,6.630360335111618E-002,-9.713200330734253E-001,7.372057437896729E-002,5.869475426152349E-004,6.630360335111618E-002,-9.713200330734253E-001,7.372057437896729E-002,
1.066500000000000E+009,1.314247213304043E-002,7.093710452318192E-002,-9.555959105491638E-001,1.014441400766373E-001,1.314247213304043E-002,7.093710452318192E-002,-9.555959105491638E-001,1.014441400766373E-001,
1.074866666666667E+009,2.494889684021473E-002,6.802972406148911E-002,-9.665150046348572E-001,1.301993876695633E-001,2.494889684021473E-002,6.802972406148911E-002,-9.665150046348572E-001,1.301993876695633E-001,
1.083233333333334E+009,3.750378265976906E-002,6.418329477310181E-002,-9.620295763015747E-001,1.461670249700546E-001,3.750378265976906E-002,6.418329477310181E-002,-9.620295763015747E-001,1.461670249700546E-001,
1.091600000000000E+009,4.199041053652763E-002,5.245353281497955E-002,-9.557875990867615E-001,1.805126816034317E-001,4.199041053652763E-002,5.245353281497955E-002,-9.557875990867615E-001,1.805126816034317E-001,
1.099966666666667E+009,4.337139055132866E-002,4.044240713119507E-002,-9.518018364906311E-001,1.968722194433212E-001,4.337139055132866E-002,4.044240713119507E-002,-9.518018364906311E-001,1.968722194433212E-001,
1.108333333333334E+009,3.514736518263817E-002,3.093023784458637E-002,-9.638581871986389E-001,2.195940613746643E-001,3.514736518263817E-002,3.093023784458637E-002,-9.638581871986389E-001,2.195940613746643E-001,
1.116700000000000E+009,2.269700542092323E-002,3.155951574444771E-002,-9.492944478988648E-001,2.514264583587647E-001,2.269700542092323E-002,3.155951574444771E-002,-9.492944478988648E-001,2.514264583587647E-001,
1.125066666666667E+009,1.037307363003492E-002,3.293216601014137E-002,-9.336388707160950E-001,2.730208635330200E-001,1.037307363003492E-002,3.293216601014137E-002,-9.336388707160950E-001,2.730208635330200E-001,
1.133433333333334E+009,-4.372914845589548E-004,4.507806152105331E-002,-9.291654825210571E-001,2.910392880439758E-001,-4.372914845589548E-004,4.507806152105331E-002,-9.291654825210571E-001,2.910392880439758E-001,
1.141800000000000E+009,4.005046139354818E-005,5.811835825443268E-002,-9.182475805282593E-001,3.155253827571869E-001,4.005046139354818E-005,5.811835825443268E-002,-9.182475805282593E-001,3.155253827571869E-001,
1.150166666666667E+009,6.460146512836218E-003,7.071550190448761E-002,-9.127579927444458E-001,3.457722961902618E-001,6.460146512836218E-003,7.071550190448761E-002,-9.127579927444458E-001,3.457722961902618E-001,
1.158533333333334E+009,2.384893409907818E-002,7.796756923198700E-002,-9.029072523117065E-001,3.674502670764923E-001,2.384893409907818E-002,7.796756923198700E-002,-9.029072523117065E-001,3.674502670764923E-001,
1.166900000000000E+009,4.301270842552185E-002,7.717107236385346E-002,-8.943389654159546E-001,3.936489224433899E-001,4.301270842552185E-002,7.717107236385346E-002,-8.943389654159546E-001,3.936489224433899E-001,
1.175266666666667E+009,5.900279805064201E-002,6.747043877840042E-002,-8.762435913085938E-001,4.073590636253357E-001,5.900279805064201E-002,6.747043877840042E-002,-8.762435913085938E-001,4.073590636253357E-001,
1.183633333333334E+009,7.183304429054260E-002,5.286795273423195E-002,-8.717567324638367E-001,4.343003928661346E-001,7.183304429054260E-002,5.286795273423195E-002,-8.717567324638367E-001,4.343003928661346E-001,
1.192000000000000E+009,7.330415397882462E-002,3.575527667999268E-002,-8.651875853538513E-001,4.602619111537933E-001,7.330415397882462E-002,3.575527667999268E-002,-8.651875853538513E-001,4.602619111537933E-001,
1.200366666666667E+009,6.408028304576874E-002,1.891421899199486E-002,-8.517715334892273E-001,4.786572754383087E-001,6.408028304576874E-002,1.891421899199486E-002,-8.517715334892273E-001,4.786572754383087E-001,
1.208733333333334E+009,4.662480950355530E-002,1.088974345475435E-002,-8.461529612541199E-001,5.080949068069458E-001,4.662480950355530E-002,1.088974345475435E-002,-8.461529612541199E-001,5.080949068069458E-001,
1.217100000000000E+009,2.841732278466225E-002,1.328733842819929E-002,-8.149207234382629E-001,5.216700434684753E-001,2.841732278466225E-002,1.328733842819929E-002,-8.149207234382629E-001,5.216700434684753E-001,
1.225466666666667E+009,1.638067327439785E-002,2.488679625093937E-002,-8.173422813415527E-001,5.462288856506348E-001,1.638067327439785E-002,2.488679625093937E-002,-8.173422813415527E-001,5.462288856506348E-001,
1.233833333333334E+009,1.418628916144371E-002,4.026510193943977E-002,-7.976047396659851E-001,5.663394331932068E-001,1.418628916144371E-002,4.026510193943977E-002,-7.976047396659851E-001,5.663394331932068E-001,
1.242200000000000E+009,1.962679252028465E-002,5.490050837397575E-002,-7.697162032127380E-001,5.828412175178528E-001,1.962679252028465E-002,5.490050837397575E-002,-7.697162032127380E-001,5.828412175178528E-001,
1.250566666666667E+009,3.434083238244057E-002,6.464232504367828E-002,-7.738810777664185E-001,6.101500988006592E-001,3.434083238244057E-002,6.464232504367828E-002,-7.738810777664185E-001,6.101500988006592E-001,
1.258933333333334E+009,5.465544387698174E-002,6.516800075769424E-002,-7.536392807960510E-001,6.203758716583252E-001,5.465544387698174E-002,6.516800075769424E-002,-7.536392807960510E-001,6.203758716583252E-001,
1.267300000000000E+009,7.244531810283661E-002,5.296170711517334E-002,-7.303459644317627E-001,6.380234956741333E-001,7.244531810283661E-002,5.296170711517334E-002,-7.303459644317627E-001,6.380234956741333E-001,
1.275666666666667E+009,8.353874087333679E-002,3.615082427859306E-002,-7.274248600006104E-001,6.430987715721130E-001,8.353874087333679E-002,3.615082427859306E-002,-7.274248600006104E-001,6.430987715721130E-001,
1.284033333333334E+009,8.543632179498673E-002,1.398963015526533E-002,-6.966435313224793E-001,6.943902373313904E-001,8.543632179498673E-002,1.398963015526533E-002,-6.966435313224793E-001,6.943902373313904E-001,
1.292400000000000E+009,7.374235242605209E-002,-3.680087625980377E-003,-6.928034424781799E-001,6.939753890037537E-001,7.374235242605209E-002,-3.680087625980377E-003,-6.928034424781799E-001,6.939753890037537E-001,
1.300766666666667E+009,5.605531111359596E-002,-1.117106061428785E-002,-6.742431521415710E-001,7.109346389770508E-001,5.605531111359596E-002,-1.117106061428785E-002,-6.742431521415710E-001,7.109346389770508E-001,
1.309133333333334E+009,3.657859936356545E-002,-8.026605471968651E-003,-6.591730713844299E-001,7.386831641197205E-001,3.657859936356545E-002,-8.026605471968651E-003,-6.591730713844299E-001,7.386831641197205E-001,
1.317500000000000E+009,2.194546349346638E-002,4.507490433752537E-003,-6.290344595909119E-001,7.634223103523254E-001,2.194546349346638E-002,4.507490433752537E-003,-6.290344595909119E-001,7.634223103523254E-001,
1.325866666666667E+009,1.679058559238911E-002,2.099330723285675E-002,-6.109647154808044E-001,7.620019912719727E-001,1.679058559238911E-002,2.099330723285675E-002,-6.109647154808044E-001,7.620019912719727E-001,
1.334233333333334E+009,2.318300865590572E-002,3.973665833473206E-002,-5.893449187278748E-001,7.743924856185913E-001,2.318300865590572E-002,3.973665833473206E-002,-5.893449187278748E-001,7.743924856185913E-001,
1.342600000000000E+009,3.962850570678711E-002,4.576876387000084E-002,-5.765124559402466E-001,7.921482920646668E-001,3.962850570678711E-002,4.576876387000084E-002,-5.765124559402466E-001,7.921482920646668E-001,
1.350966666666667E+009,5.722833424806595E-002,4.429882392287254E-002,-5.472710132598877E-001,8.121433854103088E-001,5.722833424806595E-002,4.429882392287254E-002,-5.472710132598877E-001,8.121433854103088E-001,
1.359333333333334E+009,7.293313741683960E-002,3.208835795521736E-002,-5.300871729850769E-001,8.190050125122070E-001,7.293313741683960E-002,3.208835795521736E-002,-5.300871729850769E-001,8.190050125122070E-001,
1.367700000000000E+009,8.006843924522400E-002,1.100773736834526E-002,-5.130361318588257E-001,8.300787210464478E-001,8.006843924522400E-002,1.100773736834526E-002,-5.130361318588257E-001,8.300787210464478E-001,
1.376066666666667E+009,7.471542805433273E-002,-1.212981063872576E-002,-4.870680272579193E-001,8.425159454345703E-001,7.471542805433273E-002,-1.212981063872576E-002,-4.870680272579193E-001,8.425159454345703E-001,
1.384433333333334E+009,5.991290882229805E-002,-2.542911097407341E-002,-4.789012968540192E-001,8.538501262664795E-001,5.991290882229805E-002,-2.542911097407341E-002,-4.789012968540192E-001,8.538501262664795E-001,
1.392800000000000E+009,3.710240870714188E-002,-2.859979495406151E-002,-4.545450806617737E-001,8.608450889587402E-001,3.710240870714188E-002,-2.859979495406151E-002,-4.545450806617737E-001,8.608450889587402E-001,
1.401166666666667E+009,2.005490288138390E-002,-2.005462162196636E-002,-4.226375818252564E-001,8.879011869430542E-001,2.005490288138390E-002,-2.005462162196636E-002,-4.226375818252564E-001,8.879011869430542E-001,
1.409533333333334E+009,8.132815361022949E-003,9.010117355501279E-005,-3.999002873897553E-001,8.972854614257813E-001,8.132815361022949E-003,9.010117355501279E-005,-3.999002873897553E-001,8.972854614257813E-001,
1.417900000000000E+009,6.652961950749159E-003,2.193796448409557E-002,-3.607646226882935E-001,8.910901546478272E-001,6.652961950749159E-003,2.193796448409557E-002,-3.607646226882935E-001,8.910901546478272E-001,
1.426266666666667E+009,1.735956035554409E-002,4.119081422686577E-002,-3.563387095928192E-001,9.190498590469360E-001,1.735956035554409E-002,4.119081422686577E-002,-3.563387095928192E-001,9.190498590469360E-001,
1.434633333333334E+009,3.593264147639275E-002,4.864119738340378E-002,-3.270998299121857E-001,9.123749732971191E-001,3.593264147639275E-002,4.864119738340378E-002,-3.270998299121857E-001,9.123749732971191E-001,
1.443000000000000E+009,5.827100574970245E-002,4.629540443420410E-002,-3.018145561218262E-001,9.251790642738342E-001,5.827100574970245E-002,4.629540443420410E-002,-3.018145561218262E-001,9.251790642738342E-001,
1.451366666666667E+009,7.356399297714233E-002,3.010333701968193E-002,-2.831189632415772E-001,9.303491115570068E-001,7.356399297714233E-002,3.010333701968193E-002,-2.831189632415772E-001,9.303491115570068E-001,
1.459733333333334E+009,7.965830713510513E-002,9.418325498700142E-003,-2.690869271755219E-001,9.340451955795288E-001,7.965830713510513E-002,9.418325498700142E-003,-2.690869271755219E-001,9.340451955795288E-001,
1.468100000000000E+009,7.414145022630692E-002,-1.207832060754299E-002,-2.332956939935684E-001,9.423655271530151E-001,7.414145022630692E-002,-1.207832060754299E-002,-2.332956939935684E-001,9.423655271530151E-001,
1.476466666666667E+009,5.837286636233330E-002,-2.672700397670269E-002,-2.143627107143402E-001,9.582195281982422E-001,5.837286636233330E-002,-2.672700397670269E-002,-2.143627107143402E-001,9.582195281982422E-001,
1.484833333333334E+009,3.692489117383957E-002,-3.010975755751133E-002,-1.808355897665024E-001,9.607264995574951E-001,3.692489117383957E-002,-3.010975755751133E-002,-1.808355897665024E-001,9.607264995574951E-001,
1.493200000000000E+009,2.072742581367493E-002,-2.066900208592415E-002,-1.635726690292358E-001,9.622302651405335E-001,2.072742581367493E-002,-2.066900208592415E-002,-1.635726690292358E-001,9.622302651405335E-001,
1.501566666666667E+009,1.105428021401167E-002,-1.451896736398339E-003,-1.337845921516419E-001,9.649763703346252E-001,1.105428021401167E-002,-1.451896736398339E-003,-1.337845921516419E-001,9.649763703346252E-001,
1.509933333333334E+009,1.153825130313635E-002,2.094763703644276E-002,-1.183681190013886E-001,9.690610170364380E-001,1.153825130313635E-002,2.094763703644276E-002,-1.183681190013886E-001,9.690610170364380E-001,
1.518300000000000E+009,2.665976993739605E-002,3.775931894779205E-002,-9.175762534141541E-002,9.756323695182800E-001,2.665976993739605E-002,3.775931894779205E-002,-9.175762534141541E-002,9.756323695182800E-001,
1.526666666666667E+009,4.671422764658928E-002,4.479340463876724E-002,-5.901116505265236E-002,9.692601561546326E-001,4.671422764658928E-002,4.479340463876724E-002,-5.901116505265236E-002,9.692601561546326E-001,
1.535033333333334E+009,6.716620177030563E-002,4.145534336566925E-002,-3.861910849809647E-002,9.791028499603272E-001,6.716620177030563E-002,4.145534336566925E-002,-3.861910849809647E-002,9.791028499603272E-001,
1.543400000000000E+009,8.078937232494354E-002,2.551510185003281E-002,-1.836264319717884E-002,9.727118015289307E-001,8.078937232494354E-002,2.551510185003281E-002,-1.836264319717884E-002,9.727118015289307E-001,
1.551766666666667E+009,8.295515924692154E-002,2.991767367348075E-003,4.748937673866749E-003,9.685051441192627E-001,8.295515924692154E-002,2.991767367348075E-003,4.748937673866749E-003,9.685051441192627E-001,
1.560133333333334E+009,7.658484578132629E-002,-1.776027865707874E-002,2.653983794152737E-002,9.747509956359863E-001,7.658484578132629E-002,-1.776027865707874E-002,2.653983794152737E-002,9.747509956359863E-001,
1.568500000000000E+009,6.163350492715836E-002,-3.078698553144932E-002,4.420853406190872E-002,9.782248139381409E-001,6.163350492715836E-002,-3.078698553144932E-002,4.420853406190872E-002,9.782248139381409E-001,
1.576866666666667E+009,4.212942346930504E-002,-3.233646601438522E-002,8.562493324279785E-002,9.693486094474793E-001,4.212942346930504E-002,-3.233646601438522E-002,8.562493324279785E-002,9.693486094474793E-001,
1.585233333333334E+009,2.878677845001221E-002,-2.406741306185722E-002,1.009471789002419E-001,9.692348241806030E-001,2.878677845001221E-002,-2.406741306185722E-002,1.009471789002419E-001,9.692348241806030E-001,
1.593600000000000E+009,2.136685512959957E-002,-9.170879609882832E-003,1.297552138566971E-001,9.639340043067932E-001,2.136685512959957E-002,-9.170879609882832E-003,1.297552138566971E-001,9.639340043067932E-001,
1.601966666666667E+009,2.427161298692226E-002,9.782094508409500E-003,1.504341959953308E-001,9.619325995445252E-001,2.427161298692226E-002,9.782094508409500E-003,1.504341959953308E-001,9.619325995445252E-001,
1.610333333333334E+009,3.685420006513596E-002,2.262383140623570E-002,1.812259256839752E-001,9.548141956329346E-001,3.685420006513596E-002,2.262383140623570E-002,1.812259256839752E-001,9.548141956329346E-001,
1.618700000000000E+009,5.530544742941856E-002,2.695841342210770E-002,2.065272331237793E-001,9.516535401344299E-001,5.530544742941856E-002,2.695841342210770E-002,2.065272331237793E-001,9.516535401344299E-001,
1.627066666666667E+009,7.120878249406815E-002,2.102121151983738E-002,2.273890823125839E-001,9.441341161727905E-001,7.120878249406815E-002,2.102121151983738E-002,2.273890823125839E-001,9.441341161727905E-001,
1.635433333333334E+009,8.024177700281143E-002,8.907495066523552E-003,2.538515627384186E-001,9.442123770713806E-001,8.024177700281143E-002,8.907495066523552E-003,2.538515627384186E-001,9.442123770713806E-001,
1.643800000000000E+009,8.115235716104507E-002,-9.572491981089115E-003,2.668263316154480E-001,9.343144893646240E-001,8.115235716104507E-002,-9.572491981089115E-003,2.668263316154480E-001,9.343144893646240E-001,
1.652166666666667E+009,7.242354005575180E-002,-2.516180649399757E-002,3.006953299045563E-001,9.255062937736511E-001,7.242354005575180E-002,-2.516180649399757E-002,3.006953299045563E-001,9.255062937736511E-001,
1.660533333333334E+009,5.792031809687614E-002,-3.372860327363014E-002,3.172587156295776E-001,9.208873510360718E-001,5.792031809687614E-002,-3.372860327363014E-002,3.172587156295776E-001,9.208873510360718E-001,
1.668900000000000E+009,4.222102463245392E-002,-3.256188333034515E-002,3.401093482971191E-001,9.100590348243713E-001,4.222102463245392E-002,-3.256188333034515E-002,3.401093482971191E-001,9.100590348243713E-001,
1.677266666666667E+009,3.003942780196667E-002,-2.502105198800564E-002,3.798510432243347E-001,9.006911516189575E-001,3.003942780196667E-002,-2.502105198800564E-002,3.798510432243347E-001,9.006911516189575E-001,
1.685633333333334E+009,2.744985371828079E-002,-1.071242149919272E-002,3.955233097076416E-001,8.933340907096863E-001,2.744985371828079E-002,-1.071242149919272E-002,3.955233097076416E-001,8.933340907096863E-001,
1.694000000000000E+009,3.174912929534912E-002,2.135613700374961E-003,4.121455550193787E-001,8.804880976676941E-001,3.174912929534912E-002,2.135613700374961E-003,4.121455550193787E-001,8.804880976676941E-001,
1.702366666666667E+009,4.466756805777550E-002,1.333866734057665E-002,4.352075755596161E-001,8.716589212417603E-001,4.466756805777550E-002,1.333866734057665E-002,4.352075755596161E-001,8.716589212417603E-001,
1.710733333333334E+009,6.177047640085220E-002,1.633995212614536E-002,4.537597894668579E-001,8.547814488410950E-001,6.177047640085220E-002,1.633995212614536E-002,4.537597894668579E-001,8.547814488410950E-001,
1.719100000000000E+009,7.765521109104157E-002,9.110286831855774E-003,4.800299704074860E-001,8.398874402046204E-001,7.765521109104157E-002,9.110286831855774E-003,4.800299704074860E-001,8.398874402046204E-001,
1.727466666666667E+009,8.801189810037613E-002,-3.657322842627764E-003,4.972506761550903E-001,8.334771990776062E-001,8.801189810037613E-002,-3.657322842627764E-003,4.972506761550903E-001,8.334771990776062E-001,
1.735833333333334E+009,8.976687490940094E-002,-2.005426399409771E-002,5.129838585853577E-001,8.191797733306885E-001,8.976687490940094E-002,-2.005426399409771E-002,5.129838585853577E-001,8.191797733306885E-001,
1.744200000000000E+009,8.225923776626587E-002,-3.756782039999962E-002,5.418452620506287E-001,7.983454465866089E-001,8.225923776626587E-002,-3.756782039999962E-002,5.418452620506287E-001,7.983454465866089E-001,
1.752566666666667E+009,7.006485760211945E-002,-4.877629131078720E-002,5.695683956146240E-001,7.928749918937683E-001,7.006485760211945E-002,-4.877629131078720E-002,5.695683956146240E-001,7.928749918937683E-001,
1.760933333333334E+009,5.434992536902428E-002,-5.395263060927391E-002,5.788271427154541E-001,7.797863483428955E-001,5.434992536902428E-002,-5.395263060927391E-002,5.788271427154541E-001,7.797863483428955E-001,
1.769300000000000E+009,3.978573530912399E-002,-5.155868828296661E-002,6.028389930725098E-001,7.709259986877441E-001,3.978573530912399E-002,-5.155868828296661E-002,6.028389930725098E-001,7.709259986877441E-001,
1.777666666666667E+009,3.081145510077477E-002,-4.166764020919800E-002,6.176177263259888E-001,7.607367038726807E-001,3.081145510077477E-002,-4.166764020919800E-002,6.176177263259888E-001,7.607367038726807E-001,
1.786033333333334E+009,2.936308644711971E-002,-3.189921751618385E-002,6.333536505699158E-001,7.304450273513794E-001,2.936308644711971E-002,-3.189921751618385E-002,6.333536505699158E-001,7.304450273513794E-001,
1.794400000000000E+009,3.575805947184563E-002,-1.965041644871235E-002,6.564478278160095E-001,7.158209085464478E-001,3.575805947184563E-002,-1.965041644871235E-002,6.564478278160095E-001,7.158209085464478E-001,
1.802766666666667E+009,4.412550479173660E-002,-1.404450926929712E-002,6.753497719764710E-001,6.976240873336792E-001,4.412550479173660E-002,-1.404450926929712E-002,6.753497719764710E-001,6.976240873336792E-001,
1.811133333333334E+009,5.507312342524529E-002,-1.294085104018450E-002,6.993752121925354E-001,6.796575784683228E-001,5.507312342524529E-002,-1.294085104018450E-002,6.993752121925354E-001,6.796575784683228E-001,
1.819500000000000E+009,6.558752804994583E-002,-1.655918732285500E-002,7.106664180755615E-001,6.541131138801575E-001,6.558752804994583E-002,-1.655918732285500E-002,7.106664180755615E-001,6.541131138801575E-001,
1.827866666666667E+009,7.216224074363709E-002,-2.506845071911812E-002,7.305620312690735E-001,6.435949802398682E-001,7.216224074363709E-002,-2.506845071911812E-002,7.305620312690735E-001,6.435949802398682E-001,
1.836233333333334E+009,7.049223035573959E-002,-3.594794496893883E-002,7.424991726875305E-001,6.271519064903259E-001,7.049223035573959E-002,-3.594794496893883E-002,7.424991726875305E-001,6.271519064903259E-001,
1.844600000000000E+009,6.393483281135559E-002,-4.457186535000801E-002,7.587683200836182E-001,6.204723119735718E-001,6.393483281135559E-002,-4.457186535000801E-002,7.587683200836182E-001,6.204723119735718E-001,
1.852966666666667E+009,5.533206462860107E-002,-4.975891858339310E-002,7.680875658988953E-001,5.867868065834045E-001,5.533206462860107E-002,-4.975891858339310E-002,7.680875658988953E-001,5.867868065834045E-001,
1.861333333333334E+009,4.609138146042824E-002,-5.270285159349442E-002,7.913717031478882E-001,5.685538053512573E-001,4.609138146042824E-002,-5.270285159349442E-002,7.913717031478882E-001,5.685538053512573E-001,
1.869700000000000E+009,3.861173987388611E-002,-4.734395444393158E-002,8.064778447151184E-001,5.495785474777222E-001,3.861173987388611E-002,-4.734395444393158E-002,8.064778447151184E-001,5.495785474777222E-001,
1.878066666666667E+009,3.549621254205704E-002,-4.252905026078224E-002,8.204582333564758E-001,5.343570113182068E-001,3.549621254205704E-002,-4.252905026078224E-002,8.204582333564758E-001,5.343570113182068E-001,
1.886433333333334E+009,3.711494430899620E-002,-3.514338284730911E-002,8.385443687438965E-001,5.086970329284668E-001,3.711494430899620E-002,-3.514338284730911E-002,8.385443687438965E-001,5.086970329284668E-001,
1.894800000000000E+009,4.580907896161079E-002,-3.041413612663746E-002,8.502948880195618E-001,4.894963800907135E-001,4.580907896161079E-002,-3.041413612663746E-002,8.502948880195618E-001,4.894963800907135E-001,
1.903166666666667E+009,5.515816062688828E-002,-2.754496224224567E-002,8.610273599624634E-001,4.597589671611786E-001,5.515816062688828E-002,-2.754496224224567E-002,8.610273599624634E-001,4.597589671611786E-001,
1.911533333333334E+009,6.511483341455460E-002,-3.263626247644424E-002,8.686129450798035E-001,4.331370592117310E-001,6.511483341455460E-002,-3.263626247644424E-002,8.686129450798035E-001,4.331370592117310E-001,
1.919900000000000E+009,7.291419804096222E-002,-4.102473706007004E-002,8.834943175315857E-001,4.189082086086273E-001,7.291419804096222E-002,-4.102473706007004E-002,8.834943175315857E-001,4.189082086086273E-001,
1.928266666666667E+009,7.618721574544907E-002,-5.128981545567513E-002,8.808285593986511E-001,3.829504251480103E-001,7.618721574544907E-002,-5.128981545567513E-002,8.808285593986511E-001,3.829504251480103E-001,
1.936633333333334E+009,7.168453931808472E-002,-6.324081867933273E-002,9.001423120498657E-001,3.727587461471558E-001,7.168453931808472E-002,-6.324081867933273E-002,9.001423120498657E-001,3.727587461471558E-001,
1.945000000000000E+009,6.224849820137024E-002,-7.206108421087265E-002,9.106079936027527E-001,3.482535481452942E-001,6.224849820137024E-002,-7.206108421087265E-002,9.106079936027527E-001,3.482535481452942E-001,
1.953366666666667E+009,5.064431577920914E-002,-7.807504385709763E-002,9.131885170936585E-001,3.278414011001587E-001,5.064431577920914E-002,-7.807504385709763E-002,9.131885170936585E-001,3.278414011001587E-001,
1.961733333333334E+009,3.573066368699074E-002,-7.551700621843338E-002,9.290101528167725E-001,3.054060339927673E-001,3.573066368699074E-002,-7.551700621843338E-002,9.290101528167725E-001,3.054060339927673E-001,
1.970100000000000E+009,2.453317865729332E-002,-7.009234279394150E-002,9.298574328422546E-001,2.819910347461700E-001,2.453317865729332E-002,-7.009234279394150E-002,9.298574328422546E-001,2.819910347461700E-001,
1.978466666666667E+009,2.063127420842648E-002,-5.888140946626663E-002,9.409396052360535E-001,2.523671090602875E-001,2.063127420842648E-002,-5.888140946626663E-002,9.409396052360535E-001,2.523671090602875E-001,
1.986833333333334E+009,2.370883710682392E-002,-4.898115992546082E-002,9.440889954566956E-001,2.335182577371597E-001,2.370883710682392E-002,-4.898115992546082E-002,9.440889954566956E-001,2.335182577371597E-001,
1.995200000000000E+009,3.552825748920441E-002,-4.262425750494003E-002,9.468405842781067E-001,2.160018682479858E-001,3.552825748920441E-002,-4.262425750494003E-002,9.468405842781067E-001,2.160018682479858E-001,
2.003566666666667E+009,4.999813437461853E-002,-4.244553297758102E-002,9.531102180480957E-001,1.815899163484573E-001,4.999813437461853E-002,-4.244553297758102E-002,9.531102180480957E-001,1.815899163484573E-001,
2.011933333333334E+009,6.362257152795792E-002,-5.125003680586815E-002,9.626814126968384E-001,1.546767652034760E-001,6.362257152795792E-002,-5.125003680586815E-002,9.626814126968384E-001,1.546767652034760E-001,
2.020300000000000E+009,7.239876687526703E-002,-6.264370679855347E-002,9.643201828002930E-001,1.239556670188904E-001,7.239876687526703E-002,-6.264370679855347E-002,9.643201828002930E-001,1.239556670188904E-001,
2.028666666666667E+009,7.271560281515122E-002,-7.869455963373184E-002,9.666538238525391E-001,1.090910658240318E-001,7.271560281515122E-002,-7.869455963373184E-002,9.666538238525391E-001,1.090910658240318E-001,
2.037033333333334E+009,6.439230591058731E-002,-9.542397409677506E-002,9.702919125556946E-001,8.321350067853928E-002,6.439230591058731E-002,-9.542397409677506E-002,9.702919125556946E-001,8.321350067853928E-002,
2.045400000000000E+009,4.900017753243446E-002,-1.047700047492981E-001,9.682670235633850E-001,6.433454155921936E-002,4.900017753243446E-002,-1.047700047492981E-001,9.682670235633850E-001,6.433454155921936E-002,
2.053766666666667E+009,2.974276617169380E-002,-1.053313538432121E-001,9.708757400512695E-001,3.810663893818855E-002,2.974276617169380E-002,-1.053313538432121E-001,9.708757400512695E-001,3.810663893818855E-002,
2.062133333333334E+009,1.443960331380367E-002,-9.932393580675125E-002,9.760175347328186E-001,1.194787304848433E-002,1.443960331380367E-002,-9.932393580675125E-002,9.760175347328186E-001,1.194787304848433E-002,
2.070500000000000E+009,5.674501881003380E-003,-8.483654260635376E-002,9.761446118354797E-001,-1.561717037111521E-002,5.674501881003380E-003,-8.483654260635376E-002,9.761446118354797E-001,-1.561717037111521E-002,
2.078866666666667E+009,6.755579728633165E-003,-7.028146088123322E-002,9.728755354881287E-001,-3.716474026441574E-002,6.755579728633165E-003,-7.028146088123322E-002,9.728755354881287E-001,-3.716474026441574E-002,
2.087233333333334E+009,1.703543588519096E-002,-6.312514841556549E-002,9.733218550682068E-001,-7.113523036241531E-002,1.703543588519096E-002,-6.312514841556549E-002,9.733218550682068E-001,-7.113523036241531E-002,
2.095600000000000E+009,3.298278898000717E-002,-6.026649847626686E-002,9.758052825927734E-001,-9.145737439393997E-002,3.298278898000717E-002,-6.026649847626686E-002,9.758052825927734E-001,-9.145737439393997E-002,
2.103966666666667E+009,4.892045632004738E-002,-7.093140482902527E-002,9.734745025634766E-001,-1.187701150774956E-001,4.892045632004738E-002,-7.093140482902527E-002,9.734745025634766E-001,-1.187701150774956E-001,
2.112333333333334E+009,5.873193219304085E-002,-8.799903094768524E-002,9.618237614631653E-001,-1.386185288429260E-001,5.873193219304085E-002,-8.799903094768524E-002,9.618237614631653E-001,-1.386185288429260E-001,
2.120700000000000E+009,5.930989608168602E-002,-1.119518727064133E-001,9.585383534431458E-001,-1.694807112216950E-001,5.930989608168602E-002,-1.119518727064133E-001,9.585383534431458E-001,-1.694807112216950E-001,
2.129066666666667E+009,4.706443473696709E-002,-1.293415874242783E-001,9.631515145301819E-001,-1.957533210515976E-001,4.706443473696709E-002,-1.293415874242783E-001,9.631515145301819E-001,-1.957533210515976E-001,
2.137433333333334E+009,2.522763796150684E-002,-1.405635625123978E-001,9.459996819496155E-001,-2.140597701072693E-001,2.522763796150684E-002,-1.405635625123978E-001,9.459996819496155E-001,-2.140597701072693E-001,
2.145800000000000E+009,-2.118763048201799E-003,-1.399756222963333E-001,9.450961351394653E-001,-2.370203584432602E-001,-2.118763048201799E-003,-1.399756222963333E-001,9.450961351394653E-001,-2.370203584432602E-001,
2.154166666666667E+009,-2.352158166468144E-002,-1.277750581502914E-001,9.374896287918091E-001,-2.554225921630859E-001,-2.352158166468144E-002,-1.277750581502914E-001,9.374896287918091E-001,-2.554225921630859E-001,
2.162533333333334E+009,-3.609226644039154E-002,-1.065633445978165E-001,9.187915921211243E-001,-2.811764776706696E-001,-3.609226644039154E-002,-1.065633445978165E-001,9.187915921211243E-001,-2.811764776706696E-001,
2.170900000000000E+009,-3.543325886130333E-002,-8.440618962049484E-002,9.268250465393066E-001,-3.098019659519196E-001,-3.543325886130333E-002,-8.440618962049484E-002,9.268250465393066E-001,-3.098019659519196E-001,
2.179266666666667E+009,-2.248874865472317E-002,-7.039743661880493E-002,9.150176048278809E-001,-3.262930810451508E-001,-2.248874865472317E-002,-7.039743661880493E-002,9.150176048278809E-001,-3.262930810451508E-001,
2.187633333333334E+009,-3.674200037494302E-003,-6.628692150115967E-002,9.117061495780945E-001,-3.589065968990326E-001,-3.674200037494302E-003,-6.628692150115967E-002,9.117061495780945E-001,-3.589065968990326E-001,
2.196000000000000E+009,1.707622222602367E-002,-7.684178650379181E-002,8.926981687545776E-001,-3.802950978279114E-001,1.707622222602367E-002,-7.684178650379181E-002,8.926981687545776E-001,-3.802950978279114E-001,
2.204366666666667E+009,2.956577204167843E-002,-9.871377795934677E-002,8.847688436508179E-001,-4.021080732345581E-001,2.956577204167843E-002,-9.871377795934677E-002,8.847688436508179E-001,-4.021080732345581E-001,
2.212733333333334E+009,2.913294918835163E-002,-1.250797957181931E-001,8.707274198532105E-001,-4.336729347705841E-001,2.913294918835163E-002,-1.250797957181931E-001,8.707274198532105E-001,-4.336729347705841E-001,
2.221100000000000E+009,1.413860172033310E-002,-1.463380157947540E-001,8.519142866134644E-001,-4.451031088829041E-001,1.413860172033310E-002,-1.463380157947540E-001,8.519142866134644E-001,-4.451031088829041E-001,
2.229466666666667E+009,-9.300197474658489E-003,-1.583212465047836E-001,8.445386290550232E-001,-4.572349488735199E-001,-9.300197474658489E-003,-1.583212465047836E-001,8.445386290550232E-001,-4.572349488735199E-001,
2.237833333333334E+009,-3.876652568578720E-002,-1.539206802845001E-001,8.367819786071777E-001,-4.838499724864960E-001,-3.876652568578720E-002,-1.539206802845001E-001,8.367819786071777E-001,-4.838499724864960E-001,
2.246200000000000E+009,-6.359803676605225E-002,-1.377205252647400E-001,8.240588903427124E-001,-5.039209127426148E-001,-6.359803676605225E-002,-1.377205252647400E-001,8.240588903427124E-001,-5.039209127426148E-001,
2.254566666666667E+009,-7.470654696226120E-002,-1.112130507826805E-001,8.151424527168274E-001,-5.230301022529602E-001,-7.470654696226120E-002,-1.112130507826805E-001,8.151424527168274E-001,-5.230301022529602E-001,
2.262933333333334E+009,-7.435328513383865E-002,-8.687474578619003E-002,8.017590641975403E-001,-5.449799299240112E-001,-7.435328513383865E-002,-8.687474578619003E-002,8.017590641975403E-001,-5.449799299240112E-001,
2.271300000000000E+009,-6.050600111484528E-002,-6.734125316143036E-002,7.847089171409607E-001,-5.647275447845459E-001,-6.050600111484528E-002,-6.734125316143036E-002,7.847089171409607E-001,-5.647275447845459E-001,
2.279666666666667E+009,-3.863583132624626E-002,-6.435335427522659E-002,7.736419439315796E-001,-5.863277316093445E-001,-3.863583132624626E-002,-6.435335427522659E-002,7.736419439315796E-001,-5.863277316093445E-001,
2.288033333333334E+009,-1.986909098923206E-002,-7.560101896524429E-002,7.579783797264099E-001,-6.158437132835388E-001,-1.986909098923206E-002,-7.560101896524429E-002,7.579783797264099E-001,-6.158437132835388E-001,
2.296400000000000E+009,-9.536707773804665E-003,-9.893839061260223E-002,7.358859777450562E-001,-6.343085765838623E-001,-9.536707773804665E-003,-9.893839061260223E-002,7.358859777450562E-001,-6.343085765838623E-001,
2.304766666666667E+009,-1.487878523766995E-002,-1.254254430532455E-001,7.220590114593506E-001,-6.408604383468628E-001,-1.487878523766995E-002,-1.254254430532455E-001,7.220590114593506E-001,-6.408604383468628E-001,
2.313133333333334E+009,-3.533146157860756E-002,-1.439539045095444E-001,6.985968947410584E-001,-6.724149584770203E-001,-3.533146157860756E-002,-1.439539045095444E-001,6.985968947410584E-001,-6.724149584770203E-001,
2.321500000000000E+009,-5.998204648494721E-002,-1.490944623947144E-001,6.849359273910523E-001,-6.790892481803894E-001,-5.998204648494721E-002,-1.490944623947144E-001,6.849359273910523E-001,-6.790892481803894E-001,
2.329866666666667E+009,-8.593913167715073E-002,-1.392677873373032E-001,6.746839880943298E-001,-6.967340111732483E-001,-8.593913167715073E-002,-1.392677873373032E-001,6.746839880943298E-001,-6.967340111732483E-001,
2.338233333333334E+009,-1.047530174255371E-001,-1.179831624031067E-001,6.484326720237732E-001,-7.144972085952759E-001,-1.047530174255371E-001,-1.179831624031067E-001,6.484326720237732E-001,-7.144972085952759E-001,
2.346600000000000E+009,-1.087604910135269E-001,-8.718816190958023E-002,6.301832795143127E-001,-7.336351275444031E-001,-1.087604910135269E-001,-8.718816190958023E-002,6.301832795143127E-001,-7.336351275444031E-001,
2.354966666666667E+009,-9.630315750837326E-002,-6.313592940568924E-002,6.224151253700256E-001,-7.461192011833191E-001,-9.630315750837326E-002,-6.313592940568924E-002,6.224151253700256E-001,-7.461192011833191E-001,
2.363333333333334E+009,-7.466200739145279E-002,-5.184906721115112E-002,6.052286624908447E-001,-7.630296349525452E-001,-7.466200739145279E-002,-5.184906721115112E-002,6.052286624908447E-001,-7.630296349525452E-001,
2.371700000000000E+009,-4.793747514486313E-002,-5.570349469780922E-002,5.854604840278626E-001,-7.844708561897278E-001,-4.793747514486313E-002,-5.570349469780922E-002,5.854604840278626E-001,-7.844708561897278E-001,
2.380066666666667E+009,-3.086875751614571E-002,-7.883665710687637E-002,5.542951226234436E-001,-7.989724278450012E-001,-3.086875751614571E-002,-7.883665710687637E-002,5.542951226234436E-001,-7.989724278450012E-001,
2.388433333333334E+009,-3.043815493583679E-002,-1.096171736717224E-001,5.332271456718445E-001,-8.050355315208435E-001,-3.043815493583679E-002,-1.096171736717224E-001,5.332271456718445E-001,-8.050355315208435E-001,
2.396800000000000E+009,-4.805009067058563E-002,-1.408443599939346E-001,5.011467933654785E-001,-8.240078687667847E-001,-4.805009067058563E-002,-1.408443599939346E-001,5.011467933654785E-001,-8.240078687667847E-001,
2.405166666666667E+009,-7.941102236509323E-002,-1.616732776165009E-001,4.844591319561005E-001,-8.336937427520752E-001,-7.941102236509323E-002,-1.616732776165009E-001,4.844591319561005E-001,-8.336937427520752E-001,
2.413533333333334E+009,-1.202306002378464E-001,-1.614361405372620E-001,4.610858857631683E-001,-8.394334912300110E-001,-1.202306002378464E-001,-1.614361405372620E-001,4.610858857631683E-001,-8.394334912300110E-001,
2.421900000000000E+009,-1.575926393270493E-001,-1.432997584342957E-001,4.497062861919403E-001,-8.501529097557068E-001,-1.575926393270493E-001,-1.432997584342957E-001,4.497062861919403E-001,-8.501529097557068E-001,
2.430266666666667E+009,-1.783617287874222E-001,-1.094351187348366E-001,4.305668473243713E-001,-8.615031838417053E-001,-1.783617287874222E-001,-1.094351187348366E-001,4.305668473243713E-001,-8.615031838417053E-001,
2.438633333333334E+009,-1.842734962701798E-001,-6.720910221338272E-002,4.117999970912933E-001,-8.714143037796021E-001,-1.842734962701798E-001,-6.720910221338272E-002,4.117999970912933E-001,-8.714143037796021E-001,
2.447000000000000E+009,-1.681537330150604E-001,-2.865095809102058E-002,3.899932205677033E-001,-8.876265883445740E-001,-1.681537330150604E-001,-2.865095809102058E-002,3.899932205677033E-001,-8.876265883445740E-001,
2.455366666666667E+009,-1.371548026800156E-001,-6.117623299360275E-003,3.693220019340515E-001,-8.959486484527588E-001,-1.371548026800156E-001,-6.117623299360275E-003,3.693220019340515E-001,-8.959486484527588E-001,
2.463733333333334E+009,-1.030114442110062E-001,-2.537232823669910E-003,3.458228111267090E-001,-9.125994443893433E-001,-1.030114442110062E-001,-2.537232823669910E-003,3.458228111267090E-001,-9.125994443893433E-001,
2.472100000000000E+009,-7.647650688886643E-002,-2.051986940205097E-002,3.189006745815277E-001,-9.223659634590149E-001,-7.647650688886643E-002,-2.051986940205097E-002,3.189006745815277E-001,-9.223659634590149E-001,
2.480466666666667E+009,-6.597746163606644E-002,-5.048966407775879E-002,2.853417694568634E-001,-9.251871705055237E-001,-6.597746163606644E-002,-5.048966407775879E-002,2.853417694568634E-001,-9.251871705055237E-001,
2.488833333333334E+009,-7.660144567489624E-002,-8.199939131736755E-002,2.647385895252228E-001,-9.320732355117798E-001,-7.660144567489624E-002,-8.199939131736755E-002,2.647385895252228E-001,-9.320732355117798E-001,
2.497200000000000E+009,-1.013873815536499E-001,-1.020612642168999E-001,2.365036308765411E-001,-9.393880963325501E-001,-1.013873815536499E-001,-1.020612642168999E-001,2.365036308765411E-001,-9.393880963325501E-001,
2.505566666666667E+009,-1.389870941638947E-001,-1.064806580543518E-001,2.103193700313568E-001,-9.446859359741211E-001,-1.389870941638947E-001,-1.064806580543518E-001,2.103193700313568E-001,-9.446859359741211E-001,
2.513933333333334E+009,-1.694267839193344E-001,-8.996690809726715E-002,1.927125155925751E-001,-9.440112113952637E-001,-1.694267839193344E-001,-8.996690809726715E-002,1.927125155925751E-001,-9.440112113952637E-001,
2.522300000000000E+009,-1.878810226917267E-001,-6.175108626484871E-002,1.668630987405777E-001,-9.478417634963989E-001,-1.878810226917267E-001,-6.175108626484871E-002,1.668630987405777E-001,-9.478417634963989E-001,
2.530666666666667E+009,-1.875655055046082E-001,-2.513328008353710E-002,1.437133997678757E-001,-9.571774005889893E-001,-1.875655055046082E-001,-2.513328008353710E-002,1.437133997678757E-001,-9.571774005889893E-001,
2.539033333333334E+009,-1.705452054738998E-001,5.690906662493944E-003,1.254251301288605E-001,-9.580643773078919E-001,-1.705452054738998E-001,5.690906662493944E-003,1.254251301288605E-001,-9.580643773078919E-001,
2.547400000000000E+009,-1.410492062568665E-001,2.369449287652969E-002,1.056178957223892E-001,-9.703224897384644E-001,-1.410492062568665E-001,2.369449287652969E-002,1.056178957223892E-001,-9.703224897384644E-001,
2.555766666666667E+009,-1.073189079761505E-001,2.316516451537609E-002,7.558414340019226E-002,-9.765028953552246E-001,-1.073189079761505E-001,2.316516451537609E-002,7.558414340019226E-002,-9.765028953552246E-001,
2.564133333333334E+009,-8.500094711780548E-002,2.699945587664843E-003,4.808910936117172E-002,-9.731264114379883E-001,-8.500094711780548E-002,2.699945587664843E-003,4.808910936117172E-002,-9.731264114379883E-001,
2.572500000000000E+009,-7.991546392440796E-002,-2.660753950476646E-002,2.048218622803688E-002,-9.725963473320007E-001,-7.991546392440796E-002,-2.660753950476646E-002,2.048218622803688E-002,-9.725963473320007E-001,
2.580866666666667E+009,-9.451299905776978E-002,-5.500305444002152E-002,-8.389592170715332E-003,-9.740701317787170E-001,-9.451299905776978E-002,-5.500305444002152E-002,-8.389592170715332E-003,-9.740701317787170E-001,
2.589233333333334E+009,-1.258157044649124E-001,-7.120392471551895E-002,-3.911641612648964E-002,-9.660545587539673E-001,-1.258157044649124E-001,-7.120392471551895E-002,-3.911641612648964E-002,-9.660545587539673E-001,
2.597600000000000E+009,-1.617732495069504E-001,-7.107650488615036E-002,-6.534627079963684E-002,-9.627125263214111E-001,-1.617732495069504E-001,-7.107650488615036E-002,-6.534627079963684E-002,-9.627125263214111E-001,
2.605966666666667E+009,-1.934287250041962E-001,-5.056790634989739E-002,-7.693046331405640E-002,-9.641908407211304E-001,-1.934287250041962E-001,-5.056790634989739E-002,-7.693046331405640E-002,-9.641908407211304E-001,
2.614333333333334E+009,-2.102854698896408E-001,-1.984898932278156E-002,-1.000548824667931E-001,-9.546564221382141E-001,-2.102854698896408E-001,-1.984898932278156E-002,-1.000548824667931E-001,-9.546564221382141E-001,
2.622700000000000E+009,-2.087157517671585E-001,1.903276331722736E-002,-1.199767738580704E-001,-9.505544304847717E-001,-2.087157517671585E-001,1.903276331722736E-002,-1.199767738580704E-001,-9.505544304847717E-001,
2.631066666666667E+009,-1.895927935838699E-001,5.131378769874573E-002,-1.439934223890305E-001,-9.610179662704468E-001,-1.895927935838699E-001,5.131378769874573E-002,-1.439934223890305E-001,-9.610179662704468E-001,
2.639433333333334E+009,-1.569968461990356E-001,6.794995069503784E-002,-1.654987186193466E-001,-9.513883590698242E-001,-1.569968461990356E-001,6.794995069503784E-002,-1.654987186193466E-001,-9.513883590698242E-001,
2.647800000000000E+009,-1.215588822960854E-001,6.696015596389771E-002,-1.924464702606201E-001,-9.517878293991089E-001,-1.215588822960854E-001,6.696015596389771E-002,-1.924464702606201E-001,-9.517878293991089E-001,
2.656166666666667E+009,-9.748825430870056E-002,4.806586727499962E-002,-2.165156900882721E-001,-9.541202783584595E-001,-9.748825430870056E-002,4.806586727499962E-002,-2.165156900882721E-001,-9.541202783584595E-001,
2.664533333333334E+009,-9.031632542610169E-002,2.062911540269852E-002,-2.518968582153320E-001,-9.372795820236206E-001,-9.031632542610169E-002,2.062911540269852E-002,-2.518968582153320E-001,-9.372795820236206E-001,
2.672900000000000E+009,-1.019492670893669E-001,-5.996568594127893E-003,-2.733814716339111E-001,-9.320644140243530E-001,-1.019492670893669E-001,-5.996568594127893E-003,-2.733814716339111E-001,-9.320644140243530E-001,
2.681266666666667E+009,-1.295001208782196E-001,-1.988314464688301E-002,-3.004489839076996E-001,-9.197930097579956E-001,-1.295001208782196E-001,-1.988314464688301E-002,-3.004489839076996E-001,-9.197930097579956E-001,
2.689633333333334E+009,-1.640954911708832E-001,-1.693422533571720E-002,-3.214583098888397E-001,-9.114280939102173E-001,-1.640954911708832E-001,-1.693422533571720E-002,-3.214583098888397E-001,-9.114280939102173E-001,
2.698000000000000E+009,-1.919028759002686E-001,3.790650283917785E-003,-3.350995779037476E-001,-8.976119756698608E-001,-1.919028759002686E-001,3.790650283917785E-003,-3.350995779037476E-001,-8.976119756698608E-001,
2.706366666666667E+009,-2.057152986526489E-001,3.733872622251511E-002,-3.599985837936401E-001,-8.846439123153687E-001,-2.057152986526489E-001,3.733872622251511E-002,-3.599985837936401E-001,-8.846439123153687E-001,
2.714733333333334E+009,-2.021272182464600E-001,7.203710079193115E-002,-3.741368949413300E-001,-8.842573165893555E-001,-2.021272182464600E-001,7.203710079193115E-002,-3.741368949413300E-001,-8.842573165893555E-001,
2.723100000000000E+009,-1.797547191381455E-001,1.023997217416763E-001,-3.944440782070160E-001,-8.738954067230225E-001,-1.797547191381455E-001,1.023997217416763E-001,-3.944440782070160E-001,-8.738954067230225E-001,
2.731466666666667E+009,-1.445201784372330E-001,1.185870319604874E-001,-4.190643429756165E-001,-8.708160519599915E-001,-1.445201784372330E-001,1.185870319604874E-001,-4.190643429756165E-001,-8.708160519599915E-001,
2.739833333333334E+009,-1.088142544031143E-001,1.146679595112801E-001,-4.411826133728027E-001,-8.602309823036194E-001,-1.088142544031143E-001,1.146679595112801E-001,-4.411826133728027E-001,-8.602309823036194E-001,
2.748200000000000E+009,-8.204954862594605E-002,9.535817056894302E-002,-4.670005738735199E-001,-8.517151474952698E-001,-8.204954862594605E-002,9.535817056894302E-002,-4.670005738735199E-001,-8.517151474952698E-001,
2.756566666666667E+009,-7.225631177425385E-002,6.569867581129074E-002,-4.934700429439545E-001,-8.424514532089233E-001,-7.225631177425385E-002,6.569867581129074E-002,-4.934700429439545E-001,-8.424514532089233E-001,
2.764933333333334E+009,-8.135755360126495E-002,3.757757693529129E-002,-5.259565711021423E-001,-8.312076926231384E-001,-8.135755360126495E-002,3.757757693529129E-002,-5.259565711021423E-001,-8.312076926231384E-001,
2.773300000000000E+009,-1.053861305117607E-001,1.899216882884502E-002,-5.406195521354675E-001,-8.082902431488037E-001,-1.053861305117607E-001,1.899216882884502E-002,-5.406195521354675E-001,-8.082902431488037E-001,
2.781666666666667E+009,-1.398176848888397E-001,2.198319137096405E-002,-5.588001608848572E-001,-7.895849943161011E-001,-1.398176848888397E-001,2.198319137096405E-002,-5.588001608848572E-001,-7.895849943161011E-001,
2.790033333333334E+009,-1.674890071153641E-001,4.053065180778503E-002,-5.775027275085449E-001,-7.749184966087341E-001,-1.674890071153641E-001,4.053065180778503E-002,-5.775027275085449E-001,-7.749184966087341E-001,
2.798400000000000E+009,-1.833401620388031E-001,7.238098233938217E-002,-5.932155847549439E-001,-7.630633711814880E-001,-1.833401620388031E-001,7.238098233938217E-002,-5.932155847549439E-001,-7.630633711814880E-001,
2.806766666666667E+009,-1.781469732522965E-001,1.081153079867363E-001,-6.069858670234680E-001,-7.411006093025208E-001,-1.781469732522965E-001,1.081153079867363E-001,-6.069858670234680E-001,-7.411006093025208E-001,
2.815133333333334E+009,-1.580547988414764E-001,1.359143555164337E-001,-6.239929795265198E-001,-7.310088276863098E-001,-1.580547988414764E-001,1.359143555164337E-001,-6.239929795265198E-001,-7.310088276863098E-001,
2.823500000000000E+009,-1.242343932390213E-001,1.506887525320053E-001,-6.426088809967041E-001,-7.212028503417969E-001,-1.242343932390213E-001,1.506887525320053E-001,-6.426088809967041E-001,-7.212028503417969E-001,
2.831866666666667E+009,-8.858470618724823E-002,1.451861560344696E-001,-6.583676338195801E-001,-7.085069417953491E-001,-8.858470618724823E-002,1.451861560344696E-001,-6.583676338195801E-001,-7.085069417953491E-001,
2.840233333333334E+009,-6.094068661332130E-002,1.246358379721642E-001,-6.858903169631958E-001,-6.957847476005554E-001,-6.094068661332130E-002,1.246358379721642E-001,-6.858903169631958E-001,-6.957847476005554E-001,
2.848600000000000E+009,-4.967310279607773E-002,9.450257569551468E-002,-7.030348777770996E-001,-6.731318235397339E-001,-4.967310279607773E-002,9.450257569551468E-002,-7.030348777770996E-001,-6.731318235397339E-001,
2.856966666666667E+009,-5.812005698680878E-002,6.534540653228760E-002,-7.242457866668701E-001,-6.540403366088867E-001,-5.812005698680878E-002,6.534540653228760E-002,-7.242457866668701E-001,-6.540403366088867E-001,
2.865333333333334E+009,-8.433263748884201E-002,4.661242291331291E-002,-7.426278591156006E-001,-6.373733282089233E-001,-8.433263748884201E-002,4.661242291331291E-002,-7.426278591156006E-001,-6.373733282089233E-001,
2.873700000000000E+009,-1.176716387271881E-001,4.707975313067436E-002,-7.590759992599487E-001,-6.058958768844605E-001,-1.176716387271881E-001,4.707975313067436E-002,-7.590759992599487E-001,-6.058958768844605E-001,
2.882066666666667E+009,-1.456038057804108E-001,6.666620820760727E-002,-7.668309211730957E-001,-5.787513256072998E-001,-1.456038057804108E-001,6.666620820760727E-002,-7.668309211730957E-001,-5.787513256072998E-001,
2.890433333333334E+009,-1.615704298019409E-001,1.007249578833580E-001,-7.778084278106690E-001,-5.622457861900330E-001,-1.615704298019409E-001,1.007249578833580E-001,-7.778084278106690E-001,-5.622457861900330E-001,
2.898800000000000E+009,-1.572732925415039E-001,1.393184363842011E-001,-7.862713336944580E-001,-5.471900105476379E-001,-1.572732925415039E-001,1.393184363842011E-001,-7.862713336944580E-001,-5.471900105476379E-001,
2.907166666666667E+009,-1.347294300794601E-001,1.694667488336563E-001,-7.930618524551392E-001,-5.336808562278748E-001,-1.347294300794601E-001,1.694667488336563E-001,-7.930618524551392E-001,-5.336808562278748E-001,
2.915533333333334E+009,-9.795229136943817E-002,1.859051138162613E-001,-8.100667595863342E-001,-5.115711092948914E-001,-9.795229136943817E-002,1.859051138162613E-001,-8.100667595863342E-001,-5.115711092948914E-001,
2.923900000000000E+009,-6.024377048015595E-002,1.817710399627686E-001,-8.246071338653565E-001,-5.004650950431824E-001,-6.024377048015595E-002,1.817710399627686E-001,-8.246071338653565E-001,-5.004650950431824E-001,
2.932266666666667E+009,-2.947673574090004E-002,1.602273136377335E-001,-8.397498130798340E-001,-4.847512245178223E-001,-2.947673574090004E-002,1.602273136377335E-001,-8.397498130798340E-001,-4.847512245178223E-001,
2.940633333333334E+009,-1.624437794089317E-002,1.261277198791504E-001,-8.565786480903626E-001,-4.601750075817108E-001,-1.624437794089317E-002,1.261277198791504E-001,-8.565786480903626E-001,-4.601750075817108E-001,
2.949000000000000E+009,-2.333691902458668E-002,9.036470949649811E-002,-8.782011270523071E-001,-4.290183484554291E-001,-2.333691902458668E-002,9.036470949649811E-002,-8.782011270523071E-001,-4.290183484554291E-001,
2.957366666666667E+009,-4.887311905622482E-002,6.812992691993713E-002,-8.894780278205872E-001,-4.104275703430176E-001,-4.887311905622482E-002,6.812992691993713E-002,-8.894780278205872E-001,-4.104275703430176E-001,
2.965733333333334E+009,-8.507271856069565E-002,6.560373306274414E-002,-9.009815454483032E-001,-3.792437314987183E-001,-8.507271856069565E-002,6.560373306274414E-002,-9.009815454483032E-001,-3.792437314987183E-001,
2.974100000000000E+009,-1.153401434421539E-001,8.504993468523026E-002,-9.065204262733460E-001,-3.463071584701538E-001,-1.153401434421539E-001,8.504993468523026E-002,-9.065204262733460E-001,-3.463071584701538E-001,
2.982466666666667E+009,-1.311480253934860E-001,1.197067126631737E-001,-9.101649522781372E-001,-3.214959204196930E-001,-1.311480253934860E-001,1.197067126631737E-001,-9.101649522781372E-001,-3.214959204196930E-001,
2.990833333333334E+009,-1.271581798791885E-001,1.587428301572800E-001,-9.073940515518189E-001,-3.057023882865906E-001,-1.271581798791885E-001,1.587428301572800E-001,-9.073940515518189E-001,-3.057023882865906E-001,
2.999200000000000E+009,-1.030843928456307E-001,1.913225352764130E-001,-9.132512211799622E-001,-2.878758907318115E-001,-1.030843928456307E-001,1.913225352764130E-001,-9.132512211799622E-001,-2.878758907318115E-001,
3.007566666666667E+009,-6.488126516342163E-002,2.085864096879959E-001,-9.205535650253296E-001,-2.689446210861206E-001,-6.488126516342163E-002,2.085864096879959E-001,-9.205535650253296E-001,-2.689446210861206E-001,
3.015933333333334E+009,-2.211906015872955E-002,2.025734782218933E-001,-9.264805912971497E-001,-2.544060051441193E-001,-2.211906015872955E-002,2.025734782218933E-001,-9.264805912971497E-001,-2.544060051441193E-001,
3.024300000000000E+009,9.719274938106537E-003,1.787945032119751E-001,-9.390975832939148E-001,-2.344090491533279E-001,9.719274938106537E-003,1.787945032119751E-001,-9.390975832939148E-001,-2.344090491533279E-001,
3.032666666666667E+009,2.419433370232582E-002,1.397115886211395E-001,-9.508995413780212E-001,-2.076452076435089E-001,2.419433370232582E-002,1.397115886211395E-001,-9.508995413780212E-001,-2.076452076435089E-001,
3.041033333333334E+009,1.446140557527542E-002,1.006304547190666E-001,-9.608037471771240E-001,-1.797178983688355E-001,1.446140557527542E-002,1.006304547190666E-001,-9.608037471771240E-001,-1.797178983688355E-001,
3.049400000000000E+009,-1.618763059377670E-002,7.554733008146286E-002,-9.669405221939087E-001,-1.411134898662567E-001,-1.618763059377670E-002,7.554733008146286E-002,-9.669405221939087E-001,-1.411134898662567E-001,
3.057766666666667E+009,-5.535385385155678E-002,7.252645492553711E-002,-9.727256298065186E-001,-1.252688467502594E-001,-5.535385385155678E-002,7.252645492553711E-002,-9.727256298065186E-001,-1.252688467502594E-001,
3.066133333333334E+009,-9.094189852476120E-002,9.283965080976486E-002,-9.652092456817627E-001,-8.555658906698227E-002,-9.094189852476120E-002,9.283965080976486E-002,-9.652092456817627E-001,-8.555658906698227E-002,
3.074500000000000E+009,-1.091880798339844E-001,1.314821392297745E-001,-9.659053683280945E-001,-6.223613768815994E-002,-1.091880798339844E-001,1.314821392297745E-001,-9.659053683280945E-001,-6.223613768815994E-002,
3.082866666666667E+009,-1.022394299507141E-001,1.752430051565170E-001,-9.603312611579895E-001,-4.477587714791298E-002,-1.022394299507141E-001,1.752430051565170E-001,-9.603312611579895E-001,-4.477587714791298E-002,
3.091233333333334E+009,-7.220225036144257E-002,2.130772173404694E-001,-9.561118483543396E-001,-2.075447328388691E-002,-7.220225036144257E-002,2.130772173404694E-001,-9.561118483543396E-001,-2.075447328388691E-002,
3.099600000000000E+009,-2.736239694058895E-002,2.294654548168182E-001,-9.520084261894226E-001,-8.813871070742607E-003,-2.736239694058895E-002,2.294654548168182E-001,-9.520084261894226E-001,-8.813871070742607E-003,
3.107966666666667E+009,2.342239767313004E-002,2.214387655258179E-001,-9.580055475234985E-001,9.148756973445416E-003,2.342239767313004E-002,2.214387655258179E-001,-9.580055475234985E-001,9.148756973445416E-003,
3.116333333333334E+009,6.343694031238556E-002,1.904651522636414E-001,-9.621906876564026E-001,3.532825037837029E-002,6.343694031238556E-002,1.904651522636414E-001,-9.621906876564026E-001,3.532825037837029E-002,
3.124700000000000E+009,7.926272600889206E-002,1.436200141906738E-001,-9.710617661476135E-001,5.299895256757736E-002,7.926272600889206E-002,1.436200141906738E-001,-9.710617661476135E-001,5.299895256757736E-002,
3.133066666666667E+009,6.898058205842972E-002,9.555669128894806E-002,-9.776241183280945E-001,8.859493583440781E-002,6.898058205842972E-002,9.555669128894806E-002,-9.776241183280945E-001,8.859493583440781E-002,
3.141433333333334E+009,3.508466109633446E-002,6.127637252211571E-002,-9.771230220794678E-001,1.173590198159218E-001,3.508466109633446E-002,6.127637252211571E-002,-9.771230220794678E-001,1.173590198159218E-001,
3.149800000000000E+009,-1.447955891489983E-002,5.393726006150246E-002,-9.746994376182556E-001,1.538646072149277E-001,-1.447955891489983E-002,5.393726006150246E-002,-9.746994376182556E-001,1.538646072149277E-001,
3.158166666666667E+009,-5.876411497592926E-002,7.522888481616974E-002,-9.591688513755798E-001,1.853656917810440E-001,-5.876411497592926E-002,7.522888481616974E-002,-9.591688513755798E-001,1.853656917810440E-001,
3.166533333333334E+009,-8.326518535614014E-002,1.175239533185959E-001,-9.493237733840942E-001,2.091773748397827E-001,-8.326518535614014E-002,1.175239533185959E-001,-9.493237733840942E-001,2.091773748397827E-001,
3.174900000000000E+009,-8.219648152589798E-002,1.678863763809204E-001,-9.346574544906616E-001,2.315560728311539E-001,-8.219648152589798E-002,1.678863763809204E-001,-9.346574544906616E-001,2.315560728311539E-001,
3.183266666666667E+009,-5.221413820981979E-002,2.104905396699905E-001,-9.217277765274048E-001,2.477929592132568E-001,-5.221413820981979E-002,2.104905396699905E-001,-9.217277765274048E-001,2.477929592132568E-001,
3.191633333333334E+009,-5.567937623709440E-003,2.298542112112045E-001,-9.113779067993164E-001,2.618497908115387E-001,-5.567937623709440E-003,2.298542112112045E-001,-9.113779067993164E-001,2.618497908115387E-001,
3.200000000000000E+009,4.608390852808952E-002,2.222982048988342E-001,-9.118919372558594E-001,2.748573422431946E-001,4.608390852808952E-002,2.222982048988342E-001,-9.118919372558594E-001,2.748573422431946E-001,
