% Version 1.00
%
%freq[Hz],re:Trc1_S11,im:Trc1_S11,re:Trc2_S21,im:Trc2_S21,re:Trc3_S11,im:Trc3_S11,re:Trc4_S21,im:Trc4_S21,
6.900000000000000E+008,-4.812116175889969E-002,3.935178741812706E-002,-5.014652013778687E-001,-8.470046520233154E-001,-4.812116175889969E-002,3.935178741812706E-002,-5.014652013778687E-001,-8.470046520233154E-001,
6.983666666666666E+008,-4.045728221535683E-002,3.978281095623970E-002,-5.182520151138306E-001,-8.294411301612854E-001,-4.045728221535683E-002,3.978281095623970E-002,-5.182520151138306E-001,-8.294411301612854E-001,
7.067333333333334E+008,-3.446394205093384E-002,3.677423670887947E-002,-5.470474362373352E-001,-8.030158877372742E-001,-3.446394205093384E-002,3.677423670887947E-002,-5.470474362373352E-001,-8.030158877372742E-001,
7.151000000000000E+008,-3.516597673296928E-002,2.851525880396366E-002,-5.559194684028626E-001,-7.954795956611633E-001,-3.516597673296928E-002,2.851525880396366E-002,-5.559194684028626E-001,-7.954795956611633E-001,
7.234666666666666E+008,-3.511469438672066E-002,2.295199781656265E-002,-5.943831801414490E-001,-7.836383581161499E-001,-3.511469438672066E-002,2.295199781656265E-002,-5.943831801414490E-001,-7.836383581161499E-001,
7.318333333333334E+008,-4.260806366801262E-002,1.978828385472298E-002,-6.002458333969116E-001,-7.781344652175903E-001,-4.260806366801262E-002,1.978828385472298E-002,-6.002458333969116E-001,-7.781344652175903E-001,
7.402000000000000E+008,-5.009290203452110E-002,2.159651927649975E-002,-6.304620504379273E-001,-7.546739578247070E-001,-5.009290203452110E-002,2.159651927649975E-002,-6.304620504379273E-001,-7.546739578247070E-001,
7.485666666666666E+008,-5.509961396455765E-002,2.706168219447136E-002,-6.517637968063355E-001,-7.170726656913757E-001,-5.509961396455765E-002,2.706168219447136E-002,-6.517637968063355E-001,-7.170726656913757E-001,
7.569333333333334E+008,-5.582186579704285E-002,3.615324199199677E-002,-6.672223806381226E-001,-7.193664312362671E-001,-5.582186579704285E-002,3.615324199199677E-002,-6.672223806381226E-001,-7.193664312362671E-001,
7.653000000000000E+008,-5.236208438873291E-002,4.509741812944412E-002,-6.746347546577454E-001,-7.119132280349731E-001,-5.236208438873291E-002,4.509741812944412E-002,-6.746347546577454E-001,-7.119132280349731E-001,
7.736666666666666E+008,-4.440507665276527E-002,5.390307679772377E-002,-6.995710134506226E-001,-7.039869427680969E-001,-4.440507665276527E-002,5.390307679772377E-002,-6.995710134506226E-001,-7.039869427680969E-001,
7.820333333333334E+008,-3.786280006170273E-002,5.785018950700760E-002,-7.226385474205017E-001,-6.811081767082214E-001,-3.786280006170273E-002,5.785018950700760E-002,-7.226385474205017E-001,-6.811081767082214E-001,
7.904000000000000E+008,-2.825796045362949E-002,5.640912801027298E-002,-7.371420860290527E-001,-6.580762863159180E-001,-2.825796045362949E-002,5.640912801027298E-002,-7.371420860290527E-001,-6.580762863159180E-001,
7.987666666666666E+008,-2.091564424335957E-002,5.196885392069817E-002,-7.498544454574585E-001,-6.380935311317444E-001,-2.091564424335957E-002,5.196885392069817E-002,-7.498544454574585E-001,-6.380935311317444E-001,
8.071333333333334E+008,-2.095935121178627E-002,4.752049595117569E-002,-7.627296447753906E-001,-6.246767044067383E-001,-2.095935121178627E-002,4.752049595117569E-002,-7.627296447753906E-001,-6.246767044067383E-001,
8.155000000000000E+008,-2.495482377707958E-002,4.030467569828033E-002,-7.726486921310425E-001,-5.792679190635681E-001,-2.495482377707958E-002,4.030467569828033E-002,-7.726486921310425E-001,-5.792679190635681E-001,
8.238666666666666E+008,-2.977104485034943E-002,3.741522133350372E-002,-8.042954206466675E-001,-5.831031799316406E-001,-2.977104485034943E-002,3.741522133350372E-002,-8.042954206466675E-001,-5.831031799316406E-001,
8.322333333333334E+008,-3.814941644668579E-002,3.925823420286179E-002,-8.157846331596375E-001,-5.550395250320435E-001,-3.814941644668579E-002,3.925823420286179E-002,-8.157846331596375E-001,-5.550395250320435E-001,
8.406000000000000E+008,-4.286178201436997E-002,4.273677617311478E-002,-8.278936743736267E-001,-5.405343770980835E-001,-4.286178201436997E-002,4.273677617311478E-002,-8.278936743736267E-001,-5.405343770980835E-001,
8.489666666666668E+008,-4.332521185278893E-002,5.072674527764320E-002,-8.478684425354004E-001,-5.140197277069092E-001,-4.332521185278893E-002,5.072674527764320E-002,-8.478684425354004E-001,-5.140197277069092E-001,
8.573333333333334E+008,-3.998251259326935E-002,5.831770598888397E-002,-8.528290987014771E-001,-4.967103004455566E-001,-3.998251259326935E-002,5.831770598888397E-002,-8.528290987014771E-001,-4.967103004455566E-001,
8.657000000000000E+008,-3.306237235665321E-002,6.711680442094803E-002,-8.688311576843262E-001,-4.682062566280365E-001,-3.306237235665321E-002,6.711680442094803E-002,-8.688311576843262E-001,-4.682062566280365E-001,
8.740666666666668E+008,-2.448756992816925E-002,7.210566103458405E-002,-8.629886507987976E-001,-4.494327604770660E-001,-2.448756992816925E-002,7.210566103458405E-002,-8.629886507987976E-001,-4.494327604770660E-001,
8.824333333333334E+008,-1.514137070626020E-002,7.108290493488312E-002,-8.942170143127441E-001,-4.179170429706574E-001,-1.514137070626020E-002,7.108290493488312E-002,-8.942170143127441E-001,-4.179170429706574E-001,
8.908000000000000E+008,-7.597341667860746E-003,7.118285447359085E-002,-9.050577878952026E-001,-4.145556092262268E-001,-7.597341667860746E-003,7.118285447359085E-002,-9.050577878952026E-001,-4.145556092262268E-001,
8.991666666666668E+008,-4.835886880755425E-003,6.430444121360779E-002,-9.164570569992065E-001,-3.848569095134735E-001,-4.835886880755425E-003,6.430444121360779E-002,-9.164570569992065E-001,-3.848569095134735E-001,
9.075333333333334E+008,-4.852875601500273E-003,5.977543443441391E-002,-9.082391262054443E-001,-3.596852123737335E-001,-4.852875601500273E-003,5.977543443441391E-002,-9.082391262054443E-001,-3.596852123737335E-001,
9.159000000000000E+008,-7.620732765644789E-003,5.492149665951729E-002,-9.233578443527222E-001,-3.490357398986816E-001,-7.620732765644789E-003,5.492149665951729E-002,-9.233578443527222E-001,-3.490357398986816E-001,
9.242666666666668E+008,-1.284880377352238E-002,5.058554932475090E-002,-9.340147376060486E-001,-3.236372470855713E-001,-1.284880377352238E-002,5.058554932475090E-002,-9.340147376060486E-001,-3.236372470855713E-001,
9.326333333333334E+008,-1.743575185537338E-002,5.280439555644989E-002,-9.383668899536133E-001,-2.893810272216797E-001,-1.743575185537338E-002,5.280439555644989E-002,-9.383668899536133E-001,-2.893810272216797E-001,
9.410000000000000E+008,-2.261936664581299E-002,5.899763107299805E-002,-9.440606832504273E-001,-2.618700563907623E-001,-2.261936664581299E-002,5.899763107299805E-002,-9.440606832504273E-001,-2.618700563907623E-001,
9.493666666666668E+008,-2.328135631978512E-002,6.614139676094055E-002,-9.498144984245300E-001,-2.522197663784027E-001,-2.328135631978512E-002,6.614139676094055E-002,-9.498144984245300E-001,-2.522197663784027E-001,
9.577333333333334E+008,-1.826642639935017E-002,7.428462803363800E-002,-9.748758673667908E-001,-2.102183550596237E-001,-1.826642639935017E-002,7.428462803363800E-002,-9.748758673667908E-001,-2.102183550596237E-001,
9.661000000000000E+008,-9.688005782663822E-003,8.123400807380676E-002,-9.597540497779846E-001,-1.960648000240326E-001,-9.688005782663822E-003,8.123400807380676E-002,-9.597540497779846E-001,-1.960648000240326E-001,
9.744666666666668E+008,2.644167943799403E-005,8.555192500352860E-002,-9.702720046043396E-001,-1.637905836105347E-001,2.644167943799403E-005,8.555192500352860E-002,-9.702720046043396E-001,-1.637905836105347E-001,
9.828333333333334E+008,1.370037067681551E-002,8.352041989564896E-002,-9.662283062934876E-001,-1.388852894306183E-001,1.370037067681551E-002,8.352041989564896E-002,-9.662283062934876E-001,-1.388852894306183E-001,
9.912000000000000E+008,2.329091355204582E-002,8.038259297609329E-002,-9.771247506141663E-001,-1.292449682950974E-001,2.329091355204582E-002,8.038259297609329E-002,-9.771247506141663E-001,-1.292449682950974E-001,
9.995666666666668E+008,2.775083109736443E-002,7.122625410556793E-002,-9.806364178657532E-001,-9.306639432907105E-002,2.775083109736443E-002,7.122625410556793E-002,-9.806364178657532E-001,-9.306639432907105E-002,
1.007933333333333E+009,2.781159430742264E-002,6.310600042343140E-002,-9.838390946388245E-001,-7.338587194681168E-002,2.781159430742264E-002,6.310600042343140E-002,-9.838390946388245E-001,-7.338587194681168E-002,
1.016300000000000E+009,2.164145000278950E-002,5.445231497287750E-002,-9.832572340965271E-001,-4.693387076258659E-002,2.164145000278950E-002,5.445231497287750E-002,-9.832572340965271E-001,-4.693387076258659E-002,
1.024666666666667E+009,1.355194393545389E-002,5.379528552293778E-002,-9.846336841583252E-001,-2.606416493654251E-002,1.355194393545389E-002,5.379528552293778E-002,-9.846336841583252E-001,-2.606416493654251E-002,
1.033033333333333E+009,6.432098802179098E-003,5.487831309437752E-002,-9.627854824066162E-001,1.293016690760851E-002,6.432098802179098E-003,5.487831309437752E-002,-9.627854824066162E-001,1.293016690760851E-002,
1.041400000000000E+009,2.501897513866425E-003,6.111779808998108E-002,-9.701023101806641E-001,3.370483964681625E-002,2.501897513866425E-003,6.111779808998108E-002,-9.701023101806641E-001,3.370483964681625E-002,
1.049766666666667E+009,2.012097975239158E-003,6.940455734729767E-002,-9.785438776016235E-001,5.503815785050392E-002,2.012097975239158E-003,6.940455734729767E-002,-9.785438776016235E-001,5.503815785050392E-002,
1.058133333333333E+009,1.031562127172947E-002,7.807345688343048E-002,-9.734328389167786E-001,8.005558699369431E-002,1.031562127172947E-002,7.807345688343048E-002,-9.734328389167786E-001,8.005558699369431E-002,
1.066500000000000E+009,2.328916452825069E-002,8.252749592065811E-002,-9.575181603431702E-001,1.078347116708756E-001,2.328916452825069E-002,8.252749592065811E-002,-9.575181603431702E-001,1.078347116708756E-001,
1.074866666666667E+009,3.553594648838043E-002,7.917359471321106E-002,-9.676825404167175E-001,1.367837041616440E-001,3.553594648838043E-002,7.917359471321106E-002,-9.676825404167175E-001,1.367837041616440E-001,
1.083233333333334E+009,4.828388616442680E-002,7.487297803163528E-002,-9.630417823791504E-001,1.530374139547348E-001,4.828388616442680E-002,7.487297803163528E-002,-9.630417823791504E-001,1.530374139547348E-001,
1.091600000000000E+009,5.282482877373695E-002,6.279417127370834E-002,-9.564772844314575E-001,1.871130019426346E-001,5.282482877373695E-002,6.279417127370834E-002,-9.564772844314575E-001,1.871130019426346E-001,
1.099966666666667E+009,5.447054281830788E-002,5.038023740053177E-002,-9.522429704666138E-001,2.033841013908386E-001,5.447054281830788E-002,5.038023740053177E-002,-9.522429704666138E-001,2.033841013908386E-001,
1.108333333333334E+009,4.638189449906349E-002,4.060430079698563E-002,-9.640911221504211E-001,2.257455587387085E-001,4.638189449906349E-002,4.060430079698563E-002,-9.640911221504211E-001,2.257455587387085E-001,
1.116700000000000E+009,3.453278169035912E-002,4.093344509601593E-002,-9.494767785072327E-001,2.583335638046265E-001,3.453278169035912E-002,4.093344509601593E-002,-9.494767785072327E-001,2.583335638046265E-001,
1.125066666666667E+009,2.269921265542507E-002,4.208835586905479E-002,-9.339817762374878E-001,2.795086205005646E-001,2.269921265542507E-002,4.208835586905479E-002,-9.339817762374878E-001,2.795086205005646E-001,
1.133433333333334E+009,1.244164817035198E-002,5.377731844782829E-002,-9.294506311416626E-001,2.976812124252319E-001,1.244164817035198E-002,5.377731844782829E-002,-9.294506311416626E-001,2.976812124252319E-001,
1.141800000000000E+009,1.359585020691156E-002,6.647128611803055E-002,-9.175921082496643E-001,3.226701021194458E-001,1.359585020691156E-002,6.647128611803055E-002,-9.175921082496643E-001,3.226701021194458E-001,
1.150166666666667E+009,2.038877271115780E-002,7.857799530029297E-002,-9.118758440017700E-001,3.526612222194672E-001,2.038877271115780E-002,7.857799530029297E-002,-9.118758440017700E-001,3.526612222194672E-001,
1.158533333333334E+009,3.850701078772545E-002,8.556038886308670E-002,-9.014191627502441E-001,3.748679459095001E-001,3.850701078772545E-002,8.556038886308670E-002,-9.014191627502441E-001,3.748679459095001E-001,
1.166900000000000E+009,5.818343535065651E-002,8.409236371517181E-002,-8.927189707756043E-001,4.010832905769348E-001,5.818343535065651E-002,8.409236371517181E-002,-8.927189707756043E-001,4.010832905769348E-001,
1.175266666666667E+009,7.405947148799896E-002,7.398618757724762E-002,-8.740668892860413E-001,4.138525724411011E-001,7.405947148799896E-002,7.398618757724762E-002,-8.740668892860413E-001,4.138525724411011E-001,
1.183633333333334E+009,8.691952377557755E-002,5.894158780574799E-002,-8.690320849418640E-001,4.410528242588043E-001,8.691952377557755E-002,5.894158780574799E-002,-8.690320849418640E-001,4.410528242588043E-001,
1.192000000000000E+009,8.845097571611404E-002,4.161722958087921E-002,-8.625556230545044E-001,4.673681855201721E-001,8.845097571611404E-002,4.161722958087921E-002,-8.625556230545044E-001,4.673681855201721E-001,
1.200366666666667E+009,7.910701632499695E-002,2.441726997494698E-002,-8.488000035285950E-001,4.854279160499573E-001,7.910701632499695E-002,2.441726997494698E-002,-8.488000035285950E-001,4.854279160499573E-001,
1.208733333333334E+009,6.194079294800758E-002,1.594454422593117E-002,-8.437291979789734E-001,5.147123932838440E-001,6.194079294800758E-002,1.594454422593117E-002,-8.437291979789734E-001,5.147123932838440E-001,
1.217100000000000E+009,4.392911866307259E-002,1.798196882009506E-002,-8.119800090789795E-001,5.281515717506409E-001,4.392911866307259E-002,1.798196882009506E-002,-8.119800090789795E-001,5.281515717506409E-001,
1.225466666666667E+009,3.253573924303055E-002,2.922552451491356E-002,-8.145591020584106E-001,5.530521273612976E-001,3.253573924303055E-002,2.922552451491356E-002,-8.145591020584106E-001,5.530521273612976E-001,
1.233833333333334E+009,3.081470541656017E-002,4.403316229581833E-002,-7.944495677947998E-001,5.734214782714844E-001,3.081470541656017E-002,4.403316229581833E-002,-7.944495677947998E-001,5.734214782714844E-001,
1.242200000000000E+009,3.672775253653526E-002,5.805684998631477E-002,-7.664058208465576E-001,5.894528627395630E-001,3.672775253653526E-002,5.805684998631477E-002,-7.664058208465576E-001,5.894528627395630E-001,
1.250566666666667E+009,5.197528749704361E-002,6.728943437337875E-002,-7.702125310897827E-001,6.172981858253479E-001,5.197528749704361E-002,6.728943437337875E-002,-7.702125310897827E-001,6.172981858253479E-001,
1.258933333333334E+009,7.274431735277176E-002,6.740771234035492E-002,-7.490261197090149E-001,6.271938681602478E-001,7.274431735277176E-002,6.740771234035492E-002,-7.490261197090149E-001,6.271938681602478E-001,
1.267300000000000E+009,9.068018198013306E-002,5.464547127485275E-002,-7.253702878952026E-001,6.447240114212036E-001,9.068018198013306E-002,5.464547127485275E-002,-7.253702878952026E-001,6.447240114212036E-001,
1.275666666666667E+009,1.018549054861069E-001,3.737771883606911E-002,-7.222839593887329E-001,6.497499942779541E-001,1.018549054861069E-001,3.737771883606911E-002,-7.222839593887329E-001,6.497499942779541E-001,
1.284033333333334E+009,1.035373583436012E-001,1.495649386197329E-002,-6.907906532287598E-001,7.001420259475708E-001,1.035373583436012E-001,1.495649386197329E-002,-6.907906532287598E-001,7.001420259475708E-001,
1.292400000000000E+009,9.184219688177109E-002,-2.880474086850882E-003,-6.873434185981751E-001,6.996219158172607E-001,9.184219688177109E-002,-2.880474086850882E-003,-6.873434185981751E-001,6.996219158172607E-001,
1.300766666666667E+009,7.409806549549103E-002,-1.058334019035101E-002,-6.693624258041382E-001,7.168610692024231E-001,7.409806549549103E-002,-1.058334019035101E-002,-6.693624258041382E-001,7.168610692024231E-001,
1.309133333333334E+009,5.472486838698387E-002,-8.039718493819237E-003,-6.538375616073608E-001,7.445984482765198E-001,5.472486838698387E-002,-8.039718493819237E-003,-6.538375616073608E-001,7.445984482765198E-001,
1.317500000000000E+009,4.036935418844223E-002,4.028577357530594E-003,-6.240602731704712E-001,7.687481641769409E-001,4.036935418844223E-002,4.028577357530594E-003,-6.240602731704712E-001,7.687481641769409E-001,
1.325866666666667E+009,3.567004203796387E-002,1.990404352545738E-002,-6.054994463920593E-001,7.681307792663574E-001,3.567004203796387E-002,1.990404352545738E-002,-6.054994463920593E-001,7.681307792663574E-001,
1.334233333333334E+009,4.254890605807304E-002,3.783367574214935E-002,-5.835692882537842E-001,7.805781960487366E-001,4.254890605807304E-002,3.783367574214935E-002,-5.835692882537842E-001,7.805781960487366E-001,
1.342600000000000E+009,5.929351598024368E-002,4.296158254146576E-002,-5.703052878379822E-001,7.985836863517761E-001,5.929351598024368E-002,4.296158254146576E-002,-5.703052878379822E-001,7.985836863517761E-001,
1.350966666666667E+009,7.715233415365219E-002,4.080034792423248E-002,-5.405538082122803E-001,8.177376389503479E-001,7.715233415365219E-002,4.080034792423248E-002,-5.405538082122803E-001,8.177376389503479E-001,
1.359333333333334E+009,9.307832270860672E-002,2.781328558921814E-002,-5.229465961456299E-001,8.241559863090515E-001,9.307832270860672E-002,2.781328558921814E-002,-5.229465961456299E-001,8.241559863090515E-001,
1.367700000000000E+009,1.000207588076592E-001,6.318854633718729E-003,-5.056215524673462E-001,8.351116180419922E-001,1.000207588076592E-001,6.318854633718729E-003,-5.056215524673462E-001,8.351116180419922E-001,
1.376066666666667E+009,9.452794492244721E-002,-1.700193807482719E-002,-4.798205792903900E-001,8.468459248542786E-001,9.452794492244721E-002,-1.700193807482719E-002,-4.798205792903900E-001,8.468459248542786E-001,
1.384433333333334E+009,7.953176647424698E-002,-3.059646859765053E-002,-4.715878069400787E-001,8.578861355781555E-001,7.953176647424698E-002,-3.059646859765053E-002,-4.715878069400787E-001,8.578861355781555E-001,
1.392800000000000E+009,5.654016137123108E-002,-3.405809402465820E-002,-4.479955732822418E-001,8.649590611457825E-001,5.654016137123108E-002,-3.405809402465820E-002,-4.479955732822418E-001,8.649590611457825E-001,
1.401166666666667E+009,3.947079926729202E-002,-2.591931447386742E-002,-4.158555865287781E-001,8.923448920249939E-001,3.947079926729202E-002,-2.591931447386742E-002,-4.158555865287781E-001,8.923448920249939E-001,
1.409533333333334E+009,2.729998715221882E-002,-6.143311038613319E-003,-3.930005431175232E-001,9.018959999084473E-001,2.729998715221882E-002,-6.143311038613319E-003,-3.930005431175232E-001,9.018959999084473E-001,
1.417900000000000E+009,2.616537548601627E-002,1.488634478300810E-002,-3.531671166419983E-001,8.953682780265808E-001,2.616537548601627E-002,1.488634478300810E-002,-3.531671166419983E-001,8.953682780265808E-001,
1.426266666666667E+009,3.703399375081062E-002,3.313267603516579E-002,-3.480333685874939E-001,9.236778616905212E-001,3.703399375081062E-002,3.313267603516579E-002,-3.480333685874939E-001,9.236778616905212E-001,
1.434633333333334E+009,5.568314343690872E-002,3.962454572319984E-002,-3.184200823307037E-001,9.166904687881470E-001,5.568314343690872E-002,3.962454572319984E-002,-3.184200823307037E-001,9.166904687881470E-001,
1.443000000000000E+009,7.803939282894135E-002,3.626645728945732E-002,-2.924214005470276E-001,9.287787675857544E-001,7.803939282894135E-002,3.626645728945732E-002,-2.924214005470276E-001,9.287787675857544E-001,
1.451366666666667E+009,9.323434531688690E-002,1.935293152928352E-002,-2.738568484783173E-001,9.338437914848328E-001,9.323434531688690E-002,1.935293152928352E-002,-2.738568484783173E-001,9.338437914848328E-001,
1.459733333333334E+009,9.929791092872620E-002,-2.258966211229563E-003,-2.594237029552460E-001,9.374298453330994E-001,9.929791092872620E-002,-2.258966211229563E-003,-2.594237029552460E-001,9.374298453330994E-001,
1.468100000000000E+009,9.352927654981613E-002,-2.409946732223034E-002,-2.238058745861054E-001,9.447045922279358E-001,9.352927654981613E-002,-2.409946732223034E-002,-2.238058745861054E-001,9.447045922279358E-001,
1.476466666666667E+009,7.753817737102509E-002,-3.890505433082581E-002,-2.050102055072784E-001,9.597622752189636E-001,7.753817737102509E-002,-3.890505433082581E-002,-2.050102055072784E-001,9.597622752189636E-001,
1.484833333333334E+009,5.587701126933098E-002,-4.228090867400169E-002,-1.724545359611511E-001,9.623045325279236E-001,5.587701126933098E-002,-4.228090867400169E-002,-1.724545359611511E-001,9.623045325279236E-001,
1.493200000000000E+009,3.953839093446732E-002,-3.311329707503319E-002,-1.553523689508438E-001,9.634411931037903E-001,3.953839093446732E-002,-3.311329707503319E-002,-1.553523689508438E-001,9.634411931037903E-001,
1.501566666666667E+009,2.976586483418942E-002,-1.438560895621777E-002,-1.252312809228897E-001,9.669064283370972E-001,2.976586483418942E-002,-1.438560895621777E-002,-1.252312809228897E-001,9.669064283370972E-001,
1.509933333333334E+009,3.014154173433781E-002,7.449851837009192E-003,-1.092842891812325E-001,9.714275598526001E-001,3.014154173433781E-002,7.449851837009192E-003,-1.092842891812325E-001,9.714275598526001E-001,
1.518300000000000E+009,4.495439305901527E-002,2.335986122488976E-002,-8.219767361879349E-002,9.777444005012512E-001,4.495439305901527E-002,2.335986122488976E-002,-8.219767361879349E-002,9.777444005012512E-001,
1.526666666666667E+009,6.464793533086777E-002,2.927536331117153E-002,-4.954332485795021E-002,9.702118635177612E-001,6.464793533086777E-002,2.927536331117153E-002,-4.954332485795021E-002,9.702118635177612E-001,
1.535033333333334E+009,8.484204113483429E-002,2.482058294117451E-002,-2.857897430658341E-002,9.801432490348816E-001,8.484204113483429E-002,2.482058294117451E-002,-2.857897430658341E-002,9.801432490348816E-001,
1.543400000000000E+009,9.806285798549652E-002,7.857268676161766E-003,-7.840857841074467E-003,9.729558825492859E-001,9.806285798549652E-002,7.857268676161766E-003,-7.840857841074467E-003,9.729558825492859E-001,
1.551766666666667E+009,9.963764995336533E-002,-1.564157754182816E-002,1.514481473714113E-002,9.681138396263123E-001,9.963764995336533E-002,-1.564157754182816E-002,1.514481473714113E-002,9.681138396263123E-001,
1.560133333333334E+009,9.296195954084396E-002,-3.659892082214356E-002,3.616226837038994E-002,9.740188121795654E-001,9.296195954084396E-002,-3.659892082214356E-002,3.616226837038994E-002,9.740188121795654E-001,
1.568500000000000E+009,7.784856110811234E-002,-4.996376112103462E-002,5.354074761271477E-002,9.767991900444031E-001,7.784856110811234E-002,-4.996376112103462E-002,5.354074761271477E-002,9.767991900444031E-001,
1.576866666666667E+009,5.774604529142380E-002,-5.173327028751373E-002,9.495884925127029E-002,9.680178761482239E-001,5.774604529142380E-002,-5.173327028751373E-002,9.495884925127029E-002,9.680178761482239E-001,
1.585233333333334E+009,4.422644153237343E-002,-4.363944008946419E-002,1.099931374192238E-001,9.680646061897278E-001,4.422644153237343E-002,-4.363944008946419E-002,1.099931374192238E-001,9.680646061897278E-001,
1.593600000000000E+009,3.662025183439255E-002,-2.889486588537693E-002,1.385712921619415E-001,9.632030129432678E-001,3.662025183439255E-002,-2.889486588537693E-002,1.385712921619415E-001,9.632030129432678E-001,
1.601966666666667E+009,3.926092386245728E-002,-1.048935018479824E-002,1.600497066974640E-001,9.612961411476135E-001,3.926092386245728E-002,-1.048935018479824E-002,1.600497066974640E-001,9.612961411476135E-001,
1.610333333333334E+009,5.141633749008179E-002,1.710678916424513E-003,1.912511736154556E-001,9.536235928535461E-001,5.141633749008179E-002,1.710678916424513E-003,1.912511736154556E-001,9.536235928535461E-001,
1.618700000000000E+009,6.941858679056168E-002,5.081681534647942E-003,2.166254967451096E-001,9.494438767433167E-001,6.941858679056168E-002,5.081681534647942E-003,2.166254967451096E-001,9.494438767433167E-001,
1.627066666666667E+009,8.453149348497391E-002,-1.771807787008584E-003,2.378528565168381E-001,9.411880970001221E-001,8.453149348497391E-002,-1.771807787008584E-003,2.378528565168381E-001,9.411880970001221E-001,
1.635433333333334E+009,9.297341853380203E-002,-1.470708288252354E-002,2.649815082550049E-001,9.409317374229431E-001,9.297341853380203E-002,-1.470708288252354E-002,2.649815082550049E-001,9.409317374229431E-001,
1.643800000000000E+009,9.329271316528320E-002,-3.390606865286827E-002,2.772376537322998E-001,9.303138852119446E-001,9.329271316528320E-002,-3.390606865286827E-002,2.772376537322998E-001,9.303138852119446E-001,
1.652166666666667E+009,8.383429795503616E-002,-5.020595714449883E-002,3.109052777290344E-001,9.212923049926758E-001,8.383429795503616E-002,-5.020595714449883E-002,3.109052777290344E-001,9.212923049926758E-001,
1.660533333333334E+009,6.896324455738068E-002,-5.900281295180321E-002,3.278499543666840E-001,9.169312715530396E-001,6.896324455738068E-002,-5.900281295180321E-002,3.278499543666840E-001,9.169312715530396E-001,
1.668900000000000E+009,5.287189409136772E-002,-5.813520774245262E-002,3.494593203067780E-001,9.052517414093018E-001,5.287189409136772E-002,-5.813520774245262E-002,3.494593203067780E-001,9.052517414093018E-001,
1.677266666666667E+009,4.012344777584076E-002,-5.074209347367287E-002,3.889575004577637E-001,8.966203331947327E-001,4.012344777584076E-002,-5.074209347367287E-002,3.889575004577637E-001,8.966203331947327E-001,
1.685633333333334E+009,3.722364082932472E-002,-3.647560253739357E-002,4.047358632087708E-001,8.891597390174866E-001,3.722364082932472E-002,-3.647560253739357E-002,4.047358632087708E-001,8.891597390174866E-001,
1.694000000000000E+009,4.125903546810150E-002,-2.398117817938328E-002,4.213777184486389E-001,8.765041232109070E-001,4.125903546810150E-002,-2.398117817938328E-002,4.213777184486389E-001,8.765041232109070E-001,
1.702366666666667E+009,5.341262742877007E-002,-1.318843103945255E-002,4.445319771766663E-001,8.674038648605347E-001,5.341262742877007E-002,-1.318843103945255E-002,4.445319771766663E-001,8.674038648605347E-001,
1.710733333333334E+009,7.009518146514893E-002,-1.070917025208473E-002,4.635991752147675E-001,8.495833873748779E-001,7.009518146514893E-002,-1.070917025208473E-002,4.635991752147675E-001,8.495833873748779E-001,
1.719100000000000E+009,8.504588156938553E-002,-1.869034022092819E-002,4.900445044040680E-001,8.344822525978088E-001,8.504588156938553E-002,-1.869034022092819E-002,4.900445044040680E-001,8.344822525978088E-001,
1.727466666666667E+009,9.446810185909271E-002,-3.233791887760162E-002,5.072990655899048E-001,8.270686268806458E-001,9.446810185909271E-002,-3.233791887760162E-002,5.072990655899048E-001,8.270686268806458E-001,
1.735833333333334E+009,9.517364948987961E-002,-4.923504590988159E-002,5.231918692588806E-001,8.122296333312988E-001,9.517364948987961E-002,-4.923504590988159E-002,5.231918692588806E-001,8.122296333312988E-001,
1.744200000000000E+009,8.674581348896027E-002,-6.729175895452499E-002,5.508098006248474E-001,7.904863953590393E-001,8.674581348896027E-002,-6.729175895452499E-002,5.508098006248474E-001,7.904863953590393E-001,
1.752566666666667E+009,7.361190766096115E-002,-7.887337356805801E-002,5.784901380538940E-001,7.846100330352783E-001,7.361190766096115E-002,-7.887337356805801E-002,5.784901380538940E-001,7.846100330352783E-001,
1.760933333333334E+009,5.735199153423309E-002,-8.425298333168030E-002,5.869119763374329E-001,7.717790603637695E-001,5.735199153423309E-002,-8.425298333168030E-002,5.869119763374329E-001,7.717790603637695E-001,
1.769300000000000E+009,4.204989597201347E-002,-8.182597905397415E-002,6.107735633850098E-001,7.632504701614380E-001,4.204989597201347E-002,-8.182597905397415E-002,6.107735633850098E-001,7.632504701614380E-001,
1.777666666666667E+009,3.263537585735321E-002,-7.171075046062470E-002,6.252582669258118E-001,7.533525824546814E-001,3.263537585735321E-002,-7.171075046062470E-002,6.252582669258118E-001,7.533525824546814E-001,
1.786033333333334E+009,3.063778392970562E-002,-6.206367909908295E-002,6.406461596488953E-001,7.231174707412720E-001,3.063778392970562E-002,-6.206367909908295E-002,6.406461596488953E-001,7.231174707412720E-001,
1.794400000000000E+009,3.645940497517586E-002,-5.004613474011421E-002,6.643645763397217E-001,7.082970738410950E-001,3.645940497517586E-002,-5.004613474011421E-002,6.643645763397217E-001,7.082970738410950E-001,
1.802766666666667E+009,4.399353638291359E-002,-4.467012733221054E-002,6.827579140663147E-001,6.899601817131043E-001,4.399353638291359E-002,-4.467012733221054E-002,6.827579140663147E-001,6.899601817131043E-001,
1.811133333333334E+009,5.429738759994507E-002,-4.355760291218758E-002,7.073193192481995E-001,6.713035702705383E-001,5.429738759994507E-002,-4.355760291218758E-002,7.073193192481995E-001,6.713035702705383E-001,
1.819500000000000E+009,6.381526589393616E-002,-4.779687523841858E-002,7.180727720260620E-001,6.452108025550842E-001,6.381526589393616E-002,-4.779687523841858E-002,7.180727720260620E-001,6.452108025550842E-001,
1.827866666666667E+009,6.922975182533264E-002,-5.677036568522453E-002,7.381352782249451E-001,6.345173716545105E-001,6.922975182533264E-002,-5.677036568522453E-002,7.381352782249451E-001,6.345173716545105E-001,
1.836233333333334E+009,6.645353883504868E-002,-6.768341362476349E-002,7.499750256538391E-001,6.174702644348145E-001,6.645353883504868E-002,-6.768341362476349E-002,7.499750256538391E-001,6.174702644348145E-001,
1.844600000000000E+009,5.880359932780266E-002,-7.663612812757492E-002,7.657502889633179E-001,6.101395487785339E-001,5.880359932780266E-002,-7.663612812757492E-002,7.657502889633179E-001,6.101395487785339E-001,
1.852966666666667E+009,4.939293488860130E-002,-8.183988183736801E-002,7.745082378387451E-001,5.764189958572388E-001,4.939293488860130E-002,-8.183988183736801E-002,7.745082378387451E-001,5.764189958572388E-001,
1.861333333333334E+009,3.912724927067757E-002,-8.473452925682068E-002,7.973637580871582E-001,5.579600930213928E-001,3.912724927067757E-002,-8.473452925682068E-002,7.973637580871582E-001,5.579600930213928E-001,
1.869700000000000E+009,3.124894760549069E-002,-7.920428365468979E-002,8.123043775558472E-001,5.388309359550476E-001,3.124894760549069E-002,-7.920428365468979E-002,8.123043775558472E-001,5.388309359550476E-001,
1.878066666666667E+009,2.736179903149605E-002,-7.432151585817337E-002,8.260976672172546E-001,5.240285396575928E-001,2.736179903149605E-002,-7.432151585817337E-002,8.260976672172546E-001,5.240285396575928E-001,
1.886433333333334E+009,2.855770103633404E-002,-6.687632203102112E-002,8.439331650733948E-001,4.978879094123840E-001,2.855770103633404E-002,-6.687632203102112E-002,8.439331650733948E-001,4.978879094123840E-001,
1.894800000000000E+009,3.648466616868973E-002,-6.215701997280121E-002,8.552367687225342E-001,4.784866571426392E-001,3.648466616868973E-002,-6.215701997280121E-002,8.552367687225342E-001,4.784866571426392E-001,
1.903166666666667E+009,4.501298815011978E-002,-5.938213691115379E-002,8.664001226425171E-001,4.482272565364838E-001,4.501298815011978E-002,-5.938213691115379E-002,8.664001226425171E-001,4.482272565364838E-001,
1.911533333333334E+009,5.393145233392716E-002,-6.450884789228439E-002,8.734127283096314E-001,4.211983680725098E-001,5.393145233392716E-002,-6.450884789228439E-002,8.734127283096314E-001,4.211983680725098E-001,
1.919900000000000E+009,6.039784103631973E-002,-7.291036844253540E-002,8.884017467498779E-001,4.069522619247437E-001,6.039784103631973E-002,-7.291036844253540E-002,8.884017467498779E-001,4.069522619247437E-001,
1.928266666666667E+009,6.264539062976837E-002,-8.327924460172653E-002,8.849049806594849E-001,3.701117932796478E-001,6.264539062976837E-002,-8.327924460172653E-002,8.849049806594849E-001,3.701117932796478E-001,
1.936633333333334E+009,5.669712647795677E-002,-9.524016827344894E-002,9.040418267250061E-001,3.596758842468262E-001,5.669712647795677E-002,-9.524016827344894E-002,9.040418267250061E-001,3.596758842468262E-001,
1.945000000000000E+009,4.615458101034164E-002,-1.037388071417809E-001,9.139541983604431E-001,3.348321020603180E-001,4.615458101034164E-002,-1.037388071417809E-001,9.139541983604431E-001,3.348321020603180E-001,
1.953366666666667E+009,3.366119414567947E-002,-1.095108836889267E-001,9.157751202583313E-001,3.143040537834168E-001,3.366119414567947E-002,-1.095108836889267E-001,9.157751202583313E-001,3.143040537834168E-001,
1.961733333333334E+009,1.816442236304283E-002,-1.063698157668114E-001,9.310750365257263E-001,2.920275330543518E-001,1.816442236304283E-002,-1.063698157668114E-001,9.310750365257263E-001,2.920275330543518E-001,
1.970100000000000E+009,6.562190130352974E-003,-1.004794761538506E-001,9.315593838691711E-001,2.691232860088348E-001,6.562190130352974E-003,-1.004794761538506E-001,9.315593838691711E-001,2.691232860088348E-001,
1.978466666666667E+009,2.192009007558227E-003,-8.893556892871857E-002,9.423742890357971E-001,2.396955937147141E-001,2.192009007558227E-003,-8.893556892871857E-002,9.423742890357971E-001,2.396955937147141E-001,
1.986833333333334E+009,4.837263375520706E-003,-7.881121337413788E-002,9.455245137214661E-001,2.215575277805328E-001,4.837263375520706E-003,-7.881121337413788E-002,9.455245137214661E-001,2.215575277805328E-001,
1.995200000000000E+009,1.582969166338444E-002,-7.244893908500671E-002,9.486157298088074E-001,2.041315585374832E-001,1.582969166338444E-002,-7.244893908500671E-002,9.486157298088074E-001,2.041315585374832E-001,
2.003566666666667E+009,2.932981774210930E-002,-7.192251831293106E-002,9.547898173332214E-001,1.695079505443573E-001,2.932981774210930E-002,-7.192251831293106E-002,9.547898173332214E-001,1.695079505443573E-001,
2.011933333333334E+009,4.155270382761955E-002,-8.052346110343933E-002,9.645407199859619E-001,1.415251493453980E-001,4.155270382761955E-002,-8.052346110343933E-002,9.645407199859619E-001,1.415251493453980E-001,
2.020300000000000E+009,4.914534837007523E-002,-9.160391986370087E-002,9.652714133262634E-001,1.100389361381531E-001,4.914534837007523E-002,-9.160391986370087E-002,9.652714133262634E-001,1.100389361381531E-001,
2.028666666666667E+009,4.799856618046761E-002,-1.071999222040176E-001,9.669345617294312E-001,9.459177404642105E-002,4.799856618046761E-002,-1.071999222040176E-001,9.669345617294312E-001,9.459177404642105E-002,
2.037033333333334E+009,3.805530443787575E-002,-1.231288090348244E-001,9.698202610015869E-001,6.849299371242523E-002,3.805530443787575E-002,-1.231288090348244E-001,9.698202610015869E-001,6.849299371242523E-002,
2.045400000000000E+009,2.156393416225910E-002,-1.316067874431610E-001,9.660900831222534E-001,5.012795329093933E-002,2.156393416225910E-002,-1.316067874431610E-001,9.660900831222534E-001,5.012795329093933E-002,
2.053766666666667E+009,1.823612838052213E-003,-1.314570307731628E-001,9.682815670967102E-001,2.429739013314247E-002,1.823612838052213E-003,-1.314570307731628E-001,9.682815670967102E-001,2.429739013314247E-002,
2.062133333333334E+009,-1.366776134818792E-002,-1.249575987458229E-001,9.729114174842835E-001,-1.592907472513616E-003,-1.366776134818792E-002,-1.249575987458229E-001,9.729114174842835E-001,-1.592907472513616E-003,
2.070500000000000E+009,-2.245219796895981E-002,-1.096442863345146E-001,9.731642603874207E-001,-2.796402201056480E-002,-2.245219796895981E-002,-1.096442863345146E-001,9.731642603874207E-001,-2.796402201056480E-002,
2.078866666666667E+009,-2.159142307937145E-002,-9.479329735040665E-002,9.697403311729431E-001,-4.954131692647934E-002,-2.159142307937145E-002,-9.479329735040665E-002,9.697403311729431E-001,-4.954131692647934E-002,
2.087233333333334E+009,-1.154060941189528E-002,-8.693321049213409E-002,9.701035618782044E-001,-8.324533700942993E-002,-1.154060941189528E-002,-8.693321049213409E-002,9.701035618782044E-001,-8.324533700942993E-002,
2.095600000000000E+009,3.715023631229997E-003,-8.379274606704712E-002,9.731028079986572E-001,-1.037564203143120E-001,3.715023631229997E-003,-8.379274606704712E-002,9.731028079986572E-001,-1.037564203143120E-001,
2.103966666666667E+009,1.841573975980282E-002,-9.395525604486466E-002,9.702423214912415E-001,-1.316187083721161E-001,1.841573975980282E-002,-9.395525604486466E-002,9.702423214912415E-001,-1.316187083721161E-001,
2.112333333333334E+009,2.702265046536923E-002,-1.103034317493439E-001,9.581535458564758E-001,-1.519206911325455E-001,2.702265046536923E-002,-1.103034317493439E-001,9.581535458564758E-001,-1.519206911325455E-001,
2.120700000000000E+009,2.598130144178867E-002,-1.336753070354462E-001,9.537503719329834E-001,-1.835818737745285E-001,2.598130144178867E-002,-1.336753070354462E-001,9.537503719329834E-001,-1.835818737745285E-001,
2.129066666666667E+009,1.225081644952297E-002,-1.498804390430450E-001,9.573535323143005E-001,-2.107318937778473E-001,1.225081644952297E-002,-1.498804390430450E-001,9.573535323143005E-001,-2.107318937778473E-001,
2.137433333333334E+009,-1.056314539164305E-002,-1.599050313234329E-001,9.396076202392578E-001,-2.289116680622101E-001,-1.056314539164305E-002,-1.599050313234329E-001,9.396076202392578E-001,-2.289116680622101E-001,
2.145800000000000E+009,-3.873088955879211E-002,-1.580686271190643E-001,9.371525645256043E-001,-2.514755725860596E-001,-3.873088955879211E-002,-1.580686271190643E-001,9.371525645256043E-001,-2.514755725860596E-001,
2.154166666666667E+009,-6.024473533034325E-002,-1.447558254003525E-001,9.290794134140015E-001,-2.688170075416565E-001,-6.024473533034325E-002,-1.447558254003525E-001,9.290794134140015E-001,-2.688170075416565E-001,
2.162533333333334E+009,-7.253766059875488E-002,-1.223842501640320E-001,9.106029868125916E-001,-2.928104400634766E-001,-7.253766059875488E-002,-1.223842501640320E-001,9.106029868125916E-001,-2.928104400634766E-001,
2.170900000000000E+009,-7.160410284996033E-002,-1.001013666391373E-001,9.187799096107483E-001,-3.211674690246582E-001,-7.160410284996033E-002,-1.001013666391373E-001,9.187799096107483E-001,-3.211674690246582E-001,
2.179266666666667E+009,-5.880507081747055E-002,-8.537760376930237E-002,9.076204895973206E-001,-3.372233211994171E-001,-5.880507081747055E-002,-8.537760376930237E-002,9.076204895973206E-001,-3.372233211994171E-001,
2.187633333333334E+009,-4.026856645941734E-002,-8.081047981977463E-002,9.045678377151489E-001,-3.700702488422394E-001,-4.026856645941734E-002,-8.081047981977463E-002,9.045678377151489E-001,-3.700702488422394E-001,
2.196000000000000E+009,-2.026800811290741E-002,-9.073376655578613E-002,8.853455781936646E-001,-3.919176459312439E-001,-2.026800811290741E-002,-9.073376655578613E-002,8.853455781936646E-001,-3.919176459312439E-001,
2.204366666666667E+009,-8.792239241302013E-003,-1.120783016085625E-001,8.772665858268738E-001,-4.146975576877594E-001,-8.792239241302013E-003,-1.120783016085625E-001,8.772665858268738E-001,-4.146975576877594E-001,
2.212733333333334E+009,-1.038818247616291E-002,-1.373140662908554E-001,8.622650504112244E-001,-4.467280507087708E-001,-1.038818247616291E-002,-1.373140662908554E-001,8.622650504112244E-001,-4.467280507087708E-001,
2.221100000000000E+009,-2.644508890807629E-002,-1.567644476890564E-001,8.416690230369568E-001,-4.578073620796204E-001,-2.644508890807629E-002,-1.567644476890564E-001,8.416690230369568E-001,-4.578073620796204E-001,
2.229466666666667E+009,-5.044373124837875E-002,-1.673383563756943E-001,8.336941599845886E-001,-4.700336754322052E-001,-5.044373124837875E-002,-1.673383563756943E-001,8.336941599845886E-001,-4.700336754322052E-001,
2.237833333333334E+009,-8.049339801073074E-002,-1.614172011613846E-001,8.248917460441589E-001,-4.959720075130463E-001,-8.049339801073074E-002,-1.614172011613846E-001,8.248917460441589E-001,-4.959720075130463E-001,
2.246200000000000E+009,-1.054057851433754E-001,-1.441014260053635E-001,8.113902807235718E-001,-5.155026912689209E-001,-1.054057851433754E-001,-1.441014260053635E-001,8.113902807235718E-001,-5.155026912689209E-001,
2.254566666666667E+009,-1.160417422652245E-001,-1.166443526744843E-001,8.021593689918518E-001,-5.324802398681641E-001,-1.160417422652245E-001,-1.166443526744843E-001,8.021593689918518E-001,-5.324802398681641E-001,
2.262933333333334E+009,-1.152873411774635E-001,-9.164975583553314E-002,7.895069718360901E-001,-5.541735887527466E-001,-1.152873411774635E-001,-9.164975583553314E-002,7.895069718360901E-001,-5.541735887527466E-001,
2.271300000000000E+009,-1.013766005635262E-001,-7.178054004907608E-002,7.728319764137268E-001,-5.734066963195801E-001,-1.013766005635262E-001,-7.178054004907608E-002,7.728319764137268E-001,-5.734066963195801E-001,
2.279666666666667E+009,-7.954625040292740E-002,-6.830373406410217E-002,7.621579766273499E-001,-5.949128270149231E-001,-7.954625040292740E-002,-6.830373406410217E-002,7.621579766273499E-001,-5.949128270149231E-001,
2.288033333333334E+009,-6.124065071344376E-002,-7.899692654609680E-002,7.458733916282654E-001,-6.250488162040710E-001,-6.124065071344376E-002,-7.899692654609680E-002,7.458733916282654E-001,-6.250488162040710E-001,
2.296400000000000E+009,-5.159462243318558E-002,-1.013390794396401E-001,7.237054109573364E-001,-6.441147923469544E-001,-5.159462243318558E-002,-1.013390794396401E-001,7.237054109573364E-001,-6.441147923469544E-001,
2.304766666666667E+009,-5.782049521803856E-002,-1.263645142316818E-001,7.087383270263672E-001,-6.510363221168518E-001,-5.782049521803856E-002,-1.263645142316818E-001,7.087383270263672E-001,-6.510363221168518E-001,
2.313133333333334E+009,-7.884082198143005E-002,-1.427641808986664E-001,6.839891672134399E-001,-6.818892955780029E-001,-7.884082198143005E-002,-1.427641808986664E-001,6.839891672134399E-001,-6.818892955780029E-001,
2.321500000000000E+009,-1.034401953220367E-001,-1.459814459085465E-001,6.694180369377136E-001,-6.882572174072266E-001,-1.034401953220367E-001,-1.459814459085465E-001,6.694180369377136E-001,-6.882572174072266E-001,
2.329866666666667E+009,-1.291115283966065E-001,-1.341988742351532E-001,6.586030721664429E-001,-7.049656510353088E-001,-1.291115283966065E-001,-1.341988742351532E-001,6.586030721664429E-001,-7.049656510353088E-001,
2.338233333333334E+009,-1.475915759801865E-001,-1.114072427153587E-001,6.324905753135681E-001,-7.208622694015503E-001,-1.475915759801865E-001,-1.114072427153587E-001,6.324905753135681E-001,-7.208622694015503E-001,
2.346600000000000E+009,-1.513416618108749E-001,-7.955685257911682E-002,6.145137548446655E-001,-7.385048866271973E-001,-1.513416618108749E-001,-7.955685257911682E-002,6.145137548446655E-001,-7.385048866271973E-001,
2.354966666666667E+009,-1.385440528392792E-001,-5.515989661216736E-002,6.072224974632263E-001,-7.504148483276367E-001,-1.385440528392792E-001,-5.515989661216736E-002,6.072224974632263E-001,-7.504148483276367E-001,
2.363333333333334E+009,-1.168010309338570E-001,-4.378541558980942E-002,5.915870666503906E-001,-7.674264311790466E-001,-1.168010309338570E-001,-4.378541558980942E-002,5.915870666503906E-001,-7.674264311790466E-001,
2.371700000000000E+009,-8.988472074270248E-002,-4.719688743352890E-002,5.719361901283264E-001,-7.892859578132629E-001,-8.988472074270248E-002,-4.719688743352890E-002,5.719361901283264E-001,-7.892859578132629E-001,
2.380066666666667E+009,-7.328230887651444E-002,-6.962468475103378E-002,5.404409766197205E-001,-8.044769763946533E-001,-7.328230887651444E-002,-6.962468475103378E-002,5.404409766197205E-001,-8.044769763946533E-001,
2.388433333333334E+009,-7.325665652751923E-002,-9.919150173664093E-002,5.184068083763123E-001,-8.110033273696899E-001,-7.325665652751923E-002,-9.919150173664093E-002,5.184068083763123E-001,-8.110033273696899E-001,
2.396800000000000E+009,-9.112219512462616E-002,-1.287230104207993E-001,4.850833714008331E-001,-8.299162387847900E-001,-9.112219512462616E-002,-1.287230104207993E-001,4.850833714008331E-001,-8.299162387847900E-001,
2.405166666666667E+009,-1.227662339806557E-001,-1.473182290792465E-001,4.665177166461945E-001,-8.399658799171448E-001,-1.227662339806557E-001,-1.473182290792465E-001,4.665177166461945E-001,-8.399658799171448E-001,
2.413533333333334E+009,-1.626025885343552E-001,-1.442039906978607E-001,4.422785937786102E-001,-8.441522717475891E-001,-1.626025885343552E-001,-1.442039906978607E-001,4.422785937786102E-001,-8.441522717475891E-001,
2.421900000000000E+009,-1.988230198621750E-001,-1.235071569681168E-001,4.301096498966217E-001,-8.533049225807190E-001,-1.988230198621750E-001,-1.235071569681168E-001,4.301096498966217E-001,-8.533049225807190E-001,
2.430266666666667E+009,-2.181990146636963E-001,-8.836218714714050E-002,4.116920232772827E-001,-8.632239699363709E-001,-2.181990146636963E-001,-8.836218714714050E-002,4.116920232772827E-001,-8.632239699363709E-001,
2.438633333333334E+009,-2.227937132120132E-001,-4.489318281412125E-002,3.935636878013611E-001,-8.716421723365784E-001,-2.227937132120132E-001,-4.489318281412125E-002,3.935636878013611E-001,-8.716421723365784E-001,
2.447000000000000E+009,-2.056250721216202E-001,-5.910418462008238E-003,3.729856014251709E-001,-8.863146305084229E-001,-2.056250721216202E-001,-5.910418462008238E-003,3.729856014251709E-001,-8.863146305084229E-001,
2.455366666666667E+009,-1.740452498197556E-001,1.637806184589863E-002,3.541592359542847E-001,-8.937872648239136E-001,-1.740452498197556E-001,1.637806184589863E-002,3.541592359542847E-001,-8.937872648239136E-001,
2.463733333333334E+009,-1.398574858903885E-001,2.010814100503922E-002,3.322103619575501E-001,-9.113824367523193E-001,-1.398574858903885E-001,2.010814100503922E-002,3.322103619575501E-001,-9.113824367523193E-001,
2.472100000000000E+009,-1.134654879570007E-001,2.728490391746163E-003,3.053710460662842E-001,-9.217222929000855E-001,-1.134654879570007E-001,2.728490391746163E-003,3.053710460662842E-001,-9.217222929000855E-001,
2.480466666666667E+009,-1.031634509563446E-001,-2.647802047431469E-002,2.715204358100891E-001,-9.253512620925903E-001,-1.031634509563446E-001,-2.647802047431469E-002,2.715204358100891E-001,-9.253512620925903E-001,
2.488833333333334E+009,-1.132342442870140E-001,-5.674138292670250E-002,2.494769841432571E-001,-9.320999383926392E-001,-1.132342442870140E-001,-5.674138292670250E-002,2.494769841432571E-001,-9.320999383926392E-001,
2.497200000000000E+009,-1.374976485967636E-001,-7.509794086217880E-002,2.195808142423630E-001,-9.393180608749390E-001,-1.374976485967636E-001,-7.509794086217880E-002,2.195808142423630E-001,-9.393180608749390E-001,
2.505566666666667E+009,-1.740462929010391E-001,-7.693392783403397E-002,1.914475113153458E-001,-9.439675807952881E-001,-1.740462929010391E-001,-7.693392783403397E-002,1.914475113153458E-001,-9.439675807952881E-001,
2.513933333333334E+009,-2.030068486928940E-001,-5.852856859564781E-002,1.733207553625107E-001,-9.413177967071533E-001,-2.030068486928940E-001,-5.852856859564781E-002,1.733207553625107E-001,-9.413177967071533E-001,
2.522300000000000E+009,-2.197644859552383E-001,-2.905635908246040E-002,1.471838802099228E-001,-9.432627558708191E-001,-2.197644859552383E-001,-2.905635908246040E-002,1.471838802099228E-001,-9.432627558708191E-001,
2.530666666666667E+009,-2.174599915742874E-001,8.330706506967545E-003,1.238392740488052E-001,-9.512833356857300E-001,-2.174599915742874E-001,8.330706506967545E-003,1.238392740488052E-001,-9.512833356857300E-001,
2.539033333333334E+009,-1.991024166345596E-001,3.962150961160660E-002,1.068808287382126E-001,-9.513440728187561E-001,-1.991024166345596E-001,3.962150961160660E-002,1.068808287382126E-001,-9.513440728187561E-001,
2.547400000000000E+009,-1.689978390932083E-001,5.778066068887711E-002,8.947239071130753E-002,-9.632074236869812E-001,-1.689978390932083E-001,5.778066068887711E-002,8.947239071130753E-002,-9.632074236869812E-001,
2.555766666666667E+009,-1.350075751543045E-001,5.718849971890450E-002,6.189946085214615E-002,-9.702292084693909E-001,-1.350075751543045E-001,5.718849971890450E-002,6.189946085214615E-002,-9.702292084693909E-001,
2.564133333333334E+009,-1.126828268170357E-001,3.702159970998764E-002,3.469695150852203E-002,-9.673611521720886E-001,-1.126828268170357E-001,3.702159970998764E-002,3.469695150852203E-002,-9.673611521720886E-001,
2.572500000000000E+009,-1.074611172080040E-001,8.544291369616985E-003,5.944547243416309E-003,-9.673267602920532E-001,-1.074611172080040E-001,8.544291369616985E-003,5.944547243416309E-003,-9.673267602920532E-001,
2.580866666666667E+009,-1.212938800454140E-001,-1.864156872034073E-002,-2.351138927042484E-002,-9.688103795051575E-001,-1.212938800454140E-001,-1.864156872034073E-002,-2.351138927042484E-002,-9.688103795051575E-001,
2.589233333333334E+009,-1.518514454364777E-001,-3.360738605260849E-002,-5.444016680121422E-002,-9.609578847885132E-001,-1.518514454364777E-001,-3.360738605260849E-002,-5.444016680121422E-002,-9.609578847885132E-001,
2.597600000000000E+009,-1.863498240709305E-001,-3.183457627892494E-002,-8.096788823604584E-002,-9.567645788192749E-001,-1.863498240709305E-001,-3.183457627892494E-002,-8.096788823604584E-002,-9.567645788192749E-001,
2.605966666666667E+009,-2.162238359451294E-001,-9.707154706120491E-003,-9.422698616981506E-002,-9.565567374229431E-001,-2.162238359451294E-001,-9.707154706120491E-003,-9.422698616981506E-002,-9.565567374229431E-001,
2.614333333333334E+009,-2.310731858015060E-001,2.206750959157944E-002,-1.174818128347397E-001,-9.448471665382385E-001,-2.310731858015060E-001,2.206750959157944E-002,-1.174818128347397E-001,-9.448471665382385E-001,
2.622700000000000E+009,-2.267015278339386E-001,6.152276322245598E-002,-1.371025294065476E-001,-9.387249946594238E-001,-2.267015278339386E-001,6.152276322245598E-002,-1.371025294065476E-001,-9.387249946594238E-001,
2.631066666666667E+009,-2.059055566787720E-001,9.377572685480118E-002,-1.591347008943558E-001,-9.488298892974854E-001,-2.059055566787720E-001,9.377572685480118E-002,-1.591347008943558E-001,-9.488298892974854E-001,
2.639433333333334E+009,-1.721061021089554E-001,1.101803258061409E-001,-1.800731867551804E-001,-9.388463497161865E-001,-1.721061021089554E-001,1.101803258061409E-001,-1.800731867551804E-001,-9.388463497161865E-001,
2.647800000000000E+009,-1.361400485038757E-001,1.091233566403389E-001,-2.051883190870285E-001,-9.395641684532166E-001,-1.361400485038757E-001,1.091233566403389E-001,-2.051883190870285E-001,-9.395641684532166E-001,
2.656166666666667E+009,-1.119833365082741E-001,9.045539796352387E-002,-2.280274331569672E-001,-9.432411789894104E-001,-1.119833365082741E-001,9.045539796352387E-002,-2.280274331569672E-001,-9.432411789894104E-001,
2.664533333333334E+009,-1.042004749178886E-001,6.361345201730728E-002,-2.632122933864594E-001,-9.269111156463623E-001,-1.042004749178886E-001,6.361345201730728E-002,-2.632122933864594E-001,-9.269111156463623E-001,
2.672900000000000E+009,-1.155605390667915E-001,3.754705563187599E-002,-2.843966484069824E-001,-9.230515360832214E-001,-1.155605390667915E-001,3.754705563187599E-002,-2.843966484069824E-001,-9.230515360832214E-001,
2.681266666666667E+009,-1.418239921331406E-001,2.466245181858540E-002,-3.124319911003113E-001,-9.101865291595459E-001,-1.418239921331406E-001,2.466245181858540E-002,-3.124319911003113E-001,-9.101865291595459E-001,
2.689633333333334E+009,-1.746736168861389E-001,2.888078242540360E-002,-3.349396884441376E-001,-9.007201790809631E-001,-1.746736168861389E-001,2.888078242540360E-002,-3.349396884441376E-001,-9.007201790809631E-001,
2.698000000000000E+009,-2.002382874488831E-001,5.075890943408012E-002,-3.494463264942169E-001,-8.847282528877258E-001,-2.002382874488831E-001,5.075890943408012E-002,-3.494463264942169E-001,-8.847282528877258E-001,
2.706366666666667E+009,-2.115092277526856E-001,8.455986529588699E-002,-3.739615678787231E-001,-8.704430460929871E-001,-2.115092277526856E-001,8.455986529588699E-002,-3.739615678787231E-001,-8.704430460929871E-001,
2.714733333333334E+009,-2.059309035539627E-001,1.188776791095734E-001,-3.866235017776489E-001,-8.694760799407959E-001,-2.059309035539627E-001,1.188776791095734E-001,-3.866235017776489E-001,-8.694760799407959E-001,
2.723100000000000E+009,-1.813383847475052E-001,1.489455997943878E-001,-4.059178531169891E-001,-8.572846651077271E-001,-1.813383847475052E-001,1.489455997943878E-001,-4.059178531169891E-001,-8.572846651077271E-001,
2.731466666666667E+009,-1.446065008640289E-001,1.644617915153503E-001,-4.298144876956940E-001,-8.535762429237366E-001,-1.446065008640289E-001,1.644617915153503E-001,-4.298144876956940E-001,-8.535762429237366E-001,
2.739833333333334E+009,-1.080870702862740E-001,1.599900275468826E-001,-4.502446353435516E-001,-8.436468839645386E-001,-1.080870702862740E-001,1.599900275468826E-001,-4.502446353435516E-001,-8.436468839645386E-001,
2.748200000000000E+009,-8.135014027357101E-002,1.405567973852158E-001,-4.737319648265839E-001,-8.367229700088501E-001,-8.135014027357101E-002,1.405567973852158E-001,-4.737319648265839E-001,-8.367229700088501E-001,
2.756566666666667E+009,-7.131084799766541E-002,1.113163307309151E-001,-4.998085796833038E-001,-8.284307122230530E-001,-7.131084799766541E-002,1.113163307309151E-001,-4.998085796833038E-001,-8.284307122230530E-001,
2.764933333333334E+009,-7.959119975566864E-002,8.363720774650574E-002,-5.333206653594971E-001,-8.173009753227234E-001,-7.959119975566864E-002,8.363720774650574E-002,-5.333206653594971E-001,-8.173009753227234E-001,
2.773300000000000E+009,-1.026211231946945E-001,6.558448076248169E-002,-5.499290227890015E-001,-7.940863370895386E-001,-1.026211231946945E-001,6.558448076248169E-002,-5.499290227890015E-001,-7.940863370895386E-001,
2.781666666666667E+009,-1.352713108062744E-001,6.936957687139511E-002,-5.679841637611389E-001,-7.751718759536743E-001,-1.352713108062744E-001,6.936957687139511E-002,-5.679841637611389E-001,-7.751718759536743E-001,
2.790033333333334E+009,-1.611000597476959E-001,8.775525540113449E-002,-5.857508182525635E-001,-7.608530521392822E-001,-1.611000597476959E-001,8.775525540113449E-002,-5.857508182525635E-001,-7.608530521392822E-001,
2.798400000000000E+009,-1.744381040334702E-001,1.200176030397415E-001,-6.018595099449158E-001,-7.465716600418091E-001,-1.744381040334702E-001,1.200176030397415E-001,-6.018595099449158E-001,-7.465716600418091E-001,
2.806766666666667E+009,-1.667613983154297E-001,1.553972363471985E-001,-6.153687238693237E-001,-7.225730419158936E-001,-1.667613983154297E-001,1.553972363471985E-001,-6.153687238693237E-001,-7.225730419158936E-001,
2.815133333333334E+009,-1.447389125823975E-001,1.817965209484100E-001,-6.298170089721680E-001,-7.121014595031738E-001,-1.447389125823975E-001,1.817965209484100E-001,-6.298170089721680E-001,-7.121014595031738E-001,
2.823500000000000E+009,-1.097409054636955E-001,1.957063227891922E-001,-6.463754177093506E-001,-7.030616998672485E-001,-1.097409054636955E-001,1.957063227891922E-001,-6.463754177093506E-001,-7.030616998672485E-001,
2.831866666666667E+009,-7.368813455104828E-002,1.894016712903976E-001,-6.609958410263062E-001,-6.905307173728943E-001,-7.368813455104828E-002,1.894016712903976E-001,-6.609958410263062E-001,-6.905307173728943E-001,
2.840233333333334E+009,-4.520204663276672E-002,1.684498935937882E-001,-6.885035634040833E-001,-6.768185496330261E-001,-4.520204663276672E-002,1.684498935937882E-001,-6.885035634040833E-001,-6.768185496330261E-001,
2.848600000000000E+009,-3.348328545689583E-002,1.385355889797211E-001,-7.050235271453857E-001,-6.557986736297607E-001,-3.348328545689583E-002,1.385355889797211E-001,-7.050235271453857E-001,-6.557986736297607E-001,
2.856966666666667E+009,-4.151986911892891E-002,1.098448112607002E-001,-7.257385253906250E-001,-6.393904685974121E-001,-4.151986911892891E-002,1.098448112607002E-001,-7.257385253906250E-001,-6.393904685974121E-001,
2.865333333333334E+009,-6.616729497909546E-002,9.154140949249268E-002,-7.462436556816101E-001,-6.218626499176025E-001,-6.616729497909546E-002,9.154140949249268E-002,-7.462436556816101E-001,-6.218626499176025E-001,
2.873700000000000E+009,-9.782999008893967E-002,9.218149632215500E-002,-7.640228867530823E-001,-5.895792841911316E-001,-9.782999008893967E-002,9.218149632215500E-002,-7.640228867530823E-001,-5.895792841911316E-001,
2.882066666666667E+009,-1.239334493875504E-001,1.113608554005623E-001,-7.716413736343384E-001,-5.626447200775147E-001,-1.239334493875504E-001,1.113608554005623E-001,-7.716413736343384E-001,-5.626447200775147E-001,
2.890433333333334E+009,-1.374452263116837E-001,1.449763029813767E-001,-7.818784117698669E-001,-5.460751056671143E-001,-1.374452263116837E-001,1.449763029813767E-001,-7.818784117698669E-001,-5.460751056671143E-001,
2.898800000000000E+009,-1.304741650819778E-001,1.826979666948319E-001,-7.892478108406067E-001,-5.293257236480713E-001,-1.304741650819778E-001,1.826979666948319E-001,-7.892478108406067E-001,-5.293257236480713E-001,
2.907166666666667E+009,-1.058798432350159E-001,2.112057209014893E-001,-7.943334579467773E-001,-5.139001607894898E-001,-1.058798432350159E-001,2.112057209014893E-001,-7.943334579467773E-001,-5.139001607894898E-001,
2.915533333333334E+009,-6.786374002695084E-002,2.260347753763199E-001,-8.089305758476257E-001,-4.919501543045044E-001,-6.786374002695084E-002,2.260347753763199E-001,-8.089305758476257E-001,-4.919501543045044E-001,
2.923900000000000E+009,-2.969888783991337E-002,2.204425781965256E-001,-8.214747905731201E-001,-4.817768633365631E-001,-2.969888783991337E-002,2.204425781965256E-001,-8.214747905731201E-001,-4.817768633365631E-001,
2.932266666666667E+009,1.057912711985409E-003,1.985558867454529E-001,-8.352552652359009E-001,-4.678339362144470E-001,1.057912711985409E-003,1.985558867454529E-001,-8.352552652359009E-001,-4.678339362144470E-001,
2.940633333333334E+009,1.479434501379728E-002,1.642076522111893E-001,-8.527616262435913E-001,-4.432264864444733E-001,1.479434501379728E-002,1.642076522111893E-001,-8.527616262435913E-001,-4.432264864444733E-001,
2.949000000000000E+009,8.164686150848866E-003,1.286088377237320E-001,-8.738244771957398E-001,-4.133397340774536E-001,8.164686150848866E-003,1.286088377237320E-001,-8.738244771957398E-001,-4.133397340774536E-001,
2.957366666666667E+009,-1.649505831301212E-002,1.065378636121750E-001,-8.865125775337219E-001,-3.967790007591248E-001,-1.649505831301212E-002,1.065378636121750E-001,-8.865125775337219E-001,-3.967790007591248E-001,
2.965733333333334E+009,-5.102723464369774E-002,1.038286909461021E-001,-8.998481035232544E-001,-3.641779720783234E-001,-5.102723464369774E-002,1.038286909461021E-001,-8.998481035232544E-001,-3.641779720783234E-001,
2.974100000000000E+009,-7.913149148225784E-002,1.226089969277382E-001,-9.062008261680603E-001,-3.301666080951691E-001,-7.913149148225784E-002,1.226089969277382E-001,-9.062008261680603E-001,-3.301666080951691E-001,
2.982466666666667E+009,-9.281101077795029E-002,1.561716943979263E-001,-9.100237488746643E-001,-3.041892051696777E-001,-9.281101077795029E-002,1.561716943979263E-001,-9.100237488746643E-001,-3.041892051696777E-001,
2.990833333333334E+009,-8.657240867614746E-002,1.936738491058350E-001,-9.058164358139038E-001,-2.876380681991577E-001,-8.657240867614746E-002,1.936738491058350E-001,-9.058164358139038E-001,-2.876380681991577E-001,
2.999200000000000E+009,-6.036236882209778E-002,2.245191931724548E-001,-9.101026654243469E-001,-2.676481902599335E-001,-6.036236882209778E-002,2.245191931724548E-001,-9.101026654243469E-001,-2.676481902599335E-001,
3.007566666666667E+009,-2.095321379601955E-002,2.395022809505463E-001,-9.148022532463074E-001,-2.480304986238480E-001,-2.095321379601955E-002,2.395022809505463E-001,-9.148022532463074E-001,-2.480304986238480E-001,
3.015933333333334E+009,2.164085395634174E-002,2.315273731946945E-001,-9.178780317306519E-001,-2.361105233430862E-001,2.164085395634174E-002,2.315273731946945E-001,-9.178780317306519E-001,-2.361105233430862E-001,
3.024300000000000E+009,5.376445874571800E-002,2.068813741207123E-001,-9.287617802619934E-001,-2.165503203868866E-001,5.376445874571800E-002,2.068813741207123E-001,-9.287617802619934E-001,-2.165503203868866E-001,
3.032666666666667E+009,6.825228035449982E-002,1.676514893770218E-001,-9.399791359901428E-001,-1.930213868618012E-001,6.825228035449982E-002,1.676514893770218E-001,-9.399791359901428E-001,-1.930213868618012E-001,
3.041033333333334E+009,5.866415426135063E-002,1.290572881698608E-001,-9.503800868988037E-001,-1.688898354768753E-001,5.866415426135063E-002,1.290572881698608E-001,-9.503800868988037E-001,-1.688898354768753E-001,
3.049400000000000E+009,2.933437377214432E-002,1.038812249898911E-001,-9.582670927047730E-001,-1.309722661972046E-001,2.933437377214432E-002,1.038812249898911E-001,-9.582670927047730E-001,-1.309722661972046E-001,
3.057766666666667E+009,-8.328182622790337E-003,1.003250330686569E-001,-9.660673737525940E-001,-1.133454740047455E-001,-8.328182622790337E-003,1.003250330686569E-001,-9.660673737525940E-001,-1.133454740047455E-001,
3.066133333333334E+009,-4.323926195502281E-002,1.197251901030541E-001,-9.594885110855103E-001,-7.367280870676041E-002,-4.323926195502281E-002,1.197251901030541E-001,-9.594885110855103E-001,-7.367280870676041E-002,
3.074500000000000E+009,-5.891777575016022E-002,1.571189761161804E-001,-9.606621861457825E-001,-4.392413049936295E-002,-5.891777575016022E-002,1.571189761161804E-001,-9.606621861457825E-001,-4.392413049936295E-002,
3.082866666666667E+009,-4.973238706588745E-002,1.986787766218185E-001,-9.541852474212647E-001,-2.491679787635803E-002,-4.973238706588745E-002,1.986787766218185E-001,-9.541852474212647E-001,-2.491679787635803E-002,
3.091233333333334E+009,-1.847310923039913E-002,2.336010783910751E-001,-9.474012255668640E-001,-2.704879036173224E-003,-1.847310923039913E-002,2.336010783910751E-001,-9.474012255668640E-001,-2.704879036173224E-003,
3.099600000000000E+009,2.834381349384785E-002,2.475663572549820E-001,-9.405573606491089E-001,1.314363908022642E-002,2.834381349384785E-002,2.475663572549820E-001,-9.405573606491089E-001,1.314363908022642E-002,
3.107966666666667E+009,7.886493206024170E-002,2.365579456090927E-001,-9.441158175468445E-001,2.525322511792183E-002,7.886493206024170E-002,2.365579456090927E-001,-9.441158175468445E-001,2.525322511792183E-002,
3.116333333333334E+009,1.183108463883400E-001,2.041652947664261E-001,-9.467604160308838E-001,4.693317040801048E-002,1.183108463883400E-001,2.041652947664261E-001,-9.467604160308838E-001,4.693317040801048E-002,
3.124700000000000E+009,1.338244676589966E-001,1.566160768270493E-001,-9.545102715492249E-001,6.418627500534058E-002,1.338244676589966E-001,1.566160768270493E-001,-9.545102715492249E-001,6.418627500534058E-002,
3.133066666666667E+009,1.238999962806702E-001,1.094430238008499E-001,-9.620823860168457E-001,9.487044066190720E-002,1.238999962806702E-001,1.094430238008499E-001,-9.620823860168457E-001,9.487044066190720E-002,
3.141433333333334E+009,9.109292179346085E-002,7.450435310602188E-002,-9.635475873947144E-001,1.233258619904518E-001,9.109292179346085E-002,7.450435310602188E-002,-9.635475873947144E-001,1.233258619904518E-001,
3.149800000000000E+009,4.287339374423027E-002,6.639511883258820E-002,-9.630016684532166E-001,1.615612953901291E-001,4.287339374423027E-002,6.639511883258820E-002,-9.630016684532166E-001,1.615612953901291E-001,
3.158166666666667E+009,-6.526242359541357E-004,8.673946559429169E-002,-9.499188065528870E-001,1.937803626060486E-001,-6.526242359541357E-004,8.673946559429169E-002,-9.499188065528870E-001,1.937803626060486E-001,
3.166533333333334E+009,-2.377522177994251E-002,1.277128309011459E-001,-9.416286945343018E-001,2.204779684543610E-001,-2.377522177994251E-002,1.277128309011459E-001,-9.416286945343018E-001,2.204779684543610E-001,
3.174900000000000E+009,-2.138096280395985E-002,1.758348792791367E-001,-9.270353913307190E-001,2.438262253999710E-001,-2.138096280395985E-002,1.758348792791367E-001,-9.270353913307190E-001,2.438262253999710E-001,
3.183266666666667E+009,9.886738844215870E-003,2.158300578594208E-001,-9.113004207611084E-001,2.622314393520355E-001,9.886738844215870E-003,2.158300578594208E-001,-9.113004207611084E-001,2.622314393520355E-001,
3.191633333333334E+009,5.786143615841866E-002,2.323378920555115E-001,-8.971792459487915E-001,2.768214941024780E-001,5.786143615841866E-002,2.323378920555115E-001,-8.971792459487915E-001,2.768214941024780E-001,
3.200000000000000E+009,1.093566119670868E-001,2.215003222227097E-001,-8.945162892341614E-001,2.883799672126770E-001,1.093566119670868E-001,2.215003222227097E-001,-8.945162892341614E-001,2.883799672126770E-001,
