% Version 1.00
%
%freq[Hz],re:Trc1_S11,im:Trc1_S11,re:Trc2_S21,im:Trc2_S21,re:Trc3_S11,im:Trc3_S11,re:Trc4_S21,im:Trc4_S21,
6.900000000000000E+008,-5.009446293115616E-002,2.163352444767952E-002,-4.978227913379669E-001,-8.545499444007874E-001,-5.009446293115616E-002,2.163352444767952E-002,-4.978227913379669E-001,-8.545499444007874E-001,
6.983666666666666E+008,-4.309518262743950E-002,2.132021635770798E-002,-5.154993534088135E-001,-8.381983041763306E-001,-4.309518262743950E-002,2.132021635770798E-002,-5.154993534088135E-001,-8.381983041763306E-001,
7.067333333333334E+008,-3.779518604278565E-002,1.769013702869415E-002,-5.447512269020081E-001,-8.105366826057434E-001,-3.779518604278565E-002,1.769013702869415E-002,-5.447512269020081E-001,-8.105366826057434E-001,
7.151000000000000E+008,-3.886274620890617E-002,9.434236213564873E-003,-5.532191991806030E-001,-8.030191659927368E-001,-3.886274620890617E-002,9.434236213564873E-003,-5.532191991806030E-001,-8.030191659927368E-001,
7.234666666666666E+008,-3.976263850927353E-002,3.500304883345962E-003,-5.916333794593811E-001,-7.905197739601135E-001,-3.976263850927353E-002,3.500304883345962E-003,-5.916333794593811E-001,-7.905197739601135E-001,
7.318333333333334E+008,-4.801008850336075E-002,-5.480276377056725E-005,-5.958868861198425E-001,-7.859684228897095E-001,-4.801008850336075E-002,-5.480276377056725E-005,-5.958868861198425E-001,-7.859684228897095E-001,
7.402000000000000E+008,-5.638060346245766E-002,1.736257225275040E-003,-6.280953884124756E-001,-7.629454731941223E-001,-5.638060346245766E-002,1.736257225275040E-003,-6.280953884124756E-001,-7.629454731941223E-001,
7.485666666666666E+008,-6.172707304358482E-002,6.913356482982636E-003,-6.493722796440125E-001,-7.255318760871887E-001,-6.172707304358482E-002,6.913356482982636E-003,-6.493722796440125E-001,-7.255318760871887E-001,
7.569333333333334E+008,-6.300732493400574E-002,1.602221839129925E-002,-6.642821431159973E-001,-7.281744480133057E-001,-6.300732493400574E-002,1.602221839129925E-002,-6.642821431159973E-001,-7.281744480133057E-001,
7.653000000000000E+008,-6.044028699398041E-002,2.450005523860455E-002,-6.727547645568848E-001,-7.206493616104126E-001,-6.044028699398041E-002,2.450005523860455E-002,-6.727547645568848E-001,-7.206493616104126E-001,
7.736666666666666E+008,-5.306171253323555E-002,3.282923251390457E-002,-6.986514925956726E-001,-7.131500840187073E-001,-5.306171253323555E-002,3.282923251390457E-002,-6.986514925956726E-001,-7.131500840187073E-001,
7.820333333333334E+008,-4.708269238471985E-002,3.652204945683479E-002,-7.218831777572632E-001,-6.903635859489441E-001,-4.708269238471985E-002,3.652204945683479E-002,-7.218831777572632E-001,-6.903635859489441E-001,
7.904000000000000E+008,-3.792350366711617E-002,3.480434417724609E-002,-7.370651960372925E-001,-6.670657396316528E-001,-3.792350366711617E-002,3.480434417724609E-002,-7.370651960372925E-001,-6.670657396316528E-001,
7.987666666666666E+008,-3.160507231950760E-002,3.010895475745201E-002,-7.499711513519287E-001,-6.469453573226929E-001,-3.160507231950760E-002,3.010895475745201E-002,-7.499711513519287E-001,-6.469453573226929E-001,
8.071333333333334E+008,-3.217031806707382E-002,2.539120987057686E-002,-7.627050280570984E-001,-6.333679556846619E-001,-3.217031806707382E-002,2.539120987057686E-002,-7.627050280570984E-001,-6.333679556846619E-001,
8.155000000000000E+008,-3.671611472964287E-002,1.809665746986866E-002,-7.726670503616333E-001,-5.882041454315186E-001,-3.671611472964287E-002,1.809665746986866E-002,-7.726670503616333E-001,-5.882041454315186E-001,
8.238666666666666E+008,-4.256144538521767E-002,1.504270173609257E-002,-8.037611842155457E-001,-5.920092463493347E-001,-4.256144538521767E-002,1.504270173609257E-002,-8.037611842155457E-001,-5.920092463493347E-001,
8.322333333333334E+008,-5.166890099644661E-002,1.652976498007774E-002,-8.152982592582703E-001,-5.649024844169617E-001,-5.166890099644661E-002,1.652976498007774E-002,-8.152982592582703E-001,-5.649024844169617E-001,
8.406000000000000E+008,-5.730868875980377E-002,2.014269679784775E-002,-8.276234269142151E-001,-5.490951538085938E-001,-5.730868875980377E-002,2.014269679784775E-002,-8.276234269142151E-001,-5.490951538085938E-001,
8.489666666666668E+008,-5.891226604580879E-002,2.770810946822166E-002,-8.485982418060303E-001,-5.236895084381104E-001,-5.891226604580879E-002,2.770810946822166E-002,-8.485982418060303E-001,-5.236895084381104E-001,
8.573333333333334E+008,-5.654717236757278E-002,3.520957753062248E-002,-8.540032505989075E-001,-5.064809918403626E-001,-5.654717236757278E-002,3.520957753062248E-002,-8.540032505989075E-001,-5.064809918403626E-001,
8.657000000000000E+008,-5.070771649479866E-002,4.391385987401009E-002,-8.708240389823914E-001,-4.779683351516724E-001,-5.070771649479866E-002,4.391385987401009E-002,-8.708240389823914E-001,-4.779683351516724E-001,
8.740666666666668E+008,-4.320132732391357E-002,4.896602407097817E-002,-8.644936084747315E-001,-4.596662521362305E-001,-4.320132732391357E-002,4.896602407097817E-002,-8.644936084747315E-001,-4.596662521362305E-001,
8.824333333333334E+008,-3.483006358146668E-002,4.779111593961716E-002,-8.972465395927429E-001,-4.278989434242249E-001,-3.483006358146668E-002,4.779111593961716E-002,-8.972465395927429E-001,-4.278989434242249E-001,
8.908000000000000E+008,-2.827241644263268E-002,4.784614592790604E-002,-9.079791903495789E-001,-4.249053895473480E-001,-2.827241644263268E-002,4.784614592790604E-002,-9.079791903495789E-001,-4.249053895473480E-001,
8.991666666666668E+008,-2.594322524964809E-002,4.099981859326363E-002,-9.191055893898010E-001,-3.937533795833588E-001,-2.594322524964809E-002,4.099981859326363E-002,-9.191055893898010E-001,-3.937533795833588E-001,
9.075333333333334E+008,-2.668773010373116E-002,3.672219440340996E-002,-9.115752577781677E-001,-3.694573938846588E-001,-2.668773010373116E-002,3.672219440340996E-002,-9.115752577781677E-001,-3.694573938846588E-001,
9.159000000000000E+008,-3.075898438692093E-002,3.194712102413178E-002,-9.263282418251038E-001,-3.584919273853302E-001,-3.075898438692093E-002,3.194712102413178E-002,-9.263282418251038E-001,-3.584919273853302E-001,
9.242666666666668E+008,-3.666013106703758E-002,2.793540619313717E-002,-9.374648928642273E-001,-3.330811858177185E-001,-3.666013106703758E-002,2.793540619313717E-002,-9.374648928642273E-001,-3.330811858177185E-001,
9.326333333333334E+008,-4.216671735048294E-002,3.023646585643292E-002,-9.411746859550476E-001,-2.985683381557465E-001,-4.216671735048294E-002,3.023646585643292E-002,-9.411746859550476E-001,-2.985683381557465E-001,
9.410000000000000E+008,-4.830541834235191E-002,3.666146844625473E-002,-9.480265974998474E-001,-2.710139453411102E-001,-4.830541834235191E-002,3.666146844625473E-002,-9.480265974998474E-001,-2.710139453411102E-001,
9.493666666666668E+008,-5.043448507785797E-002,4.402473568916321E-002,-9.539293050765991E-001,-2.620837986469269E-001,-5.043448507785797E-002,4.402473568916321E-002,-9.539293050765991E-001,-2.620837986469269E-001,
9.577333333333334E+008,-4.618333280086517E-002,5.255218595266342E-002,-9.791547656059265E-001,-2.202946543693543E-001,-4.618333280086517E-002,5.255218595266342E-002,-9.791547656059265E-001,-2.202946543693543E-001,
9.661000000000000E+008,-3.928009793162346E-002,5.990597233176231E-002,-9.654213786125183E-001,-2.063919752836227E-001,-3.928009793162346E-002,5.990597233176231E-002,-9.654213786125183E-001,-2.063919752836227E-001,
9.744666666666668E+008,-3.064852207899094E-002,6.471177190542221E-002,-9.759959578514099E-001,-1.732202768325806E-001,-3.064852207899094E-002,6.471177190542221E-002,-9.759959578514099E-001,-1.732202768325806E-001,
9.828333333333334E+008,-1.804905384778976E-002,6.336406618356705E-002,-9.720783233642578E-001,-1.484395712614059E-001,-1.804905384778976E-002,6.336406618356705E-002,-9.720783233642578E-001,-1.484395712614059E-001,
9.912000000000000E+008,-9.101273491978645E-003,6.057339534163475E-002,-9.833908081054688E-001,-1.384696513414383E-001,-9.101273491978645E-003,6.057339534163475E-002,-9.833908081054688E-001,-1.384696513414383E-001,
9.995666666666668E+008,-5.182155873626471E-003,5.205089598894119E-002,-9.877687096595764E-001,-1.016681641340256E-001,-5.182155873626471E-003,5.205089598894119E-002,-9.877687096595764E-001,-1.016681641340256E-001,
1.007933333333333E+009,-5.947173573076725E-003,4.387024044990540E-002,-9.893169403076172E-001,-8.248350024223328E-002,-5.947173573076725E-003,4.387024044990540E-002,-9.893169403076172E-001,-8.248350024223328E-002,
1.016300000000000E+009,-1.307543646544218E-002,3.622499480843544E-002,-9.910467267036438E-001,-5.523816123604775E-002,-1.307543646544218E-002,3.622499480843544E-002,-9.910467267036438E-001,-5.523816123604775E-002,
1.024666666666667E+009,-2.169282361865044E-002,3.547713160514832E-002,-9.918781518936157E-001,-3.424710407853127E-002,-2.169282361865044E-002,3.547713160514832E-002,-9.918781518936157E-001,-3.424710407853127E-002,
1.033033333333333E+009,-3.013427183032036E-002,3.707901015877724E-002,-9.705209136009216E-001,4.820947535336018E-003,-3.013427183032036E-002,3.707901015877724E-002,-9.705209136009216E-001,4.820947535336018E-003,
1.041400000000000E+009,-3.532501682639122E-002,4.389834403991699E-002,-9.780084490776062E-001,2.557195164263248E-002,-3.532501682639122E-002,4.389834403991699E-002,-9.780084490776062E-001,2.557195164263248E-002,
1.049766666666667E+009,-3.708043694496155E-002,5.242611840367317E-002,-9.858786463737488E-001,4.763509333133698E-002,-3.708043694496155E-002,5.242611840367317E-002,-9.858786463737488E-001,4.763509333133698E-002,
1.058133333333333E+009,-2.990992367267609E-002,6.229940801858902E-002,-9.826030731201172E-001,7.135949283838272E-002,-2.990992367267609E-002,6.229940801858902E-002,-9.826030731201172E-001,7.135949283838272E-002,
1.066500000000000E+009,-1.812492869794369E-002,6.727330386638641E-002,-9.661450982093811E-001,1.001543924212456E-001,-1.812492869794369E-002,6.727330386638641E-002,-9.661450982093811E-001,1.001543924212456E-001,
1.074866666666667E+009,-7.017613388597965E-003,6.494585424661636E-002,-9.784380197525024E-001,1.301793307065964E-001,-7.017613388597965E-003,6.494585424661636E-002,-9.784380197525024E-001,1.301793307065964E-001,
1.083233333333334E+009,5.058869719505310E-003,6.143816187977791E-002,-9.725375771522522E-001,1.451167017221451E-001,5.058869719505310E-003,6.143816187977791E-002,-9.725375771522522E-001,1.451167017221451E-001,
1.091600000000000E+009,9.004462510347366E-003,4.967646673321724E-002,-9.668928384780884E-001,1.805706769227982E-001,9.004462510347366E-003,4.967646673321724E-002,-9.668928384780884E-001,1.805706769227982E-001,
1.099966666666667E+009,9.753835387527943E-003,3.795332834124565E-002,-9.626390337944031E-001,1.973150670528412E-001,9.753835387527943E-003,3.795332834124565E-002,-9.626390337944031E-001,1.973150670528412E-001,
1.108333333333334E+009,8.010640158317983E-004,2.859083190560341E-002,-9.757895469665527E-001,2.201923429965973E-001,8.010640158317983E-004,2.859083190560341E-002,-9.757895469665527E-001,2.201923429965973E-001,
1.116700000000000E+009,-1.258595380932093E-002,3.017116151750088E-002,-9.594361186027527E-001,2.524179816246033E-001,-1.258595380932093E-002,3.017116151750088E-002,-9.594361186027527E-001,2.524179816246033E-001,
1.125066666666667E+009,-2.538415417075157E-002,3.208407014608383E-002,-9.433043599128723E-001,2.737600505352020E-001,-2.538415417075157E-002,3.208407014608383E-002,-9.433043599128723E-001,2.737600505352020E-001,
1.133433333333334E+009,-3.673374280333519E-002,4.522083327174187E-002,-9.389528036117554E-001,2.914766073226929E-001,-3.673374280333519E-002,4.522083327174187E-002,-9.389528036117554E-001,2.914766073226929E-001,
1.141800000000000E+009,-3.677503392100334E-002,5.953057855367661E-002,-9.283453226089478E-001,3.162608742713928E-001,-3.677503392100334E-002,5.953057855367661E-002,-9.283453226089478E-001,3.162608742713928E-001,
1.150166666666667E+009,-3.037640079855919E-002,7.307506352663040E-002,-9.235162734985352E-001,3.461218178272247E-001,-3.037640079855919E-002,7.307506352663040E-002,-9.235162734985352E-001,3.461218178272247E-001,
1.158533333333334E+009,-1.385865267366171E-002,8.127956837415695E-002,-9.139302372932434E-001,3.681989014148712E-001,-1.385865267366171E-002,8.127956837415695E-002,-9.139302372932434E-001,3.681989014148712E-001,
1.166900000000000E+009,5.123687442392111E-003,8.194759488105774E-002,-9.058649539947510E-001,3.950453996658325E-001,5.123687442392111E-003,8.194759488105774E-002,-9.058649539947510E-001,3.950453996658325E-001,
1.175266666666667E+009,2.109449543058872E-002,7.252347469329834E-002,-8.875727653503418E-001,4.090923666954041E-001,2.109449543058872E-002,7.252347469329834E-002,-8.875727653503418E-001,4.090923666954041E-001,
1.183633333333334E+009,3.355822339653969E-002,5.824686586856842E-002,-8.834250569343567E-001,4.372600913047791E-001,3.355822339653969E-002,5.824686586856842E-002,-8.834250569343567E-001,4.372600913047791E-001,
1.192000000000000E+009,3.429727628827095E-002,4.115792363882065E-002,-8.758481740951538E-001,4.640900492668152E-001,3.429727628827095E-002,4.115792363882065E-002,-8.758481740951538E-001,4.640900492668152E-001,
1.200366666666667E+009,2.484795451164246E-002,2.443201094865799E-002,-8.621605634689331E-001,4.833083152770996E-001,2.484795451164246E-002,2.443201094865799E-002,-8.621605634689331E-001,4.833083152770996E-001,
1.208733333333334E+009,6.646223831921816E-003,1.721443608403206E-002,-8.565367460250855E-001,5.119625329971314E-001,6.646223831921816E-003,1.721443608403206E-002,-8.565367460250855E-001,5.119625329971314E-001,
1.217100000000000E+009,-1.193700078874826E-002,2.027229778468609E-002,-8.225838541984558E-001,5.249027013778687E-001,-1.193700078874826E-002,2.027229778468609E-002,-8.225838541984558E-001,5.249027013778687E-001,
1.225466666666667E+009,-2.513660304248333E-002,3.315160423517227E-002,-8.267568945884705E-001,5.502134561538696E-001,-2.513660304248333E-002,3.315160423517227E-002,-8.267568945884705E-001,5.502134561538696E-001,
1.233833333333334E+009,-2.757024765014648E-002,5.010010302066803E-002,-8.063613772392273E-001,5.702224969863892E-001,-2.757024765014648E-002,5.010010302066803E-002,-8.063613772392273E-001,5.702224969863892E-001,
1.242200000000000E+009,-2.228653803467751E-002,6.610617041587830E-002,-7.787458300590515E-001,5.859872698783875E-001,-2.228653803467751E-002,6.610617041587830E-002,-7.787458300590515E-001,5.859872698783875E-001,
1.250566666666667E+009,-7.764094974845648E-003,7.751695811748505E-002,-7.836737632751465E-001,6.128301620483398E-001,-7.764094974845648E-003,7.751695811748505E-002,-7.836737632751465E-001,6.128301620483398E-001,
1.258933333333334E+009,1.232122443616390E-002,7.961409538984299E-002,-7.638419270515442E-001,6.248439550399780E-001,1.232122443616390E-002,7.961409538984299E-002,-7.638419270515442E-001,6.248439550399780E-001,
1.267300000000000E+009,3.036536462605000E-002,6.855649501085281E-002,-7.413267493247986E-001,6.429845094680786E-001,3.036536462605000E-002,6.855649501085281E-002,-7.413267493247986E-001,6.429845094680786E-001,
1.275666666666667E+009,4.100554436445236E-002,5.288209021091461E-002,-7.379787564277649E-001,6.492763757705689E-001,4.100554436445236E-002,5.288209021091461E-002,-7.379787564277649E-001,6.492763757705689E-001,
1.284033333333334E+009,4.283042997121811E-002,3.101552464067936E-002,-7.064420580863953E-001,7.019766569137573E-001,4.283042997121811E-002,3.101552464067936E-002,-7.064420580863953E-001,7.019766569137573E-001,
1.292400000000000E+009,3.050399012863636E-002,1.391037739813328E-002,-7.012041211128235E-001,7.009035348892212E-001,3.050399012863636E-002,1.391037739813328E-002,-7.012041211128235E-001,7.009035348892212E-001,
1.300766666666667E+009,1.270541455596685E-002,6.791466381400824E-003,-6.815281510353088E-001,7.185834050178528E-001,1.270541455596685E-002,6.791466381400824E-003,-6.815281510353088E-001,7.185834050178528E-001,
1.309133333333334E+009,-7.131387945264578E-003,1.116894930601120E-002,-6.662753820419312E-001,7.455450892448425E-001,-7.131387945264578E-003,1.116894930601120E-002,-6.662753820419312E-001,7.455450892448425E-001,
1.317500000000000E+009,-2.183252945542336E-002,2.512855641543865E-002,-6.359439492225647E-001,7.696140408515930E-001,-2.183252945542336E-002,2.512855641543865E-002,-6.359439492225647E-001,7.696140408515930E-001,
1.325866666666667E+009,-2.677073888480663E-002,4.323799163103104E-002,-6.170194745063782E-001,7.685795426368713E-001,-2.677073888480663E-002,4.323799163103104E-002,-6.170194745063782E-001,7.685795426368713E-001,
1.334233333333334E+009,-2.022427134215832E-002,6.360635161399841E-002,-5.964587926864624E-001,7.800064086914063E-001,-2.022427134215832E-002,6.360635161399841E-002,-5.964587926864624E-001,7.800064086914063E-001,
1.342600000000000E+009,-3.218698082491756E-003,7.140460610389710E-002,-5.854609608650208E-001,7.977110743522644E-001,-3.218698082491756E-003,7.140460610389710E-002,-5.854609608650208E-001,7.977110743522644E-001,
1.350966666666667E+009,1.466798502951860E-002,7.132166624069214E-002,-5.557814836502075E-001,8.187197446823120E-001,1.466798502951860E-002,7.132166624069214E-002,-5.557814836502075E-001,8.187197446823120E-001,
1.359333333333334E+009,3.049011901021004E-002,6.075228750705719E-002,-5.384966731071472E-001,8.269183039665222E-001,3.049011901021004E-002,6.075228750705719E-002,-5.384966731071472E-001,8.269183039665222E-001,
1.367700000000000E+009,3.799594938755035E-002,4.043682292103767E-002,-5.210117697715759E-001,8.393092155456543E-001,3.799594938755035E-002,4.043682292103767E-002,-5.210117697715759E-001,8.393092155456543E-001,
1.376066666666667E+009,3.253437578678131E-002,1.793603412806988E-002,-4.938406944274902E-001,8.520586490631104E-001,3.253437578678131E-002,1.793603412806988E-002,-4.938406944274902E-001,8.520586490631104E-001,
1.384433333333334E+009,1.756772957742214E-002,5.257015582174063E-003,-4.840046167373657E-001,8.641306161880493E-001,1.756772957742214E-002,5.257015582174063E-003,-4.840046167373657E-001,8.641306161880493E-001,
1.392800000000000E+009,-5.595142953097820E-003,3.011696739122272E-003,-4.595780670642853E-001,8.701948523521423E-001,-5.595142953097820E-003,3.011696739122272E-003,-4.595780670642853E-001,8.701948523521423E-001,
1.401166666666667E+009,-2.313332818448544E-002,1.263239420950413E-002,-4.263197481632233E-001,8.966935873031616E-001,-2.313332818448544E-002,1.263239420950413E-002,-4.263197481632233E-001,8.966935873031616E-001,
1.409533333333334E+009,-3.473233431577683E-002,3.365156427025795E-002,-4.029140472412109E-001,9.052801728248596E-001,-3.473233431577683E-002,3.365156427025795E-002,-4.029140472412109E-001,9.052801728248596E-001,
1.417900000000000E+009,-3.627504780888557E-002,5.697349458932877E-002,-3.642706871032715E-001,8.980980515480042E-001,-3.627504780888557E-002,5.697349458932877E-002,-3.642706871032715E-001,8.980980515480042E-001,
1.426266666666667E+009,-2.489777654409409E-002,7.809163630008698E-002,-3.611474931240082E-001,9.252592325210571E-001,-2.489777654409409E-002,7.809163630008698E-002,-3.611474931240082E-001,9.252592325210571E-001,
1.434633333333334E+009,-5.570426583290100E-003,8.697293698787689E-002,-3.324530124664307E-001,9.190387129783630E-001,-5.570426583290100E-003,8.697293698787689E-002,-3.324530124664307E-001,9.190387129783630E-001,
1.443000000000000E+009,1.777439005672932E-002,8.632288128137589E-002,-3.078038394451141E-001,9.330309629440308E-001,1.777439005672932E-002,8.632288128137589E-002,-3.078038394451141E-001,9.330309629440308E-001,
1.451366666666667E+009,3.364259749650955E-002,7.130520045757294E-002,-2.886775732040405E-001,9.397100806236267E-001,3.364259749650955E-002,7.130520045757294E-002,-2.886775732040405E-001,9.397100806236267E-001,
1.459733333333334E+009,4.016835615038872E-002,5.270877107977867E-002,-2.749158740043640E-001,9.435468912124634E-001,4.016835615038872E-002,5.270877107977867E-002,-2.749158740043640E-001,9.435468912124634E-001,
1.468100000000000E+009,3.496205061674118E-002,3.256149962544441E-002,-2.367983609437943E-001,9.525490999221802E-001,3.496205061674118E-002,3.256149962544441E-002,-2.367983609437943E-001,9.525490999221802E-001,
1.476466666666667E+009,1.936942152678967E-002,1.911338046193123E-002,-2.175844460725784E-001,9.697040915489197E-001,1.936942152678967E-002,1.911338046193123E-002,-2.175844460725784E-001,9.697040915489197E-001,
1.484833333333334E+009,-2.029638038948178E-003,1.669985242187977E-002,-1.821498125791550E-001,9.712580442428589E-001,-2.029638038948178E-003,1.669985242187977E-002,-1.821498125791550E-001,9.712580442428589E-001,
1.493200000000000E+009,-1.835880801081657E-002,2.742494083940983E-002,-1.648210436105728E-001,9.706985950469971E-001,-1.835880801081657E-002,2.742494083940983E-002,-1.648210436105728E-001,9.706985950469971E-001,
1.501566666666667E+009,-2.776641584932804E-002,4.808942228555679E-002,-1.343561708927155E-001,9.731689691543579E-001,-2.776641584932804E-002,4.808942228555679E-002,-1.343561708927155E-001,9.731689691543579E-001,
1.509933333333334E+009,-2.658222056925297E-002,7.175712287425995E-002,-1.201046630740166E-001,9.767988920211792E-001,-2.658222056925297E-002,7.175712287425995E-002,-1.201046630740166E-001,9.767988920211792E-001,
1.518300000000000E+009,-1.012117229402065E-002,8.942091464996338E-002,-9.440711140632629E-002,9.827639460563660E-001,-1.012117229402065E-002,8.942091464996338E-002,-9.440711140632629E-002,9.827639460563660E-001,
1.526666666666667E+009,1.160527952015400E-002,9.771851450204849E-002,-6.192214414477348E-002,9.766464233398438E-001,1.160527952015400E-002,9.771851450204849E-002,-6.192214414477348E-002,9.766464233398438E-001,
1.535033333333334E+009,3.313890099525452E-002,9.581614285707474E-002,-4.222981259226799E-002,9.880340695381165E-001,3.313890099525452E-002,9.581614285707474E-002,-4.222981259226799E-002,9.880340695381165E-001,
1.543400000000000E+009,4.826905578374863E-002,8.104459941387177E-002,-2.147077396512032E-002,9.824074506759644E-001,4.826905578374863E-002,8.104459941387177E-002,-2.147077396512032E-002,9.824074506759644E-001,
1.551766666666667E+009,5.197781696915627E-002,5.968856438994408E-002,2.409846754744649E-003,9.791219830513001E-001,5.197781696915627E-002,5.968856438994408E-002,2.409846754744649E-003,9.791219830513001E-001,
1.560133333333334E+009,4.636797308921814E-002,3.985107317566872E-002,2.519733272492886E-002,9.848533868789673E-001,4.636797308921814E-002,3.985107317566872E-002,2.519733272492886E-002,9.848533868789673E-001,
1.568500000000000E+009,3.143212199211121E-002,2.853793464601040E-002,4.459720104932785E-002,9.892752170562744E-001,3.143212199211121E-002,2.853793464601040E-002,4.459720104932785E-002,9.892752170562744E-001,
1.576866666666667E+009,1.256798487156630E-002,2.814640849828720E-002,8.691856265068054E-002,9.797281622886658E-001,1.256798487156630E-002,2.814640849828720E-002,8.691856265068054E-002,9.797281622886658E-001,
1.585233333333334E+009,-4.933166201226413E-004,3.827414661645889E-002,1.030885204672813E-001,9.792522788047791E-001,-4.933166201226413E-004,3.827414661645889E-002,1.030885204672813E-001,9.792522788047791E-001,
1.593600000000000E+009,-7.393788080662489E-003,5.439734831452370E-002,1.311833560466766E-001,9.720373153686523E-001,-7.393788080662489E-003,5.439734831452370E-002,1.311833560466766E-001,9.720373153686523E-001,
1.601966666666667E+009,-3.501126775518060E-003,7.469738274812698E-002,1.522229611873627E-001,9.685971736907959E-001,-3.501126775518060E-003,7.469738274812698E-002,1.522229611873627E-001,9.685971736907959E-001,
1.610333333333334E+009,1.027418114244938E-002,8.885515481233597E-002,1.818088889122009E-001,9.623575210571289E-001,1.027418114244938E-002,8.885515481233597E-002,1.818088889122009E-001,9.623575210571289E-001,
1.618700000000000E+009,2.987607754766941E-002,9.428147226572037E-002,2.064387947320938E-001,9.588431715965271E-001,2.987607754766941E-002,9.428147226572037E-002,2.064387947320938E-001,9.588431715965271E-001,
1.627066666666667E+009,4.771990701556206E-002,8.912693709135056E-002,2.266219854354858E-001,9.531279802322388E-001,4.771990701556206E-002,8.912693709135056E-002,2.266219854354858E-001,9.531279802322388E-001,
1.635433333333334E+009,5.847112461924553E-002,7.775276154279709E-002,2.540124356746674E-001,9.534142613410950E-001,5.847112461924553E-002,7.775276154279709E-002,2.540124356746674E-001,9.534142613410950E-001,
1.643800000000000E+009,6.111687421798706E-002,6.038532778620720E-002,2.673982083797455E-001,9.448075890541077E-001,6.111687421798706E-002,6.038532778620720E-002,2.673982083797455E-001,9.448075890541077E-001,
1.652166666666667E+009,5.443968251347542E-002,4.610954225063324E-002,3.019782602787018E-001,9.360151290893555E-001,5.443968251347542E-002,4.610954225063324E-002,3.019782602787018E-001,9.360151290893555E-001,
1.660533333333334E+009,4.131399467587471E-002,3.852240741252899E-002,3.196760118007660E-001,9.311930537223816E-001,4.131399467587471E-002,3.852240741252899E-002,3.196760118007660E-001,9.311930537223816E-001,
1.668900000000000E+009,2.664252556860447E-002,4.149172827601433E-002,3.438488245010376E-001,9.202014207839966E-001,2.664252556860447E-002,4.149172827601433E-002,3.438488245010376E-001,9.202014207839966E-001,
1.677266666666667E+009,1.613515615463257E-002,5.039732903242111E-002,3.839957416057587E-001,9.097971916198731E-001,1.613515615463257E-002,5.039732903242111E-002,3.839957416057587E-001,9.097971916198731E-001,
1.685633333333334E+009,1.452508661895990E-002,6.605222821235657E-002,3.995983600616455E-001,9.005464315414429E-001,1.452508661895990E-002,6.605222821235657E-002,3.995983600616455E-001,9.005464315414429E-001,
1.694000000000000E+009,1.998160220682621E-002,8.025792241096497E-002,4.156758785247803E-001,8.870896100997925E-001,1.998160220682621E-002,8.025792241096497E-002,4.156758785247803E-001,8.870896100997925E-001,
1.702366666666667E+009,3.461685404181480E-002,9.235886484384537E-002,4.361799955368042E-001,8.789319992065430E-001,3.461685404181480E-002,9.235886484384537E-002,4.361799955368042E-001,8.789319992065430E-001,
1.710733333333334E+009,5.249504372477531E-002,9.572724997997284E-002,4.558203518390656E-001,8.610533475875855E-001,5.249504372477531E-002,9.572724997997284E-002,4.558203518390656E-001,8.610533475875855E-001,
1.719100000000000E+009,7.061132043600082E-002,8.931671082973480E-002,4.814506173133850E-001,8.470103740692139E-001,7.061132043600082E-002,8.931671082973480E-002,4.814506173133850E-001,8.470103740692139E-001,
1.727466666666667E+009,8.279336988925934E-002,7.695929706096649E-002,4.982497692108154E-001,8.418900370597839E-001,8.279336988925934E-002,7.695929706096649E-002,4.982497692108154E-001,8.418900370597839E-001,
1.735833333333334E+009,8.670336753129959E-002,6.093325838446617E-002,5.152605175971985E-001,8.291326761245728E-001,8.670336753129959E-002,6.093325838446617E-002,5.152605175971985E-001,8.291326761245728E-001,
1.744200000000000E+009,8.123657107353210E-002,4.377970844507217E-002,5.451568365097046E-001,8.082010149955750E-001,8.123657107353210E-002,4.377970844507217E-002,5.451568365097046E-001,8.082010149955750E-001,
1.752566666666667E+009,7.149717211723328E-002,3.345710039138794E-002,5.745130181312561E-001,8.021383881568909E-001,7.149717211723328E-002,3.345710039138794E-002,5.745130181312561E-001,8.021383881568909E-001,
1.760933333333334E+009,5.773091688752174E-002,2.918757684528828E-002,5.855225324630737E-001,7.885934114456177E-001,5.773091688752174E-002,2.918757684528828E-002,5.855225324630737E-001,7.885934114456177E-001,
1.769300000000000E+009,4.519231617450714E-002,3.273344412446022E-002,6.097258925437927E-001,7.785718441009522E-001,4.519231617450714E-002,3.273344412446022E-002,6.097258925437927E-001,7.785718441009522E-001,
1.777666666666667E+009,3.764225170016289E-002,4.354169219732285E-002,6.236962080001831E-001,7.673776149749756E-001,3.764225170016289E-002,4.354169219732285E-002,6.236962080001831E-001,7.673776149749756E-001,
1.786033333333334E+009,3.784481808543205E-002,5.454393103718758E-002,6.390563845634460E-001,7.364663481712341E-001,3.784481808543205E-002,5.454393103718758E-002,6.390563845634460E-001,7.364663481712341E-001,
1.794400000000000E+009,4.585650190711021E-002,6.774894893169403E-002,6.626359224319458E-001,7.210274338722229E-001,4.585650190711021E-002,6.774894893169403E-002,6.626359224319458E-001,7.210274338722229E-001,
1.802766666666667E+009,5.620852485299110E-002,7.417561858892441E-002,6.794425845146179E-001,7.026450037956238E-001,5.620852485299110E-002,7.417561858892441E-002,6.794425845146179E-001,7.026450037956238E-001,
1.811133333333334E+009,6.831880658864975E-002,7.487574964761734E-002,7.021299004554749E-001,6.851602792739868E-001,6.831880658864975E-002,7.487574964761734E-002,7.021299004554749E-001,6.851602792739868E-001,
1.819500000000000E+009,8.089284598827362E-002,7.246486842632294E-002,7.150218486785889E-001,6.593351364135742E-001,8.089284598827362E-002,7.246486842632294E-002,7.150218486785889E-001,6.593351364135742E-001,
1.827866666666667E+009,8.944676816463471E-002,6.400669366121292E-002,7.343092560768127E-001,6.485273838043213E-001,8.944676816463471E-002,6.400669366121292E-002,7.343092560768127E-001,6.485273838043213E-001,
1.836233333333334E+009,9.043142944574356E-002,5.281394347548485E-002,7.469634413719177E-001,6.336674094200134E-001,9.043142944574356E-002,5.281394347548485E-002,7.469634413719177E-001,6.336674094200134E-001,
1.844600000000000E+009,8.637147396802902E-002,4.432675614953041E-002,7.635635733604431E-001,6.270872950553894E-001,8.637147396802902E-002,4.432675614953041E-002,7.635635733604431E-001,6.270872950553894E-001,
1.852966666666667E+009,7.979285717010498E-002,3.919172659516335E-002,7.738281488418579E-001,5.923762917518616E-001,7.979285717010498E-002,3.919172659516335E-002,7.738281488418579E-001,5.923762917518616E-001,
1.861333333333334E+009,7.414909452199936E-002,3.658484667539597E-002,7.974324822425842E-001,5.741299390792847E-001,7.414909452199936E-002,3.658484667539597E-002,7.974324822425842E-001,5.741299390792847E-001,
1.869700000000000E+009,6.863335520029068E-002,4.251975938677788E-002,8.122712373733521E-001,5.554360747337341E-001,6.863335520029068E-002,4.251975938677788E-002,8.122712373733521E-001,5.554360747337341E-001,
1.878066666666667E+009,6.867392361164093E-002,4.802148416638374E-002,8.266874551773071E-001,5.400001406669617E-001,6.867392361164093E-002,4.802148416638374E-002,8.266874551773071E-001,5.400001406669617E-001,
1.886433333333334E+009,7.212434709072113E-002,5.598746240139008E-002,8.441820740699768E-001,5.132694244384766E-001,7.212434709072113E-002,5.598746240139008E-002,8.441820740699768E-001,5.132694244384766E-001,
1.894800000000000E+009,8.317388594150543E-002,6.099760159850121E-002,8.548056483268738E-001,4.926303625106812E-001,8.317388594150543E-002,6.099760159850121E-002,8.548056483268738E-001,4.926303625106812E-001,
1.903166666666667E+009,9.430269896984100E-002,6.407643109560013E-002,8.658692836761475E-001,4.640841782093048E-001,9.430269896984100E-002,6.407643109560013E-002,8.658692836761475E-001,4.640841782093048E-001,
1.911533333333334E+009,1.065099015831947E-001,5.880096554756165E-002,8.721787929534912E-001,4.364735782146454E-001,1.065099015831947E-001,5.880096554756165E-002,8.721787929534912E-001,4.364735782146454E-001,
1.919900000000000E+009,1.170121803879738E-001,4.971437528729439E-002,8.870670795440674E-001,4.231236875057221E-001,1.170121803879738E-001,4.971437528729439E-002,8.870670795440674E-001,4.231236875057221E-001,
1.928266666666667E+009,1.218276768922806E-001,3.916522115468979E-002,8.852739930152893E-001,3.886681497097015E-001,1.218276768922806E-001,3.916522115468979E-002,8.852739930152893E-001,3.886681497097015E-001,
1.936633333333334E+009,1.203338280320168E-001,2.652041241526604E-002,9.056688547134399E-001,3.788186013698578E-001,1.203338280320168E-001,2.652041241526604E-002,9.056688547134399E-001,3.788186013698578E-001,
1.945000000000000E+009,1.133725494146347E-001,1.640418916940689E-002,9.170140624046326E-001,3.546275794506073E-001,1.133725494146347E-001,1.640418916940689E-002,9.170140624046326E-001,3.546275794506073E-001,
1.953366666666667E+009,1.046437472105026E-001,9.844812564551830E-003,9.198572635650635E-001,3.332207500934601E-001,1.046437472105026E-001,9.844812564551830E-003,9.198572635650635E-001,3.332207500934601E-001,
1.961733333333334E+009,9.234513342380524E-002,1.149681955575943E-002,9.365093111991882E-001,3.099867701530457E-001,9.234513342380524E-002,1.149681955575943E-002,9.365093111991882E-001,3.099867701530457E-001,
1.970100000000000E+009,8.372043073177338E-002,1.623945683240891E-002,9.383197426795960E-001,2.861276268959045E-001,8.372043073177338E-002,1.623945683240891E-002,9.383197426795960E-001,2.861276268959045E-001,
1.978466666666667E+009,8.232329040765762E-002,2.768107689917088E-002,9.483032822608948E-001,2.546302974224091E-001,8.232329040765762E-002,2.768107689917088E-002,9.483032822608948E-001,2.546302974224091E-001,
1.986833333333334E+009,8.747249096632004E-002,3.753264248371124E-002,9.498972892761231E-001,2.355176508426666E-001,8.747249096632004E-002,3.753264248371124E-002,9.498972892761231E-001,2.355176508426666E-001,
1.995200000000000E+009,1.017382219433785E-001,4.420362412929535E-002,9.517745971679688E-001,2.179311513900757E-001,1.017382219433785E-001,4.420362412929535E-002,9.517745971679688E-001,2.179311513900757E-001,
2.003566666666667E+009,1.184544637799263E-001,4.355442896485329E-002,9.564738273620606E-001,1.833198368549347E-001,1.184544637799263E-001,4.355442896485329E-002,9.564738273620606E-001,1.833198368549347E-001,
2.011933333333334E+009,1.348759680986404E-001,3.435663506388664E-002,9.661235213279724E-001,1.577475219964981E-001,1.348759680986404E-001,3.435663506388664E-002,9.661235213279724E-001,1.577475219964981E-001,
2.020300000000000E+009,1.448643505573273E-001,2.217309176921845E-002,9.673860073089600E-001,1.279136091470718E-001,1.448643505573273E-001,2.217309176921845E-002,9.673860073089600E-001,1.279136091470718E-001,
2.028666666666667E+009,1.475011706352234E-001,5.092272534966469E-003,9.701609015464783E-001,1.136162430047989E-001,1.475011706352234E-001,5.092272534966469E-003,9.701609015464783E-001,1.136162430047989E-001,
2.037033333333334E+009,1.424915790557861E-001,-1.309159398078919E-002,9.759113788604736E-001,8.795955032110214E-002,1.424915790557861E-001,-1.309159398078919E-002,9.759113788604736E-001,8.795955032110214E-002,
2.045400000000000E+009,1.296565234661102E-001,-2.435722015798092E-002,9.749502539634705E-001,6.913735717535019E-002,1.296565234661102E-001,-2.435722015798092E-002,9.749502539634705E-001,6.913735717535019E-002,
2.053766666666667E+009,1.130949780344963E-001,-2.659002132713795E-002,9.795181155204773E-001,4.318855702877045E-002,1.130949780344963E-001,-2.659002132713795E-002,9.795181155204773E-001,4.318855702877045E-002,
2.062133333333334E+009,1.003835126757622E-001,-2.107479609549046E-002,9.846710562705994E-001,1.552013587206602E-002,1.003835126757622E-001,-2.107479609549046E-002,9.846710562705994E-001,1.552013587206602E-002,
2.070500000000000E+009,9.440973401069641E-002,-8.438647724688053E-003,9.838807582855225E-001,-1.407220307737589E-002,9.440973401069641E-002,-8.438647724688053E-003,9.838807582855225E-001,-1.407220307737589E-002,
2.078866666666667E+009,9.845681488513947E-002,5.349759943783283E-003,9.797903895378113E-001,-3.755377978086472E-002,9.845681488513947E-002,5.349759943783283E-003,9.797903895378113E-001,-3.755377978086472E-002,
2.087233333333334E+009,1.111070588231087E-001,1.052422635257244E-002,9.784969687461853E-001,-7.158182561397553E-002,1.111070588231087E-001,1.052422635257244E-002,9.784969687461853E-001,-7.158182561397553E-002,
2.095600000000000E+009,1.294598132371903E-001,1.220639143139124E-002,9.789923429489136E-001,-9.058812260627747E-002,1.294598132371903E-001,1.220639143139124E-002,9.789923429489136E-001,-9.058812260627747E-002,
2.103966666666667E+009,1.483401954174042E-001,-1.683136724750511E-005,9.762776494026184E-001,-1.161822080612183E-001,1.483401954174042E-001,-1.683136724750511E-005,9.762776494026184E-001,-1.161822080612183E-001,
2.112333333333334E+009,1.595857292413712E-001,-1.873858645558357E-002,9.640448093414307E-001,-1.344286203384399E-001,1.595857292413712E-001,-1.873858645558357E-002,9.640448093414307E-001,-1.344286203384399E-001,
2.120700000000000E+009,1.625303775072098E-001,-4.406427592039108E-002,9.633095860481262E-001,-1.634889096021652E-001,1.625303775072098E-001,-4.406427592039108E-002,9.633095860481262E-001,-1.634889096021652E-001,
2.129066666666667E+009,1.528022587299347E-001,-6.319164484739304E-002,9.702718257904053E-001,-1.885090917348862E-001,1.528022587299347E-001,-6.319164484739304E-002,9.702718257904053E-001,-1.885090917348862E-001,
2.137433333333334E+009,1.329069435596466E-001,-7.704123854637146E-002,9.558190703392029E-001,-2.079095691442490E-001,1.329069435596466E-001,-7.704123854637146E-002,9.558190703392029E-001,-2.079095691442490E-001,
2.145800000000000E+009,1.072349026799202E-001,-7.890588045120239E-002,9.564902186393738E-001,-2.337970733642578E-001,1.072349026799202E-001,-7.890588045120239E-002,9.564902186393738E-001,-2.337970733642578E-001,
2.154166666666667E+009,8.736314624547958E-002,-6.901054829359055E-002,9.494525194168091E-001,-2.534828186035156E-001,8.736314624547958E-002,-6.901054829359055E-002,9.494525194168091E-001,-2.534828186035156E-001,
2.162533333333334E+009,7.714453339576721E-002,-5.062925070524216E-002,9.302884340286255E-001,-2.833678424358368E-001,7.714453339576721E-002,-5.062925070524216E-002,9.302884340286255E-001,-2.833678424358368E-001,
2.170900000000000E+009,8.034231513738632E-002,-2.865080162882805E-002,9.362994432449341E-001,-3.118757903575897E-001,8.034231513738632E-002,-2.865080162882805E-002,9.362994432449341E-001,-3.118757903575897E-001,
2.179266666666667E+009,9.634055197238922E-002,-1.729027926921845E-002,9.216136932373047E-001,-3.290239274501801E-001,9.634055197238922E-002,-1.729027926921845E-002,9.216136932373047E-001,-3.290239274501801E-001,
2.187633333333334E+009,1.177846044301987E-001,-1.507788430899382E-002,9.152079820632935E-001,-3.601150810718536E-001,1.177846044301987E-001,-1.507788430899382E-002,9.152079820632935E-001,-3.601150810718536E-001,
2.196000000000000E+009,1.411954611539841E-001,-2.777685970067978E-002,8.953775167465210E-001,-3.789766430854797E-001,1.411954611539841E-001,-2.777685970067978E-002,8.953775167465210E-001,-3.789766430854797E-001,
2.204366666666667E+009,1.560572087764740E-001,-5.070587620139122E-002,8.875677585601807E-001,-3.971466720104218E-001,1.560572087764740E-001,-5.070587620139122E-002,8.875677585601807E-001,-3.971466720104218E-001,
2.212733333333334E+009,1.575101166963577E-001,-7.948030531406403E-002,8.750732541084290E-001,-4.272893667221069E-001,1.575101166963577E-001,-7.948030531406403E-002,8.750732541084290E-001,-4.272893667221069E-001,
2.221100000000000E+009,1.448983401060104E-001,-1.043655946850777E-001,8.607355952262878E-001,-4.389603435993195E-001,1.448983401060104E-001,-1.043655946850777E-001,8.607355952262878E-001,-4.389603435993195E-001,
2.229466666666667E+009,1.222540140151978E-001,-1.189275607466698E-001,8.553521037101746E-001,-4.514894187450409E-001,1.222540140151978E-001,-1.189275607466698E-001,8.553521037101746E-001,-4.514894187450409E-001,
2.237833333333334E+009,9.449316561222076E-002,-1.185606196522713E-001,8.499673604965210E-001,-4.803281724452972E-001,9.449316561222076E-002,-1.185606196522713E-001,8.499673604965210E-001,-4.803281724452972E-001,
2.246200000000000E+009,7.006077468395233E-002,-1.059947162866592E-001,8.381860256195068E-001,-5.045763254165649E-001,7.006077468395233E-002,-1.059947162866592E-001,8.381860256195068E-001,-5.045763254165649E-001,
2.254566666666667E+009,5.994154512882233E-002,-8.244396746158600E-002,8.279469609260559E-001,-5.266292691230774E-001,5.994154512882233E-002,-8.244396746158600E-002,8.279469609260559E-001,-5.266292691230774E-001,
2.262933333333334E+009,6.223772838711739E-002,-6.073975935578346E-002,8.125663399696350E-001,-5.507714152336121E-001,6.223772838711739E-002,-6.073975935578346E-002,8.125663399696350E-001,-5.507714152336121E-001,
2.271300000000000E+009,7.847922295331955E-002,-4.382737725973129E-002,7.915598750114441E-001,-5.713410377502441E-001,7.847922295331955E-002,-4.382737725973129E-002,7.915598750114441E-001,-5.713410377502441E-001,
2.279666666666667E+009,1.016895174980164E-001,-4.339090362191200E-002,7.785192131996155E-001,-5.899682641029358E-001,1.016895174980164E-001,-4.339090362191200E-002,7.785192131996155E-001,-5.899682641029358E-001,
2.288033333333334E+009,1.226662322878838E-001,-5.697667598724365E-002,7.609512209892273E-001,-6.158765554428101E-001,1.226662322878838E-001,-5.697667598724365E-002,7.609512209892273E-001,-6.158765554428101E-001,
2.296400000000000E+009,1.347811967134476E-001,-8.272512257099152E-002,7.406209111213684E-001,-6.313418745994568E-001,1.347811967134476E-001,-8.272512257099152E-002,7.406209111213684E-001,-6.313418745994568E-001,
2.304766666666667E+009,1.315521299839020E-001,-1.116039156913757E-001,7.292249798774719E-001,-6.360635161399841E-001,1.315521299839020E-001,-1.116039156913757E-001,7.292249798774719E-001,-6.360635161399841E-001,
2.313133333333334E+009,1.131046488881111E-001,-1.340361386537552E-001,7.103185653686523E-001,-6.678398251533508E-001,1.131046488881111E-001,-1.340361386537552E-001,7.103185653686523E-001,-6.678398251533508E-001,
2.321500000000000E+009,8.810516446828842E-002,-1.419255733489990E-001,6.987730860710144E-001,-6.754180788993835E-001,8.810516446828842E-002,-1.419255733489990E-001,6.987730860710144E-001,-6.754180788993835E-001,
2.329866666666667E+009,6.267587840557098E-002,-1.360666155815125E-001,6.902469396591187E-001,-6.970920562744141E-001,6.267587840557098E-002,-1.360666155815125E-001,6.902469396591187E-001,-6.970920562744141E-001,
2.338233333333334E+009,4.414099827408791E-002,-1.179809942841530E-001,6.626419425010681E-001,-7.182481884956360E-001,4.414099827408791E-002,-1.179809942841530E-001,6.626419425010681E-001,-7.182481884956360E-001,
2.346600000000000E+009,4.054107889533043E-002,-8.985701948404312E-002,6.423059701919556E-001,-7.410956025123596E-001,4.054107889533043E-002,-8.985701948404312E-002,6.423059701919556E-001,-7.410956025123596E-001,
2.354966666666667E+009,5.422784015536308E-002,-6.904683262109757E-002,6.300479173660278E-001,-7.554423809051514E-001,5.422784015536308E-002,-6.904683262109757E-002,6.300479173660278E-001,-7.554423809051514E-001,
2.363333333333334E+009,7.740625739097595E-002,-6.082712486386299E-002,6.094555258750916E-001,-7.690880298614502E-001,7.740625739097595E-002,-6.082712486386299E-002,6.094555258750916E-001,-7.690880298614502E-001,
2.371700000000000E+009,1.049366593360901E-001,-6.873556226491928E-002,5.891199707984924E-001,-7.865039110183716E-001,1.049366593360901E-001,-6.873556226491928E-002,5.891199707984924E-001,-7.865039110183716E-001,
2.380066666666667E+009,1.234335750341415E-001,-9.588333964347839E-002,5.568090677261353E-001,-7.971746325492859E-001,1.234335750341415E-001,-9.588333964347839E-002,5.568090677261353E-001,-7.971746325492859E-001,
2.388433333333334E+009,1.253745257854462E-001,-1.303280591964722E-001,5.393930673599243E-001,-8.002954125404358E-001,1.253745257854462E-001,-1.303280591964722E-001,5.393930673599243E-001,-8.002954125404358E-001,
2.396800000000000E+009,1.094427630305290E-001,-1.651878207921982E-001,5.129846334457398E-001,-8.170840740203857E-001,1.094427630305290E-001,-1.651878207921982E-001,5.129846334457398E-001,-8.170840740203857E-001,
2.405166666666667E+009,7.950817793607712E-002,-1.893955320119858E-001,5.009440779685974E-001,-8.279675245285034E-001,7.950817793607712E-002,-1.893955320119858E-001,5.009440779685974E-001,-8.279675245285034E-001,
2.413533333333334E+009,3.729107603430748E-002,-1.955995261669159E-001,4.810576438903809E-001,-8.387646675109863E-001,3.729107603430748E-002,-1.955995261669159E-001,4.810576438903809E-001,-8.387646675109863E-001,
2.421900000000000E+009,-5.535134114325047E-004,-1.816218346357346E-001,4.715263545513153E-001,-8.537249565124512E-001,-5.535134114325047E-004,-1.816218346357346E-001,4.715263545513153E-001,-8.537249565124512E-001,
2.430266666666667E+009,-2.303840965032578E-002,-1.487721055746079E-001,4.509086310863495E-001,-8.712420463562012E-001,-2.303840965032578E-002,-1.487721055746079E-001,4.509086310863495E-001,-8.712420463562012E-001,
2.438633333333334E+009,-2.945372462272644E-002,-1.090760678052902E-001,4.277743101119995E-001,-8.867661356925964E-001,-2.945372462272644E-002,-1.090760678052902E-001,4.277743101119995E-001,-8.867661356925964E-001,
2.447000000000000E+009,-1.357667054980993E-002,-7.289260625839233E-002,3.997221887111664E-001,-9.041658043861389E-001,-1.357667054980993E-002,-7.289260625839233E-002,3.997221887111664E-001,-9.041658043861389E-001,
2.455366666666667E+009,1.800500042736530E-002,-5.297797545790672E-002,3.732001185417175E-001,-9.116082191467285E-001,1.800500042736530E-002,-5.297797545790672E-002,3.732001185417175E-001,-9.116082191467285E-001,
2.463733333333334E+009,5.332626402378082E-002,-5.361275747418404E-002,3.449019491672516E-001,-9.234222769737244E-001,5.332626402378082E-002,-5.361275747418404E-002,3.449019491672516E-001,-9.234222769737244E-001,
2.472100000000000E+009,8.066157996654511E-002,-7.630159705877304E-002,3.181095719337463E-001,-9.271832108497620E-001,8.066157996654511E-002,-7.630159705877304E-002,3.181095719337463E-001,-9.271832108497620E-001,
2.480466666666667E+009,9.185696393251419E-002,-1.101570352911949E-001,2.865285873413086E-001,-9.255926012992859E-001,9.185696393251419E-002,-1.101570352911949E-001,2.865285873413086E-001,-9.255926012992859E-001,
2.488833333333334E+009,8.101450651884079E-002,-1.456814557313919E-001,2.721537053585053E-001,-9.303317070007324E-001,8.101450651884079E-002,-1.456814557313919E-001,2.721537053585053E-001,-9.303317070007324E-001,
2.497200000000000E+009,5.627185478806496E-002,-1.700456738471985E-001,2.485810667276382E-001,-9.391407370567322E-001,5.627185478806496E-002,-1.700456738471985E-001,2.485810667276382E-001,-9.391407370567322E-001,
2.505566666666667E+009,1.874894276261330E-002,-1.810180544853210E-001,2.275213003158569E-001,-9.472460150718689E-001,1.874894276261330E-002,-1.810180544853210E-001,2.275213003158569E-001,-9.472460150718689E-001,
2.513933333333334E+009,-1.302951108664274E-002,-1.691282987594605E-001,2.117289453744888E-001,-9.526969194412231E-001,-1.302951108664274E-002,-1.691282987594605E-001,2.117289453744888E-001,-9.526969194412231E-001,
2.522300000000000E+009,-3.290797024965286E-002,-1.431698501110077E-001,1.825300306081772E-001,-9.618466496467590E-001,-3.290797024965286E-002,-1.431698501110077E-001,1.825300306081772E-001,-9.618466496467590E-001,
2.530666666666667E+009,-3.507451340556145E-002,-1.085114181041718E-001,1.542508453130722E-001,-9.754672646522522E-001,-3.507451340556145E-002,-1.085114181041718E-001,1.542508453130722E-001,-9.754672646522522E-001,
2.539033333333334E+009,-1.873523741960526E-002,-8.029826730489731E-002,1.309917420148850E-001,-9.762017130851746E-001,-1.873523741960526E-002,-8.029826730489731E-002,1.309917420148850E-001,-9.762017130851746E-001,
2.547400000000000E+009,1.065325178205967E-002,-6.602381169795990E-002,1.076895520091057E-001,-9.855834245681763E-001,1.065325178205967E-002,-6.602381169795990E-002,1.076895520091057E-001,-9.855834245681763E-001,
2.555766666666667E+009,4.346401244401932E-002,-7.153756171464920E-002,7.486693561077118E-002,-9.884551167488098E-001,4.346401244401932E-002,-7.153756171464920E-002,7.486693561077118E-002,-9.884551167488098E-001,
2.564133333333334E+009,6.448492407798767E-002,-9.591943770647049E-002,4.540338367223740E-002,-9.775783419609070E-001,6.448492407798767E-002,-9.591943770647049E-002,4.540338367223740E-002,-9.775783419609070E-001,
2.572500000000000E+009,6.845488399267197E-002,-1.294019073247910E-001,2.096906118094921E-002,-9.717894792556763E-001,6.845488399267197E-002,-1.294019073247910E-001,2.096906118094921E-002,-9.717894792556763E-001,
2.580866666666667E+009,5.154417827725411E-002,-1.624069660902023E-001,-2.291461452841759E-003,-9.738491177558899E-001,5.154417827725411E-002,-1.624069660902023E-001,-2.291461452841759E-003,-9.738491177558899E-001,
2.589233333333334E+009,1.949163526296616E-002,-1.833311766386032E-001,-2.491774410009384E-002,-9.687117338180542E-001,1.949163526296616E-002,-1.833311766386032E-001,-2.491774410009384E-002,-9.687117338180542E-001,
2.597600000000000E+009,-1.764464937150478E-002,-1.880235224962235E-001,-4.680332541465759E-002,-9.706868529319763E-001,-1.764464937150478E-002,-1.880235224962235E-001,-4.680332541465759E-002,-9.706868529319763E-001,
2.605966666666667E+009,-5.177308246493340E-002,-1.713853478431702E-001,-5.811671912670136E-002,-9.778724312782288E-001,-5.177308246493340E-002,-1.713853478431702E-001,-5.811671912670136E-002,-9.778724312782288E-001,
2.614333333333334E+009,-7.132953405380249E-002,-1.429495662450790E-001,-8.506303280591965E-002,-9.739589095115662E-001,-7.132953405380249E-002,-1.429495662450790E-001,-8.506303280591965E-002,-9.739589095115662E-001,
2.622700000000000E+009,-7.309753447771072E-002,-1.063286066055298E-001,-1.090947315096855E-001,-9.735262989997864E-001,-7.309753447771072E-002,-1.063286066055298E-001,-1.090947315096855E-001,-9.735262989997864E-001,
2.631066666666667E+009,-5.553955957293510E-002,-7.560759037733078E-002,-1.397226154804230E-001,-9.841114282608032E-001,-5.553955957293510E-002,-7.560759037733078E-002,-1.397226154804230E-001,-9.841114282608032E-001,
2.639433333333334E+009,-2.410431206226349E-002,-6.096766889095306E-002,-1.680934727191925E-001,-9.706325531005859E-001,-2.410431206226349E-002,-6.096766889095306E-002,-1.680934727191925E-001,-9.706325531005859E-001,
2.647800000000000E+009,1.057966519147158E-002,-6.578300893306732E-002,-1.983115375041962E-001,-9.655984044075012E-001,1.057966519147158E-002,-6.578300893306732E-002,-1.983115375041962E-001,-9.655984044075012E-001,
2.656166666666667E+009,3.320289403200150E-002,-8.889491856098175E-002,-2.223682403564453E-001,-9.619466066360474E-001,3.320289403200150E-002,-8.889491856098175E-002,-2.223682403564453E-001,-9.619466066360474E-001,
2.664533333333334E+009,3.684596717357636E-002,-1.205097064375877E-001,-2.532749474048615E-001,-9.407514333724976E-001,3.684596717357636E-002,-1.205097064375877E-001,-2.532749474048615E-001,-9.407514333724976E-001,
2.672900000000000E+009,2.307629399001598E-002,-1.505469977855682E-001,-2.692456245422363E-001,-9.345075488090515E-001,2.307629399001598E-002,-1.505469977855682E-001,-2.692456245422363E-001,-9.345075488090515E-001,
2.681266666666667E+009,-6.736266426742077E-003,-1.689195781946182E-001,-2.902680337429047E-001,-9.256729483604431E-001,-6.736266426742077E-003,-1.689195781946182E-001,-2.902680337429047E-001,-9.256729483604431E-001,
2.689633333333334E+009,-4.387572035193443E-002,-1.702551841735840E-001,-3.081475496292114E-001,-9.218659996986389E-001,-4.387572035193443E-002,-1.702551841735840E-001,-3.081475496292114E-001,-9.218659996986389E-001,
2.698000000000000E+009,-7.496789097785950E-002,-1.532925516366959E-001,-3.225497603416443E-001,-9.151642918586731E-001,-7.496789097785950E-002,-1.532925516366959E-001,-3.225497603416443E-001,-9.151642918586731E-001,
2.706366666666667E+009,-9.288486838340759E-002,-1.231225505471230E-001,-3.509210050106049E-001,-9.074561595916748E-001,-9.288486838340759E-002,-1.231225505471230E-001,-3.509210050106049E-001,-9.074561595916748E-001,
2.714733333333334E+009,-9.100640565156937E-002,-8.949778228998184E-002,-3.708608746528626E-001,-9.104139804840088E-001,-9.100640565156937E-002,-8.949778228998184E-002,-3.708608746528626E-001,-9.104139804840088E-001,
2.723100000000000E+009,-7.064756751060486E-002,-6.127289682626724E-002,-3.974181115627289E-001,-8.988804817199707E-001,-7.064756751060486E-002,-6.127289682626724E-002,-3.974181115627289E-001,-8.988804817199707E-001,
2.731466666666667E+009,-3.675288707017899E-002,-4.700463637709618E-002,-4.286926388740540E-001,-8.923551440238953E-001,-3.675288707017899E-002,-4.700463637709618E-002,-4.286926388740540E-001,-8.923551440238953E-001,
2.739833333333334E+009,-3.130725817754865E-003,-5.436482653021812E-002,-4.530997276306152E-001,-8.751087188720703E-001,-3.130725817754865E-003,-5.436482653021812E-002,-4.530997276306152E-001,-8.751087188720703E-001,
2.748200000000000E+009,2.081497386097908E-002,-7.782904803752899E-002,-4.775165319442749E-001,-8.600091338157654E-001,2.081497386097908E-002,-7.782904803752899E-002,-4.775165319442749E-001,-8.600091338157654E-001,
2.756566666666667E+009,2.671368047595024E-002,-1.111453771591187E-001,-4.985730350017548E-001,-8.454359769821167E-001,2.671368047595024E-002,-1.111453771591187E-001,-4.985730350017548E-001,-8.454359769821167E-001,
2.764933333333334E+009,1.318126637488604E-002,-1.419337987899780E-001,-5.251964926719666E-001,-8.321126103401184E-001,1.318126637488604E-002,-1.419337987899780E-001,-5.251964926719666E-001,-8.321126103401184E-001,
2.773300000000000E+009,-1.420302502810955E-002,-1.621082872152329E-001,-5.357618331909180E-001,-8.106603026390076E-001,-1.420302502810955E-002,-1.621082872152329E-001,-5.357618331909180E-001,-8.106603026390076E-001,
2.781666666666667E+009,-5.232490226626396E-002,-1.644146442413330E-001,-5.497652888298035E-001,-7.985393404960632E-001,-5.232490226626396E-002,-1.644146442413330E-001,-5.497652888298035E-001,-7.985393404960632E-001,
2.790033333333334E+009,-8.454044163227081E-002,-1.484792381525040E-001,-5.687795281410217E-001,-7.905008196830750E-001,-8.454044163227081E-002,-1.484792381525040E-001,-5.687795281410217E-001,-7.905008196830750E-001,
2.798400000000000E+009,-1.045995280146599E-001,-1.193317919969559E-001,-5.882278084754944E-001,-7.844498753547669E-001,-1.045995280146599E-001,-1.193317919969559E-001,-5.882278084754944E-001,-7.844498753547669E-001,
2.806766666666667E+009,-1.041946932673454E-001,-8.517161756753922E-002,-6.092726588249207E-001,-7.662670612335205E-001,-1.041946932673454E-001,-8.517161756753922E-002,-6.092726588249207E-001,-7.662670612335205E-001,
2.815133333333334E+009,-8.750694990158081E-002,-5.776591226458550E-002,-6.331298947334290E-001,-7.567967176437378E-001,-8.750694990158081E-002,-5.776591226458550E-002,-6.331298947334290E-001,-7.567967176437378E-001,
2.823500000000000E+009,-5.460048466920853E-002,-4.486018046736717E-002,-6.566836237907410E-001,-7.415637373924255E-001,-5.460048466920853E-002,-4.486018046736717E-002,-6.566836237907410E-001,-7.415637373924255E-001,
2.831866666666667E+009,-2.060753479599953E-002,-5.216248705983162E-002,-6.763098835945129E-001,-7.218922376632690E-001,-2.060753479599953E-002,-5.216248705983162E-002,-6.763098835945129E-001,-7.218922376632690E-001,
2.840233333333334E+009,3.204552922397852E-003,-7.634697854518890E-002,-7.012913227081299E-001,-7.012072205543518E-001,3.204552922397852E-003,-7.634697854518890E-002,-7.012913227081299E-001,-7.012072205543518E-001,
2.848600000000000E+009,9.473488666117191E-003,-1.092491447925568E-001,-7.132876515388489E-001,-6.729874610900879E-001,9.473488666117191E-003,-1.092491447925568E-001,-7.132876515388489E-001,-6.729874610900879E-001,
2.856966666666667E+009,-4.160167649388313E-003,-1.407649964094162E-001,-7.269642949104309E-001,-6.522480249404907E-001,-4.160167649388313E-003,-1.407649964094162E-001,-7.269642949104309E-001,-6.522480249404907E-001,
2.865333333333334E+009,-3.457086160778999E-002,-1.618395894765854E-001,-7.381275892257690E-001,-6.399680376052856E-001,-3.457086160778999E-002,-1.618395894765854E-001,-7.381275892257690E-001,-6.399680376052856E-001,
2.873700000000000E+009,-7.202602177858353E-002,-1.621194332838059E-001,-7.511164546012878E-001,-6.134301424026489E-001,-7.202602177858353E-002,-1.621194332838059E-001,-7.511164546012878E-001,-6.134301424026489E-001,
2.882066666666667E+009,-1.047095358371735E-001,-1.439311504364014E-001,-7.602528333663940E-001,-5.939131975173950E-001,-1.047095358371735E-001,-1.439311504364014E-001,-7.602528333663940E-001,-5.939131975173950E-001,
2.890433333333334E+009,-1.260323077440262E-001,-1.121309623122215E-001,-7.756925225257874E-001,-5.833001136779785E-001,-1.260323077440262E-001,-1.121309623122215E-001,-7.756925225257874E-001,-5.833001136779785E-001,
2.898800000000000E+009,-1.265144050121307E-001,-7.403190433979034E-002,-7.916768789291382E-001,-5.707392692565918E-001,-1.265144050121307E-001,-7.403190433979034E-002,-7.916768789291382E-001,-5.707392692565918E-001,
2.907166666666667E+009,-1.079588010907173E-001,-4.383220151066780E-002,-8.072509765625000E-001,-5.569621324539185E-001,-1.079588010907173E-001,-4.383220151066780E-002,-8.072509765625000E-001,-5.569621324539185E-001,
2.915533333333334E+009,-7.344496995210648E-002,-2.854692563414574E-002,-8.312788009643555E-001,-5.287622213363648E-001,-7.344496995210648E-002,-2.854692563414574E-002,-8.312788009643555E-001,-5.287622213363648E-001,
2.923900000000000E+009,-3.748886659741402E-002,-3.389449790120125E-002,-8.472508788108826E-001,-5.114701390266419E-001,-3.748886659741402E-002,-3.389449790120125E-002,-8.472508788108826E-001,-5.114701390266419E-001,
2.932266666666667E+009,-9.318628348410130E-003,-5.839302018284798E-002,-8.612751364707947E-001,-4.869056046009064E-001,-9.318628348410130E-003,-5.839302018284798E-002,-8.612751364707947E-001,-4.869056046009064E-001,
2.940633333333334E+009,-1.759119331836700E-003,-9.516216069459915E-002,-8.722518682479858E-001,-4.570809304714203E-001,-1.759119331836700E-003,-9.516216069459915E-002,-8.722518682479858E-001,-4.570809304714203E-001,
2.949000000000000E+009,-1.471592951565981E-002,-1.316961795091629E-001,-8.854895830154419E-001,-4.235336482524872E-001,-1.471592951565981E-002,-1.316961795091629E-001,-8.854895830154419E-001,-4.235336482524872E-001,
2.957366666666667E+009,-4.534219950437546E-002,-1.543368548154831E-001,-8.886812925338745E-001,-4.081465005874634E-001,-4.534219950437546E-002,-1.543368548154831E-001,-8.886812925338745E-001,-4.081465005874634E-001,
2.965733333333334E+009,-8.550170809030533E-002,-1.574244499206543E-001,-8.953096270561218E-001,-3.841569125652313E-001,-8.550170809030533E-002,-1.574244499206543E-001,-8.953096270561218E-001,-3.841569125652313E-001,
2.974100000000000E+009,-1.218629777431488E-001,-1.400098800659180E-001,-9.031109213829041E-001,-3.614966273307800E-001,-1.218629777431488E-001,-1.400098800659180E-001,-9.031109213829041E-001,-3.614966273307800E-001,
2.982466666666667E+009,-1.428980976343155E-001,-1.049952208995819E-001,-9.101369976997376E-001,-3.425505459308624E-001,-1.428980976343155E-001,-1.049952208995819E-001,-9.101369976997376E-001,-3.425505459308624E-001,
2.990833333333334E+009,-1.439673900604248E-001,-6.614888459444046E-002,-9.153181910514832E-001,-3.282877504825592E-001,-1.439673900604248E-001,-6.614888459444046E-002,-9.153181910514832E-001,-3.282877504825592E-001,
2.999200000000000E+009,-1.242271438241005E-001,-3.274984285235405E-002,-9.310595393180847E-001,-3.085466325283051E-001,-1.242271438241005E-001,-3.274984285235405E-002,-9.310595393180847E-001,-3.085466325283051E-001,
3.007566666666667E+009,-8.896356076002121E-002,-1.534346770495176E-002,-9.448612928390503E-001,-2.823643982410431E-001,-8.896356076002121E-002,-1.534346770495176E-002,-9.448612928390503E-001,-2.823643982410431E-001,
3.015933333333334E+009,-4.831423237919807E-002,-2.152004279196262E-002,-9.532706141471863E-001,-2.577163577079773E-001,-4.831423237919807E-002,-2.152004279196262E-002,-9.532706141471863E-001,-2.577163577079773E-001,
3.024300000000000E+009,-2.018992975354195E-002,-4.892319813370705E-002,-9.645923376083374E-001,-2.286407202482224E-001,-2.018992975354195E-002,-4.892319813370705E-002,-9.645923376083374E-001,-2.286407202482224E-001,
3.032666666666667E+009,-1.129727158695459E-002,-9.005766361951828E-002,-9.689796566963196E-001,-1.963886916637421E-001,-1.129727158695459E-002,-9.005766361951828E-002,-9.689796566963196E-001,-1.963886916637421E-001,
3.041033333333334E+009,-2.675529196858406E-002,-1.286516636610031E-001,-9.682137966156006E-001,-1.694442033767700E-001,-2.675529196858406E-002,-1.286516636610031E-001,-9.682137966156006E-001,-1.694442033767700E-001,
3.049400000000000E+009,-6.320908665657044E-002,-1.531014293432236E-001,-9.657062888145447E-001,-1.342547088861466E-001,-6.320908665657044E-002,-1.531014293432236E-001,-9.657062888145447E-001,-1.342547088861466E-001,
3.057766666666667E+009,-1.067394539713860E-001,-1.555112898349762E-001,-9.681459069252014E-001,-1.298960745334625E-001,-1.067394539713860E-001,-1.555112898349762E-001,-9.681459069252014E-001,-1.298960745334625E-001,
3.066133333333334E+009,-1.464319676160812E-001,-1.343652307987213E-001,-9.608842134475708E-001,-9.972177445888519E-002,-1.464319676160812E-001,-1.343652307987213E-001,-9.608842134475708E-001,-9.972177445888519E-002,
3.074500000000000E+009,-1.700155138969421E-001,-9.626426547765732E-002,-9.671342968940735E-001,-8.092386275529862E-002,-1.700155138969421E-001,-9.626426547765732E-002,-9.671342968940735E-001,-8.092386275529862E-002,
3.082866666666667E+009,-1.699146628379822E-001,-5.049379169940949E-002,-9.723141193389893E-001,-6.766157597303391E-002,-1.699146628379822E-001,-5.049379169940949E-002,-9.723141193389893E-001,-6.766157597303391E-002,
3.091233333333334E+009,-1.451208293437958E-001,-1.092110294848681E-002,-9.778177738189697E-001,-3.879768028855324E-002,-1.451208293437958E-001,-1.092110294848681E-002,-9.778177738189697E-001,-3.879768028855324E-002,
3.099600000000000E+009,-1.025993302464485E-001,7.721899542957544E-003,-9.812635183334351E-001,-1.512695569545031E-002,-1.025993302464485E-001,7.721899542957544E-003,-9.812635183334351E-001,-1.512695569545031E-002,
3.107966666666667E+009,-5.505133047699928E-002,-8.054704521782696E-004,-9.894651770591736E-001,1.101139187812805E-002,-5.505133047699928E-002,-8.054704521782696E-004,-9.894651770591736E-001,1.101139187812805E-002,
3.116333333333334E+009,-1.852066442370415E-002,-3.428251668810844E-002,-9.893537759780884E-001,4.847235232591629E-002,-1.852066442370415E-002,-3.428251668810844E-002,-9.893537759780884E-001,4.847235232591629E-002,
3.124700000000000E+009,-9.008459746837616E-003,-8.276801556348801E-002,-9.887297153472900E-001,7.435740530490875E-002,-9.008459746837616E-003,-8.276801556348801E-002,-9.887297153472900E-001,7.435740530490875E-002,
3.133066666666667E+009,-2.567729912698269E-002,-1.310013383626938E-001,-9.826590418815613E-001,1.081838607788086E-001,-2.567729912698269E-002,-1.310013383626938E-001,-9.826590418815613E-001,1.081838607788086E-001,
3.141433333333334E+009,-6.750801205635071E-002,-1.610079109668732E-001,-9.711539745330811E-001,1.324401944875717E-001,-6.750801205635071E-002,-1.610079109668732E-001,-9.711539745330811E-001,1.324401944875717E-001,
3.149800000000000E+009,-1.215835809707642E-001,-1.651879549026489E-001,-9.622302055358887E-001,1.591614782810211E-001,-1.215835809707642E-001,-1.651879549026489E-001,-9.622302055358887E-001,1.591614782810211E-001,
3.158166666666667E+009,-1.690232008695602E-001,-1.421188116073608E-001,-9.485291838645935E-001,1.769536137580872E-001,-1.690232008695602E-001,-1.421188116073608E-001,-9.485291838645935E-001,1.769536137580872E-001,
3.166533333333334E+009,-1.977591961622238E-001,-9.932153671979904E-002,-9.465019702911377E-001,1.920759379863739E-001,-1.977591961622238E-001,-9.932153671979904E-002,-9.465019702911377E-001,1.920759379863739E-001,
3.174900000000000E+009,-2.037442177534103E-001,-4.735678061842918E-002,-9.440856575965881E-001,2.097326815128326E-001,-2.037442177534103E-001,-4.735678061842918E-002,-9.440856575965881E-001,2.097326815128326E-001,
3.183266666666667E+009,-1.788881719112396E-001,-6.648699636571109E-004,-9.422637224197388E-001,2.303802520036697E-001,-1.788881719112396E-001,-6.648699636571109E-004,-9.422637224197388E-001,2.303802520036697E-001,
3.191633333333334E+009,-1.349739879369736E-001,2.130107767879963E-002,-9.397370815277100E-001,2.543168067932129E-001,-1.349739879369736E-001,2.130107767879963E-002,-9.397370815277100E-001,2.543168067932129E-001,
3.200000000000000E+009,-8.558671176433563E-002,1.628012396395207E-002,-9.425331950187683E-001,2.799140214920044E-001,-8.558671176433563E-002,1.628012396395207E-002,-9.425331950187683E-001,2.799140214920044E-001,
