% Version 1.00
%
%freq[Hz],re:Trc1_S11,im:Trc1_S11,re:Trc2_S21,im:Trc2_S21,re:Trc3_S11,im:Trc3_S11,re:Trc4_S21,im:Trc4_S21,
6.900000000000000E+008,-5.706650018692017E-002,5.158132314682007E-002,-5.127179026603699E-001,-8.432264924049377E-001,-5.706650018692017E-002,5.158132314682007E-002,-5.127179026603699E-001,-8.432264924049377E-001,
6.983666666666666E+008,-4.923293739557266E-002,5.227890238165855E-002,-5.290232896804810E-001,-8.253506422042847E-001,-4.923293739557266E-002,5.227890238165855E-002,-5.290232896804810E-001,-8.253506422042847E-001,
7.067333333333334E+008,-4.294275119900703E-002,4.959997907280922E-002,-5.583795309066773E-001,-7.985430955886841E-001,-4.294275119900703E-002,4.959997907280922E-002,-5.583795309066773E-001,-7.985430955886841E-001,
7.151000000000000E+008,-4.368195310235024E-002,4.136249423027039E-002,-5.668975114822388E-001,-7.906026244163513E-001,-4.368195310235024E-002,4.136249423027039E-002,-5.668975114822388E-001,-7.906026244163513E-001,
7.234666666666666E+008,-4.346793517470360E-002,3.635501861572266E-002,-6.057484745979309E-001,-7.778781056404114E-001,-4.346793517470360E-002,3.635501861572266E-002,-6.057484745979309E-001,-7.778781056404114E-001,
7.318333333333334E+008,-5.089627578854561E-002,3.374512493610382E-002,-6.115158796310425E-001,-7.726948261260986E-001,-5.089627578854561E-002,3.374512493610382E-002,-6.115158796310425E-001,-7.726948261260986E-001,
7.402000000000000E+008,-5.801916494965553E-002,3.612321242690086E-002,-6.414926648139954E-001,-7.482134699821472E-001,-5.801916494965553E-002,3.612321242690086E-002,-6.414926648139954E-001,-7.482134699821472E-001,
7.485666666666666E+008,-6.287671625614166E-002,4.208287224173546E-002,-6.628524065017700E-001,-7.104232311248779E-001,-6.287671625614166E-002,4.208287224173546E-002,-6.628524065017700E-001,-7.104232311248779E-001,
7.569333333333334E+008,-6.304717063903809E-002,5.146174132823944E-002,-6.782878637313843E-001,-7.116112112998962E-001,-6.304717063903809E-002,5.146174132823944E-002,-6.782878637313843E-001,-7.116112112998962E-001,
7.653000000000000E+008,-5.905305966734886E-002,6.075180321931839E-002,-6.850033998489380E-001,-7.043582797050476E-001,-5.905305966734886E-002,6.075180321931839E-002,-6.850033998489380E-001,-7.043582797050476E-001,
7.736666666666666E+008,-5.069030076265335E-002,6.986777484416962E-002,-7.104734778404236E-001,-6.960229277610779E-001,-5.069030076265335E-002,6.986777484416962E-002,-7.104734778404236E-001,-6.960229277610779E-001,
7.820333333333334E+008,-4.378760233521462E-002,7.386947423219681E-002,-7.332243919372559E-001,-6.725445389747620E-001,-4.378760233521462E-002,7.386947423219681E-002,-7.332243919372559E-001,-6.725445389747620E-001,
7.904000000000000E+008,-3.403797745704651E-002,7.245536893606186E-002,-7.471649646759033E-001,-6.493467092514038E-001,-3.403797745704651E-002,7.245536893606186E-002,-7.471649646759033E-001,-6.493467092514038E-001,
7.987666666666666E+008,-2.632970176637173E-002,6.819581240415573E-002,-7.595694065093994E-001,-6.287144422531128E-001,-2.632970176637173E-002,6.819581240415573E-002,-7.595694065093994E-001,-6.287144422531128E-001,
8.071333333333334E+008,-2.627564780414105E-002,6.393869221210480E-002,-7.733612656593323E-001,-6.153199076652527E-001,-2.627564780414105E-002,6.393869221210480E-002,-7.733612656593323E-001,-6.153199076652527E-001,
8.155000000000000E+008,-3.018344566226006E-002,5.691535770893097E-002,-7.825722098350525E-001,-5.692486763000488E-001,-3.018344566226006E-002,5.691535770893097E-002,-7.825722098350525E-001,-5.692486763000488E-001,
8.238666666666666E+008,-3.464667499065399E-002,5.470383539795876E-002,-8.140451312065125E-001,-5.730221867561340E-001,-3.464667499065399E-002,5.470383539795876E-002,-8.140451312065125E-001,-5.730221867561340E-001,
8.322333333333334E+008,-4.275171086192131E-002,5.714627355337143E-002,-8.252882957458496E-001,-5.441805720329285E-001,-4.275171086192131E-002,5.714627355337143E-002,-8.252882957458496E-001,-5.441805720329285E-001,
8.406000000000000E+008,-4.684381932020187E-002,6.111193820834160E-002,-8.377529382705689E-001,-5.291868448257446E-001,-4.684381932020187E-002,6.111193820834160E-002,-8.377529382705689E-001,-5.291868448257446E-001,
8.489666666666668E+008,-4.678181186318398E-002,6.956947594881058E-002,-8.569570183753967E-001,-5.019960999488831E-001,-4.678181186318398E-002,6.956947594881058E-002,-8.569570183753967E-001,-5.019960999488831E-001,
8.573333333333334E+008,-4.270714893937111E-002,7.725204527378082E-002,-8.612927198410034E-001,-4.845625162124634E-001,-4.270714893937111E-002,7.725204527378082E-002,-8.612927198410034E-001,-4.845625162124634E-001,
8.657000000000000E+008,-3.503470867872238E-002,8.608382940292358E-002,-8.771748542785645E-001,-4.557099938392639E-001,-3.503470867872238E-002,8.608382940292358E-002,-8.771748542785645E-001,-4.557099938392639E-001,
8.740666666666668E+008,-2.587267756462097E-002,9.108095616102219E-002,-8.711343407630920E-001,-4.369329214096069E-001,-2.587267756462097E-002,9.108095616102219E-002,-8.711343407630920E-001,-4.369329214096069E-001,
8.824333333333334E+008,-1.612490043044090E-002,8.983109891414642E-002,-9.018163681030273E-001,-4.045727252960205E-001,-1.612490043044090E-002,8.983109891414642E-002,-9.018163681030273E-001,-4.045727252960205E-001,
8.908000000000000E+008,-8.244731463491917E-003,8.979096263647080E-002,-9.127364158630371E-001,-4.016373157501221E-001,-8.244731463491917E-003,8.979096263647080E-002,-9.127364158630371E-001,-4.016373157501221E-001,
8.991666666666668E+008,-5.477797705680132E-003,8.292297273874283E-002,-9.239871501922607E-001,-3.714750707149506E-001,-5.477797705680132E-003,8.292297273874283E-002,-9.239871501922607E-001,-3.714750707149506E-001,
9.075333333333334E+008,-5.379407200962305E-003,7.860129326581955E-002,-9.154027104377747E-001,-3.464009165763855E-001,-5.379407200962305E-003,7.860129326581955E-002,-9.154027104377747E-001,-3.464009165763855E-001,
9.159000000000000E+008,-7.579911034554243E-003,7.430399209260941E-002,-9.305424094200134E-001,-3.351509869098663E-001,-7.579911034554243E-003,7.430399209260941E-002,-9.305424094200134E-001,-3.351509869098663E-001,
9.242666666666668E+008,-1.242982223629952E-002,7.032792270183563E-002,-9.407241940498352E-001,-3.094799816608429E-001,-1.242982223629952E-002,7.032792270183563E-002,-9.407241940498352E-001,-3.094799816608429E-001,
9.326333333333334E+008,-1.646356843411923E-002,7.294799387454987E-002,-9.444790482521057E-001,-2.749991714954376E-001,-1.646356843411923E-002,7.294799387454987E-002,-9.444790482521057E-001,-2.749991714954376E-001,
9.410000000000000E+008,-2.094154804944992E-002,7.955893874168396E-002,-9.500910043716431E-001,-2.464927881956101E-001,-2.094154804944992E-002,7.955893874168396E-002,-9.500910043716431E-001,-2.464927881956101E-001,
9.493666666666668E+008,-2.075152844190598E-002,8.710926026105881E-002,-9.554880857467651E-001,-2.369299829006195E-001,-2.075152844190598E-002,8.710926026105881E-002,-9.554880857467651E-001,-2.369299829006195E-001,
9.577333333333334E+008,-1.502919197082520E-002,9.474433958530426E-002,-9.794391393661499E-001,-1.945969611406326E-001,-1.502919197082520E-002,9.474433958530426E-002,-9.794391393661499E-001,-1.945969611406326E-001,
9.661000000000000E+008,-5.497904028743506E-003,1.014831140637398E-001,-9.647648334503174E-001,-1.803745478391647E-001,-5.497904028743506E-003,1.014831140637398E-001,-9.647648334503174E-001,-1.803745478391647E-001,
9.744666666666668E+008,4.759889561682940E-003,1.055446267127991E-001,-9.740620255470276E-001,-1.477013677358627E-001,4.759889561682940E-003,1.055446267127991E-001,-9.740620255470276E-001,-1.477013677358627E-001,
9.828333333333334E+008,1.885104738175869E-002,1.030958518385887E-001,-9.700452685356140E-001,-1.225431188941002E-001,1.885104738175869E-002,1.030958518385887E-001,-9.700452685356140E-001,-1.225431188941002E-001,
9.912000000000000E+008,2.864069677889347E-002,9.952897578477860E-002,-9.807081818580627E-001,-1.128014773130417E-001,2.864069677889347E-002,9.952897578477860E-002,-9.807081818580627E-001,-1.128014773130417E-001,
9.995666666666668E+008,3.326610103249550E-002,9.010208398103714E-002,-9.839599728584290E-001,-7.603425532579422E-002,3.326610103249550E-002,9.010208398103714E-002,-9.839599728584290E-001,-7.603425532579422E-002,
1.007933333333333E+009,3.341687843203545E-002,8.231924474239349E-002,-9.869041442871094E-001,-5.604954808950424E-002,3.341687843203545E-002,8.231924474239349E-002,-9.869041442871094E-001,-5.604954808950424E-002,
1.016300000000000E+009,2.790584973990917E-002,7.390544563531876E-002,-9.853808283805847E-001,-2.974324859678745E-002,2.790584973990917E-002,7.390544563531876E-002,-9.853808283805847E-001,-2.974324859678745E-002,
1.024666666666667E+009,2.012193948030472E-002,7.366783916950226E-002,-9.864813089370728E-001,-8.263465017080307E-003,2.012193948030472E-002,7.366783916950226E-002,-9.864813089370728E-001,-8.263465017080307E-003,
1.033033333333333E+009,1.374580338597298E-002,7.516290247440338E-002,-9.638772010803223E-001,3.055083006620407E-002,1.374580338597298E-002,7.516290247440338E-002,-9.638772010803223E-001,3.055083006620407E-002,
1.041400000000000E+009,1.076780818402767E-002,8.160150796175003E-002,-9.700879454612732E-001,5.172421783208847E-002,1.076780818402767E-002,8.160150796175003E-002,-9.700879454612732E-001,5.172421783208847E-002,
1.049766666666667E+009,1.099889632314444E-002,9.002500772476196E-002,-9.783063530921936E-001,7.332651317119598E-002,1.099889632314444E-002,9.002500772476196E-002,-9.783063530921936E-001,7.332651317119598E-002,
1.058133333333333E+009,2.032296359539032E-002,9.807083755731583E-002,-9.729220271110535E-001,9.867375344038010E-002,2.032296359539032E-002,9.807083755731583E-002,-9.729220271110535E-001,9.867375344038010E-002,
1.066500000000000E+009,3.383941948413849E-002,1.019558459520340E-001,-9.561105966567993E-001,1.255044639110565E-001,3.383941948413849E-002,1.019558459520340E-001,-9.561105966567993E-001,1.255044639110565E-001,
1.074866666666667E+009,4.662170633673668E-002,9.778037667274475E-002,-9.653960466384888E-001,1.546171605587006E-001,4.662170633673668E-002,9.778037667274475E-002,-9.653960466384888E-001,1.546171605587006E-001,
1.083233333333334E+009,5.948707088828087E-002,9.285613149404526E-002,-9.606848359107971E-001,1.704721003770828E-001,5.948707088828087E-002,9.285613149404526E-002,-9.606848359107971E-001,1.704721003770828E-001,
1.091600000000000E+009,6.403153389692307E-002,8.026622235774994E-002,-9.537415504455566E-001,2.047837525606155E-001,6.403153389692307E-002,8.026622235774994E-002,-9.537415504455566E-001,2.047837525606155E-001,
1.099966666666667E+009,6.578335911035538E-002,6.765478849411011E-002,-9.491368532180786E-001,2.209314703941345E-001,6.578335911035538E-002,6.765478849411011E-002,-9.491368532180786E-001,2.209314703941345E-001,
1.108333333333334E+009,5.783804506063461E-002,5.815476179122925E-002,-9.607197046279907E-001,2.436990439891815E-001,5.783804506063461E-002,5.815476179122925E-002,-9.607197046279907E-001,2.436990439891815E-001,
1.116700000000000E+009,4.689007252454758E-002,5.886401236057282E-002,-9.458984732627869E-001,2.763967812061310E-001,4.689007252454758E-002,5.886401236057282E-002,-9.458984732627869E-001,2.763967812061310E-001,
1.125066666666667E+009,3.569944202899933E-002,6.046819686889648E-002,-9.298977255821228E-001,2.977490425109863E-001,3.569944202899933E-002,6.046819686889648E-002,-9.298977255821228E-001,2.977490425109863E-001,
1.133433333333334E+009,2.654175274074078E-002,7.227718830108643E-002,-9.247264266014099E-001,3.162363171577454E-001,2.654175274074078E-002,7.227718830108643E-002,-9.247264266014099E-001,3.162363171577454E-001,
1.141800000000000E+009,2.885992266237736E-002,8.475528657436371E-002,-9.120729565620422E-001,3.413279950618744E-001,2.885992266237736E-002,8.475528657436371E-002,-9.120729565620422E-001,3.413279950618744E-001,
1.150166666666667E+009,3.639043867588043E-002,9.608430415391922E-002,-9.056371450424194E-001,3.712456524372101E-001,3.639043867588043E-002,9.608430415391922E-002,-9.056371450424194E-001,3.712456524372101E-001,
1.158533333333334E+009,5.542510375380516E-002,1.023865938186646E-001,-8.944503664970398E-001,3.933483362197876E-001,5.542510375380516E-002,1.023865938186646E-001,-8.944503664970398E-001,3.933483362197876E-001,
1.166900000000000E+009,7.565556466579437E-002,9.961789101362228E-002,-8.848480582237244E-001,4.190016984939575E-001,7.565556466579437E-002,9.961789101362228E-002,-8.848480582237244E-001,4.190016984939575E-001,
1.175266666666667E+009,9.130646288394928E-002,8.857542276382446E-002,-8.659749031066895E-001,4.312676787376404E-001,9.130646288394928E-002,8.857542276382446E-002,-8.659749031066895E-001,4.312676787376404E-001,
1.183633333333334E+009,1.039299145340920E-001,7.270560413599014E-002,-8.610836267471314E-001,4.582245349884033E-001,1.039299145340920E-001,7.270560413599014E-002,-8.610836267471314E-001,4.582245349884033E-001,
1.192000000000000E+009,1.051194220781326E-001,5.504686757922173E-002,-8.541939258575440E-001,4.840341210365295E-001,1.051194220781326E-001,5.504686757922173E-002,-8.541939258575440E-001,4.840341210365295E-001,
1.200366666666667E+009,9.554494172334671E-002,3.775359317660332E-002,-8.401336073875427E-001,5.021204948425293E-001,9.554494172334671E-002,3.775359317660332E-002,-8.401336073875427E-001,5.021204948425293E-001,
1.208733333333334E+009,7.887092977762222E-002,2.949500456452370E-002,-8.348398804664612E-001,5.312779545783997E-001,7.887092977762222E-002,2.949500456452370E-002,-8.348398804664612E-001,5.312779545783997E-001,
1.217100000000000E+009,6.139467656612396E-002,3.182554244995117E-002,-8.027703762054443E-001,5.444974303245544E-001,6.139467656612396E-002,3.182554244995117E-002,-8.027703762054443E-001,5.444974303245544E-001,
1.225466666666667E+009,5.125852301716805E-002,4.340734705328941E-002,-8.045010566711426E-001,5.700098276138306E-001,5.125852301716805E-002,4.340734705328941E-002,-8.045010566711426E-001,5.700098276138306E-001,
1.233833333333334E+009,5.075598508119583E-002,5.785727500915527E-002,-7.836499214172363E-001,5.903435945510864E-001,5.075598508119583E-002,5.785727500915527E-002,-7.836499214172363E-001,5.903435945510864E-001,
1.242200000000000E+009,5.772363021969795E-002,7.129336148500443E-002,-7.549623847007752E-001,6.062281727790833E-001,5.772363021969795E-002,7.129336148500443E-002,-7.549623847007752E-001,6.062281727790833E-001,
1.250566666666667E+009,7.391710579395294E-002,7.944426685571671E-002,-7.580826282501221E-001,6.340334415435791E-001,7.391710579395294E-002,7.944426685571671E-002,-7.580826282501221E-001,6.340334415435791E-001,
1.258933333333334E+009,9.503213316202164E-002,7.815711200237274E-002,-7.360436916351318E-001,6.431689858436585E-001,9.503213316202164E-002,7.815711200237274E-002,-7.360436916351318E-001,6.431689858436585E-001,
1.267300000000000E+009,1.126176714897156E-001,6.378547847270966E-002,-7.123591899871826E-001,6.600798368453980E-001,1.126176714897156E-001,6.378547847270966E-002,-7.123591899871826E-001,6.600798368453980E-001,
1.275666666666667E+009,1.234379261732101E-001,4.551581293344498E-002,-7.090997099876404E-001,6.648238301277161E-001,1.234379261732101E-001,4.551581293344498E-002,-7.090997099876404E-001,6.648238301277161E-001,
1.284033333333334E+009,1.242534369230270E-001,2.257048152387142E-002,-6.767374277114868E-001,7.149323821067810E-001,1.242534369230270E-001,2.257048152387142E-002,-6.767374277114868E-001,7.149323821067810E-001,
1.292400000000000E+009,1.120583936572075E-001,4.609105642884970E-003,-6.737129688262940E-001,7.141653895378113E-001,1.120583936572075E-001,4.609105642884970E-003,-6.737129688262940E-001,7.141653895378113E-001,
1.300766666666667E+009,9.422960877418518E-002,-2.870969241485000E-003,-6.555503606796265E-001,7.311592102050781E-001,9.422960877418518E-002,-2.870969241485000E-003,-6.555503606796265E-001,7.311592102050781E-001,
1.309133333333334E+009,7.542958855628967E-002,-1.849156979005784E-004,-6.393630504608154E-001,7.589895129203796E-001,7.542958855628967E-002,-1.849156979005784E-004,-6.393630504608154E-001,7.589895129203796E-001,
1.317500000000000E+009,6.213682889938355E-002,1.207407563924789E-002,-6.082665920257568E-001,7.832528352737427E-001,6.213682889938355E-002,1.207407563924789E-002,-6.082665920257568E-001,7.832528352737427E-001,
1.325866666666667E+009,5.870548635721207E-002,2.766813710331917E-002,-5.895251631736755E-001,7.826853394508362E-001,5.870548635721207E-002,2.766813710331917E-002,-5.895251631736755E-001,7.826853394508362E-001,
1.334233333333334E+009,6.683415919542313E-002,4.488886892795563E-002,-5.668751597404480E-001,7.946909666061401E-001,6.683415919542313E-002,4.488886892795563E-002,-5.668751597404480E-001,7.946909666061401E-001,
1.342600000000000E+009,8.442196249961853E-002,4.868278652429581E-002,-5.527251362800598E-001,8.122263550758362E-001,8.442196249961853E-002,4.868278652429581E-002,-5.527251362800598E-001,8.122263550758362E-001,
1.350966666666667E+009,1.024598553776741E-001,4.531461372971535E-002,-5.222463607788086E-001,8.307652473449707E-001,1.024598553776741E-001,4.531461372971535E-002,-5.222463607788086E-001,8.307652473449707E-001,
1.359333333333334E+009,1.182425394654274E-001,3.085724636912346E-002,-5.044487714767456E-001,8.363279104232788E-001,1.182425394654274E-001,3.085724636912346E-002,-5.044487714767456E-001,8.363279104232788E-001,
1.367700000000000E+009,1.240917667746544E-001,8.234354667365551E-003,-4.870512783527374E-001,8.465322256088257E-001,1.240917667746544E-001,8.234354667365551E-003,-4.870512783527374E-001,8.465322256088257E-001,
1.376066666666667E+009,1.175605356693268E-001,-1.544286869466305E-002,-4.615448117256165E-001,8.577174544334412E-001,1.175605356693268E-001,-1.544286869466305E-002,-4.615448117256165E-001,8.577174544334412E-001,
1.384433333333334E+009,1.018827185034752E-001,-2.907130680978298E-002,-4.532015919685364E-001,8.686634302139282E-001,1.018827185034752E-001,-2.907130680978298E-002,-4.532015919685364E-001,8.686634302139282E-001,
1.392800000000000E+009,7.867112010717392E-002,-3.241356462240219E-002,-4.291766583919525E-001,8.754838109016419E-001,7.867112010717392E-002,-3.241356462240219E-002,-4.291766583919525E-001,8.754838109016419E-001,
1.401166666666667E+009,6.228055804967880E-002,-2.403396368026733E-002,-3.966026306152344E-001,9.028905034065247E-001,6.228055804967880E-002,-2.403396368026733E-002,-3.966026306152344E-001,9.028905034065247E-001,
1.409533333333334E+009,5.097853764891625E-002,-4.281030967831612E-003,-3.730199933052063E-001,9.118555784225464E-001,5.097853764891625E-002,-4.281030967831612E-003,-3.730199933052063E-001,9.118555784225464E-001,
1.417900000000000E+009,5.140668526291847E-002,1.624750718474388E-002,-3.327389061450958E-001,9.051803946495056E-001,5.140668526291847E-002,1.624750718474388E-002,-3.327389061450958E-001,9.051803946495056E-001,
1.426266666666667E+009,6.369414180517197E-002,3.324377909302712E-002,-3.265085518360138E-001,9.336087703704834E-001,6.369414180517197E-002,3.324377909302712E-002,-3.265085518360138E-001,9.336087703704834E-001,
1.434633333333334E+009,8.311082422733307E-002,3.818039968609810E-002,-2.963314652442932E-001,9.254205822944641E-001,8.311082422733307E-002,3.818039968609810E-002,-2.963314652442932E-001,9.254205822944641E-001,
1.443000000000000E+009,1.055878847837448E-001,3.317858278751373E-002,-2.695251107215881E-001,9.365158677101135E-001,1.055878847837448E-001,3.317858278751373E-002,-2.695251107215881E-001,9.365158677101135E-001,
1.451366666666667E+009,1.201390624046326E-001,1.490011718124151E-002,-2.509440779685974E-001,9.406855106353760E-001,1.201390624046326E-001,1.490011718124151E-002,-2.509440779685974E-001,9.406855106353760E-001,
1.459733333333334E+009,1.252649873495102E-001,-8.061923086643219E-003,-2.368311733007431E-001,9.434795379638672E-001,1.252649873495102E-001,-8.061923086643219E-003,-2.368311733007431E-001,9.434795379638672E-001,
1.468100000000000E+009,1.182134598493576E-001,-3.035893663764000E-002,-2.013763189315796E-001,9.499548673629761E-001,1.182134598493576E-001,-3.035893663764000E-002,-2.013763189315796E-001,9.499548673629761E-001,
1.476466666666667E+009,1.011535376310349E-001,-4.499986022710800E-002,-1.823321431875229E-001,9.646637439727783E-001,1.011535376310349E-001,-4.499986022710800E-002,-1.823321431875229E-001,9.646637439727783E-001,
1.484833333333334E+009,7.913470268249512E-002,-4.809908941388130E-002,-1.497845202684403E-001,9.667625427246094E-001,7.913470268249512E-002,-4.809908941388130E-002,-1.497845202684403E-001,9.667625427246094E-001,
1.493200000000000E+009,6.303065270185471E-002,-3.869357705116272E-002,-1.327262073755264E-001,9.680933952331543E-001,6.303065270185471E-002,-3.869357705116272E-002,-1.327262073755264E-001,9.680933952331543E-001,
1.501566666666667E+009,5.413828045129776E-002,-2.020264975726605E-002,-1.020366996526718E-001,9.709603786468506E-001,5.413828045129776E-002,-2.020264975726605E-002,-1.020366996526718E-001,9.709603786468506E-001,
1.509933333333334E+009,5.565921217203140E-002,8.753663278184831E-004,-8.526021242141724E-002,9.759153127670288E-001,5.565921217203140E-002,8.753663278184831E-004,-8.526021242141724E-002,9.759153127670288E-001,
1.518300000000000E+009,7.141456753015518E-002,1.538880635052919E-002,-5.719805508852005E-002,9.818132519721985E-001,7.141456753015518E-002,1.538880635052919E-002,-5.719805508852005E-002,9.818132519721985E-001,
1.526666666666667E+009,9.148545563220978E-002,1.935298740863800E-002,-2.465392835438252E-002,9.729883670806885E-001,9.148545563220978E-002,1.935298740863800E-002,-2.465392835438252E-002,9.729883670806885E-001,
1.535033333333334E+009,1.117544174194336E-001,1.282499171793461E-002,-2.317599253728986E-003,9.818958640098572E-001,1.117544174194336E-001,1.282499171793461E-002,-2.317599253728986E-003,9.818958640098572E-001,
1.543400000000000E+009,1.240658536553383E-001,-5.770975258201361E-003,1.832502894103527E-002,9.734947681427002E-001,1.240658536553383E-001,-5.770975258201361E-003,1.832502894103527E-002,9.734947681427002E-001,
1.551766666666667E+009,1.242539137601852E-001,-3.028270788490772E-002,4.091047123074532E-002,9.673348665237427E-001,1.242539137601852E-001,-3.028270788490772E-002,4.091047123074532E-002,9.673348665237427E-001,
1.560133333333334E+009,1.158848255872726E-001,-5.158687755465508E-002,6.202094256877899E-002,9.727998375892639E-001,1.158848255872726E-001,-5.158687755465508E-002,6.202094256877899E-002,9.727998375892639E-001,
1.568500000000000E+009,9.991700202226639E-002,-6.477023661136627E-002,7.900879532098770E-002,9.755035638809204E-001,9.991700202226639E-002,-6.477023661136627E-002,7.900879532098770E-002,9.755035638809204E-001,
1.576866666666667E+009,7.902503013610840E-002,-6.595592200756073E-002,1.199851036071777E-001,9.656976461410523E-001,7.902503013610840E-002,-6.595592200756073E-002,1.199851036071777E-001,9.656976461410523E-001,
1.585233333333334E+009,6.561800092458725E-002,-5.759814754128456E-002,1.354779899120331E-001,9.657657146453857E-001,6.561800092458725E-002,-5.759814754128456E-002,1.354779899120331E-001,9.657657146453857E-001,
1.593600000000000E+009,5.836977809667587E-002,-4.290811344981194E-002,1.642379164695740E-001,9.604935646057129E-001,5.836977809667587E-002,-4.290811344981194E-002,1.642379164695740E-001,9.604935646057129E-001,
1.601966666666667E+009,6.166386604309082E-002,-2.534654363989830E-002,1.863464117050171E-001,9.581817984580994E-001,6.166386604309082E-002,-2.534654363989830E-002,1.863464117050171E-001,9.581817984580994E-001,
1.610333333333334E+009,7.422998547554016E-002,-1.454374194145203E-002,2.175876647233963E-001,9.492805004119873E-001,7.422998547554016E-002,-1.454374194145203E-002,2.175876647233963E-001,9.492805004119873E-001,
1.618700000000000E+009,9.251593053340912E-002,-1.307628303766251E-002,2.433657944202423E-001,9.443674683570862E-001,9.251593053340912E-002,-1.307628303766251E-002,2.433657944202423E-001,9.443674683570862E-001,
1.627066666666667E+009,1.070308014750481E-001,-2.192929387092590E-002,2.645673155784607E-001,9.348694086074829E-001,1.070308014750481E-001,-2.192929387092590E-002,2.645673155784607E-001,9.348694086074829E-001,
1.635433333333334E+009,1.144075691699982E-001,-3.641183301806450E-002,2.917937636375427E-001,9.335566759109497E-001,1.144075691699982E-001,-3.641183301806450E-002,2.917937636375427E-001,9.335566759109497E-001,
1.643800000000000E+009,1.133819520473480E-001,-5.665726587176323E-002,3.034563064575195E-001,9.221815466880798E-001,1.133819520473480E-001,-5.665726587176323E-002,3.034563064575195E-001,9.221815466880798E-001,
1.652166666666667E+009,1.023971065878868E-001,-7.354752719402313E-002,3.367834091186523E-001,9.122009277343750E-001,1.023971065878868E-001,-7.354752719402313E-002,3.367834091186523E-001,9.122009277343750E-001,
1.660533333333334E+009,8.636334538459778E-002,-8.200062066316605E-002,3.534685373306274E-001,9.077891707420349E-001,8.636334538459778E-002,-8.200062066316605E-002,3.534685373306274E-001,9.077891707420349E-001,
1.668900000000000E+009,6.975969672203064E-002,-8.062118291854858E-002,3.746573925018311E-001,8.952506780624390E-001,6.975969672203064E-002,-8.062118291854858E-002,3.746573925018311E-001,8.952506780624390E-001,
1.677266666666667E+009,5.679759010672569E-002,-7.280801236629486E-002,4.137504994869232E-001,8.859096169471741E-001,5.679759010672569E-002,-7.280801236629486E-002,4.137504994869232E-001,8.859096169471741E-001,
1.685633333333334E+009,5.419244989752770E-002,-5.844411998987198E-002,4.295856356620789E-001,8.786905407905579E-001,5.419244989752770E-002,-5.844411998987198E-002,4.295856356620789E-001,8.786905407905579E-001,
1.694000000000000E+009,5.862754210829735E-002,-4.646160826086998E-002,4.464336633682251E-001,8.652912974357605E-001,5.862754210829735E-002,-4.646160826086998E-002,4.464336633682251E-001,8.652912974357605E-001,
1.702366666666667E+009,7.067954540252686E-002,-3.690674155950546E-002,4.704665839672089E-001,8.559128046035767E-001,7.067954540252686E-002,-3.690674155950546E-002,4.704665839672089E-001,8.559128046035767E-001,
1.710733333333334E+009,8.710926771163940E-002,-3.577680513262749E-002,4.887517690658569E-001,8.366993069648743E-001,8.710926771163940E-002,-3.577680513262749E-002,4.887517690658569E-001,8.366993069648743E-001,
1.719100000000000E+009,1.009893864393234E-001,-4.568719863891602E-002,5.151412487030029E-001,8.205429911613464E-001,1.009893864393234E-001,-4.568719863891602E-002,5.151412487030029E-001,8.205429911613464E-001,
1.727466666666667E+009,1.089691743254662E-001,-6.088398396968842E-002,5.327107310295105E-001,8.121634125709534E-001,1.089691743254662E-001,-6.088398396968842E-002,5.327107310295105E-001,8.121634125709534E-001,
1.735833333333334E+009,1.076945737004280E-001,-7.888661324977875E-002,5.474767088890076E-001,7.963473796844482E-001,1.076945737004280E-001,-7.888661324977875E-002,5.474767088890076E-001,7.963473796844482E-001,
1.744200000000000E+009,9.757001698017120E-002,-9.737199544906616E-002,5.742846131324768E-001,7.736358642578125E-001,9.757001698017120E-002,-9.737199544906616E-002,5.742846131324768E-001,7.736358642578125E-001,
1.752566666666667E+009,8.283151686191559E-002,-1.089662536978722E-001,6.015660166740418E-001,7.668622136116028E-001,8.283151686191559E-002,-1.089662536978722E-001,6.015660166740418E-001,7.668622136116028E-001,
1.760933333333334E+009,6.551035493612289E-002,-1.138822212815285E-001,6.093991994857788E-001,7.538154721260071E-001,6.551035493612289E-002,-1.138822212815285E-001,6.093991994857788E-001,7.538154721260071E-001,
1.769300000000000E+009,4.967460781335831E-002,-1.107851713895798E-001,6.327506899833679E-001,7.452675104141235E-001,4.967460781335831E-002,-1.107851713895798E-001,6.327506899833679E-001,7.452675104141235E-001,
1.777666666666667E+009,4.029558598995209E-002,-1.000662520527840E-001,6.472997069358826E-001,7.352122068405151E-001,4.029558598995209E-002,-1.000662520527840E-001,6.472997069358826E-001,7.352122068405151E-001,
1.786033333333334E+009,3.852787613868713E-002,-9.035242348909378E-002,6.619040966033936E-001,7.046460509300232E-001,3.852787613868713E-002,-9.035242348909378E-002,6.619040966033936E-001,7.046460509300232E-001,
1.794400000000000E+009,4.447523131966591E-002,-7.862927019596100E-002,6.856326460838318E-001,6.890468001365662E-001,4.447523131966591E-002,-7.862927019596100E-002,6.856326460838318E-001,6.890468001365662E-001,
1.802766666666667E+009,5.165778100490570E-002,-7.405266910791397E-002,7.038944959640503E-001,6.699832081794739E-001,5.165778100490570E-002,-7.405266910791397E-002,7.038944959640503E-001,6.699832081794739E-001,
1.811133333333334E+009,6.132671609520912E-002,-7.357309758663178E-002,7.283390760421753E-001,6.504786014556885E-001,6.132671609520912E-002,-7.357309758663178E-002,7.283390760421753E-001,6.504786014556885E-001,
1.819500000000000E+009,6.967741250991821E-002,-7.917209714651108E-002,7.383196949958801E-001,6.236199140548706E-001,6.967741250991821E-002,-7.917209714651108E-002,7.383196949958801E-001,6.236199140548706E-001,
1.827866666666667E+009,7.344257086515427E-002,-8.901926875114441E-002,7.581072449684143E-001,6.117235422134399E-001,7.344257086515427E-002,-8.901926875114441E-002,7.581072449684143E-001,6.117235422134399E-001,
1.836233333333334E+009,6.851447373628616E-002,-1.004331335425377E-001,7.694710493087769E-001,5.938516259193420E-001,6.851447373628616E-002,-1.004331335425377E-001,7.694710493087769E-001,5.938516259193420E-001,
1.844600000000000E+009,5.916327610611916E-002,-1.095639318227768E-001,7.850396633148193E-001,5.860783457756043E-001,5.916327610611916E-002,-1.095639318227768E-001,7.850396633148193E-001,5.860783457756043E-001,
1.852966666666667E+009,4.858219251036644E-002,-1.144608333706856E-001,7.924727201461792E-001,5.520354509353638E-001,4.858219251036644E-002,-1.144608333706856E-001,7.924727201461792E-001,5.520354509353638E-001,
1.861333333333334E+009,3.707833588123322E-002,-1.170731484889984E-001,8.149393200874329E-001,5.326173901557922E-001,3.707833588123322E-002,-1.170731484889984E-001,8.149393200874329E-001,5.326173901557922E-001,
1.869700000000000E+009,2.904620952904224E-002,-1.110664382576942E-001,8.291693925857544E-001,5.138766169548035E-001,2.904620952904224E-002,-1.110664382576942E-001,8.291693925857544E-001,5.138766169548035E-001,
1.878066666666667E+009,2.486445568501949E-002,-1.060153171420097E-001,8.423963785171509E-001,4.981737732887268E-001,2.486445568501949E-002,-1.060153171420097E-001,8.423963785171509E-001,4.981737732887268E-001,
1.886433333333334E+009,2.625277079641819E-002,-9.859842807054520E-002,8.599058389663696E-001,4.716059863567352E-001,2.625277079641819E-002,-9.859842807054520E-002,8.599058389663696E-001,4.716059863567352E-001,
1.894800000000000E+009,3.397982940077782E-002,-9.432052820920944E-002,8.707926273345947E-001,4.516677856445313E-001,3.397982940077782E-002,-9.432052820920944E-002,8.707926273345947E-001,4.516677856445313E-001,
1.903166666666667E+009,4.200941696763039E-002,-9.203721582889557E-002,8.816117644309998E-001,4.204541742801666E-001,4.200941696763039E-002,-9.203721582889557E-002,8.816117644309998E-001,4.204541742801666E-001,
1.911533333333334E+009,4.968281090259552E-002,-9.783130139112473E-002,8.882744312286377E-001,3.927204906940460E-001,4.968281090259552E-002,-9.783130139112473E-002,8.882744312286377E-001,3.927204906940460E-001,
1.919900000000000E+009,5.420801043510437E-002,-1.066013649106026E-001,9.025905132293701E-001,3.776962459087372E-001,5.420801043510437E-002,-1.066013649106026E-001,9.025905132293701E-001,3.776962459087372E-001,
1.928266666666667E+009,5.457751825451851E-002,-1.171733513474464E-001,8.974069356918335E-001,3.404820263385773E-001,5.457751825451851E-002,-1.171733513474464E-001,8.974069356918335E-001,3.404820263385773E-001,
1.936633333333334E+009,4.615155234932900E-002,-1.289637088775635E-001,9.160264134407044E-001,3.292596936225891E-001,4.615155234932900E-002,-1.289637088775635E-001,9.160264134407044E-001,3.292596936225891E-001,
1.945000000000000E+009,3.345507755875588E-002,-1.367470324039459E-001,9.247122406959534E-001,3.041090965270996E-001,3.345507755875588E-002,-1.367470324039459E-001,9.247122406959534E-001,3.041090965270996E-001,
1.953366666666667E+009,1.933461427688599E-002,-1.417112797498703E-001,9.253261089324951E-001,2.837567329406738E-001,1.933461427688599E-002,-1.417112797498703E-001,9.253261089324951E-001,2.837567329406738E-001,
1.961733333333334E+009,2.962050726637244E-003,-1.374950110912323E-001,9.395224452018738E-001,2.615426182746887E-001,2.962050726637244E-003,-1.374950110912323E-001,9.395224452018738E-001,2.615426182746887E-001,
1.970100000000000E+009,-8.687308989465237E-003,-1.307044774293900E-001,9.395416378974915E-001,2.387406677007675E-001,-8.687308989465237E-003,-1.307044774293900E-001,9.395416378974915E-001,2.387406677007675E-001,
1.978466666666667E+009,-1.283837854862213E-002,-1.188384816050530E-001,9.497448801994324E-001,2.090170532464981E-001,-1.283837854862213E-002,-1.188384816050530E-001,9.497448801994324E-001,2.090170532464981E-001,
1.986833333333334E+009,-9.682097472250462E-003,-1.089417487382889E-001,9.531978964805603E-001,1.902631670236588E-001,-9.682097472250462E-003,-1.089417487382889E-001,9.531978964805603E-001,1.902631670236588E-001,
1.995200000000000E+009,1.452680444344878E-003,-1.031650900840759E-001,9.562782049179077E-001,1.722429394721985E-001,1.452680444344878E-003,-1.031650900840759E-001,9.562782049179077E-001,1.722429394721985E-001,
2.003566666666667E+009,1.445612125098705E-002,-1.031431034207344E-001,9.617648720741272E-001,1.367371231317520E-001,1.445612125098705E-002,-1.031431034207344E-001,9.617648720741272E-001,1.367371231317520E-001,
2.011933333333334E+009,2.528872340917587E-002,-1.122401878237724E-001,9.702379107475281E-001,1.079629883170128E-001,2.528872340917587E-002,-1.122401878237724E-001,9.702379107475281E-001,1.079629883170128E-001,
2.020300000000000E+009,3.116604313254356E-002,-1.234011575579643E-001,9.702377915382385E-001,7.607082277536392E-002,3.116604313254356E-002,-1.234011575579643E-001,9.702377915382385E-001,7.607082277536392E-002,
2.028666666666667E+009,2.744019962847233E-002,-1.384754031896591E-001,9.708387851715088E-001,6.037317961454392E-002,2.744019962847233E-002,-1.384754031896591E-001,9.708387851715088E-001,6.037317961454392E-002,
2.037033333333334E+009,1.451308187097311E-002,-1.532719433307648E-001,9.724736213684082E-001,3.332348540425301E-002,1.451308187097311E-002,-1.532719433307648E-001,9.724736213684082E-001,3.332348540425301E-002,
2.045400000000000E+009,-4.098883830010891E-003,-1.600959151983261E-001,9.672814011573792E-001,1.478202268481255E-002,-4.098883830010891E-003,-1.600959151983261E-001,9.672814011573792E-001,1.478202268481255E-002,
2.053766666666667E+009,-2.547545917332172E-002,-1.582276225090027E-001,9.678599834442139E-001,-1.066499948501587E-002,-2.547545917332172E-002,-1.582276225090027E-001,9.678599834442139E-001,-1.066499948501587E-002,
2.062133333333334E+009,-4.149282723665237E-002,-1.506152600049973E-001,9.715832471847534E-001,-3.613277152180672E-002,-4.149282723665237E-002,-1.506152600049973E-001,9.715832471847534E-001,-3.613277152180672E-002,
2.070500000000000E+009,-5.003696680068970E-002,-1.342459321022034E-001,9.712265133857727E-001,-6.198237836360931E-002,-5.003696680068970E-002,-1.342459321022034E-001,9.712265133857727E-001,-6.198237836360931E-002,
2.078866666666667E+009,-4.854955151677132E-002,-1.194471493363380E-001,9.674918651580811E-001,-8.341534435749054E-002,-4.854955151677132E-002,-1.194471493363380E-001,9.674918651580811E-001,-8.341534435749054E-002,
2.087233333333334E+009,-3.806362301111221E-002,-1.119223609566689E-001,9.674355983734131E-001,-1.174801364541054E-001,-3.806362301111221E-002,-1.119223609566689E-001,9.674355983734131E-001,-1.174801364541054E-001,
2.095600000000000E+009,-2.289953827857971E-002,-1.097600385546684E-001,9.703699946403503E-001,-1.388009637594223E-001,-2.289953827857971E-002,-1.097600385546684E-001,9.703699946403503E-001,-1.388009637594223E-001,
2.103966666666667E+009,-9.267759509384632E-003,-1.205710396170616E-001,9.667009115219116E-001,-1.675374507904053E-001,-9.267759509384632E-003,-1.205710396170616E-001,9.667009115219116E-001,-1.675374507904053E-001,
2.112333333333334E+009,-2.343846019357443E-003,-1.368008404970169E-001,9.537547230720520E-001,-1.885178685188294E-001,-2.343846019357443E-003,-1.368008404970169E-001,9.537547230720520E-001,-1.885178685188294E-001,
2.120700000000000E+009,-5.925262346863747E-003,-1.590750217437744E-001,9.472714662551880E-001,-2.203971892595291E-001,-5.925262346863747E-003,-1.590750217437744E-001,9.472714662551880E-001,-2.203971892595291E-001,
2.129066666666667E+009,-2.260441891849041E-002,-1.731710433959961E-001,9.488791227340698E-001,-2.479911595582962E-001,-2.260441891849041E-002,-1.731710433959961E-001,9.488791227340698E-001,-2.479911595582962E-001,
2.137433333333334E+009,-4.783418402075768E-002,-1.801724731922150E-001,9.293441176414490E-001,-2.649395465850830E-001,-4.783418402075768E-002,-1.801724731922150E-001,9.293441176414490E-001,-2.649395465850830E-001,
2.145800000000000E+009,-7.709804922342300E-002,-1.752625405788422E-001,9.253603816032410E-001,-2.867259681224823E-001,-7.709804922342300E-002,-1.752625405788422E-001,9.253603816032410E-001,-2.867259681224823E-001,
2.154166666666667E+009,-9.867414832115173E-002,-1.593948006629944E-001,9.166822433471680E-001,-3.029024004936218E-001,-9.867414832115173E-002,-1.593948006629944E-001,9.166822433471680E-001,-3.029024004936218E-001,
2.162533333333334E+009,-1.103629320859909E-001,-1.352208256721497E-001,8.977245092391968E-001,-3.252227306365967E-001,-1.103629320859909E-001,-1.352208256721497E-001,8.977245092391968E-001,-3.252227306365967E-001,
2.170900000000000E+009,-1.084224432706833E-001,-1.129311695694923E-001,9.054197072982788E-001,-3.535228371620178E-001,-1.084224432706833E-001,-1.129311695694923E-001,9.054197072982788E-001,-3.535228371620178E-001,
2.179266666666667E+009,-9.496732056140900E-002,-9.882403910160065E-002,8.946194648742676E-001,-3.695983588695526E-001,-9.496732056140900E-002,-9.882403910160065E-002,8.946194648742676E-001,-3.695983588695526E-001,
2.187633333333334E+009,-7.623732089996338E-002,-9.563373029232025E-002,8.908752202987671E-001,-4.030899703502655E-001,-7.623732089996338E-002,-9.563373029232025E-002,8.908752202987671E-001,-4.030899703502655E-001,
2.196000000000000E+009,-5.689318478107452E-002,-1.068003475666046E-001,8.713458180427551E-001,-4.252621829509735E-001,-5.689318478107452E-002,-1.068003475666046E-001,8.713458180427551E-001,-4.252621829509735E-001,
2.204366666666667E+009,-4.699644818902016E-002,-1.287534236907959E-001,8.622509837150574E-001,-4.491114020347595E-001,-4.699644818902016E-002,-1.287534236907959E-001,8.622509837150574E-001,-4.491114020347595E-001,
2.212733333333334E+009,-5.075627192854881E-002,-1.529073566198349E-001,8.451306819915772E-001,-4.815551936626434E-001,-5.075627192854881E-002,-1.529073566198349E-001,8.451306819915772E-001,-4.815551936626434E-001,
2.221100000000000E+009,-6.920279562473297E-002,-1.694319695234299E-001,8.228005766868591E-001,-4.919244647026062E-001,-6.920279562473297E-002,-1.694319695234299E-001,8.228005766868591E-001,-4.919244647026062E-001,
2.229466666666667E+009,-9.500642120838165E-002,-1.763902157545090E-001,8.133600950241089E-001,-5.032610297203064E-001,-9.500642120838165E-002,-1.763902157545090E-001,8.133600950241089E-001,-5.032610297203064E-001,
2.237833333333334E+009,-1.260433793067932E-001,-1.659084260463715E-001,8.025416135787964E-001,-5.278798937797546E-001,-1.260433793067932E-001,-1.659084260463715E-001,8.025416135787964E-001,-5.278798937797546E-001,
2.246200000000000E+009,-1.505184620618820E-001,-1.448796391487122E-001,7.880485057830811E-001,-5.457043051719666E-001,-1.505184620618820E-001,-1.448796391487122E-001,7.880485057830811E-001,-5.457043051719666E-001,
2.254566666666667E+009,-1.598710715770721E-001,-1.149317547678947E-001,7.788605690002441E-001,-5.614300370216370E-001,-1.598710715770721E-001,-1.149317547678947E-001,7.788605690002441E-001,-5.614300370216370E-001,
2.262933333333334E+009,-1.578105688095093E-001,-8.913121372461319E-002,7.659885287284851E-001,-5.824924111366272E-001,-1.578105688095093E-001,-8.913121372461319E-002,7.659885287284851E-001,-5.824924111366272E-001,
2.271300000000000E+009,-1.431605815887451E-001,-6.999446451663971E-002,7.494981884956360E-001,-6.008412241935730E-001,-1.431605815887451E-001,-6.999446451663971E-002,7.494981884956360E-001,-6.008412241935730E-001,
2.279666666666667E+009,-1.211514472961426E-001,-6.808990985155106E-002,7.385986447334290E-001,-6.226367354393005E-001,-1.211514472961426E-001,-6.808990985155106E-002,7.385986447334290E-001,-6.226367354393005E-001,
2.288033333333334E+009,-1.038449108600617E-001,-8.039863407611847E-002,7.218647003173828E-001,-6.535370945930481E-001,-1.038449108600617E-001,-8.039863407611847E-002,7.218647003173828E-001,-6.535370945930481E-001,
2.296400000000000E+009,-9.583420306444168E-002,-1.033539324998856E-001,6.982385516166687E-001,-6.731407642364502E-001,-9.583420306444168E-002,-1.033539324998856E-001,6.982385516166687E-001,-6.731407642364502E-001,
2.304766666666667E+009,-1.040396839380264E-001,-1.274026483297348E-001,6.818326115608215E-001,-6.798908710479736E-001,-1.040396839380264E-001,-1.274026483297348E-001,6.818326115608215E-001,-6.798908710479736E-001,
2.313133333333334E+009,-1.264633387327194E-001,-1.408009529113770E-001,6.545342206954956E-001,-7.095769047737122E-001,-1.264633387327194E-001,-1.408009529113770E-001,6.545342206954956E-001,-7.095769047737122E-001,
2.321500000000000E+009,-1.514276266098023E-001,-1.400904059410095E-001,6.384938955307007E-001,-7.150624394416809E-001,-1.514276266098023E-001,-1.400904059410095E-001,6.384938955307007E-001,-7.150624394416809E-001,
2.329866666666667E+009,-1.766777336597443E-001,-1.237171888351440E-001,6.267140507698059E-001,-7.300217747688294E-001,-1.766777336597443E-001,-1.237171888351440E-001,6.267140507698059E-001,-7.300217747688294E-001,
2.338233333333334E+009,-1.936675161123276E-001,-9.698303043842316E-002,6.003152728080750E-001,-7.431986331939697E-001,-1.936675161123276E-001,-9.698303043842316E-002,6.003152728080750E-001,-7.431986331939697E-001,
2.346600000000000E+009,-1.953316032886505E-001,-6.294991075992584E-002,5.825234651565552E-001,-7.591511607170105E-001,-1.953316032886505E-001,-6.294991075992584E-002,5.825234651565552E-001,-7.591511607170105E-001,
2.354966666666667E+009,-1.811257004737854E-001,-3.809277340769768E-002,5.761041045188904E-001,-7.706245779991150E-001,-1.811257004737854E-001,-3.809277340769768E-002,5.761041045188904E-001,-7.706245779991150E-001,
2.363333333333334E+009,-1.590686887502670E-001,-2.744937129318714E-002,5.608031153678894E-001,-7.880296111106873E-001,-1.590686887502670E-001,-2.744937129318714E-002,5.608031153678894E-001,-7.880296111106873E-001,
2.371700000000000E+009,-1.325500458478928E-001,-3.260623663663864E-002,5.404645204544067E-001,-8.103230595588684E-001,-1.325500458478928E-001,-3.260623663663864E-002,5.404645204544067E-001,-8.103230595588684E-001,
2.380066666666667E+009,-1.182504147291184E-001,-5.683130770921707E-002,5.084149837493897E-001,-8.258104920387268E-001,-1.182504147291184E-001,-5.683130770921707E-002,5.084149837493897E-001,-8.258104920387268E-001,
2.388433333333334E+009,-1.211020797491074E-001,-8.686602115631104E-002,4.851069450378418E-001,-8.328602910041809E-001,-1.211020797491074E-001,-8.686602115631104E-002,4.851069450378418E-001,-8.328602910041809E-001,
2.396800000000000E+009,-1.416608542203903E-001,-1.146817579865456E-001,4.489737749099731E-001,-8.509251475334168E-001,-1.416608542203903E-001,-1.146817579865456E-001,4.489737749099731E-001,-8.509251475334168E-001,
2.405166666666667E+009,-1.751921921968460E-001,-1.297529041767120E-001,4.283553957939148E-001,-8.598349094390869E-001,-1.751921921968460E-001,-1.297529041767120E-001,4.283553957939148E-001,-8.598349094390869E-001,
2.413533333333334E+009,-2.138548642396927E-001,-1.208233460783958E-001,4.024265408515930E-001,-8.610561490058899E-001,-2.138548642396927E-001,-1.208233460783958E-001,4.024265408515930E-001,-8.610561490058899E-001,
2.421900000000000E+009,-2.474698126316071E-001,-9.442593157291412E-002,3.890224099159241E-001,-8.682311177253723E-001,-2.474698126316071E-001,-9.442593157291412E-002,3.890224099159241E-001,-8.682311177253723E-001,
2.430266666666667E+009,-2.629472315311432E-001,-5.528797209262848E-002,3.711515963077545E-001,-8.755860924720764E-001,-2.629472315311432E-001,-5.528797209262848E-002,3.711515963077545E-001,-8.755860924720764E-001,
2.438633333333334E+009,-2.631134390830994E-001,-8.861546404659748E-003,3.540557622909546E-001,-8.817310333251953E-001,-2.631134390830994E-001,-8.861546404659748E-003,3.540557622909546E-001,-8.817310333251953E-001,
2.447000000000000E+009,-2.420142441987991E-001,3.078137338161469E-002,3.345189094543457E-001,-8.948613405227661E-001,-2.420142441987991E-001,3.078137338161469E-002,3.345189094543457E-001,-8.948613405227661E-001,
2.455366666666667E+009,-2.085370421409607E-001,5.192936584353447E-002,3.171667158603668E-001,-9.023101925849915E-001,-2.085370421409607E-001,5.192936584353447E-002,3.171667158603668E-001,-9.023101925849915E-001,
2.463733333333334E+009,-1.747466623783112E-001,5.385200306773186E-002,2.959363460540772E-001,-9.202513694763184E-001,-1.747466623783112E-001,5.385200306773186E-002,2.959363460540772E-001,-9.202513694763184E-001,
2.472100000000000E+009,-1.504626870155335E-001,3.466938063502312E-002,2.684365808963776E-001,-9.317511916160584E-001,-1.504626870155335E-001,3.466938063502312E-002,2.684365808963776E-001,-9.317511916160584E-001,
2.480466666666667E+009,-1.433592289686203E-001,3.961426205933094E-003,2.338702529668808E-001,-9.352238774299622E-001,-1.433592289686203E-001,3.961426205933094E-003,2.338702529668808E-001,-9.352238774299622E-001,
2.488833333333334E+009,-1.563712507486343E-001,-2.594484016299248E-002,2.093220502138138E-001,-9.419520497322083E-001,-1.563712507486343E-001,-2.594484016299248E-002,2.093220502138138E-001,-9.419520497322083E-001,
2.497200000000000E+009,-1.824609190225601E-001,-4.196692630648613E-002,1.775250285863876E-001,-9.475235342979431E-001,-1.824609190225601E-001,-4.196692630648613E-002,1.775250285863876E-001,-9.475235342979431E-001,
2.505566666666667E+009,-2.184152603149414E-001,-3.916099667549133E-002,1.480498164892197E-001,-9.497401118278503E-001,-2.184152603149414E-001,-3.916099667549133E-002,1.480498164892197E-001,-9.497401118278503E-001,
2.513933333333334E+009,-2.443289905786514E-001,-1.598135940730572E-002,1.288768798112869E-001,-9.438428282737732E-001,-2.443289905786514E-001,-1.598135940730572E-002,1.288768798112869E-001,-9.438428282737732E-001,
2.522300000000000E+009,-2.566744089126587E-001,1.710742712020874E-002,1.033631190657616E-001,-9.434083104133606E-001,-2.566744089126587E-001,1.710742712020874E-002,1.033631190657616E-001,-9.434083104133606E-001,
2.530666666666667E+009,-2.487639486789703E-001,5.645420402288437E-002,8.234142512083054E-002,-9.492546916007996E-001,-2.487639486789703E-001,5.645420402288437E-002,8.234142512083054E-002,-9.492546916007996E-001,
2.539033333333334E+009,-2.259993404150009E-001,8.846062421798706E-002,6.773164868354797E-002,-9.489665627479553E-001,-2.259993404150009E-001,8.846062421798706E-002,6.773164868354797E-002,-9.489665627479553E-001,
2.547400000000000E+009,-1.930440664291382E-001,1.060726791620255E-001,5.027028545737267E-002,-9.605972766876221E-001,-1.930440664291382E-001,1.060726791620255E-001,5.027028545737267E-002,-9.605972766876221E-001,
2.555766666666667E+009,-1.585384458303452E-001,1.044829934835434E-001,2.204760722815990E-002,-9.672588706016541E-001,-1.585384458303452E-001,1.044829934835434E-001,2.204760722815990E-002,-9.672588706016541E-001,
2.564133333333334E+009,-1.386442482471466E-001,8.340364694595337E-002,-5.312099587172270E-003,-9.652930498123169E-001,-1.386442482471466E-001,8.340364694595337E-002,-5.312099587172270E-003,-9.652930498123169E-001,
2.572500000000000E+009,-1.373406648635864E-001,5.481881648302078E-002,-3.460452705621719E-002,-9.660215377807617E-001,-1.373406648635864E-001,5.481881648302078E-002,-3.460452705621719E-002,-9.660215377807617E-001,
2.580866666666667E+009,-1.545612812042236E-001,2.864795923233032E-002,-6.575884670019150E-002,-9.667283892631531E-001,-1.545612812042236E-001,2.864795923233032E-002,-6.575884670019150E-002,-9.667283892631531E-001,
2.589233333333334E+009,-1.872102469205856E-001,1.671688072383404E-002,-9.937468171119690E-002,-9.561163187026978E-001,-1.872102469205856E-001,1.671688072383404E-002,-9.937468171119690E-002,-9.561163187026978E-001,
2.597600000000000E+009,-2.214439511299133E-001,2.264032512903214E-002,-1.282038539648056E-001,-9.484770298004150E-001,-2.214439511299133E-001,2.264032512903214E-002,-1.282038539648056E-001,-9.484770298004150E-001,
2.605966666666667E+009,-2.480242550373077E-001,4.813096672296524E-002,-1.410460025072098E-001,-9.458625912666321E-001,-2.480242550373077E-001,4.813096672296524E-002,-1.410460025072098E-001,-9.458625912666321E-001,
2.614333333333334E+009,-2.574475109577179E-001,8.206711709499359E-002,-1.612455546855927E-001,-9.320876598358154E-001,-2.574475109577179E-001,8.206711709499359E-002,-1.612455546855927E-001,-9.320876598358154E-001,
2.622700000000000E+009,-2.459667921066284E-001,1.226181983947754E-001,-1.787542998790741E-001,-9.241720438003540E-001,-2.459667921066284E-001,1.226181983947754E-001,-1.787542998790741E-001,-9.241720438003540E-001,
2.631066666666667E+009,-2.190040349960327E-001,1.546780019998550E-001,-1.997190117835999E-001,-9.329839348793030E-001,-2.190040349960327E-001,1.546780019998550E-001,-1.997190117835999E-001,-9.329839348793030E-001,
2.639433333333334E+009,-1.808665990829468E-001,1.696420162916184E-001,-2.176420837640762E-001,-9.236261844635010E-001,-1.808665990829468E-001,1.696420162916184E-001,-2.176420837640762E-001,-9.236261844635010E-001,
2.647800000000000E+009,-1.432460546493530E-001,1.671570837497711E-001,-2.415662705898285E-001,-9.246528148651123E-001,-1.432460546493530E-001,1.671570837497711E-001,-2.415662705898285E-001,-9.246528148651123E-001,
2.656166666666667E+009,-1.198006793856621E-001,1.482478380203247E-001,-2.659738361835480E-001,-9.287355542182922E-001,-1.198006793856621E-001,1.482478380203247E-001,-2.659738361835480E-001,-9.287355542182922E-001,
2.664533333333334E+009,-1.148680374026299E-001,1.220163851976395E-001,-3.014680147171021E-001,-9.122585654258728E-001,-1.148680374026299E-001,1.220163851976395E-001,-3.014680147171021E-001,-9.122585654258728E-001,
2.672900000000000E+009,-1.298982053995132E-001,9.812109917402268E-002,-3.252777457237244E-001,-9.073058962821960E-001,-1.298982053995132E-001,9.812109917402268E-002,-3.252777457237244E-001,-9.073058962821960E-001,
2.681266666666667E+009,-1.584570705890656E-001,8.859740197658539E-002,-3.545603156089783E-001,-8.919137716293335E-001,-1.584570705890656E-001,8.859740197658539E-002,-3.545603156089783E-001,-8.919137716293335E-001,
2.689633333333334E+009,-1.914128363132477E-001,9.642132371664047E-002,-3.772791028022766E-001,-8.798584342002869E-001,-1.914128363132477E-001,9.642132371664047E-002,-3.772791028022766E-001,-8.798584342002869E-001,
2.698000000000000E+009,-2.143152058124542E-001,1.205189824104309E-001,-3.898967802524567E-001,-8.622062206268311E-001,-2.143152058124542E-001,1.205189824104309E-001,-3.898967802524567E-001,-8.622062206268311E-001,
2.706366666666667E+009,-2.199686020612717E-001,1.554023474454880E-001,-4.124740958213806E-001,-8.454480171203613E-001,-2.199686020612717E-001,1.554023474454880E-001,-4.124740958213806E-001,-8.454480171203613E-001,
2.714733333333334E+009,-2.082008421421051E-001,1.892119050025940E-001,-4.244029819965363E-001,-8.422631025314331E-001,-2.082008421421051E-001,1.892119050025940E-001,-4.244029819965363E-001,-8.422631025314331E-001,
2.723100000000000E+009,-1.768071949481964E-001,2.168472260236740E-001,-4.403716623783112E-001,-8.296071887016296E-001,-1.768071949481964E-001,2.168472260236740E-001,-4.403716623783112E-001,-8.296071887016296E-001,
2.731466666666667E+009,-1.351250410079956E-001,2.290524095296860E-001,-4.616699516773224E-001,-8.262765407562256E-001,-1.351250410079956E-001,2.290524095296860E-001,-4.616699516773224E-001,-8.262765407562256E-001,
2.739833333333334E+009,-9.576829522848129E-002,2.217749655246735E-001,-4.807374477386475E-001,-8.172219395637512E-001,-9.576829522848129E-002,2.217749655246735E-001,-4.807374477386475E-001,-8.172219395637512E-001,
2.748200000000000E+009,-6.866646558046341E-002,2.011732310056686E-001,-5.049006342887878E-001,-8.105045557022095E-001,-6.866646558046341E-002,2.011732310056686E-001,-5.049006342887878E-001,-8.105045557022095E-001,
2.756566666666667E+009,-6.010356917977333E-002,1.730235368013382E-001,-5.321987867355347E-001,-8.018717169761658E-001,-6.010356917977333E-002,1.730235368013382E-001,-5.321987867355347E-001,-8.018717169761658E-001,
2.764933333333334E+009,-7.130324095487595E-002,1.481562256813049E-001,-5.664907097816467E-001,-7.909256219863892E-001,-7.130324095487595E-002,1.481562256813049E-001,-5.664907097816467E-001,-7.909256219863892E-001,
2.773300000000000E+009,-9.751769900321960E-002,1.337939798831940E-001,-5.830091238021851E-001,-7.675248980522156E-001,-9.751769900321960E-002,1.337939798831940E-001,-5.830091238021851E-001,-7.675248980522156E-001,
2.781666666666667E+009,-1.302586048841476E-001,1.424586772918701E-001,-6.019725799560547E-001,-7.451744079589844E-001,-1.302586048841476E-001,1.424586772918701E-001,-6.019725799560547E-001,-7.451744079589844E-001,
2.790033333333334E+009,-1.542070955038071E-001,1.639945358037949E-001,-6.201071143150330E-001,-7.274561524391174E-001,-1.542070955038071E-001,1.639945358037949E-001,-6.201071143150330E-001,-7.274561524391174E-001,
2.798400000000000E+009,-1.633336693048477E-001,1.967366933822632E-001,-6.339299678802490E-001,-7.114858627319336E-001,-1.633336693048477E-001,1.967366933822632E-001,-6.339299678802490E-001,-7.114858627319336E-001,
2.806766666666667E+009,-1.496250033378601E-001,2.297401726245880E-001,-6.433962583541870E-001,-6.867093443870544E-001,-1.496250033378601E-001,2.297401726245880E-001,-6.433962583541870E-001,-6.867093443870544E-001,
2.815133333333334E+009,-1.213924661278725E-001,2.517914772033691E-001,-6.557941436767578E-001,-6.753116250038147E-001,-1.213924661278725E-001,2.517914772033691E-001,-6.557941436767578E-001,-6.753116250038147E-001,
2.823500000000000E+009,-8.099721372127533E-002,2.609747052192688E-001,-6.724650859832764E-001,-6.648405194282532E-001,-8.099721372127533E-002,2.609747052192688E-001,-6.724650859832764E-001,-6.648405194282532E-001,
2.831866666666667E+009,-4.209833592176437E-002,2.495857179164887E-001,-6.849198341369629E-001,-6.537785530090332E-001,-4.209833592176437E-002,2.495857179164887E-001,-6.849198341369629E-001,-6.537785530090332E-001,
2.840233333333334E+009,-1.250222325325012E-002,2.258991301059723E-001,-7.099592685699463E-001,-6.426479220390320E-001,-1.250222325325012E-002,2.258991301059723E-001,-7.099592685699463E-001,-6.426479220390320E-001,
2.848600000000000E+009,-4.630173498298973E-004,1.955031305551529E-001,-7.272870540618897E-001,-6.217238903045654E-001,-4.630173498298973E-004,1.955031305551529E-001,-7.272870540618897E-001,-6.217238903045654E-001,
2.856966666666667E+009,-9.381266310811043E-003,1.699564009904862E-001,-7.504230141639710E-001,-6.045132875442505E-001,-9.381266310811043E-003,1.699564009904862E-001,-7.504230141639710E-001,-6.045132875442505E-001,
2.865333333333334E+009,-3.556133806705475E-002,1.569456905126572E-001,-7.712855339050293E-001,-5.855311751365662E-001,-3.556133806705475E-002,1.569456905126572E-001,-7.712855339050293E-001,-5.855311751365662E-001,
2.873700000000000E+009,-6.811264902353287E-002,1.631097346544266E-001,-7.883378267288208E-001,-5.521613359451294E-001,-6.811264902353287E-002,1.631097346544266E-001,-7.883378267288208E-001,-5.521613359451294E-001,
2.882066666666667E+009,-9.255660325288773E-002,1.867220550775528E-001,-7.950635552406311E-001,-5.227127671241760E-001,-9.255660325288773E-002,1.867220550775528E-001,-7.950635552406311E-001,-5.227127671241760E-001,
2.890433333333334E+009,-1.016543656587601E-001,2.225238382816315E-001,-8.045201301574707E-001,-5.016217827796936E-001,-1.016543656587601E-001,2.225238382816315E-001,-8.045201301574707E-001,-5.016217827796936E-001,
2.898800000000000E+009,-9.048814326524735E-002,2.574136555194855E-001,-8.082054257392883E-001,-4.855973422527313E-001,-9.048814326524735E-002,2.574136555194855E-001,-8.082054257392883E-001,-4.855973422527313E-001,
2.907166666666667E+009,-6.119227036833763E-002,2.797698676586151E-001,-8.098267912864685E-001,-4.717293679714203E-001,-6.119227036833763E-002,2.797698676586151E-001,-8.098267912864685E-001,-4.717293679714203E-001,
2.915533333333334E+009,-1.879635639488697E-002,2.872977256774902E-001,-8.225452303886414E-001,-4.489540159702301E-001,-1.879635639488697E-002,2.872977256774902E-001,-8.225452303886414E-001,-4.489540159702301E-001,
2.923900000000000E+009,2.111987210810185E-002,2.736019194126129E-001,-8.333846926689148E-001,-4.396289288997650E-001,2.111987210810185E-002,2.736019194126129E-001,-8.333846926689148E-001,-4.396289288997650E-001,
2.932266666666667E+009,5.221096053719521E-002,2.459375858306885E-001,-8.467273712158203E-001,-4.260388314723969E-001,5.221096053719521E-002,2.459375858306885E-001,-8.467273712158203E-001,-4.260388314723969E-001,
2.940633333333334E+009,6.554854661226273E-002,2.088371068239212E-001,-8.633381128311157E-001,-4.035937190055847E-001,6.554854661226273E-002,2.088371068239212E-001,-8.633381128311157E-001,-4.035937190055847E-001,
2.949000000000000E+009,5.869596451520920E-002,1.739148199558258E-001,-8.853357434272766E-001,-3.727761507034302E-001,5.869596451520920E-002,1.739148199558258E-001,-8.853357434272766E-001,-3.727761507034302E-001,
2.957366666666667E+009,3.470336273312569E-002,1.561996489763260E-001,-8.997907042503357E-001,-3.535363674163818E-001,3.470336273312569E-002,1.561996489763260E-001,-8.997907042503357E-001,-3.535363674163818E-001,
2.965733333333334E+009,7.850326946936548E-004,1.601026356220245E-001,-9.126561880111694E-001,-3.228420615196228E-001,7.850326946936548E-004,1.601026356220245E-001,-9.126561880111694E-001,-3.228420615196228E-001,
2.974100000000000E+009,-2.332656271755695E-002,1.844887882471085E-001,-9.181519150733948E-001,-2.856339216232300E-001,-2.332656271755695E-002,1.844887882471085E-001,-9.181519150733948E-001,-2.856339216232300E-001,
2.982466666666667E+009,-3.293127566576004E-002,2.209007740020752E-001,-9.204998612403870E-001,-2.575911581516266E-001,-3.293127566576004E-002,2.209007740020752E-001,-9.204998612403870E-001,-2.575911581516266E-001,
2.990833333333334E+009,-2.281896583735943E-002,2.576253116130829E-001,-9.133231043815613E-001,-2.411824613809586E-001,-2.281896583735943E-002,2.576253116130829E-001,-9.133231043815613E-001,-2.411824613809586E-001,
2.999200000000000E+009,6.731022149324417E-003,2.834190726280212E-001,-9.141796827316284E-001,-2.196177095174789E-001,6.731022149324417E-003,2.834190726280212E-001,-9.141796827316284E-001,-2.196177095174789E-001,
3.007566666666667E+009,4.735653474926949E-002,2.901391685009003E-001,-9.159970283508301E-001,-2.015257179737091E-001,4.735653474926949E-002,2.901391685009003E-001,-9.159970283508301E-001,-2.015257179737091E-001,
3.015933333333334E+009,8.958432078361511E-002,2.728615701198578E-001,-9.175485372543335E-001,-1.894303560256958E-001,8.958432078361511E-002,2.728615701198578E-001,-9.175485372543335E-001,-1.894303560256958E-001,
3.024300000000000E+009,1.198781877756119E-001,2.405536025762558E-001,-9.269754290580750E-001,-1.738378405570984E-001,1.198781877756119E-001,2.405536025762558E-001,-9.269754290580750E-001,-1.738378405570984E-001,
3.032666666666667E+009,1.323698908090591E-001,1.962924003601074E-001,-9.385268688201904E-001,-1.516924947500229E-001,1.323698908090591E-001,1.962924003601074E-001,-9.385268688201904E-001,-1.516924947500229E-001,
3.041033333333334E+009,1.215174645185471E-001,1.564184725284576E-001,-9.502125978469849E-001,-1.282469332218170E-001,1.215174645185471E-001,1.564184725284576E-001,-9.502125978469849E-001,-1.282469332218170E-001,
3.049400000000000E+009,9.272608906030655E-002,1.340985894203186E-001,-9.585462808609009E-001,-9.143110364675522E-002,9.272608906030655E-002,1.340985894203186E-001,-9.585462808609009E-001,-9.143110364675522E-002,
3.057766666666667E+009,5.821176245808601E-002,1.358597576618195E-001,-9.676789045333862E-001,-7.137170433998108E-002,5.821176245808601E-002,1.358597576618195E-001,-9.676789045333862E-001,-7.137170433998108E-002,
3.066133333333334E+009,2.881554141640663E-002,1.610864996910095E-001,-9.601130485534668E-001,-2.744074910879135E-002,2.881554141640663E-002,1.610864996910095E-001,-9.601130485534668E-001,-2.744074910879135E-002,
3.074500000000000E+009,2.043451927602291E-002,2.019878178834915E-001,-9.583619236946106E-001,4.868778400123119E-003,2.043451927602291E-002,2.019878178834915E-001,-9.583619236946106E-001,4.868778400123119E-003,
3.082866666666667E+009,3.509555011987686E-002,2.421505302190781E-001,-9.477390050888062E-001,2.501455508172512E-002,3.509555011987686E-002,2.421505302190781E-001,-9.477390050888062E-001,2.501455508172512E-002,
3.091233333333334E+009,7.120395451784134E-002,2.724910676479340E-001,-9.378005862236023E-001,4.939624667167664E-002,7.120395451784134E-002,2.724910676479340E-001,-9.378005862236023E-001,4.939624667167664E-002,
3.099600000000000E+009,1.169635802507401E-001,2.780300676822662E-001,-9.297510385513306E-001,5.741548538208008E-002,1.169635802507401E-001,2.780300676822662E-001,-9.297510385513306E-001,5.741548538208008E-002,
3.107966666666667E+009,1.641231477260590E-001,2.570476233959198E-001,-9.310955405235291E-001,6.839050352573395E-002,1.641231477260590E-001,2.570476233959198E-001,-9.310955405235291E-001,6.839050352573395E-002,
3.116333333333334E+009,1.976457536220551E-001,2.162398993968964E-001,-9.321231245994568E-001,8.963210135698319E-002,1.976457536220551E-001,2.162398993968964E-001,-9.321231245994568E-001,8.963210135698319E-002,
3.124700000000000E+009,2.061929404735565E-001,1.635864228010178E-001,-9.407094120979309E-001,1.021548286080360E-001,2.061929404735565E-001,1.635864228010178E-001,-9.407094120979309E-001,1.021548286080360E-001,
3.133066666666667E+009,1.917008906602860E-001,1.147699132561684E-001,-9.493385553359985E-001,1.330338865518570E-001,1.917008906602860E-001,1.147699132561684E-001,-9.493385553359985E-001,1.330338865518570E-001,
3.141433333333334E+009,1.571112126111984E-001,8.142442256212235E-002,-9.523355364799500E-001,1.613350361585617E-001,1.571112126111984E-001,8.142442256212235E-002,-9.523355364799500E-001,1.613350361585617E-001,
3.149800000000000E+009,1.114156395196915E-001,7.786589860916138E-002,-9.531197547912598E-001,2.004380375146866E-001,1.114156395196915E-001,7.786589860916138E-002,-9.531197547912598E-001,2.004380375146866E-001,
3.158166666666667E+009,7.405578345060349E-002,1.032065376639366E-001,-9.400433301925659E-001,2.349966466426849E-001,7.405578345060349E-002,1.032065376639366E-001,-9.400433301925659E-001,2.349966466426849E-001,
3.166533333333334E+009,5.930519104003906E-002,1.476029157638550E-001,-9.296495914459229E-001,2.643416225910187E-001,5.930519104003906E-002,1.476029157638550E-001,-9.296495914459229E-001,2.643416225910187E-001,
3.174900000000000E+009,7.010693848133087E-002,1.948455125093460E-001,-9.110623002052307E-001,2.891830205917358E-001,7.010693848133087E-002,1.948455125093460E-001,-9.110623002052307E-001,2.891830205917358E-001,
3.183266666666667E+009,1.064393743872643E-001,2.297843545675278E-001,-8.923040032386780E-001,3.075740635395050E-001,1.064393743872643E-001,2.297843545675278E-001,-8.923040032386780E-001,3.075740635395050E-001,
3.191633333333334E+009,1.546776890754700E-001,2.386024594306946E-001,-8.756681680679321E-001,3.198957145214081E-001,1.546776890754700E-001,2.386024594306946E-001,-8.756681680679321E-001,3.198957145214081E-001,
3.200000000000000E+009,2.010232359170914E-001,2.183912694454193E-001,-8.710178136825562E-001,3.295420706272125E-001,2.010232359170914E-001,2.183912694454193E-001,-8.710178136825562E-001,3.295420706272125E-001,
