% Version 1.00
%
%freq[Hz],re:Trc1_S11,im:Trc1_S11,re:Trc2_S21,im:Trc2_S21,re:Trc3_S11,im:Trc3_S11,re:Trc4_S21,im:Trc4_S21,
6.900000000000000E+008,-4.656187817454338E-002,8.533926680684090E-003,-4.762657880783081E-001,-8.394076228141785E-001,-4.656187817454338E-002,8.533926680684090E-003,-4.762657880783081E-001,-8.394076228141785E-001,
6.983666666666666E+008,-3.813821449875832E-002,1.097876019775868E-002,-4.949346780776978E-001,-8.236224055290222E-001,-3.813821449875832E-002,1.097876019775868E-002,-4.949346780776978E-001,-8.236224055290222E-001,
7.067333333333334E+008,-3.309267759323120E-002,7.608460262417793E-003,-5.236063003540039E-001,-7.979488372802734E-001,-3.309267759323120E-002,7.608460262417793E-003,-5.236063003540039E-001,-7.979488372802734E-001,
7.151000000000000E+008,-3.396626189351082E-002,4.431930137798190E-004,-5.326502919197083E-001,-7.897083163261414E-001,-3.396626189351082E-002,4.431930137798190E-004,-5.326502919197083E-001,-7.897083163261414E-001,
7.234666666666666E+008,-3.450653329491615E-002,-4.679079633206129E-003,-5.710241794586182E-001,-7.799621224403381E-001,-3.450653329491615E-002,-4.679079633206129E-003,-5.710241794586182E-001,-7.799621224403381E-001,
7.318333333333334E+008,-4.218570515513420E-002,-7.981254719197750E-003,-5.784378051757813E-001,-7.745565176010132E-001,-4.218570515513420E-002,-7.981254719197750E-003,-5.784378051757813E-001,-7.745565176010132E-001,
7.402000000000000E+008,-5.011523142457008E-002,-6.416378077119589E-003,-6.071342229843140E-001,-7.509609460830689E-001,-5.011523142457008E-002,-6.416378077119589E-003,-6.071342229843140E-001,-7.509609460830689E-001,
7.485666666666666E+008,-5.508679896593094E-002,-1.076228450983763E-003,-6.272880434989929E-001,-7.151365280151367E-001,-5.508679896593094E-002,-1.076228450983763E-003,-6.272880434989929E-001,-7.151365280151367E-001,
7.569333333333334E+008,-5.673274770379067E-002,8.055253885686398E-003,-6.452473998069763E-001,-7.170528769493103E-001,-5.673274770379067E-002,8.055253885686398E-003,-6.452473998069763E-001,-7.170528769493103E-001,
7.653000000000000E+008,-5.395747721195221E-002,1.646122522652149E-002,-6.505317091941834E-001,-7.117263078689575E-001,-5.395747721195221E-002,1.646122522652149E-002,-6.505317091941834E-001,-7.117263078689575E-001,
7.736666666666666E+008,-4.694718122482300E-002,2.486222982406616E-002,-6.762672066688538E-001,-7.056446075439453E-001,-4.694718122482300E-002,2.486222982406616E-002,-6.762672066688538E-001,-7.056446075439453E-001,
7.820333333333334E+008,-4.130613058805466E-002,2.927541546523571E-002,-6.984055042266846E-001,-6.818104386329651E-001,-4.130613058805466E-002,2.927541546523571E-002,-6.984055042266846E-001,-6.818104386329651E-001,
7.904000000000000E+008,-3.229731693863869E-002,2.805260941386223E-002,-7.134846448898315E-001,-6.605165004730225E-001,-3.229731693863869E-002,2.805260941386223E-002,-7.134846448898315E-001,-6.605165004730225E-001,
7.987666666666666E+008,-2.625224180519581E-002,2.405854314565659E-002,-7.262193560600281E-001,-6.412266492843628E-001,-2.625224180519581E-002,2.405854314565659E-002,-7.262193560600281E-001,-6.412266492843628E-001,
8.071333333333334E+008,-2.655168250203133E-002,1.999829709529877E-002,-7.379016876220703E-001,-6.263890862464905E-001,-2.655168250203133E-002,1.999829709529877E-002,-7.379016876220703E-001,-6.263890862464905E-001,
8.155000000000000E+008,-3.099534101784229E-002,1.357563398778439E-002,-7.516422867774963E-001,-5.842501521110535E-001,-3.099534101784229E-002,1.357563398778439E-002,-7.516422867774963E-001,-5.842501521110535E-001,
8.238666666666666E+008,-3.626185655593872E-002,1.059668883681297E-002,-7.823098301887512E-001,-5.890365242958069E-001,-3.626185655593872E-002,1.059668883681297E-002,-7.823098301887512E-001,-5.890365242958069E-001,
8.322333333333334E+008,-4.486513882875443E-002,1.262582652270794E-002,-7.923483252525330E-001,-5.597330927848816E-001,-4.486513882875443E-002,1.262582652270794E-002,-7.923483252525330E-001,-5.597330927848816E-001,
8.406000000000000E+008,-5.004377663135529E-002,1.573539525270462E-002,-8.035570383071899E-001,-5.472608804702759E-001,-5.004377663135529E-002,1.573539525270462E-002,-8.035570383071899E-001,-5.472608804702759E-001,
8.489666666666668E+008,-5.137804523110390E-002,2.327733114361763E-002,-8.256551027297974E-001,-5.217562317848206E-001,-5.137804523110390E-002,2.327733114361763E-002,-8.256551027297974E-001,-5.217562317848206E-001,
8.573333333333334E+008,-4.877539724111557E-002,3.084396198391914E-002,-8.325772285461426E-001,-5.055657029151917E-001,-4.877539724111557E-002,3.084396198391914E-002,-8.325772285461426E-001,-5.055657029151917E-001,
8.657000000000000E+008,-4.291400685906410E-002,3.968308493494988E-002,-8.466944098472595E-001,-4.765243530273438E-001,-4.291400685906410E-002,3.968308493494988E-002,-8.466944098472595E-001,-4.765243530273438E-001,
8.740666666666668E+008,-3.539508208632469E-002,4.509096965193749E-002,-8.419936895370483E-001,-4.591288268566132E-001,-3.539508208632469E-002,4.509096965193749E-002,-8.419936895370483E-001,-4.591288268566132E-001,
8.824333333333334E+008,-2.689125575125217E-002,4.447450861334801E-002,-8.740728497505188E-001,-4.292628467082977E-001,-2.689125575125217E-002,4.447450861334801E-002,-8.740728497505188E-001,-4.292628467082977E-001,
8.908000000000000E+008,-2.000737376511097E-002,4.491072893142700E-002,-8.852213621139526E-001,-4.255637228488922E-001,-2.000737376511097E-002,4.491072893142700E-002,-8.852213621139526E-001,-4.255637228488922E-001,
8.991666666666668E+008,-1.738657802343369E-002,3.847285360097885E-002,-8.967273831367493E-001,-3.955320417881012E-001,-1.738657802343369E-002,3.847285360097885E-002,-8.967273831367493E-001,-3.955320417881012E-001,
9.075333333333334E+008,-1.767054572701454E-002,3.465582802891731E-002,-8.903245925903320E-001,-3.717212975025177E-001,-1.767054572701454E-002,3.465582802891731E-002,-8.903245925903320E-001,-3.717212975025177E-001,
9.159000000000000E+008,-2.112633548676968E-002,3.027324564754963E-002,-9.055886864662170E-001,-3.619546592235565E-001,-2.112633548676968E-002,3.027324564754963E-002,-9.055886864662170E-001,-3.619546592235565E-001,
9.242666666666668E+008,-2.653168886899948E-002,2.609353885054588E-002,-9.157630801200867E-001,-3.365626335144043E-001,-2.653168886899948E-002,2.609353885054588E-002,-9.157630801200867E-001,-3.365626335144043E-001,
9.326333333333334E+008,-3.150707483291626E-002,2.829814143478870E-002,-9.217820167541504E-001,-3.027239441871643E-001,-3.150707483291626E-002,2.829814143478870E-002,-9.217820167541504E-001,-3.027239441871643E-001,
9.410000000000000E+008,-3.728169575333595E-002,3.441280126571655E-002,-9.269593954086304E-001,-2.763846516609192E-001,-3.728169575333595E-002,3.441280126571655E-002,-9.269593954086304E-001,-2.763846516609192E-001,
9.493666666666668E+008,-3.907727077603340E-002,4.155597090721130E-002,-9.333391785621643E-001,-2.668747901916504E-001,-3.907727077603340E-002,4.155597090721130E-002,-9.333391785621643E-001,-2.668747901916504E-001,
9.577333333333334E+008,-3.448825329542160E-002,5.007018521428108E-002,-9.584895968437195E-001,-2.265646904706955E-001,-3.448825329542160E-002,5.007018521428108E-002,-9.584895968437195E-001,-2.265646904706955E-001,
9.661000000000000E+008,-2.731584385037422E-002,5.737946927547455E-002,-9.440889954566956E-001,-2.104166448116303E-001,-2.731584385037422E-002,5.737946927547455E-002,-9.440889954566956E-001,-2.104166448116303E-001,
9.744666666666668E+008,-1.884541474282742E-002,6.240336224436760E-002,-9.545252323150635E-001,-1.803624033927918E-001,-1.884541474282742E-002,6.240336224436760E-002,-9.545252323150635E-001,-1.803624033927918E-001,
9.828333333333334E+008,-5.598964169621468E-003,6.133743003010750E-002,-9.537293910980225E-001,-1.557806432247162E-001,-5.598964169621468E-003,6.133743003010750E-002,-9.537293910980225E-001,-1.557806432247162E-001,
9.912000000000000E+008,3.627558937296271E-003,5.874624103307724E-002,-9.634173512458801E-001,-1.470245122909546E-001,3.627558937296271E-003,5.874624103307724E-002,-9.634173512458801E-001,-1.470245122909546E-001,
9.995666666666668E+008,8.059828542172909E-003,5.075257644057274E-002,-9.685406088829041E-001,-1.103231906890869E-001,8.059828542172909E-003,5.075257644057274E-002,-9.685406088829041E-001,-1.103231906890869E-001,
1.007933333333333E+009,7.873033173382282E-003,4.309590160846710E-002,-9.747295975685120E-001,-9.289191663265228E-002,7.873033173382282E-003,4.309590160846710E-002,-9.747295975685120E-001,-9.289191663265228E-002,
1.016300000000000E+009,1.239889767020941E-003,3.499507531523705E-002,-9.748066663742065E-001,-6.610864400863648E-002,1.239889767020941E-003,3.499507531523705E-002,-9.748066663742065E-001,-6.610864400863648E-002,
1.024666666666667E+009,-6.902911234647036E-003,3.425915166735649E-002,-9.774208068847656E-001,-4.577979445457459E-002,-6.902911234647036E-003,3.425915166735649E-002,-9.774208068847656E-001,-4.577979445457459E-002,
1.033033333333333E+009,-1.479051727801561E-002,3.522366285324097E-002,-9.556941986083984E-001,-5.683981813490391E-003,-1.479051727801561E-002,3.522366285324097E-002,-9.556941986083984E-001,-5.683981813490391E-003,
1.041400000000000E+009,-1.956654898822308E-002,4.149112477898598E-002,-9.641652107238770E-001,1.372321601957083E-002,-1.956654898822308E-002,4.149112477898598E-002,-9.641652107238770E-001,1.372321601957083E-002,
1.049766666666667E+009,-2.085508778691292E-002,4.986449703574181E-002,-9.721425175666809E-001,3.603336587548256E-002,-2.085508778691292E-002,4.986449703574181E-002,-9.721425175666809E-001,3.603336587548256E-002,
1.058133333333333E+009,-1.339705847203732E-002,5.958969146013260E-002,-9.686194062232971E-001,5.948561057448387E-002,-1.339705847203732E-002,5.958969146013260E-002,-9.686194062232971E-001,5.948561057448387E-002,
1.066500000000000E+009,-1.259906799532473E-003,6.455969065427780E-002,-9.528670907020569E-001,8.650957792997360E-002,-1.259906799532473E-003,6.455969065427780E-002,-9.528670907020569E-001,8.650957792997360E-002,
1.074866666666667E+009,1.066989265382290E-002,6.251215189695358E-002,-9.645388126373291E-001,1.157920062541962E-001,1.066989265382290E-002,6.251215189695358E-002,-9.645388126373291E-001,1.157920062541962E-001,
1.083233333333334E+009,2.339704334735870E-002,5.921291559934616E-002,-9.604243636131287E-001,1.324295252561569E-001,2.339704334735870E-002,5.921291559934616E-002,-9.604243636131287E-001,1.324295252561569E-001,
1.091600000000000E+009,2.809036336839199E-002,4.794635251164436E-002,-9.548735022544861E-001,1.666507422924042E-001,2.809036336839199E-002,4.794635251164436E-002,-9.548735022544861E-001,1.666507422924042E-001,
1.099966666666667E+009,2.992740459740162E-002,3.639547899365425E-002,-9.521896839141846E-001,1.840603202581406E-001,2.992740459740162E-002,3.639547899365425E-002,-9.521896839141846E-001,1.840603202581406E-001,
1.108333333333334E+009,2.204107306897640E-002,2.652655541896820E-002,-9.633198976516724E-001,2.059099972248077E-001,2.204107306897640E-002,2.652655541896820E-002,-9.633198976516724E-001,2.059099972248077E-001,
1.116700000000000E+009,9.479468688368797E-003,2.727448940277100E-002,-9.488893747329712E-001,2.378997951745987E-001,9.479468688368797E-003,2.727448940277100E-002,-9.488893747329712E-001,2.378997951745987E-001,
1.125066666666667E+009,-2.900337334722281E-003,2.842675149440765E-002,-9.349802732467651E-001,2.599982321262360E-001,-2.900337334722281E-003,2.842675149440765E-002,-9.349802732467651E-001,2.599982321262360E-001,
1.133433333333334E+009,-1.408871822059155E-002,4.044721648097038E-002,-9.305549263954163E-001,2.769677042961121E-001,-1.408871822059155E-002,4.044721648097038E-002,-9.305549263954163E-001,2.769677042961121E-001,
1.141800000000000E+009,-1.408620644360781E-002,5.387864261865616E-002,-9.193037748336792E-001,3.037635087966919E-001,-1.408620644360781E-002,5.387864261865616E-002,-9.193037748336792E-001,3.037635087966919E-001,
1.150166666666667E+009,-7.930530235171318E-003,6.643278896808624E-002,-9.154798984527588E-001,3.302900791168213E-001,-7.930530235171318E-003,6.643278896808624E-002,-9.154798984527588E-001,3.302900791168213E-001,
1.158533333333334E+009,8.947843685746193E-003,7.427152246236801E-002,-9.052240252494812E-001,3.544822633266449E-001,8.947843685746193E-003,7.427152246236801E-002,-9.052240252494812E-001,3.544822633266449E-001,
1.166900000000000E+009,2.813094668090344E-002,7.447234541177750E-002,-8.976105451583862E-001,3.800615370273590E-001,2.813094668090344E-002,7.447234541177750E-002,-8.976105451583862E-001,3.800615370273590E-001,
1.175266666666667E+009,4.428601264953613E-002,6.546158343553543E-002,-8.793745636940002E-001,3.933418691158295E-001,4.428601264953613E-002,6.546158343553543E-002,-8.793745636940002E-001,3.933418691158295E-001,
1.183633333333334E+009,5.764079093933106E-002,5.164105072617531E-002,-8.765026330947876E-001,4.193220734596252E-001,5.764079093933106E-002,5.164105072617531E-002,-8.765026330947876E-001,4.193220734596252E-001,
1.192000000000000E+009,5.983589962124825E-002,3.460916504263878E-002,-8.701094985008240E-001,4.475388526916504E-001,5.983589962124825E-002,3.460916504263878E-002,-8.701094985008240E-001,4.475388526916504E-001,
1.200366666666667E+009,5.114322155714035E-002,1.763283088803291E-002,-8.565877676010132E-001,4.669424593448639E-001,5.114322155714035E-002,1.763283088803291E-002,-8.565877676010132E-001,4.669424593448639E-001,
1.208733333333334E+009,3.401631116867065E-002,9.738013148307800E-003,-8.509707450866699E-001,4.966349303722382E-001,3.401631116867065E-002,9.738013148307800E-003,-8.509707450866699E-001,4.966349303722382E-001,
1.217100000000000E+009,1.590442098677158E-002,1.184055395424366E-002,-8.200324773788452E-001,5.086765885353088E-001,1.590442098677158E-002,1.184055395424366E-002,-8.200324773788452E-001,5.086765885353088E-001,
1.225466666666667E+009,3.329198341816664E-003,2.335521206259728E-002,-8.239109516143799E-001,5.351606011390686E-001,3.329198341816664E-003,2.335521206259728E-002,-8.239109516143799E-001,5.351606011390686E-001,
1.233833333333334E+009,1.017109607346356E-003,3.886973112821579E-002,-8.034073710441589E-001,5.551678538322449E-001,1.017109607346356E-003,3.886973112821579E-002,-8.034073710441589E-001,5.551678538322449E-001,
1.242200000000000E+009,6.090276874601841E-003,5.376773327589035E-002,-7.764152288436890E-001,5.709187984466553E-001,6.090276874601841E-003,5.376773327589035E-002,-7.764152288436890E-001,5.709187984466553E-001,
1.250566666666667E+009,2.049567736685276E-002,6.420119851827622E-002,-7.806273102760315E-001,5.993955731391907E-001,2.049567736685276E-002,6.420119851827622E-002,-7.806273102760315E-001,5.993955731391907E-001,
1.258933333333334E+009,4.093300923705101E-002,6.538773328065872E-002,-7.607728838920593E-001,6.096954941749573E-001,4.093300923705101E-002,6.538773328065872E-002,-7.607728838920593E-001,6.096954941749573E-001,
1.267300000000000E+009,5.906119942665100E-002,5.388484895229340E-002,-7.375730872154236E-001,6.278498172760010E-001,5.906119942665100E-002,5.388484895229340E-002,-7.375730872154236E-001,6.278498172760010E-001,
1.275666666666667E+009,7.061991840600967E-002,3.753180429339409E-002,-7.353267669677734E-001,6.331863999366760E-001,7.061991840600967E-002,3.753180429339409E-002,-7.353267669677734E-001,6.331863999366760E-001,
1.284033333333334E+009,7.322902977466583E-002,1.562765240669251E-002,-7.046915888786316E-001,6.847532987594605E-001,7.322902977466583E-002,1.562765240669251E-002,-7.046915888786316E-001,6.847532987594605E-001,
1.292400000000000E+009,6.214198842644692E-002,-2.107206033542752E-003,-7.008336186408997E-001,6.847571134567261E-001,6.214198842644692E-002,-2.107206033542752E-003,-7.008336186408997E-001,6.847571134567261E-001,
1.300766666666667E+009,4.469012841582298E-002,-9.758753702044487E-003,-6.833062767982483E-001,7.025749087333679E-001,4.469012841582298E-002,-9.758753702044487E-003,-6.833062767982483E-001,7.025749087333679E-001,
1.309133333333334E+009,2.528944239020348E-002,-6.992992945015431E-003,-6.671191453933716E-001,7.304412126541138E-001,2.528944239020348E-002,-6.992992945015431E-003,-6.671191453933716E-001,7.304412126541138E-001,
1.317500000000000E+009,1.042720768600702E-002,5.679924506694078E-003,-6.372843980789185E-001,7.566703557968140E-001,1.042720768600702E-002,5.679924506694078E-003,-6.372843980789185E-001,7.566703557968140E-001,
1.325866666666667E+009,4.983003716915846E-003,2.257742919027805E-002,-6.211037635803223E-001,7.546142935752869E-001,4.983003716915846E-003,2.257742919027805E-002,-6.211037635803223E-001,7.546142935752869E-001,
1.334233333333334E+009,1.102318707853556E-002,4.145820811390877E-002,-5.985417962074280E-001,7.674698233604431E-001,1.102318707853556E-002,4.145820811390877E-002,-5.985417962074280E-001,7.674698233604431E-001,
1.342600000000000E+009,2.736463584005833E-002,4.807379469275475E-002,-5.863544940948486E-001,7.857244014739990E-001,2.736463584005833E-002,4.807379469275475E-002,-5.863544940948486E-001,7.857244014739990E-001,
1.350966666666667E+009,4.506907239556313E-002,4.701436683535576E-002,-5.571950674057007E-001,8.052501678466797E-001,4.506907239556313E-002,4.701436683535576E-002,-5.571950674057007E-001,8.052501678466797E-001,
1.359333333333334E+009,6.112062931060791E-002,3.539830073714256E-002,-5.407232046127319E-001,8.142352104187012E-001,6.112062931060791E-002,3.539830073714256E-002,-5.407232046127319E-001,8.142352104187012E-001,
1.367700000000000E+009,6.899733096361160E-002,1.442786864936352E-002,-5.239408016204834E-001,8.250088095664978E-001,6.899733096361160E-002,1.442786864936352E-002,-5.239408016204834E-001,8.250088095664978E-001,
1.376066666666667E+009,6.429227441549301E-002,-8.607041090726852E-003,-4.982235431671143E-001,8.381428718566895E-001,6.429227441549301E-002,-8.607041090726852E-003,-4.982235431671143E-001,8.381428718566895E-001,
1.384433333333334E+009,4.997986182570458E-002,-2.190484665334225E-002,-4.892467260360718E-001,8.483067154884338E-001,4.997986182570458E-002,-2.190484665334225E-002,-4.892467260360718E-001,8.483067154884338E-001,
1.392800000000000E+009,2.759317122399807E-002,-2.547570317983627E-002,-4.642717540264130E-001,8.579220175743103E-001,2.759317122399807E-002,-2.547570317983627E-002,-4.642717540264130E-001,8.579220175743103E-001,
1.401166666666667E+009,1.034947019070387E-002,-1.699274219572544E-002,-4.334777593612671E-001,8.838585019111633E-001,1.034947019070387E-002,-1.699274219572544E-002,-4.334777593612671E-001,8.838585019111633E-001,
1.409533333333334E+009,-1.725518843159080E-003,3.008539555594325E-003,-4.104093909263611E-001,8.945485949516296E-001,-1.725518843159080E-003,3.008539555594325E-003,-4.104093909263611E-001,8.945485949516296E-001,
1.417900000000000E+009,-3.723995992913842E-003,2.516352199018002E-002,-3.706443309783936E-001,8.877533674240112E-001,-3.723995992913842E-003,2.516352199018002E-002,-3.706443309783936E-001,8.877533674240112E-001,
1.426266666666667E+009,6.700185127556324E-003,4.479139670729637E-002,-3.659570515155792E-001,9.165124893188477E-001,6.700185127556324E-003,4.479139670729637E-002,-3.659570515155792E-001,9.165124893188477E-001,
1.434633333333334E+009,2.508402429521084E-002,5.297067388892174E-002,-3.379410803318024E-001,9.103208780288696E-001,2.508402429521084E-002,5.297067388892174E-002,-3.379410803318024E-001,9.103208780288696E-001,
1.443000000000000E+009,4.760923981666565E-002,5.100460723042488E-002,-3.125849068164825E-001,9.235493540763855E-001,4.760923981666565E-002,5.100460723042488E-002,-3.125849068164825E-001,9.235493540763855E-001,
1.451366666666667E+009,6.345798820257187E-002,3.513826429843903E-002,-2.950986325740814E-001,9.294738173484802E-001,6.345798820257187E-002,3.513826429843903E-002,-2.950986325740814E-001,9.294738173484802E-001,
1.459733333333334E+009,7.023401558399200E-002,1.453868299722672E-002,-2.805430293083191E-001,9.339643120765686E-001,7.023401558399200E-002,1.453868299722672E-002,-2.805430293083191E-001,9.339643120765686E-001,
1.468100000000000E+009,6.514156609773636E-002,-7.062180433422327E-003,-2.437472194433212E-001,9.424192309379578E-001,6.514156609773636E-002,-7.062180433422327E-003,-2.437472194433212E-001,9.424192309379578E-001,
1.476466666666667E+009,4.996959865093231E-002,-2.172126434743404E-002,-2.247558981180191E-001,9.581422209739685E-001,4.996959865093231E-002,-2.172126434743404E-002,-2.247558981180191E-001,9.581422209739685E-001,
1.484833333333334E+009,2.872764877974987E-002,-2.553845010697842E-002,-1.904747784137726E-001,9.615811109542847E-001,2.872764877974987E-002,-2.553845010697842E-002,-1.904747784137726E-001,9.615811109542847E-001,
1.493200000000000E+009,1.255245134234428E-002,-1.606904342770577E-002,-1.726617217063904E-001,9.636288285255432E-001,1.255245134234428E-002,-1.606904342770577E-002,-1.726617217063904E-001,9.636288285255432E-001,
1.501566666666667E+009,2.415327588096261E-003,3.156314371153712E-003,-1.445852220058441E-001,9.658686518669128E-001,2.415327588096261E-003,3.156314371153712E-003,-1.445852220058441E-001,9.658686518669128E-001,
1.509933333333334E+009,2.644321415573359E-003,2.586424164474011E-002,-1.286598145961762E-001,9.699252247810364E-001,2.644321415573359E-003,2.586424164474011E-002,-1.286598145961762E-001,9.699252247810364E-001,
1.518300000000000E+009,1.778755895793438E-002,4.316912218928337E-002,-1.018361225724220E-001,9.777400493621826E-001,1.778755895793438E-002,4.316912218928337E-002,-1.018361225724220E-001,9.777400493621826E-001,
1.526666666666667E+009,3.789173066616058E-002,5.089397728443146E-002,-6.924354285001755E-002,9.710507392883301E-001,3.789173066616058E-002,5.089397728443146E-002,-6.924354285001755E-002,9.710507392883301E-001,
1.535033333333334E+009,5.847015976905823E-002,4.783162474632263E-002,-4.901797324419022E-002,9.808426499366760E-001,5.847015976905823E-002,4.783162474632263E-002,-4.901797324419022E-002,9.808426499366760E-001,
1.543400000000000E+009,7.265412062406540E-002,3.214270621538162E-002,-2.831363864243031E-002,9.749836325645447E-001,7.265412062406540E-002,3.214270621538162E-002,-2.831363864243031E-002,9.749836325645447E-001,
1.551766666666667E+009,7.549766451120377E-002,9.757136926054955E-003,-5.389222409576178E-003,9.715392589569092E-001,7.549766451120377E-002,9.757136926054955E-003,-5.389222409576178E-003,9.715392589569092E-001,
1.560133333333334E+009,6.967972218990326E-002,-1.128259766846895E-002,1.683740131556988E-002,9.792413115501404E-001,6.967972218990326E-002,-1.128259766846895E-002,1.683740131556988E-002,9.792413115501404E-001,
1.568500000000000E+009,5.494105070829392E-002,-2.471731230616570E-002,3.472327068448067E-002,9.823752641677856E-001,5.494105070829392E-002,-2.471731230616570E-002,3.472327068448067E-002,9.823752641677856E-001,
1.576866666666667E+009,3.563443943858147E-002,-2.640768140554428E-002,7.723276317119598E-002,9.730806350708008E-001,3.563443943858147E-002,-2.640768140554428E-002,7.723276317119598E-002,9.730806350708008E-001,
1.585233333333334E+009,2.231612615287304E-002,-1.820617541670799E-002,9.188792109489441E-002,9.724876880645752E-001,2.231612615287304E-002,-1.820617541670799E-002,9.188792109489441E-002,9.724876880645752E-001,
1.593600000000000E+009,1.499043125659227E-002,-3.444630187004805E-003,1.224791184067726E-001,9.683677554130554E-001,1.499043125659227E-002,-3.444630187004805E-003,1.224791184067726E-001,9.683677554130554E-001,
1.601966666666667E+009,1.774635910987854E-002,1.591419801115990E-002,1.421200484037399E-001,9.656647443771362E-001,1.774635910987854E-002,1.591419801115990E-002,1.421200484037399E-001,9.656647443771362E-001,
1.610333333333334E+009,3.029819019138813E-002,2.926500327885151E-002,1.722581833600998E-001,9.604158401489258E-001,3.029819019138813E-002,2.926500327885151E-002,1.722581833600998E-001,9.604158401489258E-001,
1.618700000000000E+009,4.883000999689102E-002,3.398730978369713E-002,1.983004212379456E-001,9.565588235855103E-001,4.883000999689102E-002,3.398730978369713E-002,1.983004212379456E-001,9.565588235855103E-001,
1.627066666666667E+009,6.475684046745300E-002,2.848114073276520E-002,2.186830788850784E-001,9.499599933624268E-001,6.475684046745300E-002,2.848114073276520E-002,2.186830788850784E-001,9.499599933624268E-001,
1.635433333333334E+009,7.429646700620651E-002,1.653381995856762E-002,2.457434237003326E-001,9.509459733963013E-001,7.429646700620651E-002,1.653381995856762E-002,2.457434237003326E-001,9.509459733963013E-001,
1.643800000000000E+009,7.561482489109039E-002,-2.092339564114809E-003,2.590520679950714E-001,9.404592514038086E-001,7.561482489109039E-002,-2.092339564114809E-003,2.590520679950714E-001,9.404592514038086E-001,
1.652166666666667E+009,6.731514632701874E-002,-1.773526519536972E-002,2.932575345039368E-001,9.320648908615112E-001,6.731514632701874E-002,-1.773526519536972E-002,2.932575345039368E-001,9.320648908615112E-001,
1.660533333333334E+009,5.317133665084839E-002,-2.679869346320629E-002,3.112850785255432E-001,9.280863404273987E-001,5.317133665084839E-002,-2.679869346320629E-002,3.112850785255432E-001,9.280863404273987E-001,
1.668900000000000E+009,3.762198984622955E-002,-2.588590420782566E-002,3.338342607021332E-001,9.175267219543457E-001,3.762198984622955E-002,-2.588590420782566E-002,3.338342607021332E-001,9.175267219543457E-001,
1.677266666666667E+009,2.561226673424244E-002,-1.829851604998112E-002,3.737244009971619E-001,9.072867631912231E-001,2.561226673424244E-002,-1.829851604998112E-002,3.737244009971619E-001,9.072867631912231E-001,
1.685633333333334E+009,2.287716791033745E-002,-4.163436125963926E-003,3.899596929550171E-001,9.003304243087769E-001,2.287716791033745E-002,-4.163436125963926E-003,3.899596929550171E-001,9.003304243087769E-001,
1.694000000000000E+009,2.725734747946262E-002,8.894967846572399E-003,4.065031409263611E-001,8.865380883216858E-001,2.725734747946262E-002,8.894967846572399E-003,4.065031409263611E-001,8.865380883216858E-001,
1.702366666666667E+009,4.035395756363869E-002,2.049286104738712E-002,4.290600121021271E-001,8.787094950675964E-001,4.035395756363869E-002,2.049286104738712E-002,4.290600121021271E-001,8.787094950675964E-001,
1.710733333333334E+009,5.744934454560280E-002,2.383111231029034E-002,4.486086666584015E-001,8.612756729125977E-001,5.744934454560280E-002,2.383111231029034E-002,4.486086666584015E-001,8.612756729125977E-001,
1.719100000000000E+009,7.378436625003815E-002,1.696566306054592E-002,4.755715727806091E-001,8.472129702568054E-001,7.378436625003815E-002,1.696566306054592E-002,4.755715727806091E-001,8.472129702568054E-001,
1.727466666666667E+009,8.437045663595200E-002,4.293597303330898E-003,4.917119145393372E-001,8.402374386787415E-001,8.437045663595200E-002,4.293597303330898E-003,4.917119145393372E-001,8.402374386787415E-001,
1.735833333333334E+009,8.648787438869476E-002,-1.204250752925873E-002,5.099422931671143E-001,8.281692266464233E-001,8.648787438869476E-002,-1.204250752925873E-002,5.099422931671143E-001,8.281692266464233E-001,
1.744200000000000E+009,7.935224473476410E-002,-2.984012849628925E-002,5.374454259872437E-001,8.054829239845276E-001,7.935224473476410E-002,-2.984012849628925E-002,5.374454259872437E-001,8.054829239845276E-001,
1.752566666666667E+009,6.731817126274109E-002,-4.128976166248322E-002,5.670262575149536E-001,8.006284832954407E-001,6.731817126274109E-002,-4.128976166248322E-002,5.670262575149536E-001,8.006284832954407E-001,
1.760933333333334E+009,5.188159272074699E-002,-4.710687324404717E-002,5.775027871131897E-001,7.895854711532593E-001,5.188159272074699E-002,-4.710687324404717E-002,5.775027871131897E-001,7.895854711532593E-001,
1.769300000000000E+009,3.714041784405708E-002,-4.480708390474320E-002,6.007298231124878E-001,7.780289053916931E-001,3.714041784405708E-002,-4.480708390474320E-002,6.007298231124878E-001,7.780289053916931E-001,
1.777666666666667E+009,2.828663028776646E-002,-3.499978035688400E-002,6.157973408699036E-001,7.688940763473511E-001,2.828663028776646E-002,-3.499978035688400E-002,6.157973408699036E-001,7.688940763473511E-001,
1.786033333333334E+009,2.706284634768963E-002,-2.527904696762562E-002,6.311051845550537E-001,7.388097047805786E-001,2.706284634768963E-002,-2.527904696762562E-002,6.311051845550537E-001,7.388097047805786E-001,
1.794400000000000E+009,3.344303369522095E-002,-1.269462332129479E-002,6.541357040405273E-001,7.239860892295837E-001,3.344303369522095E-002,-1.269462332129479E-002,6.541357040405273E-001,7.239860892295837E-001,
1.802766666666667E+009,4.192294552922249E-002,-6.778288166970015E-003,6.715176701545715E-001,7.069633007049561E-001,4.192294552922249E-002,-6.778288166970015E-003,6.715176701545715E-001,7.069633007049561E-001,
1.811133333333334E+009,5.298282578587532E-002,-5.660920403897762E-003,6.974718570709229E-001,6.877827048301697E-001,5.298282578587532E-002,-5.660920403897762E-003,6.974718570709229E-001,6.877827048301697E-001,
1.819500000000000E+009,6.387543678283691E-002,-8.891536854207516E-003,7.092569470405579E-001,6.628221273422241E-001,6.387543678283691E-002,-8.891536854207516E-003,7.092569470405579E-001,6.628221273422241E-001,
1.827866666666667E+009,7.062481343746185E-002,-1.755761168897152E-002,7.294220328330994E-001,6.520771980285645E-001,7.062481343746185E-002,-1.755761168897152E-002,7.294220328330994E-001,6.520771980285645E-001,
1.836233333333334E+009,6.921567767858505E-002,-2.847532927989960E-002,7.406979203224182E-001,6.355568766593933E-001,6.921567767858505E-002,-2.847532927989960E-002,7.406979203224182E-001,6.355568766593933E-001,
1.844600000000000E+009,6.286584585905075E-002,-3.738000988960266E-002,7.582511305809021E-001,6.278975605964661E-001,6.286584585905075E-002,-3.738000988960266E-002,7.582511305809021E-001,6.278975605964661E-001,
1.852966666666667E+009,5.430699139833450E-002,-4.293090477585793E-002,7.683421373367310E-001,5.946391224861145E-001,5.430699139833450E-002,-4.293090477585793E-002,7.683421373367310E-001,5.946391224861145E-001,
1.861333333333334E+009,4.526307806372643E-002,-4.603999108076096E-002,7.920801043510437E-001,5.769427418708801E-001,4.526307806372643E-002,-4.603999108076096E-002,7.920801043510437E-001,5.769427418708801E-001,
1.869700000000000E+009,3.764096647500992E-002,-4.065521061420441E-002,8.065350651741028E-001,5.569063425064087E-001,3.764096647500992E-002,-4.065521061420441E-002,8.065350651741028E-001,5.569063425064087E-001,
1.878066666666667E+009,3.481467813253403E-002,-3.606225922703743E-002,8.214514255523682E-001,5.428670644760132E-001,3.481467813253403E-002,-3.606225922703743E-002,8.214514255523682E-001,5.428670644760132E-001,
1.886433333333334E+009,3.645437210798264E-002,-2.863795869052410E-002,8.398241996765137E-001,5.168486237525940E-001,3.645437210798264E-002,-2.863795869052410E-002,8.398241996765137E-001,5.168486237525940E-001,
1.894800000000000E+009,4.535086825489998E-002,-2.384824864566326E-002,8.505745530128479E-001,4.980562925338745E-001,4.535086825489998E-002,-2.384824864566326E-002,8.505745530128479E-001,4.980562925338745E-001,
1.903166666666667E+009,5.504841729998589E-002,-2.079648897051811E-002,8.633148074150085E-001,4.673185348510742E-001,5.504841729998589E-002,-2.079648897051811E-002,8.633148074150085E-001,4.673185348510742E-001,
1.911533333333334E+009,6.518810242414475E-002,-2.569401636719704E-002,8.713375329971314E-001,4.409480094909668E-001,6.518810242414475E-002,-2.569401636719704E-002,8.713375329971314E-001,4.409480094909668E-001,
1.919900000000000E+009,7.350708544254303E-002,-3.387569636106491E-002,8.859872221946716E-001,4.272527992725372E-001,7.350708544254303E-002,-3.387569636106491E-002,8.859872221946716E-001,4.272527992725372E-001,
1.928266666666667E+009,7.661996781826019E-002,-4.442097991704941E-002,8.833260536193848E-001,3.902253210544586E-001,7.661996781826019E-002,-4.442097991704941E-002,8.833260536193848E-001,3.902253210544586E-001,
1.936633333333334E+009,7.237059623003006E-002,-5.636664479970932E-002,9.026125669479370E-001,3.797925114631653E-001,7.237059623003006E-002,-5.636664479970932E-002,9.026125669479370E-001,3.797925114631653E-001,
1.945000000000000E+009,6.301910430192947E-002,-6.559250503778458E-002,9.137899279594421E-001,3.553292155265808E-001,6.301910430192947E-002,-6.559250503778458E-002,9.137899279594421E-001,3.553292155265808E-001,
1.953366666666667E+009,5.164276435971260E-002,-7.193337380886078E-002,9.158219695091248E-001,3.343464136123657E-001,5.164276435971260E-002,-7.193337380886078E-002,9.158219695091248E-001,3.343464136123657E-001,
1.961733333333334E+009,3.639565408229828E-002,-6.986561417579651E-002,9.330829381942749E-001,3.114542663097382E-001,3.639565408229828E-002,-6.986561417579651E-002,9.330829381942749E-001,3.114542663097382E-001,
1.970100000000000E+009,2.547013387084007E-002,-6.449306756258011E-002,9.330468773841858E-001,2.887365520000458E-001,2.547013387084007E-002,-6.449306756258011E-002,9.330468773841858E-001,2.887365520000458E-001,
1.978466666666667E+009,2.134243771433830E-002,-5.334560573101044E-002,9.448329210281372E-001,2.577893435955048E-001,2.134243771433830E-002,-5.334560573101044E-002,9.448329210281372E-001,2.577893435955048E-001,
1.986833333333334E+009,2.457403577864170E-002,-4.343944042921066E-002,9.474856853485107E-001,2.410915195941925E-001,2.457403577864170E-002,-4.343944042921066E-002,9.474856853485107E-001,2.410915195941925E-001,
1.995200000000000E+009,3.674354776740074E-002,-3.681257367134094E-002,9.506680369377136E-001,2.232269048690796E-001,3.674354776740074E-002,-3.681257367134094E-002,9.506680369377136E-001,2.232269048690796E-001,
2.003566666666667E+009,5.131148919463158E-002,-3.641544282436371E-002,9.570350050926209E-001,1.869256645441055E-001,5.131148919463158E-002,-3.641544282436371E-002,9.570350050926209E-001,1.869256645441055E-001,
2.011933333333334E+009,6.555528938770294E-002,-4.524699226021767E-002,9.682628512382507E-001,1.600956171751022E-001,6.555528938770294E-002,-4.524699226021767E-002,9.682628512382507E-001,1.600956171751022E-001,
2.020300000000000E+009,7.429966330528259E-002,-5.677056685090065E-002,9.690752625465393E-001,1.288283914327622E-001,7.429966330528259E-002,-5.677056685090065E-002,9.690752625465393E-001,1.288283914327622E-001,
2.028666666666667E+009,7.498258352279663E-002,-7.308083772659302E-002,9.713611602783203E-001,1.147517636418343E-001,7.498258352279663E-002,-7.308083772659302E-002,9.713611602783203E-001,1.147517636418343E-001,
2.037033333333334E+009,6.666585057973862E-002,-8.987174183130264E-002,9.760441780090332E-001,8.750411123037338E-002,6.666585057973862E-002,-8.987174183130264E-002,9.760441780090332E-001,8.750411123037338E-002,
2.045400000000000E+009,5.118842795491219E-002,-9.965418279170990E-002,9.731254577636719E-001,6.987307220697403E-002,5.118842795491219E-002,-9.965418279170990E-002,9.731254577636719E-001,6.987307220697403E-002,
2.053766666666667E+009,3.198757022619247E-002,-1.006321683526039E-001,9.765760898590088E-001,4.323950782418251E-002,3.198757022619247E-002,-1.006321683526039E-001,9.765760898590088E-001,4.323950782418251E-002,
2.062133333333334E+009,1.650934666395187E-002,-9.478460252285004E-002,9.815151691436768E-001,1.686234585940838E-002,1.650934666395187E-002,-9.478460252285004E-002,9.815151691436768E-001,1.686234585940838E-002,
2.070500000000000E+009,7.657242938876152E-003,-8.071982860565186E-002,9.815461635589600E-001,-1.171630062162876E-002,7.657242938876152E-003,-8.071982860565186E-002,9.815461635589600E-001,-1.171630062162876E-002,
2.078866666666667E+009,8.687745779752731E-003,-6.599366664886475E-002,9.788824319839478E-001,-3.219277411699295E-002,8.687745779752731E-003,-6.599366664886475E-002,9.788824319839478E-001,-3.219277411699295E-002,
2.087233333333334E+009,1.925184577703476E-002,-5.851276218891144E-002,9.780892133712769E-001,-6.670814007520676E-002,1.925184577703476E-002,-5.851276218891144E-002,9.780892133712769E-001,-6.670814007520676E-002,
2.095600000000000E+009,3.533880412578583E-002,-5.570571497082710E-002,9.818446040153503E-001,-8.736599236726761E-002,3.533880412578583E-002,-5.570571497082710E-002,9.818446040153503E-001,-8.736599236726761E-002,
2.103966666666667E+009,5.163983628153801E-002,-6.607300788164139E-002,9.792420268058777E-001,-1.143683567643166E-001,5.163983628153801E-002,-6.607300788164139E-002,9.792420268058777E-001,-1.143683567643166E-001,
2.112333333333334E+009,6.196789816021919E-002,-8.334736526012421E-002,9.687179327011108E-001,-1.348390281200409E-001,6.196789816021919E-002,-8.334736526012421E-002,9.687179327011108E-001,-1.348390281200409E-001,
2.120700000000000E+009,6.258490681648254E-002,-1.076344773173332E-001,9.644193053245544E-001,-1.663188636302948E-001,6.258490681648254E-002,-1.076344773173332E-001,9.644193053245544E-001,-1.663188636302948E-001,
2.129066666666667E+009,5.037355795502663E-002,-1.253215074539185E-001,9.692921638488770E-001,-1.926018446683884E-001,5.037355795502663E-002,-1.253215074539185E-001,9.692921638488770E-001,-1.926018446683884E-001,
2.137433333333334E+009,2.846452966332436E-002,-1.369461119174957E-001,9.517337083816528E-001,-2.115579396486282E-001,2.846452966332436E-002,-1.369461119174957E-001,9.517337083816528E-001,-2.115579396486282E-001,
2.145800000000000E+009,9.844873566180468E-004,-1.366591304540634E-001,9.514028429985046E-001,-2.349001914262772E-001,9.844873566180468E-004,-1.366591304540634E-001,9.514028429985046E-001,-2.349001914262772E-001,
2.154166666666667E+009,-2.070258371531963E-002,-1.248615309596062E-001,9.440734982490540E-001,-2.531031966209412E-001,-2.070258371531963E-002,-1.248615309596062E-001,9.440734982490540E-001,-2.531031966209412E-001,
2.162533333333334E+009,-3.345626965165138E-002,-1.036660969257355E-001,9.247886538505554E-001,-2.797983288764954E-001,-3.345626965165138E-002,-1.036660969257355E-001,9.247886538505554E-001,-2.797983288764954E-001,
2.170900000000000E+009,-3.294571489095688E-002,-8.139549195766449E-002,9.329056739807129E-001,-3.072009682655335E-001,-3.294571489095688E-002,-8.139549195766449E-002,9.329056739807129E-001,-3.072009682655335E-001,
2.179266666666667E+009,-1.977083086967468E-002,-6.731867790222168E-002,9.204379320144653E-001,-3.241054117679596E-001,-1.977083086967468E-002,-6.731867790222168E-002,9.204379320144653E-001,-3.241054117679596E-001,
2.187633333333334E+009,-7.774163968861103E-004,-6.315495073795319E-002,9.184478521347046E-001,-3.562375307083130E-001,-7.774163968861103E-004,-6.315495073795319E-002,9.184478521347046E-001,-3.562375307083130E-001,
2.196000000000000E+009,2.041022479534149E-002,-7.368955016136169E-002,8.989892601966858E-001,-3.789444267749786E-001,2.041022479534149E-002,-7.368955016136169E-002,8.989892601966858E-001,-3.789444267749786E-001,
2.204366666666667E+009,3.306676074862480E-002,-9.591739624738693E-002,8.908303380012512E-001,-4.018968641757965E-001,3.306676074862480E-002,-9.591739624738693E-002,8.908303380012512E-001,-4.018968641757965E-001,
2.212733333333334E+009,3.286992758512497E-002,-1.223975867033005E-001,8.780439496040344E-001,-4.333359897136688E-001,3.286992758512497E-002,-1.223975867033005E-001,8.780439496040344E-001,-4.333359897136688E-001,
2.221100000000000E+009,1.770551130175591E-002,-1.440200656652451E-001,8.575107455253601E-001,-4.456871151924133E-001,1.770551130175591E-002,-1.440200656652451E-001,8.575107455253601E-001,-4.456871151924133E-001,
2.229466666666667E+009,-5.832310300320387E-003,-1.561892628669739E-001,8.504713773727417E-001,-4.569653868675232E-001,-5.832310300320387E-003,-1.561892628669739E-001,8.504713773727417E-001,-4.569653868675232E-001,
2.237833333333334E+009,-3.564988076686859E-002,-1.521957367658615E-001,8.426528573036194E-001,-4.845633506774902E-001,-3.564988076686859E-002,-1.521957367658615E-001,8.426528573036194E-001,-4.845633506774902E-001,
2.246200000000000E+009,-6.065056845545769E-002,-1.363404691219330E-001,8.296260833740234E-001,-5.046954154968262E-001,-6.065056845545769E-002,-1.363404691219330E-001,8.296260833740234E-001,-5.046954154968262E-001,
2.254566666666667E+009,-7.212629914283752E-002,-1.097469031810761E-001,8.206554055213928E-001,-5.246548056602478E-001,-7.212629914283752E-002,-1.097469031810761E-001,8.206554055213928E-001,-5.246548056602478E-001,
2.262933333333334E+009,-7.183217257261276E-002,-8.542346209287643E-002,8.078154325485230E-001,-5.455982685089111E-001,-7.183217257261276E-002,-8.542346209287643E-002,8.078154325485230E-001,-5.455982685089111E-001,
2.271300000000000E+009,-5.773826315999031E-002,-6.580454111099243E-002,7.907924056053162E-001,-5.657015442848206E-001,-5.773826315999031E-002,-6.580454111099243E-002,7.907924056053162E-001,-5.657015442848206E-001,
2.279666666666667E+009,-3.568761423230171E-002,-6.262539327144623E-002,7.793628573417664E-001,-5.883243083953857E-001,-3.568761423230171E-002,-6.262539327144623E-002,7.793628573417664E-001,-5.883243083953857E-001,
2.288033333333334E+009,-1.641096919775009E-002,-7.408210635185242E-002,7.628175616264343E-001,-6.167235970497131E-001,-1.641096919775009E-002,-7.408210635185242E-002,7.628175616264343E-001,-6.167235970497131E-001,
2.296400000000000E+009,-5.776350386440754E-003,-9.763308614492416E-002,7.408692240715027E-001,-6.353101730346680E-001,-5.776350386440754E-003,-9.763308614492416E-002,7.408692240715027E-001,-6.353101730346680E-001,
2.304766666666667E+009,-1.106535643339157E-002,-1.243300959467888E-001,7.283385992050171E-001,-6.434397697448731E-001,-1.106535643339157E-002,-1.243300959467888E-001,7.283385992050171E-001,-6.434397697448731E-001,
2.313133333333334E+009,-3.165059909224510E-002,-1.431105881929398E-001,7.040866613388062E-001,-6.743960976600647E-001,-3.165059909224510E-002,-1.431105881929398E-001,7.040866613388062E-001,-6.743960976600647E-001,
2.321500000000000E+009,-5.661173909902573E-002,-1.484298408031464E-001,6.898743510246277E-001,-6.819935441017151E-001,-5.661173909902573E-002,-1.484298408031464E-001,6.898743510246277E-001,-6.819935441017151E-001,
2.329866666666667E+009,-8.280978351831436E-002,-1.385663598775864E-001,6.790649890899658E-001,-6.997858881950378E-001,-8.280978351831436E-002,-1.385663598775864E-001,6.790649890899658E-001,-6.997858881950378E-001,
2.338233333333334E+009,-1.018498316407204E-001,-1.171908378601074E-001,6.533718705177307E-001,-7.170957922935486E-001,-1.018498316407204E-001,-1.171908378601074E-001,6.533718705177307E-001,-7.170957922935486E-001,
2.346600000000000E+009,-1.062930822372437E-001,-8.660344779491425E-002,6.348500847816467E-001,-7.362303137779236E-001,-1.062930822372437E-001,-8.660344779491425E-002,6.348500847816467E-001,-7.362303137779236E-001,
2.354966666666667E+009,-9.377195686101914E-002,-6.216658279299736E-002,6.270377635955811E-001,-7.497760653495789E-001,-9.377195686101914E-002,-6.216658279299736E-002,6.270377635955811E-001,-7.497760653495789E-001,
2.363333333333334E+009,-7.209035754203796E-002,-5.102735385298729E-002,6.100282073020935E-001,-7.661687731742859E-001,-7.209035754203796E-002,-5.102735385298729E-002,6.100282073020935E-001,-7.661687731742859E-001,
2.371700000000000E+009,-4.506840556859970E-002,-5.494469776749611E-002,5.901557207107544E-001,-7.869320511817932E-001,-4.506840556859970E-002,-5.494469776749611E-002,5.901557207107544E-001,-7.869320511817932E-001,
2.380066666666667E+009,-2.758509851992130E-002,-7.837168127298355E-002,5.581761598587036E-001,-8.023336529731751E-001,-2.758509851992130E-002,-7.837168127298355E-002,5.581761598587036E-001,-8.023336529731751E-001,
2.388433333333334E+009,-2.723902277648449E-002,-1.094444245100021E-001,5.375701189041138E-001,-8.087635040283203E-001,-2.723902277648449E-002,-1.094444245100021E-001,5.375701189041138E-001,-8.087635040283203E-001,
2.396800000000000E+009,-4.463014379143715E-002,-1.408954858779907E-001,5.041480660438538E-001,-8.276164531707764E-001,-4.463014379143715E-002,-1.408954858779907E-001,5.041480660438538E-001,-8.276164531707764E-001,
2.405166666666667E+009,-7.597023993730545E-002,-1.619934290647507E-001,4.884882569313049E-001,-8.370370268821716E-001,-7.597023993730545E-002,-1.619934290647507E-001,4.884882569313049E-001,-8.370370268821716E-001,
2.413533333333334E+009,-1.173629611730576E-001,-1.619371622800827E-001,4.647105336189270E-001,-8.424526453018189E-001,-1.173629611730576E-001,-1.619371622800827E-001,4.647105336189270E-001,-8.424526453018189E-001,
2.421900000000000E+009,-1.550378203392029E-001,-1.435404121875763E-001,4.529125094413757E-001,-8.543507456779480E-001,-1.550378203392029E-001,-1.435404121875763E-001,4.529125094413757E-001,-8.543507456779480E-001,
2.430266666666667E+009,-1.760311573743820E-001,-1.095326617360115E-001,4.339681863784790E-001,-8.658570051193237E-001,-1.760311573743820E-001,-1.095326617360115E-001,4.339681863784790E-001,-8.658570051193237E-001,
2.438633333333334E+009,-1.821133494377136E-001,-6.717032194137573E-002,4.156846106052399E-001,-8.752553462982178E-001,-1.821133494377136E-001,-6.717032194137573E-002,4.156846106052399E-001,-8.752553462982178E-001,
2.447000000000000E+009,-1.662967652082443E-001,-2.850057184696198E-002,3.934161663055420E-001,-8.913146257400513E-001,-1.662967652082443E-001,-2.850057184696198E-002,3.934161663055420E-001,-8.913146257400513E-001,
2.455366666666667E+009,-1.353568434715271E-001,-5.837959703058004E-003,3.720985949039459E-001,-8.990713953971863E-001,-1.353568434715271E-001,-5.837959703058004E-003,3.720985949039459E-001,-8.990713953971863E-001,
2.463733333333334E+009,-1.009211167693138E-001,-2.420356729999185E-003,3.500052094459534E-001,-9.160665869712830E-001,-1.009211167693138E-001,-2.420356729999185E-003,3.500052094459534E-001,-9.160665869712830E-001,
2.472100000000000E+009,-7.401359081268311E-002,-2.061132900416851E-002,3.219608962535858E-001,-9.261679649353027E-001,-7.401359081268311E-002,-2.061132900416851E-002,3.219608962535858E-001,-9.261679649353027E-001,
2.480466666666667E+009,-6.365778297185898E-002,-5.085274204611778E-002,2.891862392425537E-001,-9.290784597396851E-001,-6.365778297185898E-002,-5.085274204611778E-002,2.891862392425537E-001,-9.290784597396851E-001,
2.488833333333334E+009,-7.402624934911728E-002,-8.257384598255158E-002,2.678955793380737E-001,-9.364589452743530E-001,-7.402624934911728E-002,-8.257384598255158E-002,2.678955793380737E-001,-9.364589452743530E-001,
2.497200000000000E+009,-9.885893017053604E-002,-1.028694957494736E-001,2.384595274925232E-001,-9.439848065376282E-001,-9.885893017053604E-002,-1.028694957494736E-001,2.384595274925232E-001,-9.439848065376282E-001,
2.505566666666667E+009,-1.363763213157654E-001,-1.064146906137466E-001,2.106541395187378E-001,-9.468657374382019E-001,-1.363763213157654E-001,-1.064146906137466E-001,2.106541395187378E-001,-9.468657374382019E-001,
2.513933333333334E+009,-1.670343428850174E-001,-8.998249471187592E-002,1.927327811717987E-001,-9.463003277778626E-001,-1.670343428850174E-001,-8.998249471187592E-002,1.927327811717987E-001,-9.463003277778626E-001,
2.522300000000000E+009,-1.856698989868164E-001,-6.167299672961235E-002,1.667925715446472E-001,-9.500799775123596E-001,-1.856698989868164E-001,-6.167299672961235E-002,1.667925715446472E-001,-9.500799775123596E-001,
2.530666666666667E+009,-1.855912953615189E-001,-2.496770955622196E-002,1.426850110292435E-001,-9.597476720809937E-001,-1.855912953615189E-001,-2.496770955622196E-002,1.426850110292435E-001,-9.597476720809937E-001,
2.539033333333334E+009,-1.684225350618362E-001,5.426215939223766E-003,1.252521574497223E-001,-9.588943719863892E-001,-1.684225350618362E-001,5.426215939223766E-003,1.252521574497223E-001,-9.588943719863892E-001,
2.547400000000000E+009,-1.391367465257645E-001,2.348366566002369E-002,1.066459342837334E-001,-9.713800549507141E-001,-1.391367465257645E-001,2.348366566002369E-002,1.066459342837334E-001,-9.713800549507141E-001,
2.555766666666667E+009,-1.053872033953667E-001,2.287229709327221E-002,7.746654003858566E-002,-9.786207079887390E-001,-1.053872033953667E-001,2.287229709327221E-002,7.746654003858566E-002,-9.786207079887390E-001,
2.564133333333334E+009,-8.278559148311615E-002,2.327524125576019E-003,4.876828938722611E-002,-9.750547409057617E-001,-8.278559148311615E-002,2.327524125576019E-003,4.876828938722611E-002,-9.750547409057617E-001,
2.572500000000000E+009,-7.766122370958328E-002,-2.712335251271725E-002,2.047576196491718E-002,-9.739388227462769E-001,-7.766122370958328E-002,-2.712335251271725E-002,2.047576196491718E-002,-9.739388227462769E-001,
2.580866666666667E+009,-9.219958633184433E-002,-5.548340454697609E-002,-7.691329345107079E-003,-9.752542376518250E-001,-9.219958633184433E-002,-5.548340454697609E-002,-7.691329345107079E-003,-9.752542376518250E-001,
2.589233333333334E+009,-1.236004531383514E-001,-7.214495539665222E-002,-3.812588378787041E-002,-9.685227274894714E-001,-1.236004531383514E-001,-7.214495539665222E-002,-3.812588378787041E-002,-9.685227274894714E-001,
2.597600000000000E+009,-1.595367640256882E-001,-7.182151824235916E-002,-6.489456444978714E-002,-9.650474786758423E-001,-1.595367640256882E-001,-7.182151824235916E-002,-6.489456444978714E-002,-9.650474786758423E-001,
2.605966666666667E+009,-1.913155019283295E-001,-5.101539567112923E-002,-7.642713189125061E-002,-9.655942320823669E-001,-1.913155019283295E-001,-5.101539567112923E-002,-7.642713189125061E-002,-9.655942320823669E-001,
2.614333333333334E+009,-2.083097845315933E-001,-2.022902853786945E-002,-9.988681226968765E-002,-9.562921524047852E-001,-2.083097845315933E-001,-2.022902853786945E-002,-9.988681226968765E-002,-9.562921524047852E-001,
2.622700000000000E+009,-2.069153636693955E-001,1.859680004417896E-002,-1.191705837845802E-001,-9.528777003288269E-001,-2.069153636693955E-001,1.859680004417896E-002,-1.191705837845802E-001,-9.528777003288269E-001,
2.631066666666667E+009,-1.879200935363770E-001,5.124498158693314E-002,-1.443993747234345E-001,-9.620656371116638E-001,-1.879200935363770E-001,5.124498158693314E-002,-1.443993747234345E-001,-9.620656371116638E-001,
2.639433333333334E+009,-1.553582847118378E-001,6.760390102863312E-002,-1.659801304340363E-001,-9.520754218101502E-001,-1.553582847118378E-001,6.760390102863312E-002,-1.659801304340363E-001,-9.520754218101502E-001,
2.647800000000000E+009,-1.200168356299400E-001,6.646482646465302E-002,-1.921540349721909E-001,-9.530420899391174E-001,-1.200168356299400E-001,6.646482646465302E-002,-1.921540349721909E-001,-9.530420899391174E-001,
2.656166666666667E+009,-9.603706002235413E-002,4.763536900281906E-002,-2.153032124042511E-001,-9.562646746635437E-001,-9.603706002235413E-002,4.763536900281906E-002,-2.153032124042511E-001,-9.562646746635437E-001,
2.664533333333334E+009,-8.869756758213043E-002,1.994580030441284E-002,-2.517960667610169E-001,-9.394615888595581E-001,-8.869756758213043E-002,1.994580030441284E-002,-2.517960667610169E-001,-9.394615888595581E-001,
2.672900000000000E+009,-1.003076732158661E-001,-6.754781119525433E-003,-2.736540138721466E-001,-9.345014095306397E-001,-1.003076732158661E-001,-6.754781119525433E-003,-2.736540138721466E-001,-9.345014095306397E-001,
2.681266666666667E+009,-1.277546435594559E-001,-2.099554426968098E-002,-2.999505698680878E-001,-9.212106466293335E-001,-1.277546435594559E-001,-2.099554426968098E-002,-2.999505698680878E-001,-9.212106466293335E-001,
2.689633333333334E+009,-1.626284718513489E-001,-1.765933819115162E-002,-3.213024735450745E-001,-9.129176139831543E-001,-1.626284718513489E-001,-1.765933819115162E-002,-3.213024735450745E-001,-9.129176139831543E-001,
2.698000000000000E+009,-1.905987262725830E-001,3.011795924976468E-003,-3.352080583572388E-001,-8.992665410041809E-001,-1.905987262725830E-001,3.011795924976468E-003,-3.352080583572388E-001,-8.992665410041809E-001,
2.706366666666667E+009,-2.041541785001755E-001,3.671862930059433E-002,-3.599363565444946E-001,-8.863556385040283E-001,-2.041541785001755E-001,3.671862930059433E-002,-3.599363565444946E-001,-8.863556385040283E-001,
2.714733333333334E+009,-2.008380293846130E-001,7.173435389995575E-002,-3.741793334484100E-001,-8.850607275962830E-001,-2.008380293846130E-001,7.173435389995575E-002,-3.741793334484100E-001,-8.850607275962830E-001,
2.723100000000000E+009,-1.783862859010696E-001,1.020558476448059E-001,-3.947870433330536E-001,-8.748843073844910E-001,-1.783862859010696E-001,1.020558476448059E-001,-3.947870433330536E-001,-8.748843073844910E-001,
2.731466666666667E+009,-1.433058679103851E-001,1.182830706238747E-001,-4.188472628593445E-001,-8.714056015014648E-001,-1.433058679103851E-001,1.182830706238747E-001,-4.188472628593445E-001,-8.714056015014648E-001,
2.739833333333334E+009,-1.074699461460114E-001,1.144277155399323E-001,-4.418556690216065E-001,-8.614102005958557E-001,-1.074699461460114E-001,1.144277155399323E-001,-4.418556690216065E-001,-8.614102005958557E-001,
2.748200000000000E+009,-8.093652129173279E-002,9.508341550827026E-002,-4.671196937561035E-001,-8.535912632942200E-001,-8.093652129173279E-002,9.508341550827026E-002,-4.671196937561035E-001,-8.535912632942200E-001,
2.756566666666667E+009,-7.113309204578400E-002,6.517925113439560E-002,-4.942087531089783E-001,-8.438192605972290E-001,-7.113309204578400E-002,6.517925113439560E-002,-4.942087531089783E-001,-8.438192605972290E-001,
2.764933333333334E+009,-8.017265796661377E-002,3.693934157490730E-002,-5.274661779403687E-001,-8.321829438209534E-001,-8.017265796661377E-002,3.693934157490730E-002,-5.274661779403687E-001,-8.321829438209534E-001,
2.773300000000000E+009,-1.043195649981499E-001,1.846986263990402E-002,-5.422312617301941E-001,-8.092564940452576E-001,-1.043195649981499E-001,1.846986263990402E-002,-5.422312617301941E-001,-8.092564940452576E-001,
2.781666666666667E+009,-1.385649293661118E-001,2.119415067136288E-002,-5.594459772109985E-001,-7.905947566032410E-001,-1.385649293661118E-001,2.119415067136288E-002,-5.594459772109985E-001,-7.905947566032410E-001,
2.790033333333334E+009,-1.664036661386490E-001,3.953320905566216E-002,-5.777534246444702E-001,-7.761162519454956E-001,-1.664036661386490E-001,3.953320905566216E-002,-5.777534246444702E-001,-7.761162519454956E-001,
2.798400000000000E+009,-1.818926185369492E-001,7.162170857191086E-002,-5.927911996841431E-001,-7.638144493103027E-001,-1.818926185369492E-001,7.162170857191086E-002,-5.927911996841431E-001,-7.638144493103027E-001,
2.806766666666667E+009,-1.769891381263733E-001,1.075640320777893E-001,-6.067265868186951E-001,-7.415567040443420E-001,-1.769891381263733E-001,1.075640320777893E-001,-6.067265868186951E-001,-7.415567040443420E-001,
2.815133333333334E+009,-1.567969769239426E-001,1.355049014091492E-001,-6.237651705741882E-001,-7.328538298606873E-001,-1.567969769239426E-001,1.355049014091492E-001,-6.237651705741882E-001,-7.328538298606873E-001,
2.823500000000000E+009,-1.231789737939835E-001,1.504792720079422E-001,-6.419059634208679E-001,-7.225371599197388E-001,-1.231789737939835E-001,1.504792720079422E-001,-6.419059634208679E-001,-7.225371599197388E-001,
2.831866666666667E+009,-8.771468698978424E-002,1.448191404342651E-001,-6.584838628768921E-001,-7.103994488716126E-001,-8.771468698978424E-002,1.448191404342651E-001,-6.584838628768921E-001,-7.103994488716126E-001,
2.840233333333334E+009,-5.987498536705971E-002,1.243311390280724E-001,-6.876572370529175E-001,-6.961145997047424E-001,-5.987498536705971E-002,1.243311390280724E-001,-6.876572370529175E-001,-6.961145997047424E-001,
2.848600000000000E+009,-4.873922094702721E-002,9.427220374345779E-002,-7.042738795280457E-001,-6.732479333877564E-001,-4.873922094702721E-002,9.427220374345779E-002,-7.042738795280457E-001,-6.732479333877564E-001,
2.856966666666667E+009,-5.733117833733559E-002,6.502383947372437E-002,-7.251169681549072E-001,-6.548138260841370E-001,-5.733117833733559E-002,6.502383947372437E-002,-7.251169681549072E-001,-6.548138260841370E-001,
2.865333333333334E+009,-8.322823047637940E-002,4.614708200097084E-002,-7.448442578315735E-001,-6.363407969474793E-001,-8.322823047637940E-002,4.614708200097084E-002,-7.448442578315735E-001,-6.363407969474793E-001,
2.873700000000000E+009,-1.167424246668816E-001,4.660933464765549E-002,-7.614848613739014E-001,-6.034818887710571E-001,-1.167424246668816E-001,4.660933464765549E-002,-7.614848613739014E-001,-6.034818887710571E-001,
2.882066666666667E+009,-1.448702365159988E-001,6.607604026794434E-002,-7.684943675994873E-001,-5.780342817306519E-001,-1.448702365159988E-001,6.607604026794434E-002,-7.684943675994873E-001,-5.780342817306519E-001,
2.890433333333334E+009,-1.612521260976791E-001,9.993315488100052E-002,-7.784804105758667E-001,-5.632019042968750E-001,-1.612521260976791E-001,9.993315488100052E-002,-7.784804105758667E-001,-5.632019042968750E-001,
2.898800000000000E+009,-1.563949584960938E-001,1.389762163162231E-001,-7.872725129127502E-001,-5.460463166236877E-001,-1.563949584960938E-001,1.389762163162231E-001,-7.872725129127502E-001,-5.460463166236877E-001,
2.907166666666667E+009,-1.336171180009842E-001,1.690192818641663E-001,-7.925470471382141E-001,-5.324196219444275E-001,-1.336171180009842E-001,1.690192818641663E-001,-7.925470471382141E-001,-5.324196219444275E-001,
2.915533333333334E+009,-9.694182127714157E-002,1.854545921087265E-001,-8.102727532386780E-001,-5.122102499008179E-001,-9.694182127714157E-002,1.854545921087265E-001,-8.102727532386780E-001,-5.122102499008179E-001,
2.923900000000000E+009,-5.915667861700058E-002,1.815294176340103E-001,-8.244848251342773E-001,-5.012876987457275E-001,-5.915667861700058E-002,1.815294176340103E-001,-8.244848251342773E-001,-5.012876987457275E-001,
2.932266666666667E+009,-2.830922044813633E-002,1.598004847764969E-001,-8.399055600166321E-001,-4.860105216503143E-001,-2.830922044813633E-002,1.598004847764969E-001,-8.399055600166321E-001,-4.860105216503143E-001,
2.940633333333334E+009,-1.542260311543942E-002,1.257672905921936E-001,-8.567982316017151E-001,-4.618246853351593E-001,-1.542260311543942E-002,1.257672905921936E-001,-8.567982316017151E-001,-4.618246853351593E-001,
2.949000000000000E+009,-2.249447628855705E-002,8.998833596706390E-002,-8.779948353767395E-001,-4.296358227729797E-001,-2.249447628855705E-002,8.998833596706390E-002,-8.779948353767395E-001,-4.296358227729797E-001,
2.957366666666667E+009,-4.802855476737022E-002,6.752862036228180E-002,-8.900671601295471E-001,-4.106506407260895E-001,-4.802855476737022E-002,6.752862036228180E-002,-8.900671601295471E-001,-4.106506407260895E-001,
2.965733333333334E+009,-8.432621508836746E-002,6.513822823762894E-002,-9.020519852638245E-001,-3.784129619598389E-001,-8.432621508836746E-002,6.513822823762894E-002,-9.020519852638245E-001,-3.784129619598389E-001,
2.974100000000000E+009,-1.151158809661865E-001,8.442056924104691E-002,-9.069007635116577E-001,-3.462523519992828E-001,-1.151158809661865E-001,8.442056924104691E-002,-9.069007635116577E-001,-3.462523519992828E-001,
2.982466666666667E+009,-1.307745128870010E-001,1.193878352642059E-001,-9.104919433593750E-001,-3.204762041568756E-001,-1.307745128870010E-001,1.193878352642059E-001,-9.104919433593750E-001,-3.204762041568756E-001,
2.990833333333334E+009,-1.267837136983872E-001,1.582891792058945E-001,-9.077886939048767E-001,-3.053038716316223E-001,-1.267837136983872E-001,1.582891792058945E-001,-9.077886939048767E-001,-3.053038716316223E-001,
2.999200000000000E+009,-1.027222499251366E-001,1.908248513936997E-001,-9.139262437820435E-001,-2.884077429771423E-001,-1.027222499251366E-001,1.908248513936997E-001,-9.139262437820435E-001,-2.884077429771423E-001,
3.007566666666667E+009,-6.401090323925018E-002,2.082842290401459E-001,-9.209051728248596E-001,-2.667718827724457E-001,-6.401090323925018E-002,2.082842290401459E-001,-9.209051728248596E-001,-2.667718827724457E-001,
3.015933333333334E+009,-2.114887908101082E-002,2.023907750844955E-001,-9.279451370239258E-001,-2.540476918220520E-001,-2.114887908101082E-002,2.023907750844955E-001,-9.279451370239258E-001,-2.540476918220520E-001,
3.024300000000000E+009,1.050510723143816E-002,1.783572137355804E-001,-9.391798973083496E-001,-2.353475689888001E-001,1.050510723143816E-002,1.783572137355804E-001,-9.391798973083496E-001,-2.353475689888001E-001,
3.032666666666667E+009,2.519801631569862E-002,1.391886174678803E-001,-9.508360624313355E-001,-2.072194069623947E-001,2.519801631569862E-002,1.391886174678803E-001,-9.508360624313355E-001,-2.072194069623947E-001,
3.041033333333334E+009,1.523921266198158E-002,1.001718491315842E-001,-9.609341621398926E-001,-1.800606399774551E-001,1.523921266198158E-002,1.001718491315842E-001,-9.609341621398926E-001,-1.800606399774551E-001,
3.049400000000000E+009,-1.559998095035553E-002,7.504058629274368E-002,-9.675930738449097E-001,-1.424071192741394E-001,-1.559998095035553E-002,7.504058629274368E-002,-9.675930738449097E-001,-1.424071192741394E-001,
3.057766666666667E+009,-5.459293350577354E-002,7.206366956233978E-002,-9.731240272521973E-001,-1.264452785253525E-001,-5.459293350577354E-002,7.206366956233978E-002,-9.731240272521973E-001,-1.264452785253525E-001,
3.066133333333334E+009,-9.045386314392090E-002,9.234977513551712E-002,-9.651841521263123E-001,-8.586540073156357E-002,-9.045386314392090E-002,9.234977513551712E-002,-9.651841521263123E-001,-8.586540073156357E-002,
3.074500000000000E+009,-1.087761372327805E-001,1.312663108110428E-001,-9.656500816345215E-001,-6.119229644536972E-002,-1.087761372327805E-001,1.312663108110428E-001,-9.656500816345215E-001,-6.119229644536972E-002,
3.082866666666667E+009,-1.020042821764946E-001,1.754122078418732E-001,-9.615643024444580E-001,-4.238517209887505E-002,-1.020042821764946E-001,1.754122078418732E-001,-9.615643024444580E-001,-4.238517209887505E-002,
3.091233333333334E+009,-7.214587926864624E-002,2.128694355487824E-001,-9.563979506492615E-001,-1.968414895236492E-002,-7.214587926864624E-002,2.128694355487824E-001,-9.563979506492615E-001,-1.968414895236492E-002,
3.099600000000000E+009,-2.676428854465485E-002,2.294965386390686E-001,-9.518275856971741E-001,-6.742283701896668E-003,-2.676428854465485E-002,2.294965386390686E-001,-9.518275856971741E-001,-6.742283701896668E-003,
3.107966666666667E+009,2.409382909536362E-002,2.212091684341431E-001,-9.582108259201050E-001,8.794253692030907E-003,2.409382909536362E-002,2.212091684341431E-001,-9.582108259201050E-001,8.794253692030907E-003,
3.116333333333334E+009,6.414805352687836E-002,1.901340782642365E-001,-9.633835554122925E-001,3.403973579406738E-002,6.414805352687836E-002,1.901340782642365E-001,-9.633835554122925E-001,3.403973579406738E-002,
3.124700000000000E+009,8.010286092758179E-002,1.431345492601395E-001,-9.717059731483460E-001,5.364961177110672E-002,8.010286092758179E-002,1.431345492601395E-001,-9.717059731483460E-001,5.364961177110672E-002,
3.133066666666667E+009,6.981264054775238E-002,9.520795941352844E-002,-9.782148599624634E-001,8.820755034685135E-002,6.981264054775238E-002,9.520795941352844E-002,-9.782148599624634E-001,8.820755034685135E-002,
3.141433333333334E+009,3.566312417387962E-002,6.061602756381035E-002,-9.778929948806763E-001,1.176688820123673E-001,3.566312417387962E-002,6.061602756381035E-002,-9.778929948806763E-001,1.176688820123673E-001,
3.149800000000000E+009,-1.403052639216185E-002,5.342767015099526E-002,-9.750781059265137E-001,1.558737009763718E-001,-1.403052639216185E-002,5.342767015099526E-002,-9.750781059265137E-001,1.558737009763718E-001,
3.158166666666667E+009,-5.857641622424126E-002,7.480075210332871E-002,-9.586384296417236E-001,1.863704472780228E-001,-5.857641622424126E-002,7.480075210332871E-002,-9.586384296417236E-001,1.863704472780228E-001,
3.166533333333334E+009,-8.291215449571610E-002,1.173157393932343E-001,-9.497947096824646E-001,2.099531739950180E-001,-8.291215449571610E-002,1.173157393932343E-001,-9.497947096824646E-001,2.099531739950180E-001,
3.174900000000000E+009,-8.182241767644882E-002,1.677224487066269E-001,-9.351314306259155E-001,2.311046123504639E-001,-8.182241767644882E-002,1.677224487066269E-001,-9.351314306259155E-001,2.311046123504639E-001,
3.183266666666667E+009,-5.187741667032242E-002,2.104694843292236E-001,-9.221667647361755E-001,2.481484115123749E-001,-5.187741667032242E-002,2.104694843292236E-001,-9.221667647361755E-001,2.481484115123749E-001,
3.191633333333334E+009,-5.018048454076052E-003,2.297388911247253E-001,-9.123290777206421E-001,2.624213397502899E-001,-5.018048454076052E-003,2.297388911247253E-001,-9.123290777206421E-001,2.624213397502899E-001,
3.200000000000000E+009,4.662069305777550E-002,2.219002991914749E-001,-9.122579097747803E-001,2.751014828681946E-001,4.662069305777550E-002,2.219002991914749E-001,-9.122579097747803E-001,2.751014828681946E-001,
