% Version 1.00
%
%freq[Hz],re:Trc1_S11,im:Trc1_S11,re:Trc2_S21,im:Trc2_S21,re:Trc3_S11,im:Trc3_S11,re:Trc4_S21,im:Trc4_S21,
6.900000000000000E+008,-5.039449408650398E-002,3.946628049015999E-002,-5.034330487251282E-001,-8.475870490074158E-001,-5.039449408650398E-002,3.946628049015999E-002,-5.034330487251282E-001,-8.475870490074158E-001,
6.983666666666666E+008,-4.238066449761391E-002,3.962894529104233E-002,-5.171092152595520E-001,-8.282507061958313E-001,-4.238066449761391E-002,3.962894529104233E-002,-5.171092152595520E-001,-8.282507061958313E-001,
7.067333333333334E+008,-3.714840486645699E-002,3.676322475075722E-002,-5.471773147583008E-001,-8.056405186653137E-001,-3.714840486645699E-002,3.676322475075722E-002,-5.471773147583008E-001,-8.056405186653137E-001,
7.151000000000000E+008,-3.735085949301720E-002,2.809373103082180E-002,-5.551506280899048E-001,-7.951506376266480E-001,-3.735085949301720E-002,2.809373103082180E-002,-5.551506280899048E-001,-7.951506376266480E-001,
7.234666666666666E+008,-3.722088411450386E-002,2.285155467689037E-002,-5.944774746894836E-001,-7.820915579795837E-001,-3.722088411450386E-002,2.285155467689037E-002,-5.944774746894836E-001,-7.820915579795837E-001,
7.318333333333334E+008,-4.496721550822258E-002,1.953664794564247E-002,-5.959652662277222E-001,-7.817990183830261E-001,-4.496721550822258E-002,1.953664794564247E-002,-5.959652662277222E-001,-7.817990183830261E-001,
7.402000000000000E+008,-5.251124501228333E-002,2.214178629219532E-002,-6.310750842094421E-001,-7.554214000701904E-001,-5.251124501228333E-002,2.214178629219532E-002,-6.310750842094421E-001,-7.554214000701904E-001,
7.485666666666666E+008,-5.763406679034233E-002,2.738452702760696E-002,-6.519228219985962E-001,-7.170020937919617E-001,-5.763406679034233E-002,2.738452702760696E-002,-6.519228219985962E-001,-7.170020937919617E-001,
7.569333333333334E+008,-5.858115479350090E-002,3.758068755269051E-002,-6.691476106643677E-001,-7.148188352584839E-001,-5.858115479350090E-002,3.758068755269051E-002,-6.691476106643677E-001,-7.148188352584839E-001,
7.653000000000000E+008,-5.488901957869530E-002,4.640638828277588E-002,-6.807503104209900E-001,-7.074075937271118E-001,-5.488901957869530E-002,4.640638828277588E-002,-6.807503104209900E-001,-7.074075937271118E-001,
7.736666666666666E+008,-4.696615040302277E-002,5.533597618341446E-002,-6.980639696121216E-001,-6.996955275535584E-001,-4.696615040302277E-002,5.533597618341446E-002,-6.980639696121216E-001,-6.996955275535584E-001,
7.820333333333334E+008,-4.026399552822113E-002,5.923596397042275E-002,-7.217925190925598E-001,-6.769634485244751E-001,-4.026399552822113E-002,5.923596397042275E-002,-7.217925190925598E-001,-6.769634485244751E-001,
7.904000000000000E+008,-3.111379966139793E-002,5.730826780200005E-002,-7.413835525512695E-001,-6.608297228813171E-001,-3.111379966139793E-002,5.730826780200005E-002,-7.413835525512695E-001,-6.608297228813171E-001,
7.987666666666666E+008,-2.413793839514256E-002,5.329210311174393E-002,-7.484921216964722E-001,-6.422501206398010E-001,-2.413793839514256E-002,5.329210311174393E-002,-7.484921216964722E-001,-6.422501206398010E-001,
8.071333333333334E+008,-2.314831502735615E-002,4.794598370790482E-002,-7.662549018859863E-001,-6.216722130775452E-001,-2.314831502735615E-002,4.794598370790482E-002,-7.662549018859863E-001,-6.216722130775452E-001,
8.155000000000000E+008,-2.749343402683735E-002,4.098650440573692E-002,-7.745549082756043E-001,-5.806058049201965E-001,-2.749343402683735E-002,4.098650440573692E-002,-7.745549082756043E-001,-5.806058049201965E-001,
8.238666666666666E+008,-3.205660358071327E-002,3.809485957026482E-002,-8.021635413169861E-001,-5.840925574302673E-001,-3.205660358071327E-002,3.809485957026482E-002,-8.021635413169861E-001,-5.840925574302673E-001,
8.322333333333334E+008,-4.035098850727081E-002,4.036980867385864E-002,-8.182299137115479E-001,-5.504222512245178E-001,-4.035098850727081E-002,4.036980867385864E-002,-8.182299137115479E-001,-5.504222512245178E-001,
8.406000000000000E+008,-4.509359598159790E-002,4.340172559022903E-002,-8.248788714408875E-001,-5.405620336532593E-001,-4.509359598159790E-002,4.340172559022903E-002,-8.248788714408875E-001,-5.405620336532593E-001,
8.489666666666668E+008,-4.566676542162895E-002,5.187268927693367E-002,-8.510796427726746E-001,-5.100911259651184E-001,-4.566676542162895E-002,5.187268927693367E-002,-8.510796427726746E-001,-5.100911259651184E-001,
8.573333333333334E+008,-4.228381440043449E-002,6.003450602293015E-002,-8.527107238769531E-001,-4.970640242099762E-001,-4.228381440043449E-002,6.003450602293015E-002,-8.527107238769531E-001,-4.970640242099762E-001,
8.657000000000000E+008,-3.498695418238640E-002,6.846382468938828E-002,-8.718476891517639E-001,-4.711829721927643E-001,-3.498695418238640E-002,6.846382468938828E-002,-8.718476891517639E-001,-4.711829721927643E-001,
8.740666666666668E+008,-2.683714963495731E-002,7.372791320085526E-002,-8.654693961143494E-001,-4.505991637706757E-001,-2.683714963495731E-002,7.372791320085526E-002,-8.654693961143494E-001,-4.505991637706757E-001,
8.824333333333334E+008,-1.812525652348995E-002,7.232575863599777E-002,-8.960964083671570E-001,-4.180724322795868E-001,-1.812525652348995E-002,7.232575863599777E-002,-8.960964083671570E-001,-4.180724322795868E-001,
8.908000000000000E+008,-1.097086910158396E-002,7.250814139842987E-002,-9.064464569091797E-001,-4.183512926101685E-001,-1.097086910158396E-002,7.250814139842987E-002,-9.064464569091797E-001,-4.183512926101685E-001,
8.991666666666668E+008,-7.954434491693974E-003,6.533931195735931E-002,-9.164003729820252E-001,-3.829224407672882E-001,-7.954434491693974E-003,6.533931195735931E-002,-9.164003729820252E-001,-3.829224407672882E-001,
9.075333333333334E+008,-7.717228960245848E-003,6.128445640206337E-002,-9.119781255722046E-001,-3.617929518222809E-001,-7.717228960245848E-003,6.128445640206337E-002,-9.119781255722046E-001,-3.617929518222809E-001,
9.159000000000000E+008,-1.074469462037087E-002,5.611800774931908E-002,-9.232811331748962E-001,-3.479091525077820E-001,-1.074469462037087E-002,5.611800774931908E-002,-9.232811331748962E-001,-3.479091525077820E-001,
9.242666666666668E+008,-1.538057159632444E-002,5.172354355454445E-002,-9.388995170593262E-001,-3.220499157905579E-001,-1.538057159632444E-002,5.172354355454445E-002,-9.388995170593262E-001,-3.220499157905579E-001,
9.326333333333334E+008,-2.024824358522892E-002,5.437637865543366E-002,-9.389287233352661E-001,-2.904683947563171E-001,-2.024824358522892E-002,5.437637865543366E-002,-9.389287233352661E-001,-2.904683947563171E-001,
9.410000000000000E+008,-2.548040822148323E-002,5.993089452385902E-002,-9.448040723800659E-001,-2.628386020660400E-001,-2.548040822148323E-002,5.993089452385902E-002,-9.448040723800659E-001,-2.628386020660400E-001,
9.493666666666668E+008,-2.592655643820763E-002,6.847319751977921E-002,-9.537052512168884E-001,-2.524704039096832E-001,-2.592655643820763E-002,6.847319751977921E-002,-9.537052512168884E-001,-2.524704039096832E-001,
9.577333333333334E+008,-2.079866826534271E-002,7.639438658952713E-002,-9.768103957176209E-001,-2.111403048038483E-001,-2.079866826534271E-002,7.639438658952713E-002,-9.768103957176209E-001,-2.111403048038483E-001,
9.661000000000000E+008,-1.212769094854593E-002,8.348827809095383E-002,-9.638358354568481E-001,-1.929991543292999E-001,-1.212769094854593E-002,8.348827809095383E-002,-9.638358354568481E-001,-1.929991543292999E-001,
9.744666666666668E+008,-2.774430904537439E-003,8.817537873983383E-002,-9.736707806587219E-001,-1.610578447580338E-001,-2.774430904537439E-003,8.817537873983383E-002,-9.736707806587219E-001,-1.610578447580338E-001,
9.828333333333334E+008,1.059371139854193E-002,8.656174689531326E-002,-9.692583680152893E-001,-1.348787993192673E-001,1.059371139854193E-002,8.656174689531326E-002,-9.692583680152893E-001,-1.348787993192673E-001,
9.912000000000000E+008,2.073131874203682E-002,8.363034576177597E-002,-9.783696532249451E-001,-1.275503188371658E-001,2.073131874203682E-002,8.363034576177597E-002,-9.783696532249451E-001,-1.275503188371658E-001,
9.995666666666668E+008,2.543582022190094E-002,7.447499036788940E-002,-9.860643148422241E-001,-9.178753197193146E-002,2.543582022190094E-002,7.447499036788940E-002,-9.860643148422241E-001,-9.178753197193146E-002,
1.007933333333333E+009,2.600200101733208E-002,6.662192195653915E-002,-9.886943101882935E-001,-7.131909579038620E-002,2.600200101733208E-002,6.662192195653915E-002,-9.886943101882935E-001,-7.131909579038620E-002,
1.016300000000000E+009,1.946880295872688E-002,5.733785778284073E-002,-9.890651106834412E-001,-4.871299490332604E-002,1.946880295872688E-002,5.733785778284073E-002,-9.890651106834412E-001,-4.871299490332604E-002,
1.024666666666667E+009,1.168911065906286E-002,5.632806196808815E-002,-9.880627393722534E-001,-2.794168516993523E-002,1.168911065906286E-002,5.632806196808815E-002,-9.880627393722534E-001,-2.794168516993523E-002,
1.033033333333333E+009,3.777550533413887E-003,5.719646066427231E-002,-9.703473448753357E-001,9.900380857288837E-003,3.777550533413887E-003,5.719646066427231E-002,-9.703473448753357E-001,9.900380857288837E-003,
1.041400000000000E+009,8.917390950955451E-004,6.361667811870575E-002,-9.732531309127808E-001,3.551902621984482E-002,8.917390950955451E-004,6.361667811870575E-002,-9.732531309127808E-001,3.551902621984482E-002,
1.049766666666667E+009,2.290375414304435E-005,7.226544618606567E-002,-9.856284856796265E-001,5.470143258571625E-002,2.290375414304435E-005,7.226544618606567E-002,-9.856284856796265E-001,5.470143258571625E-002,
1.058133333333333E+009,8.397161960601807E-003,8.106882125139237E-002,-9.799165129661560E-001,8.157970011234283E-002,8.397161960601807E-003,8.106882125139237E-002,-9.799165129661560E-001,8.157970011234283E-002,
1.066500000000000E+009,2.113066986203194E-002,8.573938161134720E-002,-9.594901800155640E-001,1.083959341049194E-001,2.113066986203194E-002,8.573938161134720E-002,-9.594901800155640E-001,1.083959341049194E-001,
1.074866666666667E+009,3.341658413410187E-002,8.283563703298569E-002,-9.698724746704102E-001,1.383352428674698E-001,3.341658413410187E-002,8.283563703298569E-002,-9.698724746704102E-001,1.383352428674698E-001,
1.083233333333334E+009,4.629090800881386E-002,7.871401309967041E-002,-9.666013121604919E-001,1.562007814645767E-001,4.629090800881386E-002,7.871401309967041E-002,-9.666013121604919E-001,1.562007814645767E-001,
1.091600000000000E+009,5.129997432231903E-002,6.699566543102264E-002,-9.600785970687866E-001,1.892230063676834E-001,5.129997432231903E-002,6.699566543102264E-002,-9.600785970687866E-001,1.892230063676834E-001,
1.099966666666667E+009,5.222735553979874E-002,5.474377050995827E-002,-9.580634236335754E-001,2.060687988996506E-001,5.222735553979874E-002,5.474377050995827E-002,-9.580634236335754E-001,2.060687988996506E-001,
1.108333333333334E+009,4.422633349895477E-002,4.428513720631599E-002,-9.693813323974609E-001,2.292467802762985E-001,4.422633349895477E-002,4.428513720631599E-002,-9.693813323974609E-001,2.292467802762985E-001,
1.116700000000000E+009,3.204019367694855E-002,4.419886320829392E-002,-9.548042416572571E-001,2.558979988098145E-001,3.204019367694855E-002,4.419886320829392E-002,-9.548042416572571E-001,2.558979988098145E-001,
1.125066666666667E+009,2.016424760222435E-002,4.499964043498039E-002,-9.403598904609680E-001,2.817003428936005E-001,2.016424760222435E-002,4.499964043498039E-002,-9.403598904609680E-001,2.817003428936005E-001,
1.133433333333334E+009,9.564680978655815E-003,5.678955465555191E-002,-9.323920607566834E-001,2.991058826446533E-001,9.564680978655815E-003,5.678955465555191E-002,-9.323920607566834E-001,2.991058826446533E-001,
1.141800000000000E+009,1.140636578202248E-002,6.936329603195190E-002,-9.220591783523560E-001,3.187177181243897E-001,1.140636578202248E-002,6.936329603195190E-002,-9.220591783523560E-001,3.187177181243897E-001,
1.150166666666667E+009,1.851711608469486E-002,8.197590708732605E-002,-9.173110723495483E-001,3.554107546806335E-001,1.851711608469486E-002,8.197590708732605E-002,-9.173110723495483E-001,3.554107546806335E-001,
1.158533333333334E+009,3.722152113914490E-002,8.982961624860764E-002,-9.048990011215210E-001,3.789696693420410E-001,3.722152113914490E-002,8.982961624860764E-002,-9.048990011215210E-001,3.789696693420410E-001,
1.166900000000000E+009,5.686044320464134E-002,8.831729739904404E-002,-8.968240022659302E-001,4.057487249374390E-001,5.686044320464134E-002,8.831729739904404E-002,-8.968240022659302E-001,4.057487249374390E-001,
1.175266666666667E+009,7.298839837312698E-002,7.877832651138306E-002,-8.758530616760254E-001,4.146281778812408E-001,7.298839837312698E-002,7.877832651138306E-002,-8.758530616760254E-001,4.146281778812408E-001,
1.183633333333334E+009,8.588927984237671E-002,6.388963013887405E-002,-8.742992877960205E-001,4.432304501533508E-001,8.588927984237671E-002,6.388963013887405E-002,-8.742992877960205E-001,4.432304501533508E-001,
1.192000000000000E+009,8.798682689666748E-002,4.674144089221954E-002,-8.681681156158447E-001,4.681069552898407E-001,8.798682689666748E-002,4.674144089221954E-002,-8.681681156158447E-001,4.681069552898407E-001,
1.200366666666667E+009,7.805187255144119E-002,2.889640629291534E-002,-8.515042662620544E-001,4.898788034915924E-001,7.805187255144119E-002,2.889640629291534E-002,-8.515042662620544E-001,4.898788034915924E-001,
1.208733333333334E+009,6.024815514683723E-002,1.992986164987087E-002,-8.431851863861084E-001,5.153580307960510E-001,6.024815514683723E-002,1.992986164987087E-002,-8.431851863861084E-001,5.153580307960510E-001,
1.217100000000000E+009,4.180656746029854E-002,2.148603461682797E-002,-8.114213347434998E-001,5.323765277862549E-001,4.180656746029854E-002,2.148603461682797E-002,-8.114213347434998E-001,5.323765277862549E-001,
1.225466666666667E+009,2.989055030047894E-002,3.285200148820877E-002,-8.182152509689331E-001,5.528512597084045E-001,2.989055030047894E-002,3.285200148820877E-002,-8.182152509689331E-001,5.528512597084045E-001,
1.233833333333334E+009,2.809322439134121E-002,4.820153862237930E-002,-7.984881997108460E-001,5.776784420013428E-001,2.809322439134121E-002,4.820153862237930E-002,-7.984881997108460E-001,5.776784420013428E-001,
1.242200000000000E+009,3.404664248228073E-002,6.202434375882149E-002,-7.729102969169617E-001,5.959593057632446E-001,3.404664248228073E-002,6.202434375882149E-002,-7.729102969169617E-001,5.959593057632446E-001,
1.250566666666667E+009,5.031530559062958E-002,7.225871086120606E-002,-7.730476260185242E-001,6.217227578163147E-001,5.031530559062958E-002,7.225871086120606E-002,-7.730476260185242E-001,6.217227578163147E-001,
1.258933333333334E+009,7.191386818885803E-002,7.260587066411972E-002,-7.525803446769714E-001,6.317332386970520E-001,7.191386818885803E-002,7.260587066411972E-002,-7.525803446769714E-001,6.317332386970520E-001,
1.267300000000000E+009,9.032852947711945E-002,5.990813300013542E-002,-7.301794886589050E-001,6.489971876144409E-001,9.032852947711945E-002,5.990813300013542E-002,-7.301794886589050E-001,6.489971876144409E-001,
1.275666666666667E+009,1.017812639474869E-001,4.246504232287407E-002,-7.222552895545960E-001,6.508007049560547E-001,1.017812639474869E-001,4.246504232287407E-002,-7.222552895545960E-001,6.508007049560547E-001,
1.284033333333334E+009,1.035619452595711E-001,2.090985141694546E-002,-6.936461329460144E-001,7.024152278900147E-001,1.035619452595711E-001,2.090985141694546E-002,-6.936461329460144E-001,7.024152278900147E-001,
1.292400000000000E+009,9.186640381813049E-002,2.596794161945581E-003,-6.913139224052429E-001,7.041765451431274E-001,9.186640381813049E-002,2.596794161945581E-003,-6.913139224052429E-001,7.041765451431274E-001,
1.300766666666667E+009,7.334960997104645E-002,-4.905643872916699E-003,-6.722572445869446E-001,7.226232886314392E-001,7.334960997104645E-002,-4.905643872916699E-003,-6.722572445869446E-001,7.226232886314392E-001,
1.309133333333334E+009,5.347499251365662E-002,-2.850039396435022E-003,-6.566912531852722E-001,7.500903010368347E-001,5.347499251365662E-002,-2.850039396435022E-003,-6.566912531852722E-001,7.500903010368347E-001,
1.317500000000000E+009,3.896604478359222E-002,9.368057362735272E-003,-6.231173276901245E-001,7.725313305854797E-001,3.896604478359222E-002,9.368057362735272E-003,-6.231173276901245E-001,7.725313305854797E-001,
1.325866666666667E+009,3.377971798181534E-002,2.534528635442257E-002,-6.105167269706726E-001,7.727009057998657E-001,3.377971798181534E-002,2.534528635442257E-002,-6.105167269706726E-001,7.727009057998657E-001,
1.334233333333334E+009,4.178679361939430E-002,4.333633184432983E-002,-5.850340127944946E-001,7.860447764396668E-001,4.178679361939430E-002,4.333633184432983E-002,-5.850340127944946E-001,7.860447764396668E-001,
1.342600000000000E+009,5.875227600336075E-002,4.910643026232719E-002,-5.733712315559387E-001,8.032931685447693E-001,5.875227600336075E-002,4.910643026232719E-002,-5.733712315559387E-001,8.032931685447693E-001,
1.350966666666667E+009,7.778227329254150E-002,4.669437929987907E-002,-5.457203388214111E-001,8.211004137992859E-001,7.778227329254150E-002,4.669437929987907E-002,-5.457203388214111E-001,8.211004137992859E-001,
1.359333333333334E+009,9.431340545415878E-002,3.421019390225411E-002,-5.230356454849243E-001,8.281779289245606E-001,9.431340545415878E-002,3.421019390225411E-002,-5.230356454849243E-001,8.281779289245606E-001,
1.367700000000000E+009,1.021821424365044E-001,1.237454079091549E-002,-5.078359842300415E-001,8.399226665496826E-001,1.021821424365044E-001,1.237454079091549E-002,-5.078359842300415E-001,8.399226665496826E-001,
1.376066666666667E+009,9.625430405139923E-002,-1.155195571482182E-002,-4.813541769981384E-001,8.503458499908447E-001,9.625430405139923E-002,-1.155195571482182E-002,-4.813541769981384E-001,8.503458499908447E-001,
1.384433333333334E+009,8.177085965871811E-002,-2.496564947068691E-002,-4.750220775604248E-001,8.663585186004639E-001,8.177085965871811E-002,-2.496564947068691E-002,-4.750220775604248E-001,8.663585186004639E-001,
1.392800000000000E+009,5.800608173012734E-002,-2.882337383925915E-002,-4.478997886180878E-001,8.711356520652771E-001,5.800608173012734E-002,-2.882337383925915E-002,-4.478997886180878E-001,8.711356520652771E-001,
1.401166666666667E+009,4.042425751686096E-002,-2.037101425230503E-002,-4.162189662456513E-001,8.998964428901672E-001,4.042425751686096E-002,-2.037101425230503E-002,-4.162189662456513E-001,8.998964428901672E-001,
1.409533333333334E+009,2.746234089136124E-002,7.156289211707190E-005,-3.945862948894501E-001,9.091918468475342E-001,2.746234089136124E-002,7.156289211707190E-005,-3.945862948894501E-001,9.091918468475342E-001,
1.417900000000000E+009,2.608184702694416E-002,2.093643881380558E-002,-3.553269505500794E-001,8.998379707336426E-001,2.608184702694416E-002,2.093643881380558E-002,-3.553269505500794E-001,8.998379707336426E-001,
1.426266666666667E+009,3.678829222917557E-002,3.927892073988915E-002,-3.459118008613586E-001,9.301236867904663E-001,3.678829222917557E-002,3.927892073988915E-002,-3.459118008613586E-001,9.301236867904663E-001,
1.434633333333334E+009,5.598482117056847E-002,4.603338614106178E-002,-3.174028694629669E-001,9.230484962463379E-001,5.598482117056847E-002,4.603338614106178E-002,-3.174028694629669E-001,9.230484962463379E-001,
1.443000000000000E+009,7.880393415689468E-002,4.248018562793732E-002,-2.935235500335693E-001,9.353880882263184E-001,7.880393415689468E-002,4.248018562793732E-002,-2.935235500335693E-001,9.353880882263184E-001,
1.451366666666667E+009,9.491826593875885E-002,2.541640028357506E-002,-2.755647599697113E-001,9.421864748001099E-001,9.491826593875885E-002,2.541640028357506E-002,-2.755647599697113E-001,9.421864748001099E-001,
1.459733333333334E+009,1.012944504618645E-001,2.995910821482539E-003,-2.613511085510254E-001,9.466499686241150E-001,1.012944504618645E-001,2.995910821482539E-003,-2.613511085510254E-001,9.466499686241150E-001,
1.468100000000000E+009,9.618978947401047E-002,-1.791843585669994E-002,-2.239519208669663E-001,9.510475397109985E-001,9.618978947401047E-002,-1.791843585669994E-002,-2.239519208669663E-001,9.510475397109985E-001,
1.476466666666667E+009,7.970911264419556E-002,-3.310563042759895E-002,-2.074431329965591E-001,9.662013053894043E-001,7.970911264419556E-002,-3.310563042759895E-002,-2.074431329965591E-001,9.662013053894043E-001,
1.484833333333334E+009,5.806299299001694E-002,-3.643077239394188E-002,-1.732896119356155E-001,9.661210179328919E-001,5.806299299001694E-002,-3.643077239394188E-002,-1.732896119356155E-001,9.661210179328919E-001,
1.493200000000000E+009,4.198708012700081E-002,-2.681549824774265E-002,-1.566412001848221E-001,9.742918610572815E-001,4.198708012700081E-002,-2.681549824774265E-002,-1.566412001848221E-001,9.742918610572815E-001,
1.501566666666667E+009,3.187347203493118E-002,-7.763055153191090E-003,-1.228139176964760E-001,9.724047780036926E-001,3.187347203493118E-002,-7.763055153191090E-003,-1.228139176964760E-001,9.724047780036926E-001,
1.509933333333334E+009,3.198509290814400E-002,1.456093415617943E-002,-1.089264452457428E-001,9.781500101089478E-001,3.198509290814400E-002,1.456093415617943E-002,-1.089264452457428E-001,9.781500101089478E-001,
1.518300000000000E+009,4.645410552620888E-002,3.038856573402882E-002,-8.040877431631088E-002,9.828854203224182E-001,4.645410552620888E-002,3.038856573402882E-002,-8.040877431631088E-002,9.828854203224182E-001,
1.526666666666667E+009,6.677150726318359E-002,3.621327877044678E-002,-4.474373161792755E-002,9.753279089927673E-001,6.677150726318359E-002,3.621327877044678E-002,-4.474373161792755E-002,9.753279089927673E-001,
1.535033333333334E+009,8.649480342864990E-002,3.186656907200813E-002,-2.949508465826511E-002,9.860915541648865E-001,8.649480342864990E-002,3.186656907200813E-002,-2.949508465826511E-002,9.860915541648865E-001,
1.543400000000000E+009,1.003149896860123E-001,1.449206657707691E-002,-5.940646398812532E-003,9.794775247573853E-001,1.003149896860123E-001,1.449206657707691E-002,-5.940646398812532E-003,9.794775247573853E-001,
1.551766666666667E+009,1.027826294302940E-001,-9.951127693057060E-003,1.883268728852272E-002,9.780535697937012E-001,1.027826294302940E-001,-9.951127693057060E-003,1.883268728852272E-002,9.780535697937012E-001,
1.560133333333334E+009,9.702573716640472E-002,-3.124094195663929E-002,3.436105325818062E-002,9.791980981826782E-001,9.702573716640472E-002,-3.124094195663929E-002,3.436105325818062E-002,9.791980981826782E-001,
1.568500000000000E+009,8.199599385261536E-002,-4.469607770442963E-002,5.231633782386780E-002,9.819263815879822E-001,8.199599385261536E-002,-4.469607770442963E-002,5.231633782386780E-002,9.819263815879822E-001,
1.576866666666667E+009,6.150655820965767E-002,-4.697990044951439E-002,9.567810595035553E-002,9.764971137046814E-001,6.150655820965767E-002,-4.697990044951439E-002,9.567810595035553E-002,9.764971137046814E-001,
1.585233333333334E+009,4.830892384052277E-002,-3.846685960888863E-002,1.106612682342529E-001,9.752134680747986E-001,4.830892384052277E-002,-3.846685960888863E-002,1.106612682342529E-001,9.752134680747986E-001,
1.593600000000000E+009,4.054075106978416E-002,-2.313753589987755E-002,1.412789523601532E-001,9.703168869018555E-001,4.054075106978416E-002,-2.313753589987755E-002,1.412789523601532E-001,9.703168869018555E-001,
1.601966666666667E+009,4.260189458727837E-002,-4.318100865930319E-003,1.642324924468994E-001,9.648641943931580E-001,4.260189458727837E-002,-4.318100865930319E-003,1.642324924468994E-001,9.648641943931580E-001,
1.610333333333334E+009,5.466653779149056E-002,9.586690925061703E-003,1.937032639980316E-001,9.592937231063843E-001,5.466653779149056E-002,9.586690925061703E-003,1.937032639980316E-001,9.592937231063843E-001,
1.618700000000000E+009,7.257551699876785E-002,1.263628527522087E-002,2.171252369880676E-001,9.550197124481201E-001,7.257551699876785E-002,1.263628527522087E-002,2.171252369880676E-001,9.550197124481201E-001,
1.627066666666667E+009,8.752320706844330E-002,5.710585974156857E-003,2.389551103115082E-001,9.471014142036438E-001,8.752320706844330E-002,5.710585974156857E-003,2.389551103115082E-001,9.471014142036438E-001,
1.635433333333334E+009,9.656397998332977E-002,-7.775179576128721E-003,2.684915661811829E-001,9.474543929100037E-001,9.656397998332977E-002,-7.775179576128721E-003,2.684915661811829E-001,9.474543929100037E-001,
1.643800000000000E+009,9.705298393964768E-002,-2.720758691430092E-002,2.807289361953735E-001,9.370236396789551E-001,9.705298393964768E-002,-2.720758691430092E-002,2.807289361953735E-001,9.370236396789551E-001,
1.652166666666667E+009,8.810837566852570E-002,-4.407444596290588E-002,3.140883445739746E-001,9.228881001472473E-001,8.810837566852570E-002,-4.407444596290588E-002,3.140883445739746E-001,9.228881001472473E-001,
1.660533333333334E+009,7.417441904544830E-002,-5.344990268349648E-002,3.300081789493561E-001,9.222262501716614E-001,7.417441904544830E-002,-5.344990268349648E-002,3.300081789493561E-001,9.222262501716614E-001,
1.668900000000000E+009,5.792235955595970E-002,-5.294903367757797E-002,3.547388017177582E-001,9.119464159011841E-001,5.792235955595970E-002,-5.294903367757797E-002,3.547388017177582E-001,9.119464159011841E-001,
1.677266666666667E+009,4.556068405508995E-002,-4.541568830609322E-002,3.947666287422180E-001,9.018026590347290E-001,4.556068405508995E-002,-4.541568830609322E-002,3.947666287422180E-001,9.018026590347290E-001,
1.685633333333334E+009,4.321849346160889E-002,-3.083324432373047E-002,4.096007049083710E-001,8.937916159629822E-001,4.321849346160889E-002,-3.083324432373047E-002,4.096007049083710E-001,8.937916159629822E-001,
1.694000000000000E+009,4.747200012207031E-002,-1.767440326511860E-002,4.293438494205475E-001,8.822799324989319E-001,4.747200012207031E-002,-1.767440326511860E-002,4.293438494205475E-001,8.822799324989319E-001,
1.702366666666667E+009,5.968831479549408E-002,-6.279248278588057E-003,4.481340944766998E-001,8.702964782714844E-001,5.968831479549408E-002,-6.279248278588057E-003,4.481340944766998E-001,8.702964782714844E-001,
1.710733333333334E+009,7.634593546390533E-002,-3.627290483564138E-003,4.695875048637390E-001,8.561077713966370E-001,7.634593546390533E-002,-3.627290483564138E-003,4.695875048637390E-001,8.561077713966370E-001,
1.719100000000000E+009,9.166376292705536E-002,-1.085012778639793E-002,4.979336857795715E-001,8.374210596084595E-001,9.166376292705536E-002,-1.085012778639793E-002,4.979336857795715E-001,8.374210596084595E-001,
1.727466666666667E+009,1.007940024137497E-001,-2.441764436662197E-002,5.178179740905762E-001,8.332532644271851E-001,1.007940024137497E-001,-2.441764436662197E-002,5.178179740905762E-001,8.332532644271851E-001,
1.735833333333334E+009,1.014484688639641E-001,-4.236849397420883E-002,5.343941450119019E-001,8.152132630348206E-001,1.014484688639641E-001,-4.236849397420883E-002,5.343941450119019E-001,8.152132630348206E-001,
1.744200000000000E+009,9.242206066846848E-002,-6.119932234287262E-002,5.572426319122315E-001,7.943214774131775E-001,9.242206066846848E-002,-6.119932234287262E-002,5.572426319122315E-001,7.943214774131775E-001,
1.752566666666667E+009,8.055175095796585E-002,-7.370851188898087E-002,5.847226977348328E-001,7.882909774780273E-001,8.055175095796585E-002,-7.370851188898087E-002,5.847226977348328E-001,7.882909774780273E-001,
1.760933333333334E+009,6.414688378572464E-002,-8.021111041307449E-002,5.988845825195313E-001,7.802798151969910E-001,6.414688378572464E-002,-8.021111041307449E-002,5.988845825195313E-001,7.802798151969910E-001,
1.769300000000000E+009,5.009633302688599E-002,-7.715086638927460E-002,6.128819584846497E-001,7.701613306999207E-001,5.009633302688599E-002,-7.715086638927460E-002,6.128819584846497E-001,7.701613306999207E-001,
1.777666666666667E+009,4.080398008227348E-002,-6.731530278921127E-002,6.338767409324646E-001,7.564453482627869E-001,4.080398008227348E-002,-6.731530278921127E-002,6.338767409324646E-001,7.564453482627869E-001,
1.786033333333334E+009,3.911233693361282E-002,-5.710194632411003E-002,6.480068564414978E-001,7.259621620178223E-001,3.911233693361282E-002,-5.710194632411003E-002,6.480068564414978E-001,7.259621620178223E-001,
1.794400000000000E+009,4.511299729347229E-002,-4.405399039387703E-002,6.704994440078735E-001,7.127413749694824E-001,4.511299729347229E-002,-4.405399039387703E-002,6.704994440078735E-001,7.127413749694824E-001,
1.802766666666667E+009,5.299167335033417E-002,-3.862557560205460E-002,6.904082894325256E-001,6.966113448143005E-001,5.299167335033417E-002,-3.862557560205460E-002,6.904082894325256E-001,6.966113448143005E-001,
1.811133333333334E+009,6.281092017889023E-002,-3.697325289249420E-002,7.144104838371277E-001,6.734482645988464E-001,6.281092017889023E-002,-3.697325289249420E-002,7.144104838371277E-001,6.734482645988464E-001,
1.819500000000000E+009,7.271425426006317E-002,-4.069072380661964E-002,7.248300909996033E-001,6.470988392829895E-001,7.271425426006317E-002,-4.069072380661964E-002,7.248300909996033E-001,6.470988392829895E-001,
1.827866666666667E+009,7.800094038248062E-002,-5.014122650027275E-002,7.437928915023804E-001,6.370312571525574E-001,7.800094038248062E-002,-5.014122650027275E-002,7.437928915023804E-001,6.370312571525574E-001,
1.836233333333334E+009,7.493019849061966E-002,-6.127382069826126E-002,7.553467750549316E-001,6.178361177444458E-001,7.493019849061966E-002,-6.127382069826126E-002,7.553467750549316E-001,6.178361177444458E-001,
1.844600000000000E+009,6.704873591661453E-002,-7.172553241252899E-002,7.722384929656982E-001,6.156528592109680E-001,6.704873591661453E-002,-7.172553241252899E-002,7.722384929656982E-001,6.156528592109680E-001,
1.852966666666667E+009,5.738746374845505E-002,-7.744266092777252E-002,7.819633483886719E-001,5.785683393478394E-001,5.738746374845505E-002,-7.744266092777252E-002,7.819633483886719E-001,5.785683393478394E-001,
1.861333333333334E+009,4.856445640325546E-002,-8.093316853046417E-002,8.061223626136780E-001,5.585536360740662E-001,4.856445640325546E-002,-8.093316853046417E-002,8.061223626136780E-001,5.585536360740662E-001,
1.869700000000000E+009,4.076353460550308E-002,-7.583004981279373E-002,8.175551891326904E-001,5.406080484390259E-001,4.076353460550308E-002,-7.583004981279373E-002,8.175551891326904E-001,5.406080484390259E-001,
1.878066666666667E+009,3.746500611305237E-002,-7.072991132736206E-002,8.342048525810242E-001,5.260021686553955E-001,3.746500611305237E-002,-7.072991132736206E-002,8.342048525810242E-001,5.260021686553955E-001,
1.886433333333334E+009,3.987161070108414E-002,-6.236105039715767E-002,8.495568037033081E-001,5.000233650207520E-001,3.987161070108414E-002,-6.236105039715767E-002,8.495568037033081E-001,5.000233650207520E-001,
1.894800000000000E+009,4.801699146628380E-002,-5.741271004080772E-002,8.624233603477478E-001,4.825750589370728E-001,4.801699146628380E-002,-5.741271004080772E-002,8.624233603477478E-001,4.825750589370728E-001,
1.903166666666667E+009,5.706446245312691E-002,-5.353842303156853E-002,8.722923994064331E-001,4.504250586032867E-001,5.706446245312691E-002,-5.353842303156853E-002,8.722923994064331E-001,4.504250586032867E-001,
1.911533333333334E+009,6.607877463102341E-002,-5.873843654990196E-002,8.807437419891357E-001,4.235872924327850E-001,6.607877463102341E-002,-5.873843654990196E-002,8.807437419891357E-001,4.235872924327850E-001,
1.919900000000000E+009,7.226454466581345E-002,-6.767112016677856E-002,8.956294059753418E-001,4.082410633563995E-001,7.226454466581345E-002,-6.767112016677856E-002,8.956294059753418E-001,4.082410633563995E-001,
1.928266666666667E+009,7.416085898876190E-002,-7.843283563852310E-002,8.934413194656372E-001,3.725027441978455E-001,7.416085898876190E-002,-7.843283563852310E-002,8.934413194656372E-001,3.725027441978455E-001,
1.936633333333334E+009,6.822211295366287E-002,-9.124000370502472E-002,9.127856492996216E-001,3.653609454631805E-001,6.822211295366287E-002,-9.124000370502472E-002,9.127856492996216E-001,3.653609454631805E-001,
1.945000000000000E+009,5.756781995296478E-002,-1.006847769021988E-001,9.213513731956482E-001,3.367362618446350E-001,5.756781995296478E-002,-1.006847769021988E-001,9.213513731956482E-001,3.367362618446350E-001,
1.953366666666667E+009,4.526836052536964E-002,-1.072341427206993E-001,9.219942092895508E-001,3.134587109088898E-001,4.526836052536964E-002,-1.072341427206993E-001,9.219942092895508E-001,3.134587109088898E-001,
1.961733333333334E+009,2.957607433199883E-002,-1.049607023596764E-001,9.388825297355652E-001,2.924266159534454E-001,2.957607433199883E-002,-1.049607023596764E-001,9.388825297355652E-001,2.924266159534454E-001,
1.970100000000000E+009,1.866821199655533E-002,-9.998472779989243E-002,9.378345608711243E-001,2.691114842891693E-001,1.866821199655533E-002,-9.998472779989243E-002,9.378345608711243E-001,2.691114842891693E-001,
1.978466666666667E+009,1.474371645599604E-002,-8.843733370304108E-002,9.498124718666077E-001,2.404386848211289E-001,1.474371645599604E-002,-8.843733370304108E-002,9.498124718666077E-001,2.404386848211289E-001,
1.986833333333334E+009,1.854424364864826E-002,-7.787010073661804E-002,9.511024355888367E-001,2.196581363677979E-001,1.854424364864826E-002,-7.787010073661804E-002,9.511024355888367E-001,2.196581363677979E-001,
1.995200000000000E+009,2.954969741404057E-002,-7.057292014360428E-002,9.557950496673584E-001,2.021517306566238E-001,2.954969741404057E-002,-7.057292014360428E-002,9.557950496673584E-001,2.021517306566238E-001,
2.003566666666667E+009,4.351349174976349E-002,-6.961601972579956E-002,9.626881480216980E-001,1.644192636013031E-001,4.351349174976349E-002,-6.961601972579956E-002,9.626881480216980E-001,1.644192636013031E-001,
2.011933333333334E+009,5.653058737516403E-002,-7.758471369743347E-002,9.681795835494995E-001,1.400176435709000E-001,5.653058737516403E-002,-7.758471369743347E-002,9.681795835494995E-001,1.400176435709000E-001,
2.020300000000000E+009,6.403741240501404E-002,-8.800490200519562E-002,9.705629944801331E-001,1.102841049432755E-001,6.403741240501404E-002,-8.800490200519562E-002,9.705629944801331E-001,1.102841049432755E-001,
2.028666666666667E+009,6.252407282590866E-002,-1.045482680201531E-001,9.734852313995361E-001,9.206197410821915E-002,6.252407282590866E-002,-1.045482680201531E-001,9.734852313995361E-001,9.206197410821915E-002,
2.037033333333334E+009,5.219217017292976E-002,-1.212705373764038E-001,9.754953980445862E-001,6.762465834617615E-002,5.219217017292976E-002,-1.212705373764038E-001,9.754953980445862E-001,6.762465834617615E-002,
2.045400000000000E+009,3.527983278036118E-002,-1.309323310852051E-001,9.722238779067993E-001,4.665940627455711E-002,3.527983278036118E-002,-1.309323310852051E-001,9.722238779067993E-001,4.665940627455711E-002,
2.053766666666667E+009,1.528264768421650E-002,-1.323647350072861E-001,9.759847521781921E-001,2.254496328532696E-002,1.528264768421650E-002,-1.323647350072861E-001,9.759847521781921E-001,2.254496328532696E-002,
2.062133333333334E+009,-4.215812950860709E-004,-1.265188008546829E-001,9.805518984794617E-001,-2.487468300387263E-003,-4.215812950860709E-004,-1.265188008546829E-001,9.805518984794617E-001,-2.487468300387263E-003,
2.070500000000000E+009,-8.411067537963390E-003,-1.121232435107231E-001,9.807378053665161E-001,-2.973159775137901E-002,-8.411067537963390E-003,-1.121232435107231E-001,9.807378053665161E-001,-2.973159775137901E-002,
2.078866666666667E+009,-6.637271028012037E-003,-9.712785482406616E-002,9.753744006156921E-001,-5.215838924050331E-002,-6.637271028012037E-003,-9.712785482406616E-002,9.753744006156921E-001,-5.215838924050331E-002,
2.087233333333334E+009,4.171103704720736E-003,-8.983909338712692E-002,9.762884974479675E-001,-8.711632341146469E-002,4.171103704720736E-003,-8.983909338712692E-002,9.762884974479675E-001,-8.711632341146469E-002,
2.095600000000000E+009,2.094032615423203E-002,-8.633728325366974E-002,9.784081578254700E-001,-1.059768870472908E-001,2.094032615423203E-002,-8.633728325366974E-002,9.784081578254700E-001,-1.059768870472908E-001,
2.103966666666667E+009,3.611779958009720E-002,-9.661976993083954E-002,9.762185215950012E-001,-1.360658556222916E-001,3.611779958009720E-002,-9.661976993083954E-002,9.762185215950012E-001,-1.360658556222916E-001,
2.112333333333334E+009,4.471429064869881E-002,-1.123348027467728E-001,9.613269567489624E-001,-1.567898541688919E-001,4.471429064869881E-002,-1.123348027467728E-001,9.613269567489624E-001,-1.567898541688919E-001,
2.120700000000000E+009,4.354787245392799E-002,-1.356729269027710E-001,9.598509073257446E-001,-1.879956275224686E-001,4.354787245392799E-002,-1.356729269027710E-001,9.598509073257446E-001,-1.879956275224686E-001,
2.129066666666667E+009,2.870492637157440E-002,-1.524603664875031E-001,9.631465077400208E-001,-2.151645123958588E-001,2.870492637157440E-002,-1.524603664875031E-001,9.631465077400208E-001,-2.151645123958588E-001,
2.137433333333334E+009,4.896372556686401E-003,-1.633478701114655E-001,9.448328614234924E-001,-2.310485094785690E-001,4.896372556686401E-003,-1.633478701114655E-001,9.448328614234924E-001,-2.310485094785690E-001,
2.145800000000000E+009,-2.461061254143715E-002,-1.621205508708954E-001,9.412146806716919E-001,-2.568998038768768E-001,-2.461061254143715E-002,-1.621205508708954E-001,9.412146806716919E-001,-2.568998038768768E-001,
2.154166666666667E+009,-4.661667719483376E-002,-1.498500704765320E-001,9.363121986389160E-001,-2.739582657814026E-001,-4.661667719483376E-002,-1.498500704765320E-001,9.363121986389160E-001,-2.739582657814026E-001,
2.162533333333334E+009,-5.904762819409370E-002,-1.274276673793793E-001,9.162071943283081E-001,-2.971870899200440E-001,-5.904762819409370E-002,-1.274276673793793E-001,9.162071943283081E-001,-2.971870899200440E-001,
2.170900000000000E+009,-5.761483311653137E-002,-1.062966957688332E-001,9.225416183471680E-001,-3.270105421543121E-001,-5.761483311653137E-002,-1.062966957688332E-001,9.225416183471680E-001,-3.270105421543121E-001,
2.179266666666667E+009,-4.389832913875580E-002,-9.199624508619309E-002,9.150540828704834E-001,-3.408271968364716E-001,-4.389832913875580E-002,-9.199624508619309E-002,9.150540828704834E-001,-3.408271968364716E-001,
2.187633333333334E+009,-2.364909090101719E-002,-8.781287074089050E-002,9.089292883872986E-001,-3.741326034069061E-001,-2.364909090101719E-002,-8.781287074089050E-002,9.089292883872986E-001,-3.741326034069061E-001,
2.196000000000000E+009,-1.900526345707476E-003,-9.778820723295212E-002,8.901783823966980E-001,-3.972644507884979E-001,-1.900526345707476E-003,-9.778820723295212E-002,8.901783823966980E-001,-3.972644507884979E-001,
2.204366666666667E+009,9.634850546717644E-003,-1.183717846870422E-001,8.805760145187378E-001,-4.163310825824738E-001,9.634850546717644E-003,-1.183717846870422E-001,8.805760145187378E-001,-4.163310825824738E-001,
2.212733333333334E+009,8.403226733207703E-003,-1.439393013715744E-001,8.648828864097595E-001,-4.489510655403137E-001,8.403226733207703E-003,-1.439393013715744E-001,8.648828864097595E-001,-4.489510655403137E-001,
2.221100000000000E+009,-8.395956829190254E-003,-1.646748036146164E-001,8.464891910552979E-001,-4.642557203769684E-001,-8.395956829190254E-003,-1.646748036146164E-001,8.464891910552979E-001,-4.642557203769684E-001,
2.229466666666667E+009,-3.298928961157799E-002,-1.751864999532700E-001,8.364911079406738E-001,-4.736763834953308E-001,-3.298928961157799E-002,-1.751864999532700E-001,8.364911079406738E-001,-4.736763834953308E-001,
2.237833333333334E+009,-6.504833698272705E-002,-1.702224761247635E-001,8.282931447029114E-001,-5.004999637603760E-001,-6.504833698272705E-002,-1.702224761247635E-001,8.282931447029114E-001,-5.004999637603760E-001,
2.246200000000000E+009,-9.118324518203735E-002,-1.526900678873062E-001,8.155058622360230E-001,-5.167469382286072E-001,-9.118324518203735E-002,-1.526900678873062E-001,8.155058622360230E-001,-5.167469382286072E-001,
2.254566666666667E+009,-1.034993082284927E-001,-1.262135654687882E-001,8.046044707298279E-001,-5.407877564430237E-001,-1.034993082284927E-001,-1.262135654687882E-001,8.046044707298279E-001,-5.407877564430237E-001,
2.262933333333334E+009,-1.029294952750206E-001,-1.025597527623177E-001,7.940597534179688E-001,-5.596651434898377E-001,-1.029294952750206E-001,-1.025597527623177E-001,7.940597534179688E-001,-5.596651434898377E-001,
2.271300000000000E+009,-8.869133144617081E-002,-8.317735046148300E-002,7.776226401329041E-001,-5.796881318092346E-001,-8.869133144617081E-002,-8.317735046148300E-002,7.776226401329041E-001,-5.796881318092346E-001,
2.279666666666667E+009,-6.572709232568741E-002,-8.060024678707123E-002,7.658772468566895E-001,-5.989009737968445E-001,-6.572709232568741E-002,-8.060024678707123E-002,7.658772468566895E-001,-5.989009737968445E-001,
2.288033333333334E+009,-4.683883860707283E-002,-9.206636995077133E-002,7.493812441825867E-001,-6.335725188255310E-001,-4.683883860707283E-002,-9.206636995077133E-002,7.493812441825867E-001,-6.335725188255310E-001,
2.296400000000000E+009,-3.560946509242058E-002,-1.138362735509872E-001,7.257949113845825E-001,-6.504969000816345E-001,-3.560946509242058E-002,-1.138362735509872E-001,7.257949113845825E-001,-6.504969000816345E-001,
2.304766666666667E+009,-4.207431524991989E-002,-1.398425847291946E-001,7.115437984466553E-001,-6.567568182945252E-001,-4.207431524991989E-002,-1.398425847291946E-001,7.115437984466553E-001,-6.567568182945252E-001,
2.313133333333334E+009,-6.222782284021378E-002,-1.560572832822800E-001,6.862387657165527E-001,-6.875549554824829E-001,-6.222782284021378E-002,-1.560572832822800E-001,6.862387657165527E-001,-6.875549554824829E-001,
2.321500000000000E+009,-8.787754923105240E-002,-1.581808924674988E-001,6.741951107978821E-001,-6.940171122550964E-001,-8.787754923105240E-002,-1.581808924674988E-001,6.741951107978821E-001,-6.940171122550964E-001,
2.329866666666667E+009,-1.149974837899208E-001,-1.466788351535797E-001,6.593213677406311E-001,-7.088671922683716E-001,-1.149974837899208E-001,-1.466788351535797E-001,6.593213677406311E-001,-7.088671922683716E-001,
2.338233333333334E+009,-1.342750340700150E-001,-1.240002512931824E-001,6.350588202476502E-001,-7.264328002929688E-001,-1.342750340700150E-001,-1.240002512931824E-001,6.350588202476502E-001,-7.264328002929688E-001,
2.346600000000000E+009,-1.390266716480255E-001,-9.220755100250244E-002,6.176863908767700E-001,-7.456079721450806E-001,-1.390266716480255E-001,-9.220755100250244E-002,6.176863908767700E-001,-7.456079721450806E-001,
2.354966666666667E+009,-1.269896179437637E-001,-6.832488626241684E-002,6.100429892539978E-001,-7.565689682960510E-001,-1.269896179437637E-001,-6.832488626241684E-002,6.100429892539978E-001,-7.565689682960510E-001,
2.363333333333334E+009,-1.060653850436211E-001,-5.818914622068405E-002,5.925108790397644E-001,-7.743080854415894E-001,-1.060653850436211E-001,-5.818914622068405E-002,5.925108790397644E-001,-7.743080854415894E-001,
2.371700000000000E+009,-7.806265354156494E-002,-6.283953785896301E-002,5.710504055023193E-001,-7.974300384521484E-001,-7.806265354156494E-002,-6.283953785896301E-002,5.710504055023193E-001,-7.974300384521484E-001,
2.380066666666667E+009,-6.130724027752876E-002,-8.782815933227539E-002,5.391327142715454E-001,-8.090552687644959E-001,-6.130724027752876E-002,-8.782815933227539E-002,5.391327142715454E-001,-8.090552687644959E-001,
2.388433333333334E+009,-6.033076345920563E-002,-1.186630204319954E-001,5.165868997573853E-001,-8.199118971824646E-001,-6.033076345920563E-002,-1.186630204319954E-001,5.165868997573853E-001,-8.199118971824646E-001,
2.396800000000000E+009,-7.789410650730133E-002,-1.489160060882568E-001,4.857190251350403E-001,-8.347822427749634E-001,-7.789410650730133E-002,-1.489160060882568E-001,4.857190251350403E-001,-8.347822427749634E-001,
2.405166666666667E+009,-1.097702085971832E-001,-1.682675331830978E-001,4.671824574470520E-001,-8.448055982589722E-001,-1.097702085971832E-001,-1.682675331830978E-001,4.671824574470520E-001,-8.448055982589722E-001,
2.413533333333334E+009,-1.514736264944077E-001,-1.643622368574143E-001,4.431859850883484E-001,-8.505957722663879E-001,-1.514736264944077E-001,-1.643622368574143E-001,4.431859850883484E-001,-8.505957722663879E-001,
2.421900000000000E+009,-1.872880458831787E-001,-1.426262110471726E-001,4.338147938251495E-001,-8.567889928817749E-001,-1.872880458831787E-001,-1.426262110471726E-001,4.338147938251495E-001,-8.567889928817749E-001,
2.430266666666667E+009,-2.078384906053543E-001,-1.050848960876465E-001,4.111727774143219E-001,-8.709464073181152E-001,-2.078384906053543E-001,-1.050848960876465E-001,4.111727774143219E-001,-8.709464073181152E-001,
2.438633333333334E+009,-2.140948772430420E-001,-6.192703917622566E-002,3.942866325378418E-001,-8.783826828002930E-001,-2.140948772430420E-001,-6.192703917622566E-002,3.942866325378418E-001,-8.783826828002930E-001,
2.447000000000000E+009,-1.980840563774109E-001,-2.257402986288071E-002,3.745196163654327E-001,-8.928000926971436E-001,-1.980840563774109E-001,-2.257402986288071E-002,3.745196163654327E-001,-8.928000926971436E-001,
2.455366666666667E+009,-1.673761457204819E-001,-1.065202159225009E-004,3.545209765434265E-001,-9.025354981422424E-001,-1.673761457204819E-001,-1.065202159225009E-004,3.545209765434265E-001,-9.025354981422424E-001,
2.463733333333334E+009,-1.336293667554855E-001,2.512003527954221E-003,3.306555747985840E-001,-9.181782007217407E-001,-1.336293667554855E-001,2.512003527954221E-003,3.306555747985840E-001,-9.181782007217407E-001,
2.472100000000000E+009,-1.062863767147064E-001,-1.624004915356636E-002,3.043549358844757E-001,-9.277332425117493E-001,-1.062863767147064E-001,-1.624004915356636E-002,3.043549358844757E-001,-9.277332425117493E-001,
2.480466666666667E+009,-9.558374434709549E-002,-4.776013642549515E-002,2.709801197052002E-001,-9.313390851020813E-001,-9.558374434709549E-002,-4.776013642549515E-002,2.709801197052002E-001,-9.313390851020813E-001,
2.488833333333334E+009,-1.055711805820465E-001,-7.935419678688049E-002,2.454634904861450E-001,-9.363651871681213E-001,-1.055711805820465E-001,-7.935419678688049E-002,2.454634904861450E-001,-9.363651871681213E-001,
2.497200000000000E+009,-1.294504702091217E-001,-9.884511679410934E-002,2.186127752065659E-001,-9.449556469917297E-001,-1.294504702091217E-001,-9.884511679410934E-002,2.186127752065659E-001,-9.449556469917297E-001,
2.505566666666667E+009,-1.668161302804947E-001,-1.002797335386276E-001,1.893401741981506E-001,-9.470376968383789E-001,-1.668161302804947E-001,-1.002797335386276E-001,1.893401741981506E-001,-9.470376968383789E-001,
2.513933333333334E+009,-1.956444382667542E-001,-8.114560693502426E-002,1.711909621953964E-001,-9.463722705841065E-001,-1.956444382667542E-001,-8.114560693502426E-002,1.711909621953964E-001,-9.463722705841065E-001,
2.522300000000000E+009,-2.127424776554108E-001,-5.040092021226883E-002,1.457209885120392E-001,-9.484634399414063E-001,-2.127424776554108E-001,-5.040092021226883E-002,1.457209885120392E-001,-9.484634399414063E-001,
2.530666666666667E+009,-2.119138240814209E-001,-1.207068283110857E-002,1.219942495226860E-001,-9.537391066551209E-001,-2.119138240814209E-001,-1.207068283110857E-002,1.219942495226860E-001,-9.537391066551209E-001,
2.539033333333334E+009,-1.949206739664078E-001,1.921603269875050E-002,1.055877730250359E-001,-9.569734930992127E-001,-1.949206739664078E-001,1.921603269875050E-002,1.055877730250359E-001,-9.569734930992127E-001,
2.547400000000000E+009,-1.656506657600403E-001,3.788087517023087E-002,8.766595274209976E-002,-9.675898551940918E-001,-1.656506657600403E-001,3.788087517023087E-002,8.766595274209976E-002,-9.675898551940918E-001,
2.555766666666667E+009,-1.326468735933304E-001,3.729839622974396E-002,5.447753146290779E-002,-9.742571711540222E-001,-1.326468735933304E-001,3.729839622974396E-002,5.447753146290779E-002,-9.742571711540222E-001,
2.564133333333334E+009,-1.107099279761314E-001,1.548370346426964E-002,2.783780358731747E-002,-9.751480817794800E-001,-1.107099279761314E-001,1.548370346426964E-002,2.783780358731747E-002,-9.751480817794800E-001,
2.572500000000000E+009,-1.065844893455505E-001,-1.458780374377966E-002,4.081542556377826E-006,-9.708248972892761E-001,-1.065844893455505E-001,-1.458780374377966E-002,4.081542556377826E-006,-9.708248972892761E-001,
2.580866666666667E+009,-1.217438280582428E-001,-4.345184192061424E-002,-2.815259061753750E-002,-9.717785120010376E-001,-1.217438280582428E-001,-4.345184192061424E-002,-2.815259061753750E-002,-9.717785120010376E-001,
2.589233333333334E+009,-1.530759781599045E-001,-5.898438021540642E-002,-6.137112900614739E-002,-9.621421098709106E-001,-1.530759781599045E-001,-5.898438021540642E-002,-6.137112900614739E-002,-9.621421098709106E-001,
2.597600000000000E+009,-1.873389035463333E-001,-5.856039002537727E-002,-8.171493560075760E-002,-9.605197310447693E-001,-1.873389035463333E-001,-5.856039002537727E-002,-8.171493560075760E-002,-9.605197310447693E-001,
2.605966666666667E+009,-2.179668843746185E-001,-3.517503663897514E-002,-9.894103556871414E-002,-9.591994285583496E-001,-2.179668843746185E-001,-3.517503663897514E-002,-9.894103556871414E-002,-9.591994285583496E-001,
2.614333333333334E+009,-2.327637672424316E-001,-2.067556837573648E-003,-1.211094409227371E-001,-9.479362368583679E-001,-2.327637672424316E-001,-2.067556837573648E-003,-1.211094409227371E-001,-9.479362368583679E-001,
2.622700000000000E+009,-2.291586846113205E-001,3.949496150016785E-002,-1.409638077020645E-001,-9.449650049209595E-001,-2.291586846113205E-001,3.949496150016785E-002,-1.409638077020645E-001,-9.449650049209595E-001,
2.631066666666667E+009,-2.085362225770950E-001,7.379852235317230E-002,-1.650039255619049E-001,-9.523302912712097E-001,-2.085362225770950E-001,7.379852235317230E-002,-1.650039255619049E-001,-9.523302912712097E-001,
2.639433333333334E+009,-1.755070388317108E-001,9.119063615798950E-002,-1.821686774492264E-001,-9.435723423957825E-001,-1.755070388317108E-001,9.119063615798950E-002,-1.821686774492264E-001,-9.435723423957825E-001,
2.647800000000000E+009,-1.405597925186157E-001,9.089583903551102E-002,-2.098629474639893E-001,-9.441253542900085E-001,-1.405597925186157E-001,9.089583903551102E-002,-2.098629474639893E-001,-9.441253542900085E-001,
2.656166666666667E+009,-1.167603135108948E-001,7.209413498640060E-002,-2.371655404567719E-001,-9.483837485313416E-001,-1.167603135108948E-001,7.209413498640060E-002,-2.371655404567719E-001,-9.483837485313416E-001,
2.664533333333334E+009,-1.101696342229843E-001,4.424453899264336E-002,-2.690407037734985E-001,-9.292145371437073E-001,-1.101696342229843E-001,4.424453899264336E-002,-2.690407037734985E-001,-9.292145371437073E-001,
2.672900000000000E+009,-1.228604912757874E-001,1.777291297912598E-002,-2.914960682392120E-001,-9.274468421936035E-001,-1.228604912757874E-001,1.777291297912598E-002,-2.914960682392120E-001,-9.274468421936035E-001,
2.681266666666667E+009,-1.506013870239258E-001,4.244650714099407E-003,-3.180860877037048E-001,-9.121971130371094E-001,-1.506013870239258E-001,4.244650714099407E-003,-3.180860877037048E-001,-9.121971130371094E-001,
2.689633333333334E+009,-1.840490996837616E-001,6.613589823246002E-003,-3.401432931423187E-001,-9.034036397933960E-001,-1.840490996837616E-001,6.613589823246002E-003,-3.401432931423187E-001,-9.034036397933960E-001,
2.698000000000000E+009,-2.095382809638977E-001,2.883598394691944E-002,-3.516175150871277E-001,-8.877755403518677E-001,-2.095382809638977E-001,2.883598394691944E-002,-3.516175150871277E-001,-8.877755403518677E-001,
2.706366666666667E+009,-2.201671153306961E-001,6.348636746406555E-002,-3.783121407032013E-001,-8.720574378967285E-001,-2.201671153306961E-001,6.348636746406555E-002,-3.783121407032013E-001,-8.720574378967285E-001,
2.714733333333334E+009,-2.137491106987000E-001,9.885336458683014E-002,-3.901247978210449E-001,-8.704947829246521E-001,-2.137491106987000E-001,9.885336458683014E-002,-3.901247978210449E-001,-8.704947829246521E-001,
2.723100000000000E+009,-1.888746172189713E-001,1.307409554719925E-001,-4.113204479217529E-001,-8.620797991752625E-001,-1.888746172189713E-001,1.307409554719925E-001,-4.113204479217529E-001,-8.620797991752625E-001,
2.731466666666667E+009,-1.512357294559479E-001,1.471118628978729E-001,-4.345953762531281E-001,-8.576174378395081E-001,-1.512357294559479E-001,1.471118628978729E-001,-4.345953762531281E-001,-8.576174378395081E-001,
2.739833333333334E+009,-1.155048087239265E-001,1.436420679092407E-001,-4.519062638282776E-001,-8.474350571632385E-001,-1.155048087239265E-001,1.436420679092407E-001,-4.519062638282776E-001,-8.474350571632385E-001,
2.748200000000000E+009,-8.994595706462860E-002,1.253810524940491E-001,-4.796981215476990E-001,-8.404982686042786E-001,-8.994595706462860E-002,1.253810524940491E-001,-4.796981215476990E-001,-8.404982686042786E-001,
2.756566666666667E+009,-8.092321455478668E-002,9.565408527851105E-002,-5.074305534362793E-001,-8.315858840942383E-001,-8.092321455478668E-002,9.565408527851105E-002,-5.074305534362793E-001,-8.315858840942383E-001,
2.764933333333334E+009,-9.070696681737900E-002,6.736979633569717E-002,-5.407805442810059E-001,-8.169683814048767E-001,-9.070696681737900E-002,6.736979633569717E-002,-5.407805442810059E-001,-8.169683814048767E-001,
2.773300000000000E+009,-1.161792054772377E-001,4.891062900424004E-002,-5.566394329071045E-001,-7.947705984115601E-001,-1.161792054772377E-001,4.891062900424004E-002,-5.566394329071045E-001,-7.947705984115601E-001,
2.781666666666667E+009,-1.505296230316162E-001,5.251532420516014E-002,-5.734024643898010E-001,-7.763001918792725E-001,-1.505296230316162E-001,5.251532420516014E-002,-5.734024643898010E-001,-7.763001918792725E-001,
2.790033333333334E+009,-1.769626289606094E-001,7.173414528369904E-002,-5.919795036315918E-001,-7.585354447364807E-001,-1.769626289606094E-001,7.173414528369904E-002,-5.919795036315918E-001,-7.585354447364807E-001,
2.798400000000000E+009,-1.896529495716095E-001,1.039153859019280E-001,-6.066275835037231E-001,-7.431612610816956E-001,-1.896529495716095E-001,1.039153859019280E-001,-6.066275835037231E-001,-7.431612610816956E-001,
2.806766666666667E+009,-1.810714006423950E-001,1.405351608991623E-001,-6.210635900497437E-001,-7.252413034439087E-001,-1.810714006423950E-001,1.405351608991623E-001,-6.210635900497437E-001,-7.252413034439087E-001,
2.815133333333334E+009,-1.582323908805847E-001,1.677429080009460E-001,-6.335455179214478E-001,-7.158255577087402E-001,-1.582323908805847E-001,1.677429080009460E-001,-6.335455179214478E-001,-7.158255577087402E-001,
2.823500000000000E+009,-1.208412796258926E-001,1.821913272142410E-001,-6.508283019065857E-001,-7.053477764129639E-001,-1.208412796258926E-001,1.821913272142410E-001,-6.508283019065857E-001,-7.053477764129639E-001,
2.831866666666667E+009,-8.455432206392288E-002,1.768094599246979E-001,-6.677557229995728E-001,-6.914645433425903E-001,-8.455432206392288E-002,1.768094599246979E-001,-6.677557229995728E-001,-6.914645433425903E-001,
2.840233333333334E+009,-5.636043474078178E-002,1.574965417385101E-001,-6.969702839851379E-001,-6.796957254409790E-001,-5.636043474078178E-002,1.574965417385101E-001,-6.969702839851379E-001,-6.796957254409790E-001,
2.848600000000000E+009,-4.547563195228577E-002,1.280616074800491E-001,-7.128727436065674E-001,-6.545994877815247E-001,-4.547563195228577E-002,1.280616074800491E-001,-7.128727436065674E-001,-6.545994877815247E-001,
2.856966666666667E+009,-5.523578450083733E-002,9.971100836992264E-002,-7.331399321556091E-001,-6.381664276123047E-001,-5.523578450083733E-002,9.971100836992264E-002,-7.331399321556091E-001,-6.381664276123047E-001,
2.865333333333334E+009,-8.165548741817474E-002,8.272555470466614E-002,-7.543613910675049E-001,-6.210357546806335E-001,-8.165548741817474E-002,8.272555470466614E-002,-7.543613910675049E-001,-6.210357546806335E-001,
2.873700000000000E+009,-1.155230998992920E-001,8.353759348392487E-002,-7.698746919631958E-001,-5.857436656951904E-001,-1.155230998992920E-001,8.353759348392487E-002,-7.698746919631958E-001,-5.857436656951904E-001,
2.882066666666667E+009,-1.427013576030731E-001,1.038684248924255E-001,-7.759070396423340E-001,-5.614217519760132E-001,-1.427013576030731E-001,1.038684248924255E-001,-7.759070396423340E-001,-5.614217519760132E-001,
2.890433333333334E+009,-1.571314781904221E-001,1.380298286676407E-001,-7.869769334793091E-001,-5.412455201148987E-001,-1.571314781904221E-001,1.380298286676407E-001,-7.869769334793091E-001,-5.412455201148987E-001,
2.898800000000000E+009,-1.484475284814835E-001,1.758251935243607E-001,-7.936132550239563E-001,-5.243632197380066E-001,-1.484475284814835E-001,1.758251935243607E-001,-7.936132550239563E-001,-5.243632197380066E-001,
2.907166666666667E+009,-1.229868754744530E-001,2.044406384229660E-001,-8.021937608718872E-001,-5.136263370513916E-001,-1.229868754744530E-001,2.044406384229660E-001,-8.021937608718872E-001,-5.136263370513916E-001,
2.915533333333334E+009,-8.129641413688660E-002,2.198866754770279E-001,-8.163253664970398E-001,-4.908204078674316E-001,-8.129641413688660E-002,2.198866754770279E-001,-8.163253664970398E-001,-4.908204078674316E-001,
2.923900000000000E+009,-4.216641187667847E-002,2.147566825151444E-001,-8.275773525238037E-001,-4.827502667903900E-001,-4.216641187667847E-002,2.147566825151444E-001,-8.275773525238037E-001,-4.827502667903900E-001,
2.932266666666667E+009,-9.459448046982288E-003,1.925555914640427E-001,-8.430876731872559E-001,-4.676154255867004E-001,-9.459448046982288E-003,1.925555914640427E-001,-8.430876731872559E-001,-4.676154255867004E-001,
2.940633333333334E+009,4.231297876685858E-003,1.586421430110931E-001,-8.574647307395935E-001,-4.408118128776550E-001,4.231297876685858E-003,1.586421430110931E-001,-8.574647307395935E-001,-4.408118128776550E-001,
2.949000000000000E+009,-3.521779784932733E-003,1.244131848216057E-001,-8.803934454917908E-001,-4.114096462726593E-001,-3.521779784932733E-003,1.244131848216057E-001,-8.803934454917908E-001,-4.114096462726593E-001,
2.957366666666667E+009,-2.947338856756687E-002,1.032819375395775E-001,-8.941138386726379E-001,-3.927932381629944E-001,-2.947338856756687E-002,1.032819375395775E-001,-8.941138386726379E-001,-3.927932381629944E-001,
2.965733333333334E+009,-6.595061719417572E-002,1.027676016092300E-001,-9.066464304924011E-001,-3.600956201553345E-001,-6.595061719417572E-002,1.027676016092300E-001,-9.066464304924011E-001,-3.600956201553345E-001,
2.974100000000000E+009,-9.585136175155640E-002,1.223438307642937E-001,-9.090609550476074E-001,-3.282959163188934E-001,-9.585136175155640E-002,1.223438307642937E-001,-9.090609550476074E-001,-3.282959163188934E-001,
2.982466666666667E+009,-1.099313721060753E-001,1.569806933403015E-001,-9.144245386123657E-001,-3.023472428321838E-001,-1.099313721060753E-001,1.569806933403015E-001,-9.144245386123657E-001,-3.023472428321838E-001,
2.990833333333334E+009,-1.031692475080490E-001,1.944725066423416E-001,-9.101337194442749E-001,-2.859124839305878E-001,-1.031692475080490E-001,1.944725066423416E-001,-9.101337194442749E-001,-2.859124839305878E-001,
2.999200000000000E+009,-7.532662153244019E-002,2.247256487607956E-001,-9.134516119956970E-001,-2.652373015880585E-001,-7.532662153244019E-002,2.247256487607956E-001,-9.134516119956970E-001,-2.652373015880585E-001,
3.007566666666667E+009,-3.499393165111542E-002,2.392841875553131E-001,-9.179527759552002E-001,-2.457556426525116E-001,-3.499393165111542E-002,2.392841875553131E-001,-9.179527759552002E-001,-2.457556426525116E-001,
3.015933333333334E+009,1.014500390738249E-002,2.307357490062714E-001,-9.235664606094360E-001,-2.295667827129364E-001,1.014500390738249E-002,2.307357490062714E-001,-9.235664606094360E-001,-2.295667827129364E-001,
3.024300000000000E+009,4.400223493576050E-002,2.053480446338654E-001,-9.349745512008667E-001,-2.117069959640503E-001,4.400223493576050E-002,2.053480446338654E-001,-9.349745512008667E-001,-2.117069959640503E-001,
3.032666666666667E+009,5.939216166734695E-002,1.654143333435059E-001,-9.452615976333618E-001,-1.902745813131332E-001,5.939216166734695E-002,1.654143333435059E-001,-9.452615976333618E-001,-1.902745813131332E-001,
3.041033333333334E+009,5.009517073631287E-002,1.275913417339325E-001,-9.555730223655701E-001,-1.643313765525818E-001,5.009517073631287E-002,1.275913417339325E-001,-9.555730223655701E-001,-1.643313765525818E-001,
3.049400000000000E+009,1.985078677535057E-002,1.035117432475090E-001,-9.640773534774780E-001,-1.262684017419815E-001,1.985078677535057E-002,1.035117432475090E-001,-9.640773534774780E-001,-1.262684017419815E-001,
3.057766666666667E+009,-1.888513937592506E-002,1.014131829142571E-001,-9.719838500022888E-001,-1.089066714048386E-001,-1.888513937592506E-002,1.014131829142571E-001,-9.719838500022888E-001,-1.089066714048386E-001,
3.066133333333334E+009,-5.477903038263321E-002,1.231905743479729E-001,-9.647560119628906E-001,-7.027920335531235E-002,-5.477903038263321E-002,1.231905743479729E-001,-9.647560119628906E-001,-7.027920335531235E-002,
3.074500000000000E+009,-6.989534944295883E-002,1.633203625679016E-001,-9.621688723564148E-001,-3.877609223127365E-002,-6.989534944295883E-002,1.633203625679016E-001,-9.621688723564148E-001,-3.877609223127365E-002,
3.082866666666667E+009,-6.173226609826088E-002,2.051213681697846E-001,-9.555390477180481E-001,-2.176380902528763E-002,-6.173226609826088E-002,2.051213681697846E-001,-9.555390477180481E-001,-2.176380902528763E-002,
3.091233333333334E+009,-2.897912263870239E-002,2.400400340557098E-001,-9.489713907241821E-001,3.173684468492866E-003,-2.897912263870239E-002,2.400400340557098E-001,-9.489713907241821E-001,3.173684468492866E-003,
3.099600000000000E+009,1.854372397065163E-002,2.527492940425873E-001,-9.433457851409912E-001,1.604410447180271E-002,1.854372397065163E-002,2.527492940425873E-001,-9.433457851409912E-001,1.604410447180271E-002,
3.107966666666667E+009,7.059478014707565E-002,2.397506684064865E-001,-9.483981132507324E-001,2.663320489227772E-002,7.059478014707565E-002,2.397506684064865E-001,-9.483981132507324E-001,2.663320489227772E-002,
3.116333333333334E+009,1.112589165568352E-001,2.057239562273026E-001,-9.505701065063477E-001,4.980147257447243E-002,1.112589165568352E-001,2.057239562273026E-001,-9.505701065063477E-001,4.980147257447243E-002,
3.124700000000000E+009,1.268846243619919E-001,1.573485881090164E-001,-9.589124917984009E-001,6.969936937093735E-002,1.268846243619919E-001,1.573485881090164E-001,-9.589124917984009E-001,6.969936937093735E-002,
3.133066666666667E+009,1.173746585845947E-001,1.094507500529289E-001,-9.672616124153137E-001,1.024593412876129E-001,1.173746585845947E-001,1.094507500529289E-001,-9.672616124153137E-001,1.024593412876129E-001,
3.141433333333334E+009,8.405838906764984E-002,7.488321512937546E-002,-9.681710004806519E-001,1.320475935935974E-001,8.405838906764984E-002,7.488321512937546E-002,-9.681710004806519E-001,1.320475935935974E-001,
3.149800000000000E+009,3.451119363307953E-002,6.918654590845108E-002,-9.647313952445984E-001,1.699128597974777E-001,3.451119363307953E-002,6.918654590845108E-002,-9.647313952445984E-001,1.699128597974777E-001,
3.158166666666667E+009,-8.550271391868591E-003,9.141562134027481E-002,-9.526262879371643E-001,2.037001401185989E-001,-8.550271391868591E-003,9.141562134027481E-002,-9.526262879371643E-001,2.037001401185989E-001,
3.166533333333334E+009,-3.188569843769074E-002,1.353487670421600E-001,-9.447667002677918E-001,2.266127914190292E-001,-3.188569843769074E-002,1.353487670421600E-001,-9.447667002677918E-001,2.266127914190292E-001,
3.174900000000000E+009,-2.857640385627747E-002,1.847663521766663E-001,-9.276968240737915E-001,2.487916797399521E-001,-2.857640385627747E-002,1.847663521766663E-001,-9.276968240737915E-001,2.487916797399521E-001,
3.183266666666667E+009,4.105140920728445E-003,2.247555851936340E-001,-9.096092581748962E-001,2.680361270904541E-001,4.105140920728445E-003,2.247555851936340E-001,-9.096092581748962E-001,2.680361270904541E-001,
3.191633333333334E+009,5.287329480051994E-002,2.401357144117355E-001,-8.961265683174133E-001,2.856783568859100E-001,5.287329480051994E-002,2.401357144117355E-001,-8.961265683174133E-001,2.856783568859100E-001,
3.200000000000000E+009,1.054211035370827E-001,2.274962663650513E-001,-8.945789337158203E-001,2.947663962841034E-001,1.054211035370827E-001,2.274962663650513E-001,-8.945789337158203E-001,2.947663962841034E-001,
