% Version 1.00
%
%freq[Hz],re:Trc1_S11,im:Trc1_S11,re:Trc2_S21,im:Trc2_S21,re:Trc3_S11,im:Trc3_S11,re:Trc4_S21,im:Trc4_S21,
6.900000000000000E+008,-1.631751842796803E-002,1.983345858752728E-002,-4.713010191917419E-001,-8.720062375068665E-001,-1.631751842796803E-002,1.983345858752728E-002,-4.713010191917419E-001,-8.720062375068665E-001,
6.983666666666666E+008,-8.885415270924568E-003,1.913040690124035E-002,-4.886284172534943E-001,-8.551394939422607E-001,-8.885415270924568E-003,1.913040690124035E-002,-4.886284172534943E-001,-8.551394939422607E-001,
7.067333333333334E+008,-3.048897488042712E-003,1.503172516822815E-002,-5.174707174301148E-001,-8.291140794754028E-001,-3.048897488042712E-003,1.503172516822815E-002,-5.174707174301148E-001,-8.291140794754028E-001,
7.151000000000000E+008,-3.795890603214502E-003,6.686546374112368E-003,-5.262778997421265E-001,-8.212239146232605E-001,-3.795890603214502E-003,6.686546374112368E-003,-5.262778997421265E-001,-8.212239146232605E-001,
7.234666666666666E+008,-3.844322403892875E-003,-3.130028781015426E-004,-5.648103356361389E-001,-8.118972778320313E-001,-3.844322403892875E-003,-3.130028781015426E-004,-5.648103356361389E-001,-8.118972778320313E-001,
7.318333333333334E+008,-1.101190131157637E-002,-4.770778119564056E-003,-5.706454515457153E-001,-8.069628477096558E-001,-1.101190131157637E-002,-4.770778119564056E-003,-5.706454515457153E-001,-8.069628477096558E-001,
7.402000000000000E+008,-1.885875873267651E-002,-4.545368254184723E-003,-6.014037132263184E-001,-7.857207059860230E-001,-1.885875873267651E-002,-4.545368254184723E-003,-6.014037132263184E-001,-7.857207059860230E-001,
7.485666666666666E+008,-2.402286604046822E-002,-1.299174473388121E-004,-6.240893602371216E-001,-7.485473155975342E-001,-2.402286604046822E-002,-1.299174473388121E-004,-6.240893602371216E-001,-7.485473155975342E-001,
7.569333333333334E+008,-2.580281347036362E-002,7.829903624951839E-003,-6.395750045776367E-001,-7.530372142791748E-001,-2.580281347036362E-002,7.829903624951839E-003,-6.395750045776367E-001,-7.530372142791748E-001,
7.653000000000000E+008,-2.311122044920921E-002,1.530466601252556E-002,-6.480071544647217E-001,-7.465915679931641E-001,-2.311122044920921E-002,1.530466601252556E-002,-6.480071544647217E-001,-7.465915679931641E-001,
7.736666666666666E+008,-1.586552523076534E-002,2.284312248229981E-002,-6.733562350273132E-001,-7.387807965278626E-001,-1.586552523076534E-002,2.284312248229981E-002,-6.733562350273132E-001,-7.387807965278626E-001,
7.820333333333334E+008,-1.019083708524704E-002,2.626777440309525E-002,-6.973130702972412E-001,-7.166398763656616E-001,-1.019083708524704E-002,2.626777440309525E-002,-6.973130702972412E-001,-7.166398763656616E-001,
7.904000000000000E+008,-9.528440423309803E-004,2.415651455521584E-002,-7.124314904212952E-001,-6.944230198860169E-001,-9.528440423309803E-004,2.415651455521584E-002,-7.124314904212952E-001,-6.944230198860169E-001,
7.987666666666666E+008,5.517807789146900E-003,1.862648129463196E-002,-7.254700064659119E-001,-6.750296950340271E-001,5.517807789146900E-003,1.862648129463196E-002,-7.254700064659119E-001,-6.750296950340271E-001,
8.071333333333334E+008,5.223730113357306E-003,1.342349778860807E-002,-7.377091050148010E-001,-6.619849205017090E-001,5.223730113357306E-003,1.342349778860807E-002,-7.377091050148010E-001,-6.619849205017090E-001,
8.155000000000000E+008,7.903386140242219E-004,5.750090815126896E-003,-7.496025562286377E-001,-6.174176931381226E-001,7.903386140242219E-004,5.750090815126896E-003,-7.496025562286377E-001,-6.174176931381226E-001,
8.238666666666666E+008,-4.451919347047806E-003,1.158709754236043E-003,-7.807424068450928E-001,-6.237912178039551E-001,-4.451919347047806E-003,1.158709754236043E-003,-7.807424068450928E-001,-6.237912178039551E-001,
8.322333333333334E+008,-1.331170648336411E-002,1.889673061668873E-003,-7.934267520904541E-001,-5.967850685119629E-001,-1.331170648336411E-002,1.889673061668873E-003,-7.934267520904541E-001,-5.967850685119629E-001,
8.406000000000000E+008,-1.900027878582478E-002,4.174921661615372E-003,-8.063817024230957E-001,-5.831476449966431E-001,-1.900027878582478E-002,4.174921661615372E-003,-8.063817024230957E-001,-5.831476449966431E-001,
8.489666666666668E+008,-2.018002420663834E-002,1.061828527599573E-002,-8.277063965797424E-001,-5.584062337875366E-001,-2.018002420663834E-002,1.061828527599573E-002,-8.277063965797424E-001,-5.584062337875366E-001,
8.573333333333334E+008,-1.825722306966782E-002,1.722801104187965E-002,-8.341908454895020E-001,-5.421943068504334E-001,-1.825722306966782E-002,1.722801104187965E-002,-8.341908454895020E-001,-5.421943068504334E-001,
8.657000000000000E+008,-1.284499187022448E-002,2.500320971012116E-002,-8.519149422645569E-001,-5.136678814888001E-001,-1.284499187022448E-002,2.500320971012116E-002,-8.519149422645569E-001,-5.136678814888001E-001,
8.740666666666668E+008,-5.644410382956266E-003,2.945980802178383E-002,-8.466966152191162E-001,-4.948662221431732E-001,-5.644410382956266E-003,2.945980802178383E-002,-8.466966152191162E-001,-4.948662221431732E-001,
8.824333333333334E+008,2.632191404700279E-003,2.777185291051865E-002,-8.799994587898254E-001,-4.644719064235687E-001,2.632191404700279E-003,2.777185291051865E-002,-8.799994587898254E-001,-4.644719064235687E-001,
8.908000000000000E+008,9.176741354167461E-003,2.716344222426415E-002,-8.907214999198914E-001,-4.615572094917297E-001,9.176741354167461E-003,2.716344222426415E-002,-8.907214999198914E-001,-4.615572094917297E-001,
8.991666666666668E+008,1.171915140002966E-002,1.999484002590179E-002,-9.028543829917908E-001,-4.325105845928192E-001,1.171915140002966E-002,1.999484002590179E-002,-9.028543829917908E-001,-4.325105845928192E-001,
9.075333333333334E+008,1.130682416260243E-002,1.500448584556580E-002,-8.950244784355164E-001,-4.072415530681610E-001,1.130682416260243E-002,1.500448584556580E-002,-8.950244784355164E-001,-4.072415530681610E-001,
9.159000000000000E+008,7.372984196990728E-003,8.583816699683666E-003,-9.102177023887634E-001,-3.979838788509369E-001,7.372984196990728E-003,8.583816699683666E-003,-9.102177023887634E-001,-3.979838788509369E-001,
9.242666666666668E+008,1.397161628119648E-003,3.420432098209858E-003,-9.223515391349793E-001,-3.741255402565002E-001,1.397161628119648E-003,3.420432098209858E-003,-9.223515391349793E-001,-3.741255402565002E-001,
9.326333333333334E+008,-4.202719777822495E-003,4.420429002493620E-003,-9.278117418289185E-001,-3.409408628940582E-001,-4.202719777822495E-003,4.420429002493620E-003,-9.278117418289185E-001,-3.409408628940582E-001,
9.410000000000000E+008,-1.067060139030218E-002,9.743236005306244E-003,-9.362455010414124E-001,-3.145126700401306E-001,-1.067060139030218E-002,9.743236005306244E-003,-9.362455010414124E-001,-3.145126700401306E-001,
9.493666666666668E+008,-1.315021701157093E-002,1.558069605380297E-002,-9.425919055938721E-001,-3.052270114421845E-001,-1.315021701157093E-002,1.558069605380297E-002,-9.425919055938721E-001,-3.052270114421845E-001,
9.577333333333334E+008,-9.849187918007374E-003,2.376285567879677E-002,-9.703217744827271E-001,-2.647714018821716E-001,-9.849187918007374E-003,2.376285567879677E-002,-9.703217744827271E-001,-2.647714018821716E-001,
9.661000000000000E+008,-3.614956978708506E-003,2.979134581983089E-002,-9.557802081108093E-001,-2.498740851879120E-001,-3.614956978708506E-003,2.979134581983089E-002,-9.557802081108093E-001,-2.498740851879120E-001,
9.744666666666668E+008,4.396491684019566E-003,3.405879065394402E-002,-9.686907529830933E-001,-2.177267968654633E-001,4.396491684019566E-003,3.405879065394402E-002,-9.686907529830933E-001,-2.177267968654633E-001,
9.828333333333334E+008,1.658022589981556E-002,3.220337256789208E-002,-9.661841392517090E-001,-1.919544190168381E-001,1.658022589981556E-002,3.220337256789208E-002,-9.661841392517090E-001,-1.919544190168381E-001,
9.912000000000000E+008,2.519092150032520E-002,2.910752221941948E-002,-9.771198034286499E-001,-1.823287457227707E-001,2.519092150032520E-002,2.910752221941948E-002,-9.771198034286499E-001,-1.823287457227707E-001,
9.995666666666668E+008,2.868987806141377E-002,2.019277587532997E-002,-9.818007946014404E-001,-1.465730518102646E-001,2.868987806141377E-002,2.019277587532997E-002,-9.818007946014404E-001,-1.465730518102646E-001,
1.007933333333333E+009,2.859322354197502E-002,1.137944404035807E-002,-9.859808683395386E-001,-1.277495175600052E-001,2.859322354197502E-002,1.137944404035807E-002,-9.859808683395386E-001,-1.277495175600052E-001,
1.016300000000000E+009,2.108190022408962E-002,2.074423246085644E-003,-9.864104986190796E-001,-1.015010625123978E-001,2.108190022408962E-002,2.074423246085644E-003,-9.864104986190796E-001,-1.015010625123978E-001,
1.024666666666667E+009,1.259870082139969E-002,6.091281538829207E-004,-9.889078140258789E-001,-8.191672712564468E-002,1.259870082139969E-002,6.091281538829207E-004,-9.889078140258789E-001,-8.191672712564468E-002,
1.033033333333333E+009,3.907701466232538E-003,2.812278689816594E-004,-9.692611694335938E-001,-4.202979058027268E-002,3.907701466232538E-003,2.812278689816594E-004,-9.692611694335938E-001,-4.202979058027268E-002,
1.041400000000000E+009,-1.986921299248934E-003,5.449179094284773E-003,-9.780701994895935E-001,-2.253669500350952E-002,-1.986921299248934E-003,5.449179094284773E-003,-9.780701994895935E-001,-2.253669500350952E-002,
1.049766666666667E+009,-4.318060353398323E-003,1.293330080807209E-002,-9.889360070228577E-001,-1.095300307497382E-003,-4.318060353398323E-003,1.293330080807209E-002,-9.889360070228577E-001,-1.095300307497382E-003,
1.058133333333333E+009,1.238925033248961E-003,2.210008352994919E-002,-9.853781461715698E-001,2.337083593010902E-002,1.238925033248961E-003,2.210008352994919E-002,-9.853781461715698E-001,2.337083593010902E-002,
1.066500000000000E+009,1.223505940288305E-002,2.668317779898644E-002,-9.715972542762756E-001,5.299081280827522E-002,1.223505940288305E-002,2.668317779898644E-002,-9.715972542762756E-001,5.299081280827522E-002,
1.074866666666667E+009,2.246690914034843E-002,2.412657067179680E-002,-9.839107394218445E-001,8.132138103246689E-002,2.246690914034843E-002,2.412657067179680E-002,-9.839107394218445E-001,8.132138103246689E-002,
1.083233333333334E+009,3.423518314957619E-002,2.068490721285343E-002,-9.793642163276672E-001,9.844794869422913E-002,3.423518314957619E-002,2.068490721285343E-002,-9.793642163276672E-001,9.844794869422913E-002,
1.091600000000000E+009,3.844593092799187E-002,8.945563808083534E-003,-9.744320511817932E-001,1.327820271253586E-001,3.844593092799187E-002,8.945563808083534E-003,-9.744320511817932E-001,1.327820271253586E-001,
1.099966666666667E+009,3.948462381958962E-002,-3.562424797564745E-003,-9.707822799682617E-001,1.486066579818726E-001,3.948462381958962E-002,-3.562424797564745E-003,-9.707822799682617E-001,1.486066579818726E-001,
1.108333333333334E+009,3.113070875406265E-002,-1.408910285681486E-002,-9.839345216751099E-001,1.690321564674377E-001,3.113070875406265E-002,-1.408910285681486E-002,-9.839345216751099E-001,1.690321564674377E-001,
1.116700000000000E+009,1.739429496228695E-002,-1.511865202337503E-002,-9.696394801139832E-001,2.008140236139298E-001,1.739429496228695E-002,-1.511865202337503E-002,-9.696394801139832E-001,2.008140236139298E-001,
1.125066666666667E+009,4.001008346676827E-003,-1.511092670261860E-002,-9.563340544700623E-001,2.222549319267273E-001,4.001008346676827E-003,-1.511092670261860E-002,-9.563340544700623E-001,2.222549319267273E-001,
1.133433333333334E+009,-9.032997302711010E-003,-3.920374903827906E-003,-9.538224339485169E-001,2.402554154396057E-001,-9.032997302711010E-003,-3.920374903827906E-003,-9.538224339485169E-001,2.402554154396057E-001,
1.141800000000000E+009,-1.124311983585358E-002,8.874029852449894E-003,-9.452079534530640E-001,2.652515470981598E-001,-1.124311983585358E-002,8.874029852449894E-003,-9.452079534530640E-001,2.652515470981598E-001,
1.150166666666667E+009,-7.134687155485153E-003,2.252785861492157E-002,-9.423640966415405E-001,2.963649332523346E-001,-7.134687155485153E-003,2.252785861492157E-002,-9.423640966415405E-001,2.963649332523346E-001,
1.158533333333334E+009,7.971894927322865E-003,3.020668029785156E-002,-9.343377351760864E-001,3.190514445304871E-001,7.971894927322865E-003,3.020668029785156E-002,-9.343377351760864E-001,3.190514445304871E-001,
1.166900000000000E+009,2.504317834973335E-002,3.122032247483730E-002,-9.273931980133057E-001,3.467361629009247E-001,2.504317834973335E-002,3.122032247483730E-002,-9.273931980133057E-001,3.467361629009247E-001,
1.175266666666667E+009,4.089198261499405E-002,2.312469296157360E-002,-9.088737964630127E-001,3.617953360080719E-001,4.089198261499405E-002,2.312469296157360E-002,-9.088737964630127E-001,3.617953360080719E-001,
1.183633333333334E+009,5.367375537753105E-002,9.204316884279251E-003,-9.049965739250183E-001,3.893642723560333E-001,5.367375537753105E-002,9.204316884279251E-003,-9.049965739250183E-001,3.893642723560333E-001,
1.192000000000000E+009,5.560681968927383E-002,-8.372970856726170E-003,-8.989893794059753E-001,4.158934652805328E-001,5.560681968927383E-002,-8.372970856726170E-003,-8.989893794059753E-001,4.158934652805328E-001,
1.200366666666667E+009,4.690496996045113E-002,-2.569350413978100E-002,-8.856337070465088E-001,4.331977665424347E-001,4.690496996045113E-002,-2.569350413978100E-002,-8.856337070465088E-001,4.331977665424347E-001,
1.208733333333334E+009,2.867806516587734E-002,-3.522977605462074E-002,-8.818302154541016E-001,4.619545936584473E-001,2.867806516587734E-002,-3.522977605462074E-002,-8.818302154541016E-001,4.619545936584473E-001,
1.217100000000000E+009,9.489290416240692E-003,-3.427825123071671E-002,-8.518176674842835E-001,4.754936695098877E-001,9.489290416240692E-003,-3.427825123071671E-002,-8.518176674842835E-001,4.754936695098877E-001,
1.225466666666667E+009,-5.036787595599890E-003,-2.455688081681728E-002,-8.568162322044373E-001,4.989413321018219E-001,-5.036787595599890E-003,-2.455688081681728E-002,-8.568162322044373E-001,4.989413321018219E-001,
1.233833333333334E+009,-1.035411935299635E-002,-9.101684205234051E-003,-8.398061990737915E-001,5.202564001083374E-001,-1.035411935299635E-002,-9.101684205234051E-003,-8.398061990737915E-001,5.202564001083374E-001,
1.242200000000000E+009,-7.640112191438675E-003,6.470927037298679E-003,-8.140528798103333E-001,5.390017032623291E-001,-7.640112191438675E-003,6.470927037298679E-003,-8.140528798103333E-001,5.390017032623291E-001,
1.250566666666667E+009,4.579981788992882E-003,1.825100369751453E-002,-8.203451037406921E-001,5.674766302108765E-001,4.579981788992882E-003,1.825100369751453E-002,-8.203451037406921E-001,5.674766302108765E-001,
1.258933333333334E+009,2.335656434297562E-002,2.095467224717140E-002,-8.006680011749268E-001,5.800609588623047E-001,2.335656434297562E-002,2.095467224717140E-002,-8.006680011749268E-001,5.800609588623047E-001,
1.267300000000000E+009,4.072042927145958E-002,1.107119861990213E-002,-7.776930928230286E-001,5.996989011764526E-001,4.072042927145958E-002,1.107119861990213E-002,-7.776930928230286E-001,5.996989011764526E-001,
1.275666666666667E+009,5.160455405712128E-002,-4.815617576241493E-003,-7.732211947441101E-001,6.053684353828430E-001,5.160455405712128E-002,-4.815617576241493E-003,-7.732211947441101E-001,6.053684353828430E-001,
1.284033333333334E+009,5.434175580739975E-002,-2.667714655399323E-002,-7.444359660148621E-001,6.584536433219910E-001,5.434175580739975E-002,-2.667714655399323E-002,-7.444359660148621E-001,6.584536433219910E-001,
1.292400000000000E+009,4.294440522789955E-002,-4.524249583482742E-002,-7.400498986244202E-001,6.566965579986572E-001,4.294440522789955E-002,-4.524249583482742E-002,-7.400498986244202E-001,6.566965579986572E-001,
1.300766666666667E+009,2.513569779694080E-002,-5.419773608446121E-002,-7.226971387863159E-001,6.734647154808044E-001,2.513569779694080E-002,-5.419773608446121E-002,-7.226971387863159E-001,6.734647154808044E-001,
1.309133333333334E+009,3.996607847511768E-003,-5.258197709918022E-002,-7.099237442016602E-001,7.001043558120728E-001,3.996607847511768E-003,-5.258197709918022E-002,-7.099237442016602E-001,7.001043558120728E-001,
1.317500000000000E+009,-1.312252692878246E-002,-4.122567921876907E-002,-6.827950477600098E-001,7.251192331314087E-001,-1.312252692878246E-002,-4.122567921876907E-002,-6.827950477600098E-001,7.251192331314087E-001,
1.325866666666667E+009,-2.142788842320442E-002,-2.455665171146393E-002,-6.661033630371094E-001,7.261580228805542E-001,-2.142788842320442E-002,-2.455665171146393E-002,-6.661033630371094E-001,7.261580228805542E-001,
1.334233333333334E+009,-1.807937212288380E-002,-4.693145398050547E-003,-6.462881565093994E-001,7.404689192771912E-001,-1.807937212288380E-002,-4.693145398050547E-003,-6.462881565093994E-001,7.404689192771912E-001,
1.342600000000000E+009,-4.052772186696529E-003,4.172644112259150E-003,-6.354029178619385E-001,7.599079608917236E-001,-4.052772186696529E-003,4.172644112259150E-003,-6.354029178619385E-001,7.599079608917236E-001,
1.350966666666667E+009,1.270012930035591E-002,5.305620841681957E-003,-6.075074672698975E-001,7.834719419479370E-001,1.270012930035591E-002,5.305620841681957E-003,-6.075074672698975E-001,7.834719419479370E-001,
1.359333333333334E+009,2.785510383546352E-002,-4.604222718626261E-003,-5.895311832427979E-001,7.922507524490356E-001,2.785510383546352E-002,-4.604222718626261E-003,-5.895311832427979E-001,7.922507524490356E-001,
1.367700000000000E+009,3.575433790683746E-002,-2.404408529400826E-002,-5.719028711318970E-001,8.045712113380432E-001,3.575433790683746E-002,-2.404408529400826E-002,-5.719028711318970E-001,8.045712113380432E-001,
1.376066666666667E+009,3.111859783530235E-002,-4.713784530758858E-002,-5.459240078926086E-001,8.181890845298767E-001,3.111859783530235E-002,-4.713784530758858E-002,-5.459240078926086E-001,8.181890845298767E-001,
1.384433333333334E+009,1.604401133954525E-002,-6.129002571105957E-002,-5.373056530952454E-001,8.283168077468872E-001,1.604401133954525E-002,-6.129002571105957E-002,-5.373056530952454E-001,8.283168077468872E-001,
1.392800000000000E+009,-7.812425959855318E-003,-6.573530286550522E-002,-5.140438675880432E-001,8.351932764053345E-001,-7.812425959855318E-003,-6.573530286550522E-002,-5.140438675880432E-001,8.351932764053345E-001,
1.401166666666667E+009,-2.747520990669727E-002,-5.875104665756226E-002,-4.848681986331940E-001,8.625677824020386E-001,-2.747520990669727E-002,-5.875104665756226E-002,-4.848681986331940E-001,8.625677824020386E-001,
1.409533333333334E+009,-4.203866422176361E-002,-3.895856812596321E-002,-4.652160704135895E-001,8.730180263519287E-001,-4.203866422176361E-002,-3.895856812596321E-002,-4.652160704135895E-001,8.730180263519287E-001,
1.417900000000000E+009,-4.751351848244667E-002,-1.685978658497334E-002,-4.270320236682892E-001,8.692677617073059E-001,-4.751351848244667E-002,-1.685978658497334E-002,-4.270320236682892E-001,8.692677617073059E-001,
1.426266666666667E+009,-4.028459638357163E-002,4.969516303390265E-003,-4.263814091682434E-001,8.989247083663940E-001,-4.028459638357163E-002,4.969516303390265E-003,-4.263814091682434E-001,8.989247083663940E-001,
1.434633333333334E+009,-2.342020161449909E-002,1.595916971564293E-002,-3.970023989677429E-001,8.955635428428650E-001,-2.342020161449909E-002,1.595916971564293E-002,-3.970023989677429E-001,8.955635428428650E-001,
1.443000000000000E+009,-1.368721364997327E-003,1.730380766093731E-002,-3.724492788314819E-001,9.117347002029419E-001,-1.368721364997327E-003,1.730380766093731E-002,-3.724492788314819E-001,9.117347002029419E-001,
1.451366666666667E+009,1.497322320938110E-002,3.840939840301871E-003,-3.529030084609985E-001,9.194630384445190E-001,1.497322320938110E-002,3.840939840301871E-003,-3.529030084609985E-001,9.194630384445190E-001,
1.459733333333334E+009,2.144515700638294E-002,-1.482364349067211E-002,-3.372769355773926E-001,9.237515926361084E-001,2.144515700638294E-002,-1.482364349067211E-002,-3.372769355773926E-001,9.237515926361084E-001,
1.468100000000000E+009,1.686463505029678E-002,-3.587729856371880E-002,-3.009930849075317E-001,9.342203140258789E-001,1.686463505029678E-002,-3.587729856371880E-002,-3.009930849075317E-001,9.342203140258789E-001,
1.476466666666667E+009,1.326207886449993E-003,-5.102302134037018E-002,-2.832169532775879E-001,9.491260647773743E-001,1.326207886449993E-003,-5.102302134037018E-002,-2.832169532775879E-001,9.491260647773743E-001,
1.484833333333334E+009,-2.139752358198166E-002,-5.548315867781639E-002,-2.501912713050842E-001,9.525074362754822E-001,-2.139752358198166E-002,-5.548315867781639E-002,-2.501912713050842E-001,9.525074362754822E-001,
1.493200000000000E+009,-4.047101363539696E-002,-4.691839590668678E-002,-2.341418564319611E-001,9.535982012748718E-001,-4.047101363539696E-002,-4.691839590668678E-002,-2.341418564319611E-001,9.535982012748718E-001,
1.501566666666667E+009,-5.392662435770035E-002,-2.754252031445503E-002,-2.069879323244095E-001,9.580615758895874E-001,-5.392662435770035E-002,-2.754252031445503E-002,-2.069879323244095E-001,9.580615758895874E-001,
1.509933333333334E+009,-5.720341950654984E-002,-3.447306342422962E-003,-1.935513615608215E-001,9.635985493659973E-001,-5.720341950654984E-002,-3.447306342422962E-003,-1.935513615608215E-001,9.635985493659973E-001,
1.518300000000000E+009,-4.475026577711105E-002,1.669619791209698E-002,-1.693136841058731E-001,9.737082719802856E-001,-4.475026577711105E-002,1.669619791209698E-002,-1.693136841058731E-001,9.737082719802856E-001,
1.526666666666667E+009,-2.589433640241623E-002,2.818674221634865E-002,-1.362684369087219E-001,9.712910652160645E-001,-2.589433640241623E-002,2.818674221634865E-002,-1.362684369087219E-001,9.712910652160645E-001,
1.535033333333334E+009,-5.373338703066111E-003,2.863765507936478E-002,-1.158440634608269E-001,9.852676987648010E-001,-5.373338703066111E-003,2.863765507936478E-002,-1.158440634608269E-001,9.852676987648010E-001,
1.543400000000000E+009,1.014675013720989E-002,1.599192805588245E-002,-9.345363080501556E-002,9.810805916786194E-001,1.014675013720989E-002,1.599192805588245E-002,-9.345363080501556E-002,9.810805916786194E-001,
1.551766666666667E+009,1.456173509359360E-002,-4.511470440775156E-003,-6.880597770214081E-002,9.781703948974609E-001,1.456173509359360E-002,-4.511470440775156E-003,-6.880597770214081E-002,9.781703948974609E-001,
1.560133333333334E+009,9.985480457544327E-003,-2.475486695766449E-002,-4.583358019590378E-002,9.854943156242371E-001,9.985480457544327E-003,-2.475486695766449E-002,-4.583358019590378E-002,9.854943156242371E-001,
1.568500000000000E+009,-5.122083704918623E-003,-3.817293047904968E-002,-2.838332951068878E-002,9.887385368347168E-001,-5.122083704918623E-003,-3.817293047904968E-002,-2.838332951068878E-002,9.887385368347168E-001,
1.576866666666667E+009,-2.538293786346912E-002,-3.972626477479935E-002,1.383157353848219E-002,9.813569784164429E-001,-2.538293786346912E-002,-3.972626477479935E-002,1.383157353848219E-002,9.813569784164429E-001,
1.585233333333334E+009,-4.114551842212677E-002,-3.139069303870201E-002,2.744122222065926E-002,9.812914729118347E-001,-4.114551842212677E-002,-3.139069303870201E-002,2.744122222065926E-002,9.812914729118347E-001,
1.593600000000000E+009,-5.143399536609650E-002,-1.549447420984507E-002,5.465619638562203E-002,9.782321453094482E-001,-5.143399536609650E-002,-1.549447420984507E-002,5.465619638562203E-002,9.782321453094482E-001,
1.601966666666667E+009,-5.169342085719109E-002,5.847543012350798E-003,7.449321448802948E-002,9.773370027542114E-001,-5.169342085719109E-002,5.847543012350798E-003,7.449321448802948E-002,9.773370027542114E-001,
1.610333333333334E+009,-4.141575098037720E-002,2.210457250475884E-002,1.041232794523239E-001,9.746621847152710E-001,-4.141575098037720E-002,2.210457250475884E-002,1.041232794523239E-001,9.746621847152710E-001,
1.618700000000000E+009,-2.408549748361111E-002,3.001650609076023E-002,1.292170435190201E-001,9.748860001564026E-001,-2.408549748361111E-002,3.001650609076023E-002,1.292170435190201E-001,9.748860001564026E-001,
1.627066666666667E+009,-7.092882413417101E-003,2.787675336003304E-002,1.514674276113510E-001,9.703659415245056E-001,-7.092882413417101E-003,2.787675336003304E-002,1.514674276113510E-001,9.703659415245056E-001,
1.635433333333334E+009,3.973530605435371E-003,1.801060326397419E-002,1.789508461952210E-001,9.736579656600952E-001,3.973530605435371E-003,1.801060326397419E-002,1.789508461952210E-001,9.736579656600952E-001,
1.643800000000000E+009,7.088825106620789E-003,7.204937865026295E-004,1.941025108098984E-001,9.638448357582092E-001,7.088825106620789E-003,7.204937865026295E-004,1.941025108098984E-001,9.638448357582092E-001,
1.652166666666667E+009,-7.927361002657563E-005,-1.410761941224337E-002,2.295082807540894E-001,9.569801688194275E-001,-7.927361002657563E-005,-1.410761941224337E-002,2.295082807540894E-001,9.569801688194275E-001,
1.660533333333334E+009,-1.382887735962868E-002,-2.284317836165428E-002,2.476006597280502E-001,9.521300792694092E-001,-1.382887735962868E-002,-2.284317836165428E-002,2.476006597280502E-001,9.521300792694092E-001,
1.668900000000000E+009,-3.074948117136955E-002,-2.146791853010654E-002,2.690474390983582E-001,9.420936703681946E-001,-3.074948117136955E-002,-2.146791853010654E-002,2.690474390983582E-001,9.420936703681946E-001,
1.677266666666667E+009,-4.457788169384003E-002,-1.241983659565449E-002,3.085238635540009E-001,9.355868697166443E-001,-4.457788169384003E-002,-1.241983659565449E-002,3.085238635540009E-001,9.355868697166443E-001,
1.685633333333334E+009,-4.943579435348511E-002,4.076660145074129E-003,3.226372003555298E-001,9.295868873596191E-001,-4.943579435348511E-002,4.076660145074129E-003,3.226372003555298E-001,9.295868873596191E-001,
1.694000000000000E+009,-4.758266359567642E-002,2.027656696736813E-002,3.390705287456513E-001,9.189546704292297E-001,-4.758266359567642E-002,2.027656696736813E-002,3.390705287456513E-001,9.189546704292297E-001,
1.702366666666667E+009,-3.584299236536026E-002,3.618459403514862E-002,3.609230816364288E-001,9.130461215972900E-001,-3.584299236536026E-002,3.618459403514862E-002,3.609230816364288E-001,9.130461215972900E-001,
1.710733333333334E+009,-1.910758391022682E-002,4.283408448100090E-002,3.815497159957886E-001,8.999264240264893E-001,-1.910758391022682E-002,4.283408448100090E-002,3.815497159957886E-001,8.999264240264893E-001,
1.719100000000000E+009,-1.790991984307766E-003,4.009549319744110E-002,4.103749692440033E-001,8.884450197219849E-001,-1.790991984307766E-003,4.009549319744110E-002,4.103749692440033E-001,8.884450197219849E-001,
1.727466666666667E+009,1.059986744076014E-002,2.984785288572311E-002,4.289494454860687E-001,8.844521045684815E-001,1.059986744076014E-002,2.984785288572311E-002,4.289494454860687E-001,8.844521045684815E-001,
1.735833333333334E+009,1.529400516301394E-002,1.476663630455732E-002,4.468274414539337E-001,8.710238933563232E-001,1.529400516301394E-002,1.476663630455732E-002,4.468274414539337E-001,8.710238933563232E-001,
1.744200000000000E+009,1.016991492360830E-002,-2.626224188134074E-003,4.787447154521942E-001,8.515573740005493E-001,1.016991492360830E-002,-2.626224188134074E-003,4.787447154521942E-001,8.515573740005493E-001,
1.752566666666667E+009,-2.925653243437409E-004,-1.361102052032948E-002,5.073911547660828E-001,8.472852110862732E-001,-2.925653243437409E-004,-1.361102052032948E-002,5.073911547660828E-001,8.472852110862732E-001,
1.760933333333334E+009,-1.539720036089420E-002,-1.883990503847599E-002,5.173530578613281E-001,8.346707820892334E-001,-1.539720036089420E-002,-1.883990503847599E-002,5.173530578613281E-001,8.346707820892334E-001,
1.769300000000000E+009,-3.001024760305882E-002,-1.559367962181568E-002,5.419100522994995E-001,8.262354135513306E-001,-3.001024760305882E-002,-1.559367962181568E-002,5.419100522994995E-001,8.262354135513306E-001,
1.777666666666667E+009,-3.946595266461372E-002,-4.448776599019766E-003,5.552778244018555E-001,8.169242739677429E-001,-3.946595266461372E-002,-4.448776599019766E-003,5.552778244018555E-001,8.169242739677429E-001,
1.786033333333334E+009,-4.210548475384712E-002,7.954321801662445E-003,5.720550417900085E-001,7.886472940444946E-001,-4.210548475384712E-002,7.954321801662445E-003,5.720550417900085E-001,7.886472940444946E-001,
1.794400000000000E+009,-3.649835661053658E-002,2.343767322599888E-002,5.948671698570252E-001,7.769593596458435E-001,-3.649835661053658E-002,2.343767322599888E-002,5.948671698570252E-001,7.769593596458435E-001,
1.802766666666667E+009,-2.829782105982304E-002,3.308914601802826E-002,6.139760017395020E-001,7.611653208732605E-001,-2.829782105982304E-002,3.308914601802826E-002,6.139760017395020E-001,7.611653208732605E-001,
1.811133333333334E+009,-1.632339693605900E-002,3.686387836933136E-002,6.400046944618225E-001,7.463222742080689E-001,-1.632339693605900E-002,3.686387836933136E-002,6.400046944618225E-001,7.463222742080689E-001,
1.819500000000000E+009,-5.514224059879780E-003,3.673915192484856E-002,6.549886465072632E-001,7.235940098762512E-001,-5.514224059879780E-003,3.673915192484856E-002,6.549886465072632E-001,7.235940098762512E-001,
1.827866666666667E+009,2.468283055350184E-003,3.025477007031441E-002,6.768296360969544E-001,7.146838903427124E-001,2.468283055350184E-003,3.025477007031441E-002,6.768296360969544E-001,7.146838903427124E-001,
1.836233333333334E+009,3.014931455254555E-003,2.066320367157459E-002,6.901857256889343E-001,6.993600726127625E-001,3.014931455254555E-003,2.066320367157459E-002,6.901857256889343E-001,6.993600726127625E-001,
1.844600000000000E+009,-1.946209464222193E-003,1.287580654025078E-002,7.079603075981140E-001,6.938648819923401E-001,-1.946209464222193E-003,1.287580654025078E-002,7.079603075981140E-001,6.938648819923401E-001,
1.852966666666667E+009,-9.224527515470982E-003,7.853539660573006E-003,7.206088900566101E-001,6.601999998092651E-001,-9.224527515470982E-003,7.853539660573006E-003,7.206088900566101E-001,6.601999998092651E-001,
1.861333333333334E+009,-1.695699803531170E-002,6.521440576761961E-003,7.438484430313110E-001,6.436898708343506E-001,-1.695699803531170E-002,6.521440576761961E-003,7.438484430313110E-001,6.436898708343506E-001,
1.869700000000000E+009,-2.391861192882061E-002,1.288401987403631E-002,7.601808905601502E-001,6.262611746788025E-001,-2.391861192882061E-002,1.288401987403631E-002,7.601808905601502E-001,6.262611746788025E-001,
1.878066666666667E+009,-2.612276375293732E-002,2.047827467322350E-002,7.735740542411804E-001,6.131518483161926E-001,-2.612276375293732E-002,2.047827467322350E-002,7.735740542411804E-001,6.131518483161926E-001,
1.886433333333334E+009,-2.404335886240006E-002,3.045024164021015E-002,7.936117053031921E-001,5.897088050842285E-001,-2.404335886240006E-002,3.045024164021015E-002,7.936117053031921E-001,5.897088050842285E-001,
1.894800000000000E+009,-1.442362647503614E-002,3.880530968308449E-002,8.060739040374756E-001,5.723966360092163E-001,-1.442362647503614E-002,3.880530968308449E-002,8.060739040374756E-001,5.723966360092163E-001,
1.903166666666667E+009,-3.878458170220256E-003,4.512706771492958E-002,8.195288181304932E-001,5.454063415527344E-001,-3.878458170220256E-003,4.512706771492958E-002,8.195288181304932E-001,5.454063415527344E-001,
1.911533333333334E+009,7.932263426482678E-003,4.369868710637093E-002,8.306238651275635E-001,5.198788046836853E-001,7.932263426482678E-003,4.369868710637093E-002,8.306238651275635E-001,5.198788046836853E-001,
1.919900000000000E+009,1.860722713172436E-002,3.836901485919952E-002,8.479406833648682E-001,5.080404281616211E-001,1.860722713172436E-002,3.836901485919952E-002,8.479406833648682E-001,5.080404281616211E-001,
1.928266666666667E+009,2.383190207183361E-002,2.937610819935799E-002,8.493194580078125E-001,4.719223082065582E-001,2.383190207183361E-002,2.937610819935799E-002,8.493194580078125E-001,4.719223082065582E-001,
1.936633333333334E+009,2.195933274924755E-002,1.849766261875629E-002,8.708481788635254E-001,4.637592434883118E-001,2.195933274924755E-002,1.849766261875629E-002,8.708481788635254E-001,4.637592434883118E-001,
1.945000000000000E+009,1.512269861996174E-002,9.263881482183933E-003,8.836663961410523E-001,4.395101070404053E-001,1.512269861996174E-002,9.263881482183933E-003,8.836663961410523E-001,4.395101070404053E-001,
1.953366666666667E+009,5.407681223005056E-003,2.992192050442100E-003,8.880645632743835E-001,4.184892773628235E-001,5.407681223005056E-003,2.992192050442100E-003,8.880645632743835E-001,4.184892773628235E-001,
1.961733333333334E+009,-7.691279519349337E-003,4.854384809732437E-003,9.055353999137878E-001,3.967016041278839E-001,-7.691279519349337E-003,4.854384809732437E-003,9.055353999137878E-001,3.967016041278839E-001,
1.970100000000000E+009,-1.769032329320908E-002,1.018598861992359E-002,9.074692726135254E-001,3.740971088409424E-001,-1.769032329320908E-002,1.018598861992359E-002,9.074692726135254E-001,3.740971088409424E-001,
1.978466666666667E+009,-2.102658152580261E-002,2.285258471965790E-002,9.197219610214233E-001,3.456181883811951E-001,-2.102658152580261E-002,2.285258471965790E-002,9.197219610214233E-001,3.456181883811951E-001,
1.986833333333334E+009,-1.753772795200348E-002,3.499833121895790E-002,9.234716892242432E-001,3.275948166847229E-001,-1.753772795200348E-002,3.499833121895790E-002,9.234716892242432E-001,3.275948166847229E-001,
1.995200000000000E+009,-4.728829488158226E-003,4.528408125042915E-002,9.273161888122559E-001,3.117333352565765E-001,-4.728829488158226E-003,4.528408125042915E-002,9.273161888122559E-001,3.117333352565765E-001,
2.003566666666667E+009,1.207589451223612E-002,4.975322261452675E-002,9.376547336578369E-001,2.788822054862976E-001,1.207589451223612E-002,4.975322261452675E-002,9.376547336578369E-001,2.788822054862976E-001,
2.011933333333334E+009,2.892411686480045E-002,4.560609161853790E-002,9.516302943229675E-001,2.550201416015625E-001,2.892411686480045E-002,4.560609161853790E-002,9.516302943229675E-001,2.550201416015625E-001,
2.020300000000000E+009,4.103988781571388E-002,3.666099905967712E-002,9.569448828697205E-001,2.247196584939957E-001,4.103988781571388E-002,3.666099905967712E-002,9.569448828697205E-001,2.247196584939957E-001,
2.028666666666667E+009,4.555297270417213E-002,2.205302938818932E-002,9.627850651741028E-001,2.097000479698181E-001,4.555297270417213E-002,2.205302938818932E-002,9.627850651741028E-001,2.097000479698181E-001,
2.037033333333334E+009,4.155905544757843E-002,5.643023177981377E-003,9.707688689231873E-001,1.828073412179947E-001,4.155905544757843E-002,5.643023177981377E-003,9.707688689231873E-001,1.828073412179947E-001,
2.045400000000000E+009,2.923370711505413E-002,-5.712481681257486E-003,9.703172445297241E-001,1.630384325981140E-001,2.923370711505413E-002,-5.712481681257486E-003,9.703172445297241E-001,1.630384325981140E-001,
2.053766666666667E+009,1.168068777769804E-002,-8.552573621273041E-003,9.751221537590027E-001,1.373318284749985E-001,1.168068777769804E-002,-8.552573621273041E-003,9.751221537590027E-001,1.373318284749985E-001,
2.062133333333334E+009,-3.497191704809666E-003,-3.899674629792571E-003,9.813932776451111E-001,1.110058650374413E-001,-3.497191704809666E-003,-3.899674629792571E-003,9.813932776451111E-001,1.110058650374413E-001,
2.070500000000000E+009,-1.152008865028620E-002,9.808479808270931E-003,9.833362102508545E-001,8.325409144163132E-002,-1.152008865028620E-002,9.808479808270931E-003,9.833362102508545E-001,8.325409144163132E-002,
2.078866666666667E+009,-1.042738091200590E-002,2.580950222909451E-002,9.806526303291321E-001,6.205499172210693E-002,-1.042738091200590E-002,2.580950222909451E-002,9.806526303291321E-001,6.205499172210693E-002,
2.087233333333334E+009,1.927690929733217E-003,3.547339886426926E-002,9.835723638534546E-001,3.037302941083908E-002,1.927690929733217E-003,3.547339886426926E-002,9.835723638534546E-001,3.037302941083908E-002,
2.095600000000000E+009,2.092123404145241E-002,4.260541126132011E-002,9.885506033897400E-001,1.236793119460344E-002,2.092123404145241E-002,4.260541126132011E-002,9.885506033897400E-001,1.236793119460344E-002,
2.103966666666667E+009,4.223611950874329E-002,3.657490015029907E-002,9.902221560478210E-001,-1.319271139800549E-002,4.223611950874329E-002,3.657490015029907E-002,9.902221560478210E-001,-1.319271139800549E-002,
2.112333333333334E+009,5.803285911679268E-002,2.204693853855133E-002,9.822949171066284E-001,-3.351389244198799E-002,5.803285911679268E-002,2.204693853855133E-002,9.822949171066284E-001,-3.351389244198799E-002,
2.120700000000000E+009,6.482344120740891E-002,-8.339706691913307E-004,9.846139550209045E-001,-6.482309103012085E-002,6.482344120740891E-002,-8.339706691913307E-004,9.846139550209045E-001,-6.482309103012085E-002,
2.129066666666667E+009,5.803478881716728E-002,-1.937273144721985E-002,9.936740994453430E-001,-9.145525097846985E-002,5.803478881716728E-002,-1.937273144721985E-002,9.936740994453430E-001,-9.145525097846985E-002,
2.137433333333334E+009,3.976212441921234E-002,-3.416013345122337E-002,9.790759086608887E-001,-1.136339753866196E-001,3.976212441921234E-002,-3.416013345122337E-002,9.790759086608887E-001,-1.136339753866196E-001,
2.145800000000000E+009,1.324410177767277E-002,-3.784407302737236E-002,9.803494215011597E-001,-1.392946541309357E-001,1.324410177767277E-002,-3.784407302737236E-002,9.803494215011597E-001,-1.392946541309357E-001,
2.154166666666667E+009,-9.111464023590088E-003,-2.926749922335148E-002,9.726942777633667E-001,-1.594970226287842E-001,-9.111464023590088E-003,-2.926749922335148E-002,9.726942777633667E-001,-1.594970226287842E-001,
2.162533333333334E+009,-2.270929515361786E-002,-9.886825457215309E-003,9.551042914390564E-001,-1.871853768825531E-001,-2.270929515361786E-002,-9.886825457215309E-003,9.551042914390564E-001,-1.871853768825531E-001,
2.170900000000000E+009,-2.431174740195274E-002,1.316734310239554E-002,9.640172719955444E-001,-2.125189006328583E-001,-2.431174740195274E-002,1.316734310239554E-002,9.640172719955444E-001,-2.125189006328583E-001,
2.179266666666667E+009,-1.021951530128717E-002,2.988228388130665E-002,9.527264237403870E-001,-2.284428775310516E-001,-1.021951530128717E-002,2.988228388130665E-002,9.527264237403870E-001,-2.284428775310516E-001,
2.187633333333334E+009,1.157898269593716E-002,3.809817880392075E-002,9.527350068092346E-001,-2.585734724998474E-001,1.157898269593716E-002,3.809817880392075E-002,9.527350068092346E-001,-2.585734724998474E-001,
2.196000000000000E+009,3.843760490417481E-002,3.182884305715561E-002,9.374967813491821E-001,-2.794308066368103E-001,3.843760490417481E-002,3.182884305715561E-002,9.374967813491821E-001,-2.794308066368103E-001,
2.204366666666667E+009,5.831662937998772E-002,1.297366060316563E-002,9.339765906333923E-001,-3.013606667518616E-001,5.831662937998772E-002,1.297366060316563E-002,9.339765906333923E-001,-3.013606667518616E-001,
2.212733333333334E+009,6.631866097450256E-002,-1.365620456635952E-002,9.265367984771729E-001,-3.354321420192719E-001,6.631866097450256E-002,-1.365620456635952E-002,9.265367984771729E-001,-3.354321420192719E-001,
2.221100000000000E+009,5.879508703947067E-002,-3.817209601402283E-002,9.117212295532227E-001,-3.503002226352692E-001,5.879508703947067E-002,-3.817209601402283E-002,9.117212295532227E-001,-3.503002226352692E-001,
2.229466666666667E+009,3.846124932169914E-002,-5.513898283243179E-002,9.058185219764710E-001,-3.661653697490692E-001,3.846124932169914E-002,-5.513898283243179E-002,9.058185219764710E-001,-3.661653697490692E-001,
2.237833333333334E+009,9.990757331252098E-003,-5.604143813252449E-002,9.009392857551575E-001,-3.960885405540466E-001,9.990757331252098E-003,-5.604143813252449E-002,9.009392857551575E-001,-3.960885405540466E-001,
2.246200000000000E+009,-1.726283505558968E-002,-4.408433660864830E-002,8.887343406677246E-001,-4.198479354381561E-001,-1.726283505558968E-002,-4.408433660864830E-002,8.887343406677246E-001,-4.198479354381561E-001,
2.254566666666667E+009,-3.169574961066246E-002,-1.943262480199337E-002,8.797391057014465E-001,-4.395903050899506E-001,-3.169574961066246E-002,-1.943262480199337E-002,8.797391057014465E-001,-4.395903050899506E-001,
2.262933333333334E+009,-3.373019024729729E-002,5.628408864140511E-003,8.664867877960205E-001,-4.611627161502838E-001,-3.373019024729729E-002,5.628408864140511E-003,8.664867877960205E-001,-4.611627161502838E-001,
2.271300000000000E+009,-2.007523365318775E-002,2.787331677973270E-002,8.503484725952148E-001,-4.802271127700806E-001,-2.007523365318775E-002,2.787331677973270E-002,8.503484725952148E-001,-4.802271127700806E-001,
2.279666666666667E+009,4.400549922138453E-003,3.381084650754929E-002,8.416271805763245E-001,-4.998713433742523E-001,4.400549922138453E-003,3.381084650754929E-002,8.416271805763245E-001,-4.998713433742523E-001,
2.288033333333334E+009,2.929972857236862E-002,2.550072409212589E-002,8.313582539558411E-001,-5.283843278884888E-001,2.929972857236862E-002,2.550072409212589E-002,8.313582539558411E-001,-5.283843278884888E-001,
2.296400000000000E+009,4.823053628206253E-002,2.718415576964617E-003,8.144968748092651E-001,-5.481988787651062E-001,4.823053628206253E-002,2.718415576964617E-003,8.144968748092651E-001,-5.481988787651062E-001,
2.304766666666667E+009,5.202154070138931E-002,-2.572601474821568E-002,8.041746616363525E-001,-5.570024251937866E-001,5.202154070138931E-002,-2.572601474821568E-002,8.041746616363525E-001,-5.570024251937866E-001,
2.313133333333334E+009,3.917713463306427E-002,-4.963805899024010E-002,7.867047786712647E-001,-5.932676792144775E-001,3.917713463306427E-002,-4.963805899024010E-002,7.867047786712647E-001,-5.932676792144775E-001,
2.321500000000000E+009,1.699179224669933E-002,-6.117037683725357E-002,7.737476229667664E-001,-6.037448644638062E-001,1.699179224669933E-002,-6.117037683725357E-002,7.737476229667664E-001,-6.037448644638062E-001,
2.329866666666667E+009,-9.382212534546852E-003,-5.653625354170799E-002,7.640296220779419E-001,-6.255230307579041E-001,-9.382212534546852E-003,-5.653625354170799E-002,7.640296220779419E-001,-6.255230307579041E-001,
2.338233333333334E+009,-3.162495046854019E-002,-3.772950172424316E-002,7.373099923133850E-001,-6.473847627639771E-001,-3.162495046854019E-002,-3.772950172424316E-002,7.373099923133850E-001,-6.473847627639771E-001,
2.346600000000000E+009,-4.016812518239021E-002,-6.478123366832733E-003,7.190958261489868E-001,-6.676691770553589E-001,-4.016812518239021E-002,-6.478123366832733E-003,7.190958261489868E-001,-6.676691770553589E-001,
2.354966666666667E+009,-3.069869242608547E-002,2.074995078146458E-002,7.110194563865662E-001,-6.797592639923096E-001,-3.069869242608547E-002,2.074995078146458E-002,7.110194563865662E-001,-6.797592639923096E-001,
2.363333333333334E+009,-8.851802907884121E-003,3.628275915980339E-002,6.950570940971375E-001,-6.947408318519592E-001,-8.851802907884121E-003,3.628275915980339E-002,6.950570940971375E-001,-6.947408318519592E-001,
2.371700000000000E+009,2.213794924318790E-002,3.536646813154221E-002,6.802035570144653E-001,-7.139531373977661E-001,2.213794924318790E-002,3.536646813154221E-002,6.802035570144653E-001,-7.139531373977661E-001,
2.380066666666667E+009,4.802764952182770E-002,1.362107601016760E-002,6.536198854446411E-001,-7.313184142112732E-001,4.802764952182770E-002,1.362107601016760E-002,6.536198854446411E-001,-7.313184142112732E-001,
2.388433333333334E+009,5.959943309426308E-002,-2.037409879267216E-002,6.375858783721924E-001,-7.401030063629150E-001,5.959943309426308E-002,-2.037409879267216E-002,6.375858783721924E-001,-7.401030063629150E-001,
2.396800000000000E+009,5.251731351017952E-002,-5.930988490581513E-002,6.113747954368591E-001,-7.642732262611389E-001,5.251731351017952E-002,-5.930988490581513E-002,6.113747954368591E-001,-7.642732262611389E-001,
2.405166666666667E+009,2.812259830534458E-002,-8.986090868711472E-002,5.971721410751343E-001,-7.795802950859070E-001,2.812259830534458E-002,-8.986090868711472E-002,5.971721410751343E-001,-7.795802950859070E-001,
2.413533333333334E+009,-1.074092369526625E-002,-1.022683754563332E-001,5.748671889305115E-001,-7.926357984542847E-001,-1.074092369526625E-002,-1.022683754563332E-001,5.748671889305115E-001,-7.926357984542847E-001,
2.421900000000000E+009,-5.089930817484856E-002,-9.237972646951675E-002,5.619100928306580E-001,-8.074718713760376E-001,-5.089930817484856E-002,-9.237972646951675E-002,5.619100928306580E-001,-8.074718713760376E-001,
2.430266666666667E+009,-7.889939099550247E-002,-6.128225848078728E-002,5.402342677116394E-001,-8.231446743011475E-001,-7.889939099550247E-002,-6.128225848078728E-002,5.402342677116394E-001,-8.231446743011475E-001,
2.438633333333334E+009,-9.158270061016083E-002,-1.799644529819489E-002,5.187069177627564E-001,-8.347333073616028E-001,-9.158270061016083E-002,-1.799644529819489E-002,5.187069177627564E-001,-8.347333073616028E-001,
2.447000000000000E+009,-8.112566173076630E-002,2.478812262415886E-002,4.956908226013184E-001,-8.511267304420471E-001,-8.112566173076630E-002,2.478812262415886E-002,4.956908226013184E-001,-8.511267304420471E-001,
2.455366666666667E+009,-5.270366370677948E-002,5.376248061656952E-002,4.747188389301300E-001,-8.581318855285645E-001,-5.270366370677948E-002,5.376248061656952E-002,4.747188389301300E-001,-8.581318855285645E-001,
2.463733333333334E+009,-1.627157442271709E-002,6.327891349792481E-002,4.545502662658691E-001,-8.737266063690186E-001,-1.627157442271709E-002,6.327891349792481E-002,4.545502662658691E-001,-8.737266063690186E-001,
2.472100000000000E+009,1.706160418689251E-002,4.850334301590920E-002,4.316317141056061E-001,-8.825106024742127E-001,1.706160418689251E-002,4.850334301590920E-002,4.316317141056061E-001,-8.825106024742127E-001,
2.480466666666667E+009,3.713154047727585E-002,1.737952046096325E-002,4.028464853763580E-001,-8.891710638999939E-001,3.713154047727585E-002,1.737952046096325E-002,4.028464853763580E-001,-8.891710638999939E-001,
2.488833333333334E+009,3.604083135724068E-002,-2.151056006550789E-002,3.876090943813324E-001,-8.996645808219910E-001,3.604083135724068E-002,-2.151056006550789E-002,3.876090943813324E-001,-8.996645808219910E-001,
2.497200000000000E+009,1.837623305618763E-002,-5.242479965090752E-002,3.625969588756561E-001,-9.139083027839661E-001,1.837623305618763E-002,-5.242479965090752E-002,3.625969588756561E-001,-9.139083027839661E-001,
2.505566666666667E+009,-1.538960635662079E-002,-6.968184560537338E-002,3.369439244270325E-001,-9.259355068206787E-001,-1.538960635662079E-002,-6.968184560537338E-002,3.369439244270325E-001,-9.259355068206787E-001,
2.513933333333334E+009,-4.776681587100029E-002,-6.238595396280289E-002,3.184480071067810E-001,-9.300505518913269E-001,-4.776681587100029E-002,-6.238595396280289E-002,3.184480071067810E-001,-9.300505518913269E-001,
2.522300000000000E+009,-7.162594050168991E-002,-3.760059550404549E-002,2.888725697994232E-001,-9.387085437774658E-001,-7.162594050168991E-002,-3.760059550404549E-002,2.888725697994232E-001,-9.387085437774658E-001,
2.530666666666667E+009,-7.780276983976364E-002,-3.888690116582438E-005,2.632389366626740E-001,-9.504756927490234E-001,-7.780276983976364E-002,-3.888690116582438E-005,2.632389366626740E-001,-9.504756927490234E-001,
2.539033333333334E+009,-6.458632647991180E-002,3.560756519436836E-002,2.422124594449997E-001,-9.510144591331482E-001,-6.458632647991180E-002,3.560756519436836E-002,2.422124594449997E-001,-9.510144591331482E-001,
2.547400000000000E+009,-3.581031411886215E-002,6.000059098005295E-002,2.239338308572769E-001,-9.613961577415466E-001,-3.581031411886215E-002,6.000059098005295E-002,2.239338308572769E-001,-9.613961577415466E-001,
2.555766666666667E+009,7.836678414605558E-004,6.481280922889710E-002,1.976117938756943E-001,-9.684259891510010E-001,7.836678414605558E-004,6.481280922889710E-002,1.976117938756943E-001,-9.684259891510010E-001,
2.564133333333334E+009,2.908325195312500E-002,4.700777307152748E-002,1.723209321498871E-001,-9.664862751960754E-001,2.908325195312500E-002,4.700777307152748E-002,1.723209321498871E-001,-9.664862751960754E-001,
2.572500000000000E+009,4.249885678291321E-002,1.481273490935564E-002,1.476449370384216E-001,-9.684732556343079E-001,4.249885678291321E-002,1.481273490935564E-002,1.476449370384216E-001,-9.684732556343079E-001,
2.580866666666667E+009,3.528920188546181E-002,-2.321238070726395E-002,1.236286833882332E-001,-9.765846729278565E-001,3.528920188546181E-002,-2.321238070726395E-002,1.236286833882332E-001,-9.765846729278565E-001,
2.589233333333334E+009,8.491235785186291E-003,-5.270008370280266E-002,9.513804316520691E-002,-9.773413538932800E-001,8.491235785186291E-003,-5.270008370280266E-002,9.513804316520691E-002,-9.773413538932800E-001,
2.597600000000000E+009,-2.717162482440472E-002,-6.658707559108734E-002,6.826975941658020E-002,-9.811763763427734E-001,-2.717162482440472E-002,-6.658707559108734E-002,6.826975941658020E-002,-9.811763763427734E-001,
2.605966666666667E+009,-6.325163692235947E-002,-5.672432854771614E-002,5.415692552924156E-002,-9.871327280998230E-001,-6.325163692235947E-002,-5.672432854771614E-002,5.415692552924156E-002,-9.871327280998230E-001,
2.614333333333334E+009,-8.659852296113968E-002,-3.082092106342316E-002,2.461133897304535E-002,-9.821739792823792E-001,-8.659852296113968E-002,-3.082092106342316E-002,2.461133897304535E-002,-9.821739792823792E-001,
2.622700000000000E+009,-9.145413339138031E-002,7.874699309468269E-003,8.872123435139656E-004,-9.789009690284729E-001,-9.145413339138031E-002,7.874699309468269E-003,8.872123435139656E-004,-9.789009690284729E-001,
2.631066666666667E+009,-7.586133480072022E-002,4.526744037866592E-002,-2.534999139606953E-002,-9.897498488426209E-001,-7.586133480072022E-002,4.526744037866592E-002,-2.534999139606953E-002,-9.897498488426209E-001,
2.639433333333334E+009,-4.354762285947800E-002,6.933242082595825E-002,-4.873802140355110E-002,-9.787923693656921E-001,-4.354762285947800E-002,6.933242082595825E-002,-4.873802140355110E-002,-9.787923693656921E-001,
2.647800000000000E+009,-4.407437052577734E-003,7.484091818332672E-002,-7.410730421543121E-002,-9.785923361778259E-001,-4.407437052577734E-003,7.484091818332672E-002,-7.410730421543121E-002,-9.785923361778259E-001,
2.656166666666667E+009,2.594676241278648E-002,5.931956693530083E-002,-9.488139301538467E-002,-9.813842177391052E-001,2.594676241278648E-002,5.931956693530083E-002,-9.488139301538467E-002,-9.813842177391052E-001,
2.664533333333334E+009,3.954022750258446E-002,2.961498685181141E-002,-1.263624727725983E-001,-9.692267179489136E-001,3.954022750258446E-002,2.961498685181141E-002,-1.263624727725983E-001,-9.692267179489136E-001,
2.672900000000000E+009,3.342074528336525E-002,-4.281042143702507E-003,-1.453199535608292E-001,-9.695390462875366E-001,3.342074528336525E-002,-4.281042143702507E-003,-1.453199535608292E-001,-9.695390462875366E-001,
2.681266666666667E+009,7.966337725520134E-003,-3.063729591667652E-002,-1.722341179847717E-001,-9.643924832344055E-001,7.966337725520134E-003,-3.063729591667652E-002,-1.722341179847717E-001,-9.643924832344055E-001,
2.689633333333334E+009,-2.923053316771984E-002,-4.159784317016602E-002,-1.940904706716538E-001,-9.638382792472839E-001,-2.923053316771984E-002,-4.159784317016602E-002,-1.940904706716538E-001,-9.638382792472839E-001,
2.698000000000000E+009,-6.350299715995789E-002,-3.247236832976341E-002,-2.102243155241013E-001,-9.556037783622742E-001,-6.350299715995789E-002,-3.247236832976341E-002,-2.102243155241013E-001,-9.556037783622742E-001,
2.706366666666667E+009,-8.572771400213242E-002,-5.766476970165968E-003,-2.408666610717773E-001,-9.472250938415527E-001,-8.572771400213242E-002,-5.766476970165968E-003,-2.408666610717773E-001,-9.472250938415527E-001,
2.714733333333334E+009,-8.870206773281097E-002,2.920069731771946E-002,-2.606523633003235E-001,-9.467462897300720E-001,-8.870206773281097E-002,2.920069731771946E-002,-2.606523633003235E-001,-9.467462897300720E-001,
2.723100000000000E+009,-6.959743052721024E-002,6.333851814270020E-002,-2.853263318538666E-001,-9.349666833877564E-001,-6.959743052721024E-002,6.333851814270020E-002,-2.853263318538666E-001,-9.349666833877564E-001,
2.731466666666667E+009,-3.359282761812210E-002,8.632289618253708E-002,-3.117737770080566E-001,-9.314820766448975E-001,-3.359282761812210E-002,8.632289618253708E-002,-3.117737770080566E-001,-9.314820766448975E-001,
2.739833333333334E+009,6.542289629578590E-003,8.874384313821793E-002,-3.322884440422058E-001,-9.193473458290100E-001,6.542289629578590E-003,8.874384313821793E-002,-3.322884440422058E-001,-9.193473458290100E-001,
2.748200000000000E+009,4.024120420217514E-002,7.347332686185837E-002,-3.541977703571320E-001,-9.122471809387207E-001,4.024120420217514E-002,7.347332686185837E-002,-3.541977703571320E-001,-9.122471809387207E-001,
2.756566666666667E+009,5.791921541094780E-002,4.315099865198135E-002,-3.779301643371582E-001,-9.049874544143677E-001,5.791921541094780E-002,4.315099865198135E-002,-3.779301643371582E-001,-9.049874544143677E-001,
2.764933333333334E+009,5.451191961765289E-002,9.029430337250233E-003,-4.090739488601685E-001,-8.998545408248901E-001,5.451191961765289E-002,9.029430337250233E-003,-4.090739488601685E-001,-8.998545408248901E-001,
2.773300000000000E+009,3.152748942375183E-002,-1.929121650755405E-002,-4.246242344379425E-001,-8.837926387786865E-001,3.152748942375183E-002,-1.929121650755405E-002,-4.246242344379425E-001,-8.837926387786865E-001,
2.781666666666667E+009,-6.009523291140795E-003,-3.050084784626961E-002,-4.432041943073273E-001,-8.737572431564331E-001,-6.009523291140795E-003,-3.050084784626961E-002,-4.432041943073273E-001,-8.737572431564331E-001,
2.790033333333334E+009,-4.274274408817291E-002,-2.339025959372520E-002,-4.673141837120056E-001,-8.653419613838196E-001,-4.274274408817291E-002,-2.339025959372520E-002,-4.673141837120056E-001,-8.653419613838196E-001,
2.798400000000000E+009,-6.899090111255646E-002,1.357956323772669E-003,-4.905587732791901E-001,-8.555215001106262E-001,-6.899090111255646E-002,1.357956323772669E-003,-4.905587732791901E-001,-8.555215001106262E-001,
2.806766666666667E+009,-7.308367639780045E-002,3.470113128423691E-002,-5.110475420951843E-001,-8.354564905166626E-001,-7.308367639780045E-002,3.470113128423691E-002,-5.110475420951843E-001,-8.354564905166626E-001,
2.815133333333334E+009,-5.825201049447060E-002,6.512009352445602E-002,-5.301850438117981E-001,-8.274942636489868E-001,-5.825201049447060E-002,6.512009352445602E-002,-5.301850438117981E-001,-8.274942636489868E-001,
2.823500000000000E+009,-2.340220846235752E-002,8.539261668920517E-002,-5.509645938873291E-001,-8.150078654289246E-001,-2.340220846235752E-002,8.539261668920517E-002,-5.509645938873291E-001,-8.150078654289246E-001,
2.831866666666667E+009,1.718150265514851E-002,8.589707314968109E-002,-5.683162212371826E-001,-7.994422912597656E-001,1.718150265514851E-002,8.589707314968109E-002,-5.683162212371826E-001,-7.994422912597656E-001,
2.840233333333334E+009,5.291679874062538E-002,6.832677125930786E-002,-5.938788056373596E-001,-7.866286039352417E-001,5.291679874062538E-002,6.832677125930786E-002,-5.938788056373596E-001,-7.866286039352417E-001,
2.848600000000000E+009,7.262691855430603E-002,3.804655745625496E-002,-6.073864102363586E-001,-7.673344612121582E-001,7.262691855430603E-002,3.804655745625496E-002,-6.073864102363586E-001,-7.673344612121582E-001,
2.856966666666667E+009,7.099229842424393E-002,3.893997753039002E-003,-6.261314749717712E-001,-7.542299628257752E-001,7.099229842424393E-002,3.893997753039002E-003,-6.261314749717712E-001,-7.542299628257752E-001,
2.865333333333334E+009,4.739638045430183E-002,-2.454587258398533E-002,-6.450379490852356E-001,-7.424333691596985E-001,4.739638045430183E-002,-2.454587258398533E-002,-6.450379490852356E-001,-7.424333691596985E-001,
2.873700000000000E+009,9.087798185646534E-003,-3.500225394964218E-002,-6.677039265632629E-001,-7.181299328804016E-001,9.087798185646534E-003,-3.500225394964218E-002,-6.677039265632629E-001,-7.181299328804016E-001,
2.882066666666667E+009,-3.002900071442127E-002,-2.579864300787449E-002,-6.818422675132752E-001,-6.978891491889954E-001,-3.002900071442127E-002,-2.579864300787449E-002,-6.818422675132752E-001,-6.978891491889954E-001,
2.890433333333334E+009,-5.973755940794945E-002,1.137650455348194E-003,-6.999427080154419E-001,-6.847698688507080E-001,-5.973755940794945E-002,1.137650455348194E-003,-6.999427080154419E-001,-6.847698688507080E-001,
2.898800000000000E+009,-6.817348301410675E-002,3.790074959397316E-002,-7.156385183334351E-001,-6.695598959922791E-001,-6.817348301410675E-002,3.790074959397316E-002,-7.156385183334351E-001,-6.695598959922791E-001,
2.907166666666667E+009,-5.421860888600349E-002,7.017215341329575E-002,-7.272163033485413E-001,-6.543744802474976E-001,-5.421860888600349E-002,7.017215341329575E-002,-7.272163033485413E-001,-6.543744802474976E-001,
2.915533333333334E+009,-1.902640983462334E-002,9.068736433982849E-002,-7.494830489158630E-001,-6.303638219833374E-001,-1.902640983462334E-002,9.068736433982849E-002,-7.494830489158630E-001,-6.303638219833374E-001,
2.923900000000000E+009,2.261669188737869E-002,9.106129407882690E-002,-7.624583244323731E-001,-6.178050637245178E-001,2.261669188737869E-002,9.106129407882690E-002,-7.624583244323731E-001,-6.178050637245178E-001,
2.932266666666667E+009,6.207592412829399E-002,7.190652936697006E-002,-7.762185931205750E-001,-6.005984544754028E-001,6.207592412829399E-002,7.190652936697006E-002,-7.762185931205750E-001,-6.005984544754028E-001,
2.940633333333334E+009,8.492267876863480E-002,3.667795658111572E-002,-7.906717061996460E-001,-5.781144499778748E-001,8.492267876863480E-002,3.667795658111572E-002,-7.906717061996460E-001,-5.781144499778748E-001,
2.949000000000000E+009,8.617813140153885E-002,-3.835505805909634E-003,-8.114165067672730E-001,-5.519589781761169E-001,8.617813140153885E-002,-3.835505805909634E-003,-8.114165067672730E-001,-5.519589781761169E-001,
2.957366666666667E+009,6.504006683826447E-002,-3.420625254511833E-002,-8.217980265617371E-001,-5.404185652732849E-001,6.504006683826447E-002,-3.420625254511833E-002,-8.217980265617371E-001,-5.404185652732849E-001,
2.965733333333334E+009,2.652864158153534E-002,-4.674496874213219E-002,-8.371195793151856E-001,-5.172905325889587E-001,2.652864158153534E-002,-4.674496874213219E-002,-8.371195793151856E-001,-5.172905325889587E-001,
2.974100000000000E+009,-1.425546780228615E-002,-3.748833388090134E-002,-8.520562648773193E-001,-4.887402653694153E-001,-1.425546780228615E-002,-3.748833388090134E-002,-8.520562648773193E-001,-4.887402653694153E-001,
2.982466666666667E+009,-4.612129554152489E-002,-7.430910598486662E-003,-8.644050359725952E-001,-4.672410786151886E-001,-4.612129554152489E-002,-7.430910598486662E-003,-8.644050359725952E-001,-4.672410786151886E-001,
2.990833333333334E+009,-5.782556533813477E-002,3.136171773076057E-002,-8.686225414276123E-001,-4.518077075481415E-001,-5.782556533813477E-002,3.136171773076057E-002,-8.686225414276123E-001,-4.518077075481415E-001,
2.999200000000000E+009,-4.569218307733536E-002,6.850869953632355E-002,-8.819246292114258E-001,-4.293710589408875E-001,-4.569218307733536E-002,6.850869953632355E-002,-8.819246292114258E-001,-4.293710589408875E-001,
3.007566666666667E+009,-1.294296607375145E-002,9.138256311416626E-002,-8.933581709861755E-001,-4.060746431350708E-001,-1.294296607375145E-002,9.138256311416626E-002,-8.933581709861755E-001,-4.060746431350708E-001,
3.015933333333334E+009,3.160560876131058E-002,9.049067646265030E-002,-8.998643159866333E-001,-3.870413303375244E-001,3.160560876131058E-002,9.049067646265030E-002,-8.998643159866333E-001,-3.870413303375244E-001,
3.024300000000000E+009,7.122644782066345E-002,6.748165935277939E-002,-9.111727476119995E-001,-3.658481836318970E-001,7.122644782066345E-002,6.748165935277939E-002,-9.111727476119995E-001,-3.658481836318970E-001,
3.032666666666667E+009,9.587759524583817E-002,2.566234394907951E-002,-9.201279282569885E-001,-3.412728607654572E-001,9.587759524583817E-002,2.566234394907951E-002,-9.201279282569885E-001,-3.412728607654572E-001,
3.041033333333334E+009,9.586202353239059E-002,-1.967424154281616E-002,-9.280695319175720E-001,-3.179448246955872E-001,9.586202353239059E-002,-1.967424154281616E-002,-9.280695319175720E-001,-3.179448246955872E-001,
3.049400000000000E+009,7.159730792045593E-002,-5.506804585456848E-002,-9.365364313125610E-001,-2.876667678356171E-001,7.159730792045593E-002,-5.506804585456848E-002,-9.365364313125610E-001,-2.876667678356171E-001,
3.057766666666667E+009,3.166992962360382E-002,-6.975872814655304E-002,-9.450478553771973E-001,-2.804699540138245E-001,3.166992962360382E-002,-6.975872814655304E-002,-9.450478553771973E-001,-2.804699540138245E-001,
3.066133333333334E+009,-1.358138397336006E-002,-5.820582807064056E-002,-9.476042389869690E-001,-2.445863932371140E-001,-1.358138397336006E-002,-5.820582807064056E-002,-9.476042389869690E-001,-2.445863932371140E-001,
3.074500000000000E+009,-4.739792272448540E-002,-2.350503765046597E-002,-9.575499296188355E-001,-2.199382185935974E-001,-4.739792272448540E-002,-2.350503765046597E-002,-9.575499296188355E-001,-2.199382185935974E-001,
3.082866666666667E+009,-5.916848778724670E-002,2.435981296002865E-002,-9.614475965499878E-001,-2.006752192974091E-001,-5.916848778724670E-002,2.435981296002865E-002,-9.614475965499878E-001,-2.006752192974091E-001,
3.091233333333334E+009,-4.393683746457100E-002,7.017114013433456E-002,-9.646176695823669E-001,-1.730232834815979E-001,-4.393683746457100E-002,7.017114013433456E-002,-9.646176695823669E-001,-1.730232834815979E-001,
3.099600000000000E+009,-6.040860898792744E-003,9.739506244659424E-002,-9.650480747222900E-001,-1.503012627363205E-001,-6.040860898792744E-003,9.739506244659424E-002,-9.650480747222900E-001,-1.503012627363205E-001,
3.107966666666667E+009,4.379056021571159E-002,9.660733491182327E-002,-9.716811180114746E-001,-1.326065957546234E-001,4.379056021571159E-002,9.660733491182327E-002,-9.716811180114746E-001,-1.326065957546234E-001,
3.116333333333334E+009,8.978182077407837E-002,6.825305521488190E-002,-9.743149280548096E-001,-1.059312447905541E-001,8.978182077407837E-002,6.825305521488190E-002,-9.743149280548096E-001,-1.059312447905541E-001,
3.124700000000000E+009,1.144706308841705E-001,1.839809492230415E-002,-9.781242012977600E-001,-8.430308103561401E-002,1.144706308841705E-001,1.839809492230415E-002,-9.781242012977600E-001,-8.430308103561401E-002,
3.133066666666667E+009,1.149053275585175E-001,-3.715496137738228E-002,-9.820913672447205E-001,-5.457384139299393E-002,1.149053275585175E-001,-3.715496137738228E-002,-9.820913672447205E-001,-5.457384139299393E-002,
3.141433333333334E+009,8.732027560472488E-002,-8.334323763847351E-002,-9.816477894783020E-001,-3.177582845091820E-002,8.732027560472488E-002,-8.334323763847351E-002,-9.816477894783020E-001,-3.177582845091820E-002,
3.149800000000000E+009,3.885336965322495E-002,-1.051119565963745E-001,-9.856273531913757E-001,-1.901289564557374E-003,3.885336965322495E-002,-1.051119565963745E-001,-9.856273531913757E-001,-1.901289564557374E-003,
3.158166666666667E+009,-1.288329903036356E-002,-9.578777849674225E-002,-9.804176092147827E-001,2.351690270006657E-002,-1.288329903036356E-002,-9.578777849674225E-002,-9.804176092147827E-001,2.351690270006657E-002,
3.166533333333334E+009,-5.228430777788162E-002,-5.934660881757736E-002,-9.815372228622437E-001,4.464519023895264E-002,-5.228430777788162E-002,-5.934660881757736E-002,-9.815372228622437E-001,4.464519023895264E-002,
3.174900000000000E+009,-7.065150886774063E-002,-6.067043635994196E-003,-9.783211350440979E-001,6.984081119298935E-002,-7.065150886774063E-002,-6.067043635994196E-003,-9.783211350440979E-001,6.984081119298935E-002,
3.183266666666667E+009,-5.691494047641754E-002,4.768085107207298E-002,-9.734079837799072E-001,9.288971126079559E-002,-5.691494047641754E-002,4.768085107207298E-002,-9.734079837799072E-001,9.288971126079559E-002,
3.191633333333334E+009,-1.930735260248184E-002,8.015247434377670E-002,-9.675796627998352E-001,1.154209300875664E-001,-1.930735260248184E-002,8.015247434377670E-002,-9.675796627998352E-001,1.154209300875664E-001,
3.200000000000000E+009,3.001144714653492E-002,8.439525216817856E-002,-9.680534601211548E-001,1.368299871683121E-001,3.001144714653492E-002,8.439525216817856E-002,-9.680534601211548E-001,1.368299871683121E-001,
