% Version 1.00
%
%freq[Hz],re:Trc1_S11,im:Trc1_S11,re:Trc2_S21,im:Trc2_S21,re:Trc3_S11,im:Trc3_S11,re:Trc4_S21,im:Trc4_S21,
6.900000000000000E+008,-9.364263713359833E-002,3.258722135797143E-003,-4.474527537822723E-001,-8.534564971923828E-001,-9.364263713359833E-002,3.258722135797143E-003,-4.474527537822723E-001,-8.534564971923828E-001,
6.983666666666666E+008,-8.659030497074127E-002,5.897911731153727E-003,-4.696733057498932E-001,-8.371729254722595E-001,-8.659030497074127E-002,5.897911731153727E-003,-4.696733057498932E-001,-8.371729254722595E-001,
7.067333333333334E+008,-8.117871731519699E-002,5.037407856434584E-003,-4.987899959087372E-001,-8.139157295227051E-001,-8.117871731519699E-002,5.037407856434584E-003,-4.987899959087372E-001,-8.139157295227051E-001,
7.151000000000000E+008,-8.043881505727768E-002,-1.994141144677997E-003,-5.084372162818909E-001,-8.069856762886047E-001,-8.043881505727768E-002,-1.994141144677997E-003,-5.084372162818909E-001,-8.069856762886047E-001,
7.234666666666666E+008,-8.010689914226532E-002,-5.538651719689369E-003,-5.488231182098389E-001,-7.938560843467712E-001,-8.010689914226532E-002,-5.538651719689369E-003,-5.488231182098389E-001,-7.938560843467712E-001,
7.318333333333334E+008,-8.753991872072220E-002,-7.983811199665070E-003,-5.539203286170960E-001,-7.939380407333374E-001,-8.753991872072220E-002,-7.983811199665070E-003,-5.539203286170960E-001,-7.939380407333374E-001,
7.402000000000000E+008,-9.520932286977768E-002,-4.595675505697727E-003,-5.851435661315918E-001,-7.688945531845093E-001,-9.520932286977768E-002,-4.595675505697727E-003,-5.851435661315918E-001,-7.688945531845093E-001,
7.485666666666666E+008,-1.003471389412880E-001,9.019847493618727E-004,-6.069106459617615E-001,-7.350006103515625E-001,-1.003471389412880E-001,9.019847493618727E-004,-6.069106459617615E-001,-7.350006103515625E-001,
7.569333333333334E+008,-1.012362688779831E-001,1.152776926755905E-002,-6.244875192642212E-001,-7.372727990150452E-001,-1.012362688779831E-001,1.152776926755905E-002,-6.244875192642212E-001,-7.372727990150452E-001,
7.653000000000000E+008,-9.826549142599106E-002,2.121924050152302E-002,-6.290713548660278E-001,-7.301924228668213E-001,-9.826549142599106E-002,2.121924050152302E-002,-6.290713548660278E-001,-7.301924228668213E-001,
7.736666666666666E+008,-9.142693132162094E-002,3.139196708798409E-002,-6.565900444984436E-001,-7.235695123672485E-001,-9.142693132162094E-002,3.139196708798409E-002,-6.565900444984436E-001,-7.235695123672485E-001,
7.820333333333334E+008,-8.458679914474487E-002,3.718874603509903E-002,-6.810305714607239E-001,-7.021133303642273E-001,-8.458679914474487E-002,3.718874603509903E-002,-6.810305714607239E-001,-7.021133303642273E-001,
7.904000000000000E+008,-7.467786967754364E-002,3.701214864850044E-002,-6.963617205619812E-001,-6.795666217803955E-001,-7.467786967754364E-002,3.701214864850044E-002,-6.963617205619812E-001,-6.795666217803955E-001,
7.987666666666666E+008,-6.718038022518158E-002,3.476368635892868E-002,-7.106294035911560E-001,-6.597468852996826E-001,-6.718038022518158E-002,3.476368635892868E-002,-7.106294035911560E-001,-6.597468852996826E-001,
8.071333333333334E+008,-6.639482080936432E-002,3.158784657716751E-002,-7.246624231338501E-001,-6.478259563446045E-001,-6.639482080936432E-002,3.158784657716751E-002,-7.246624231338501E-001,-6.478259563446045E-001,
8.155000000000000E+008,-6.883889436721802E-002,2.530933730304241E-002,-7.372825741767883E-001,-6.031774878501892E-001,-6.883889436721802E-002,2.530933730304241E-002,-7.372825741767883E-001,-6.031774878501892E-001,
8.238666666666666E+008,-7.347644865512848E-002,2.328273653984070E-002,-7.675625681877136E-001,-6.087360382080078E-001,-7.347644865512848E-002,2.328273653984070E-002,-7.675625681877136E-001,-6.087360382080078E-001,
8.322333333333334E+008,-8.116353303194046E-002,2.564041130244732E-002,-7.809271216392517E-001,-5.802111625671387E-001,-8.116353303194046E-002,2.564041130244732E-002,-7.809271216392517E-001,-5.802111625671387E-001,
8.406000000000000E+008,-8.591231703758240E-002,2.966040000319481E-002,-7.948400974273682E-001,-5.669328570365906E-001,-8.591231703758240E-002,2.966040000319481E-002,-7.948400974273682E-001,-5.669328570365906E-001,
8.489666666666668E+008,-8.654629439115524E-002,3.817053884267807E-002,-8.147441148757935E-001,-5.413635969161987E-001,-8.654629439115524E-002,3.817053884267807E-002,-8.147441148757935E-001,-5.413635969161987E-001,
8.573333333333334E+008,-8.358030766248703E-002,4.659802839159966E-002,-8.206180334091187E-001,-5.237789750099182E-001,-8.358030766248703E-002,4.659802839159966E-002,-8.206180334091187E-001,-5.237789750099182E-001,
8.657000000000000E+008,-7.726804912090302E-002,5.624789744615555E-002,-8.372712731361389E-001,-4.986846446990967E-001,-7.726804912090302E-002,5.624789744615555E-002,-8.372712731361389E-001,-4.986846446990967E-001,
8.740666666666668E+008,-6.873124837875366E-002,6.294928491115570E-002,-8.338419198989868E-001,-4.785822331905365E-001,-6.873124837875366E-002,6.294928491115570E-002,-8.338419198989868E-001,-4.785822331905365E-001,
8.824333333333334E+008,-5.915819481015205E-002,6.337167322635651E-002,-8.654514551162720E-001,-4.479303061962128E-001,-5.915819481015205E-002,6.337167322635651E-002,-8.654514551162720E-001,-4.479303061962128E-001,
8.908000000000000E+008,-5.121068283915520E-002,6.501390784978867E-002,-8.768659830093384E-001,-4.448565840721130E-001,-5.121068283915520E-002,6.501390784978867E-002,-8.768659830093384E-001,-4.448565840721130E-001,
8.991666666666668E+008,-4.764314368367195E-002,5.900511890649796E-002,-8.902838826179504E-001,-4.162500500679016E-001,-4.764314368367195E-002,5.900511890649796E-002,-8.902838826179504E-001,-4.162500500679016E-001,
9.075333333333334E+008,-4.647000879049301E-002,5.566241219639778E-002,-8.834872841835022E-001,-3.907087743282318E-001,-4.647000879049301E-002,5.566241219639778E-002,-8.834872841835022E-001,-3.907087743282318E-001,
9.159000000000000E+008,-4.838013276457787E-002,5.202928185462952E-002,-8.978562355041504E-001,-3.794686496257782E-001,-4.838013276457787E-002,5.202928185462952E-002,-8.978562355041504E-001,-3.794686496257782E-001,
9.242666666666668E+008,-5.234966799616814E-002,4.843461886048317E-002,-9.105460643768311E-001,-3.534504473209381E-001,-5.234966799616814E-002,4.843461886048317E-002,-9.105460643768311E-001,-3.534504473209381E-001,
9.326333333333334E+008,-5.622052401304245E-002,5.089823529124260E-002,-9.169110655784607E-001,-3.202078044414520E-001,-5.622052401304245E-002,5.089823529124260E-002,-9.169110655784607E-001,-3.202078044414520E-001,
9.410000000000000E+008,-6.093801558017731E-002,5.731052532792091E-002,-9.221562147140503E-001,-2.916446924209595E-001,-6.093801558017731E-002,5.731052532792091E-002,-9.221562147140503E-001,-2.916446924209595E-001,
9.493666666666668E+008,-6.224263459444046E-002,6.497041136026382E-002,-9.292332530021668E-001,-2.843838036060333E-001,-6.224263459444046E-002,6.497041136026382E-002,-9.292332530021668E-001,-2.843838036060333E-001,
9.577333333333334E+008,-5.685174465179443E-002,7.350752502679825E-002,-9.548159837722778E-001,-2.425702512264252E-001,-5.685174465179443E-002,7.350752502679825E-002,-9.548159837722778E-001,-2.425702512264252E-001,
9.661000000000000E+008,-4.877256602048874E-002,8.173719048500061E-002,-9.434881210327148E-001,-2.281835526227951E-001,-4.877256602048874E-002,8.173719048500061E-002,-9.434881210327148E-001,-2.281835526227951E-001,
9.744666666666668E+008,-3.901301696896553E-002,8.751071989536285E-002,-9.531559944152832E-001,-1.976950317621231E-001,-3.901301696896553E-002,8.751071989536285E-002,-9.531559944152832E-001,-1.976950317621231E-001,
9.828333333333334E+008,-2.486042119562626E-002,8.714941143989563E-002,-9.506652951240540E-001,-1.726776659488678E-001,-2.486042119562626E-002,8.714941143989563E-002,-9.506652951240540E-001,-1.726776659488678E-001,
9.912000000000000E+008,-1.418816763907671E-002,8.502899855375290E-002,-9.620679020881653E-001,-1.627600044012070E-001,-1.418816763907671E-002,8.502899855375290E-002,-9.620679020881653E-001,-1.627600044012070E-001,
9.995666666666668E+008,-8.170579560101032E-003,7.707250863313675E-002,-9.680718779563904E-001,-1.263092011213303E-001,-8.170579560101032E-003,7.707250863313675E-002,-9.680718779563904E-001,-1.263092011213303E-001,
1.007933333333333E+009,-7.130952086299658E-003,6.969296187162399E-002,-9.740951061248779E-001,-1.091294959187508E-001,-7.130952086299658E-003,6.969296187162399E-002,-9.740951061248779E-001,-1.091294959187508E-001,
1.016300000000000E+009,-1.191258430480957E-002,6.162619590759277E-002,-9.736934304237366E-001,-8.102402836084366E-002,-1.191258430480957E-002,6.162619590759277E-002,-9.736934304237366E-001,-8.102402836084366E-002,
1.024666666666667E+009,-1.884219422936440E-002,6.057715043425560E-002,-9.758264422416687E-001,-6.076730415225029E-002,-1.884219422936440E-002,6.057715043425560E-002,-9.758264422416687E-001,-6.076730415225029E-002,
1.033033333333333E+009,-2.540291100740433E-002,6.167507171630859E-002,-9.557772874832153E-001,-2.111108787357807E-002,-2.540291100740433E-002,6.167507171630859E-002,-9.557772874832153E-001,-2.111108787357807E-002,
1.041400000000000E+009,-2.901677228510380E-002,6.794880330562592E-002,-9.629390835762024E-001,-1.868307481345255E-005,-2.901677228510380E-002,6.794880330562592E-002,-9.629390835762024E-001,-1.868307481345255E-005,
1.049766666666667E+009,-2.968107536435127E-002,7.634712755680084E-002,-9.728645682334900E-001,2.052066102623940E-002,-2.968107536435127E-002,7.634712755680084E-002,-9.728645682334900E-001,2.052066102623940E-002,
1.058133333333333E+009,-2.140285633504391E-002,8.594096451997757E-002,-9.701659083366394E-001,4.473246634006500E-002,-2.140285633504391E-002,8.594096451997757E-002,-9.701659083366394E-001,4.473246634006500E-002,
1.066500000000000E+009,-8.471339941024780E-003,9.132824093103409E-002,-9.546241164207459E-001,7.275207340717316E-002,-8.471339941024780E-003,9.132824093103409E-002,-9.546241164207459E-001,7.275207340717316E-002,
1.074866666666667E+009,4.346925765275955E-003,8.935318887233734E-002,-9.664316177368164E-001,1.027678474783897E-001,4.346925765275955E-003,8.935318887233734E-002,-9.664316177368164E-001,1.027678474783897E-001,
1.083233333333334E+009,1.837209798395634E-002,8.586527407169342E-002,-9.642143249511719E-001,1.203638315200806E-001,1.837209798395634E-002,8.586527407169342E-002,-9.642143249511719E-001,1.203638315200806E-001,
1.091600000000000E+009,2.413670346140862E-002,7.455986738204956E-002,-9.578204751014710E-001,1.540701687335968E-001,2.413670346140862E-002,7.455986738204956E-002,-9.578204751014710E-001,1.540701687335968E-001,
1.099966666666667E+009,2.732267975807190E-002,6.237886473536491E-002,-9.542798995971680E-001,1.706942468881607E-001,2.732267975807190E-002,6.237886473536491E-002,-9.542798995971680E-001,1.706942468881607E-001,
1.108333333333334E+009,2.065819501876831E-002,5.221164971590042E-002,-9.667755365371704E-001,1.953215599060059E-001,2.065819501876831E-002,5.221164971590042E-002,-9.667755365371704E-001,1.953215599060059E-001,
1.116700000000000E+009,9.956104680895805E-003,5.236063152551651E-002,-9.531530737876892E-001,2.270817607641220E-001,9.956104680895805E-003,5.236063152551651E-002,-9.531530737876892E-001,2.270817607641220E-001,
1.125066666666667E+009,-1.555481692776084E-003,5.252987891435623E-002,-9.376372694969177E-001,2.476378381252289E-001,-1.555481692776084E-003,5.252987891435623E-002,-9.376372694969177E-001,2.476378381252289E-001,
1.133433333333334E+009,-1.147613208740950E-002,6.389408558607101E-002,-9.327123165130615E-001,2.656638920307159E-001,-1.147613208740950E-002,6.389408558607101E-002,-9.327123165130615E-001,2.656638920307159E-001,
1.141800000000000E+009,-1.067750062793493E-002,7.672575116157532E-002,-9.231055378913879E-001,2.910961806774139E-001,-1.067750062793493E-002,7.672575116157532E-002,-9.231055378913879E-001,2.910961806774139E-001,
1.150166666666667E+009,-3.835835959762335E-003,8.907563984394074E-002,-9.195769429206848E-001,3.212839365005493E-001,-3.835835959762335E-003,8.907563984394074E-002,-9.195769429206848E-001,3.212839365005493E-001,
1.158533333333334E+009,1.384567189961672E-002,9.714275598526001E-002,-9.085137844085693E-001,3.440203964710236E-001,1.384567189961672E-002,9.714275598526001E-002,-9.085137844085693E-001,3.440203964710236E-001,
1.166900000000000E+009,3.383225202560425E-002,9.730322659015656E-002,-9.019154310226440E-001,3.709647059440613E-001,3.383225202560425E-002,9.730322659015656E-002,-9.019154310226440E-001,3.709647059440613E-001,
1.175266666666667E+009,5.107369273900986E-002,8.802437782287598E-002,-8.843784928321838E-001,3.867607414722443E-001,5.107369273900986E-002,8.802437782287598E-002,-8.843784928321838E-001,3.867607414722443E-001,
1.183633333333334E+009,6.495089083909988E-002,7.357268780469894E-002,-8.787663578987122E-001,4.133590161800385E-001,6.495089083909988E-002,7.357268780469894E-002,-8.787663578987122E-001,4.133590161800385E-001,
1.192000000000000E+009,6.789423525333405E-002,5.616804584860802E-002,-8.726927042007446E-001,4.406146705150604E-001,6.789423525333405E-002,5.616804584860802E-002,-8.726927042007446E-001,4.406146705150604E-001,
1.200366666666667E+009,6.033554300665855E-002,3.857780620455742E-002,-8.607719540596008E-001,4.589686691761017E-001,6.033554300665855E-002,3.857780620455742E-002,-8.607719540596008E-001,4.589686691761017E-001,
1.208733333333334E+009,4.420938342809677E-002,2.914636582136154E-002,-8.566065430641174E-001,4.882988631725311E-001,4.420938342809677E-002,2.914636582136154E-002,-8.566065430641174E-001,4.882988631725311E-001,
1.217100000000000E+009,2.703276649117470E-002,2.988835424184799E-002,-8.229877352714539E-001,5.021559596061707E-001,2.703276649117470E-002,2.988835424184799E-002,-8.229877352714539E-001,5.021559596061707E-001,
1.225466666666667E+009,1.544291526079178E-002,4.058208316564560E-002,-8.261971473693848E-001,5.281257033348084E-001,1.544291526079178E-002,4.058208316564560E-002,-8.261971473693848E-001,5.281257033348084E-001,
1.233833333333334E+009,1.354931108653545E-002,5.508279427886009E-002,-8.073480725288391E-001,5.485125780105591E-001,1.354931108653545E-002,5.508279427886009E-002,-8.073480725288391E-001,5.485125780105591E-001,
1.242200000000000E+009,1.909952424466610E-002,6.924372911453247E-002,-7.808999419212341E-001,5.656864047050476E-001,1.909952424466610E-002,6.924372911453247E-002,-7.808999419212341E-001,5.656864047050476E-001,
1.250566666666667E+009,3.425024822354317E-002,7.951959967613220E-002,-7.841749191284180E-001,5.925604701042175E-001,3.425024822354317E-002,7.951959967613220E-002,-7.841749191284180E-001,5.925604701042175E-001,
1.258933333333334E+009,5.498493835330010E-002,8.077763766050339E-002,-7.649878263473511E-001,6.037759184837341E-001,5.498493835330010E-002,8.077763766050339E-002,-7.649878263473511E-001,6.037759184837341E-001,
1.267300000000000E+009,7.400818169116974E-002,6.907056272029877E-002,-7.416782379150391E-001,6.229820251464844E-001,7.400818169116974E-002,6.907056272029877E-002,-7.416782379150391E-001,6.229820251464844E-001,
1.275666666666667E+009,8.636726438999176E-002,5.250403285026550E-002,-7.388203740119934E-001,6.289271712303162E-001,8.636726438999176E-002,5.250403285026550E-002,-7.388203740119934E-001,6.289271712303162E-001,
1.284033333333334E+009,8.976688981056213E-002,2.989571541547775E-002,-7.096674442291260E-001,6.810606718063355E-001,8.976688981056213E-002,2.989571541547775E-002,-7.096674442291260E-001,6.810606718063355E-001,
1.292400000000000E+009,7.926766574382782E-002,1.143694762140513E-002,-7.067171335220337E-001,6.796798110008240E-001,7.926766574382782E-002,1.143694762140513E-002,-7.067171335220337E-001,6.796798110008240E-001,
1.300766666666667E+009,6.213629990816116E-002,2.212977036833763E-003,-6.864706277847290E-001,6.972031593322754E-001,6.213629990816116E-002,2.212977036833763E-003,-6.864706277847290E-001,6.972031593322754E-001,
1.309133333333334E+009,4.312894865870476E-002,3.368806326761842E-003,-6.721484661102295E-001,7.250732183456421E-001,4.312894865870476E-002,3.368806326761842E-003,-6.721484661102295E-001,7.250732183456421E-001,
1.317500000000000E+009,2.846946753561497E-002,1.441544108092785E-002,-6.429749727249146E-001,7.488710284233093E-001,2.846946753561497E-002,1.441544108092785E-002,-6.429749727249146E-001,7.488710284233093E-001,
1.325866666666667E+009,2.347627282142639E-002,2.975458465516567E-002,-6.242111325263977E-001,7.501404881477356E-001,2.347627282142639E-002,2.975458465516567E-002,-6.242111325263977E-001,7.501404881477356E-001,
1.334233333333334E+009,2.985525876283646E-002,4.803497344255447E-002,-6.022449731826782E-001,7.628833055496216E-001,2.985525876283646E-002,4.803497344255447E-002,-6.022449731826782E-001,7.628833055496216E-001,
1.342600000000000E+009,4.661036655306816E-002,5.420283600687981E-002,-5.894474983215332E-001,7.800430655479431E-001,4.661036655306816E-002,5.420283600687981E-002,-5.894474983215332E-001,7.800430655479431E-001,
1.350966666666667E+009,6.428981572389603E-002,5.268459022045136E-002,-5.602639317512512E-001,8.040239214897156E-001,6.428981572389603E-002,5.268459022045136E-002,-5.602639317512512E-001,8.040239214897156E-001,
1.359333333333334E+009,8.115340769290924E-002,4.077572748064995E-002,-5.444403886795044E-001,8.087093830108643E-001,8.115340769290924E-002,4.077572748064995E-002,-5.444403886795044E-001,8.087093830108643E-001,
1.367700000000000E+009,8.923002332448959E-002,1.952745020389557E-002,-5.264979004859924E-001,8.211824297904968E-001,8.923002332448959E-002,1.952745020389557E-002,-5.264979004859924E-001,8.211824297904968E-001,
1.376066666666667E+009,8.493671566247940E-002,-4.164851736277342E-003,-5.015426278114319E-001,8.335168957710266E-001,8.493671566247940E-002,-4.164851736277342E-003,-5.015426278114319E-001,8.335168957710266E-001,
1.384433333333334E+009,7.103092223405838E-002,-1.885678619146347E-002,-4.924955070018768E-001,8.457525968551636E-001,7.103092223405838E-002,-1.885678619146347E-002,-4.924955070018768E-001,8.457525968551636E-001,
1.392800000000000E+009,4.859354346990585E-002,-2.362395264208317E-002,-4.683213531970978E-001,8.527012467384338E-001,4.859354346990585E-002,-2.362395264208317E-002,-4.683213531970978E-001,8.527012467384338E-001,
1.401166666666667E+009,3.069456294178963E-002,-1.696759089827538E-002,-4.354077875614166E-001,8.800871372222900E-001,3.069456294178963E-002,-1.696759089827538E-002,-4.354077875614166E-001,8.800871372222900E-001,
1.409533333333334E+009,1.806353218853474E-002,1.750827999785543E-003,-4.136218726634979E-001,8.906887769699097E-001,1.806353218853474E-002,1.750827999785543E-003,-4.136218726634979E-001,8.906887769699097E-001,
1.417900000000000E+009,1.602892950177193E-002,2.249001525342464E-002,-3.741908967494965E-001,8.865589499473572E-001,1.602892950177193E-002,2.249001525342464E-002,-3.741908967494965E-001,8.865589499473572E-001,
1.426266666666667E+009,2.612015977501869E-002,4.090150073170662E-002,-3.694471418857575E-001,9.128711819648743E-001,2.612015977501869E-002,4.090150073170662E-002,-3.694471418857575E-001,9.128711819648743E-001,
1.434633333333334E+009,4.462446644902229E-002,4.824653267860413E-002,-3.400514125823975E-001,9.078348875045776E-001,4.462446644902229E-002,4.824653267860413E-002,-3.400514125823975E-001,9.078348875045776E-001,
1.443000000000000E+009,6.723977625370026E-002,4.566683620214462E-002,-3.144588470458984E-001,9.211156964302063E-001,6.723977625370026E-002,4.566683620214462E-002,-3.144588470458984E-001,9.211156964302063E-001,
1.451366666666667E+009,8.340752124786377E-002,2.957527339458466E-002,-2.978206574916840E-001,9.269526004791260E-001,8.340752124786377E-002,2.957527339458466E-002,-2.978206574916840E-001,9.269526004791260E-001,
1.459733333333334E+009,9.008689969778061E-002,8.789669722318649E-003,-2.806641459465027E-001,9.302077293395996E-001,9.008689969778061E-002,8.789669722318649E-003,-2.806641459465027E-001,9.302077293395996E-001,
1.468100000000000E+009,8.554076403379440E-002,-1.343947183340788E-002,-2.460699528455734E-001,9.403317570686340E-001,8.554076403379440E-002,-1.343947183340788E-002,-2.460699528455734E-001,9.403317570686340E-001,
1.476466666666667E+009,7.018735259771347E-002,-2.919700928032398E-002,-2.267987728118897E-001,9.552050828933716E-001,7.018735259771347E-002,-2.919700928032398E-002,-2.267987728118897E-001,9.552050828933716E-001,
1.484833333333334E+009,4.852062091231346E-002,-3.363412246108055E-002,-1.934332251548767E-001,9.571467041969299E-001,4.852062091231346E-002,-3.363412246108055E-002,-1.934332251548767E-001,9.571467041969299E-001,
1.493200000000000E+009,3.166093304753304E-002,-2.519365213811398E-002,-1.776058971881867E-001,9.588087797164917E-001,3.166093304753304E-002,-2.519365213811398E-002,-1.776058971881867E-001,9.588087797164917E-001,
1.501566666666667E+009,2.114253491163254E-002,-7.343288045376539E-003,-1.471229940652847E-001,9.630935788154602E-001,2.114253491163254E-002,-7.343288045376539E-003,-1.471229940652847E-001,9.630935788154602E-001,
1.509933333333334E+009,2.031885832548142E-002,1.403533387929201E-002,-1.313911527395248E-001,9.679804444313049E-001,2.031885832548142E-002,1.403533387929201E-002,-1.313911527395248E-001,9.679804444313049E-001,
1.518300000000000E+009,3.440957143902779E-002,3.039659932255745E-002,-1.039532944560051E-001,9.753814339637756E-001,3.440957143902779E-002,3.039659932255745E-002,-1.039532944560051E-001,9.753814339637756E-001,
1.526666666666667E+009,5.362540856003761E-002,3.722694143652916E-002,-7.238159328699112E-002,9.683436155319214E-001,5.362540856003761E-002,3.722694143652916E-002,-7.238159328699112E-002,9.683436155319214E-001,
1.535033333333334E+009,7.387959212064743E-002,3.365779668092728E-002,-5.108384415507317E-002,9.797157645225525E-001,7.387959212064743E-002,3.365779668092728E-002,-5.108384415507317E-002,9.797157645225525E-001,
1.543400000000000E+009,8.832361549139023E-002,1.748091913759708E-002,-3.047480620443821E-002,9.738657474517822E-001,8.832361549139023E-002,1.748091913759708E-002,-3.047480620443821E-002,9.738657474517822E-001,
1.551766666666667E+009,9.095308929681778E-002,-5.448759999126196E-003,-7.868679240345955E-003,9.699658155441284E-001,9.095308929681778E-002,-5.448759999126196E-003,-7.868679240345955E-003,9.699658155441284E-001,
1.560133333333334E+009,8.544180542230606E-002,-2.700117230415344E-002,1.276103779673576E-002,9.764755368232727E-001,8.544180542230606E-002,-2.700117230415344E-002,1.276103779673576E-002,9.764755368232727E-001,
1.568500000000000E+009,7.091161608695984E-002,-4.095435887575150E-002,3.108635358512402E-002,9.784635305404663E-001,7.091161608695984E-002,-4.095435887575150E-002,3.108635358512402E-002,9.784635305404663E-001,
1.576866666666667E+009,5.090612173080444E-002,-4.334216564893723E-002,7.394537329673767E-002,9.703000783920288E-001,5.090612173080444E-002,-4.334216564893723E-002,7.394537329673767E-002,9.703000783920288E-001,
1.585233333333334E+009,3.694920986890793E-002,-3.587815538048744E-002,8.971771597862244E-002,9.713894128799439E-001,3.694920986890793E-002,-3.587815538048744E-002,8.971771597862244E-002,9.713894128799439E-001,
1.593600000000000E+009,2.813352085649967E-002,-2.170786075294018E-002,1.166414543986321E-001,9.676662683486939E-001,2.813352085649967E-002,-2.170786075294018E-002,1.166414543986321E-001,9.676662683486939E-001,
1.601966666666667E+009,2.990509010851383E-002,-3.168857190757990E-003,1.394756585359573E-001,9.653108119964600E-001,2.990509010851383E-002,-3.168857190757990E-003,1.394756585359573E-001,9.653108119964600E-001,
1.610333333333334E+009,4.098635911941528E-002,9.494831785559654E-003,1.701430678367615E-001,9.593285918235779E-001,4.098635911941528E-002,9.494831785559654E-003,1.701430678367615E-001,9.593285918235779E-001,
1.618700000000000E+009,5.867413803935051E-002,1.365236751735210E-002,1.957099586725235E-001,9.557666778564453E-001,5.867413803935051E-002,1.365236751735210E-002,1.957099586725235E-001,9.557666778564453E-001,
1.627066666666667E+009,7.405128329992294E-002,7.593981921672821E-003,2.167845368385315E-001,9.480988979339600E-001,7.405128329992294E-002,7.593981921672821E-003,2.167845368385315E-001,9.480988979339600E-001,
1.635433333333334E+009,8.313553035259247E-002,-4.697730764746666E-003,2.449866384267807E-001,9.502231478691101E-001,8.313553035259247E-002,-4.697730764746666E-003,2.449866384267807E-001,9.502231478691101E-001,
1.643800000000000E+009,8.437684178352356E-002,-2.351960912346840E-002,2.581017017364502E-001,9.394021034240723E-001,8.437684178352356E-002,-2.351960912346840E-002,2.581017017364502E-001,9.394021034240723E-001,
1.652166666666667E+009,7.624264806509018E-002,-4.019846022129059E-002,2.922606170177460E-001,9.309116005897522E-001,7.624264806509018E-002,-4.019846022129059E-002,2.922606170177460E-001,9.309116005897522E-001,
1.660533333333334E+009,6.204009056091309E-002,-4.949449375271797E-002,3.093329668045044E-001,9.255704879760742E-001,6.204009056091309E-002,-4.949449375271797E-002,3.093329668045044E-001,9.255704879760742E-001,
1.668900000000000E+009,4.616479948163033E-002,-4.875249043107033E-002,3.303872644901276E-001,9.152735471725464E-001,4.616479948163033E-002,-4.875249043107033E-002,3.303872644901276E-001,9.152735471725464E-001,
1.677266666666667E+009,3.333061188459396E-002,-4.171522706747055E-002,3.716738522052765E-001,9.061511158943176E-001,3.333061188459396E-002,-4.171522706747055E-002,3.716738522052765E-001,9.061511158943176E-001,
1.685633333333334E+009,2.947365678846836E-002,-2.750456891953945E-002,3.884088397026062E-001,8.993487358093262E-001,2.947365678846836E-002,-2.750456891953945E-002,3.884088397026062E-001,8.993487358093262E-001,
1.694000000000000E+009,3.239541128277779E-002,-1.458838395774365E-002,4.036118686199188E-001,8.863633871078491E-001,3.239541128277779E-002,-1.458838395774365E-002,4.036118686199188E-001,8.863633871078491E-001,
1.702366666666667E+009,4.410092905163765E-002,-3.087114775553346E-003,4.274605810642242E-001,8.767976760864258E-001,4.410092905163765E-002,-3.087114775553346E-003,4.274605810642242E-001,8.767976760864258E-001,
1.710733333333334E+009,6.031058356165886E-002,-1.873894070740789E-004,4.477563798427582E-001,8.600831627845764E-001,6.031058356165886E-002,-1.873894070740789E-004,4.477563798427582E-001,8.600831627845764E-001,
1.719100000000000E+009,7.559711486101151E-002,-7.313834503293037E-003,4.743357002735138E-001,8.449153900146484E-001,7.559711486101151E-002,-7.313834503293037E-003,4.743357002735138E-001,8.449153900146484E-001,
1.727466666666667E+009,8.546736836433411E-002,-2.015793696045876E-002,4.921690523624420E-001,8.394038677215576E-001,8.546736836433411E-002,-2.015793696045876E-002,4.921690523624420E-001,8.394038677215576E-001,
1.735833333333334E+009,8.707459270954132E-002,-3.729314729571343E-002,5.091534256935120E-001,8.253089189529419E-001,8.707459270954132E-002,-3.729314729571343E-002,5.091534256935120E-001,8.253089189529419E-001,
1.744200000000000E+009,7.974962145090103E-002,-5.528584867715836E-002,5.361383557319641E-001,8.036140799522400E-001,7.974962145090103E-002,-5.528584867715836E-002,5.361383557319641E-001,8.036140799522400E-001,
1.752566666666667E+009,6.737948209047318E-002,-6.709082424640656E-002,5.651768445968628E-001,7.984548211097717E-001,6.737948209047318E-002,-6.709082424640656E-002,5.651768445968628E-001,7.984548211097717E-001,
1.760933333333334E+009,5.176319926977158E-002,-7.293164730072022E-002,5.736868381500244E-001,7.864879965782166E-001,5.176319926977158E-002,-7.293164730072022E-002,5.736868381500244E-001,7.864879965782166E-001,
1.769300000000000E+009,3.654766082763672E-002,-7.086507230997086E-002,5.999647378921509E-001,7.765549421310425E-001,3.654766082763672E-002,-7.086507230997086E-002,5.999647378921509E-001,7.765549421310425E-001,
1.777666666666667E+009,2.710558101534843E-002,-6.097342446446419E-002,6.136739850044251E-001,7.664250135421753E-001,2.710558101534843E-002,-6.097342446446419E-002,6.136739850044251E-001,7.664250135421753E-001,
1.786033333333334E+009,2.456697821617127E-002,-5.066579207777977E-002,6.294931173324585E-001,7.359598278999329E-001,2.456697821617127E-002,-5.066579207777977E-002,6.294931173324585E-001,7.359598278999329E-001,
1.794400000000000E+009,2.993277274072170E-002,-3.827033936977387E-002,6.539393067359924E-001,7.202824950218201E-001,2.993277274072170E-002,-3.827033936977387E-002,6.539393067359924E-001,7.202824950218201E-001,
1.802766666666667E+009,3.689459711313248E-002,-3.185213729739189E-002,6.721602082252502E-001,7.027881741523743E-001,3.689459711313248E-002,-3.185213729739189E-002,6.721602082252502E-001,7.027881741523743E-001,
1.811133333333334E+009,4.716163501143456E-002,-3.018678724765778E-002,6.959778666496277E-001,6.853323578834534E-001,4.716163501143456E-002,-3.018678724765778E-002,6.959778666496277E-001,6.853323578834534E-001,
1.819500000000000E+009,5.687065050005913E-002,-3.387811034917831E-002,7.087686657905579E-001,6.595781445503235E-001,5.687065050005913E-002,-3.387811034917831E-002,7.087686657905579E-001,6.595781445503235E-001,
1.827866666666667E+009,6.272304803133011E-002,-4.282665997743607E-002,7.281426787376404E-001,6.492487788200378E-001,6.272304803133011E-002,-4.282665997743607E-002,7.281426787376404E-001,6.492487788200378E-001,
1.836233333333334E+009,6.070042029023171E-002,-5.386352539062500E-002,7.403722405433655E-001,6.318560242652893E-001,6.070042029023171E-002,-5.386352539062500E-002,7.403722405433655E-001,6.318560242652893E-001,
1.844600000000000E+009,5.388408154249191E-002,-6.327906996011734E-002,7.570196390151978E-001,6.262874007225037E-001,5.388408154249191E-002,-6.327906996011734E-002,7.570196390151978E-001,6.262874007225037E-001,
1.852966666666667E+009,4.511735215783119E-002,-6.893950700759888E-002,7.667399644851685E-001,5.916862487792969E-001,4.511735215783119E-002,-6.893950700759888E-002,7.667399644851685E-001,5.916862487792969E-001,
1.861333333333334E+009,3.555540740489960E-002,-7.211410254240036E-002,7.904142737388611E-001,5.733433365821838E-001,3.555540740489960E-002,-7.211410254240036E-002,7.904142737388611E-001,5.733433365821838E-001,
1.869700000000000E+009,2.799809537827969E-002,-6.681466102600098E-002,8.060788512229919E-001,5.554470419883728E-001,2.799809537827969E-002,-6.681466102600098E-002,8.060788512229919E-001,5.554470419883728E-001,
1.878066666666667E+009,2.415875904262066E-002,-6.147877871990204E-002,8.207945227622986E-001,5.394152402877808E-001,2.415875904262066E-002,-6.147877871990204E-002,8.207945227622986E-001,5.394152402877808E-001,
1.886433333333334E+009,2.511135488748550E-002,-5.337001383304596E-002,8.383657932281494E-001,5.134060382843018E-001,2.511135488748550E-002,-5.337001383304596E-002,8.383657932281494E-001,5.134060382843018E-001,
1.894800000000000E+009,3.309845924377441E-002,-4.784949496388435E-002,8.498672246932983E-001,4.942324161529541E-001,3.309845924377441E-002,-4.784949496388435E-002,8.498672246932983E-001,4.942324161529541E-001,
1.903166666666667E+009,4.175063595175743E-002,-4.425987973809242E-002,8.624069690704346E-001,4.654035866260529E-001,4.175063595175743E-002,-4.425987973809242E-002,8.624069690704346E-001,4.654035866260529E-001,
1.911533333333334E+009,5.078888684511185E-002,-4.861279949545860E-002,8.693823218345642E-001,4.366267025470734E-001,5.078888684511185E-002,-4.861279949545860E-002,8.693823218345642E-001,4.366267025470734E-001,
1.919900000000000E+009,5.751772597432137E-002,-5.686514079570770E-002,8.846654295921326E-001,4.230188429355621E-001,5.751772597432137E-002,-5.686514079570770E-002,8.846654295921326E-001,4.230188429355621E-001,
1.928266666666667E+009,6.043809652328491E-002,-6.717833131551743E-002,8.812364339828491E-001,3.871590495109558E-001,6.043809652328491E-002,-6.717833131551743E-002,8.812364339828491E-001,3.871590495109558E-001,
1.936633333333334E+009,5.540161952376366E-002,-7.972664386034012E-002,9.009878039360046E-001,3.753035366535187E-001,5.540161952376366E-002,-7.972664386034012E-002,9.009878039360046E-001,3.753035366535187E-001,
1.945000000000000E+009,4.572185501456261E-002,-8.885071426630020E-002,9.117714762687683E-001,3.490856885910034E-001,4.572185501456261E-002,-8.885071426630020E-002,9.117714762687683E-001,3.490856885910034E-001,
1.953366666666667E+009,3.348518162965775E-002,-9.559115022420883E-002,9.143111705780029E-001,3.303695619106293E-001,3.348518162965775E-002,-9.559115022420883E-002,9.143111705780029E-001,3.303695619106293E-001,
1.961733333333334E+009,1.888891682028770E-002,-9.314516186714172E-002,9.299843907356262E-001,3.078657984733582E-001,1.888891682028770E-002,-9.314516186714172E-002,9.299843907356262E-001,3.078657984733582E-001,
1.970100000000000E+009,7.529740687459707E-003,-8.732102066278458E-002,9.284036755561829E-001,2.850909531116486E-001,7.529740687459707E-003,-8.732102066278458E-002,9.284036755561829E-001,2.850909531116486E-001,
1.978466666666667E+009,3.361162729561329E-003,-7.580415904521942E-002,9.425092935562134E-001,2.543124854564667E-001,3.361162729561329E-003,-7.580415904521942E-002,9.425092935562134E-001,2.543124854564667E-001,
1.986833333333334E+009,6.110759917646647E-003,-6.519781053066254E-002,9.454704523086548E-001,2.376885563135147E-001,6.110759917646647E-003,-6.519781053066254E-002,9.454704523086548E-001,2.376885563135147E-001,
1.995200000000000E+009,1.726682111620903E-002,-5.768068879842758E-002,9.487019777297974E-001,2.200067043304443E-001,1.726682111620903E-002,-5.768068879842758E-002,9.487019777297974E-001,2.200067043304443E-001,
2.003566666666667E+009,3.115980140864849E-002,-5.605235323309898E-002,9.536415934562683E-001,1.841761022806168E-001,3.115980140864849E-002,-5.605235323309898E-002,9.536415934562683E-001,1.841761022806168E-001,
2.011933333333334E+009,4.367592558264732E-002,-6.398236751556397E-002,9.656680822372437E-001,1.566999256610870E-001,4.367592558264732E-002,-6.398236751556397E-002,9.656680822372437E-001,1.566999256610870E-001,
2.020300000000000E+009,5.180343240499497E-002,-7.490393519401550E-002,9.665791988372803E-001,1.250378340482712E-001,5.180343240499497E-002,-7.490393519401550E-002,9.665791988372803E-001,1.250378340482712E-001,
2.028666666666667E+009,5.115291476249695E-002,-9.089982509613037E-002,9.692417383193970E-001,1.093517541885376E-001,5.115291476249695E-002,-9.089982509613037E-002,9.692417383193970E-001,1.093517541885376E-001,
2.037033333333334E+009,4.206054285168648E-002,-1.080083698034287E-001,9.727620482444763E-001,8.377923071384430E-002,4.206054285168648E-002,-1.080083698034287E-001,9.727620482444763E-001,8.377923071384430E-002,
2.045400000000000E+009,2.660489641129971E-002,-1.173217147588730E-001,9.675363302230835E-001,6.645315140485764E-002,2.660489641129971E-002,-1.173217147588730E-001,9.675363302230835E-001,6.645315140485764E-002,
2.053766666666667E+009,7.079264149069786E-003,-1.184094920754433E-001,9.709102511405945E-001,3.809525072574616E-002,7.079264149069786E-003,-1.184094920754433E-001,9.709102511405945E-001,3.809525072574616E-002,
2.062133333333334E+009,-8.609685115516186E-003,-1.129867583513260E-001,9.765933156013489E-001,1.233380753546953E-002,-8.609685115516186E-003,-1.129867583513260E-001,9.765933156013489E-001,1.233380753546953E-002,
2.070500000000000E+009,-1.702562347054482E-002,-9.822499752044678E-002,9.762808084487915E-001,-1.360607985407114E-002,-1.702562347054482E-002,-9.822499752044678E-002,9.762808084487915E-001,-1.360607985407114E-002,
2.078866666666667E+009,-1.568415947258472E-002,-8.327266573905945E-002,9.747678041458130E-001,-3.800683096051216E-002,-1.568415947258472E-002,-8.327266573905945E-002,9.747678041458130E-001,-3.800683096051216E-002,
2.087233333333334E+009,-5.202167667448521E-003,-7.473008334636688E-002,9.745072126388550E-001,-7.007740437984467E-002,-5.202167667448521E-003,-7.473008334636688E-002,9.745072126388550E-001,-7.007740437984467E-002,
2.095600000000000E+009,1.073680259287357E-002,-7.043282687664032E-002,9.778437018394470E-001,-9.078612923622131E-002,1.073680259287357E-002,-7.043282687664032E-002,9.778437018394470E-001,-9.078612923622131E-002,
2.103966666666667E+009,2.618783712387085E-002,-7.980378717184067E-002,9.743509888648987E-001,-1.186045259237289E-001,2.618783712387085E-002,-7.980378717184067E-002,9.743509888648987E-001,-1.186045259237289E-001,
2.112333333333334E+009,3.559162095189095E-002,-9.610895067453384E-002,9.638777375221252E-001,-1.395321488380432E-001,3.559162095189095E-002,-9.610895067453384E-002,9.638777375221252E-001,-1.395321488380432E-001,
2.120700000000000E+009,3.495814278721809E-002,-1.191959232091904E-001,9.591969251632690E-001,-1.701227873563767E-001,3.495814278721809E-002,-1.191959232091904E-001,9.591969251632690E-001,-1.701227873563767E-001,
2.129066666666667E+009,2.169251441955566E-002,-1.365402638912201E-001,9.639209508895874E-001,-1.981226503849030E-001,2.169251441955566E-002,-1.365402638912201E-001,9.639209508895874E-001,-1.981226503849030E-001,
2.137433333333334E+009,-1.043564989231527E-003,-1.479291021823883E-001,9.460415840148926E-001,-2.171247452497482E-001,-1.043564989231527E-003,-1.479291021823883E-001,9.460415840148926E-001,-2.171247452497482E-001,
2.145800000000000E+009,-2.919875271618366E-002,-1.477261334657669E-001,9.456227421760559E-001,-2.389609813690186E-001,-2.919875271618366E-002,-1.477261334657669E-001,9.456227421760559E-001,-2.389609813690186E-001,
2.154166666666667E+009,-5.112912133336067E-002,-1.359292268753052E-001,9.363847374916077E-001,-2.582262456417084E-001,-5.112912133336067E-002,-1.359292268753052E-001,9.363847374916077E-001,-2.582262456417084E-001,
2.162533333333334E+009,-6.381337344646454E-002,-1.147482246160507E-001,9.183731079101563E-001,-2.827624082565308E-001,-6.381337344646454E-002,-1.147482246160507E-001,9.183731079101563E-001,-2.827624082565308E-001,
2.170900000000000E+009,-6.313011795282364E-002,-9.268774092197418E-002,9.272366762161255E-001,-3.110745549201965E-001,-6.313011795282364E-002,-9.268774092197418E-002,9.272366762161255E-001,-3.110745549201965E-001,
2.179266666666667E+009,-4.952495917677879E-002,-7.761500030755997E-002,9.161235690116882E-001,-3.288949131965637E-001,-4.952495917677879E-002,-7.761500030755997E-002,9.161235690116882E-001,-3.288949131965637E-001,
2.187633333333334E+009,-3.009404987096787E-002,-7.254862785339356E-002,9.121716618537903E-001,-3.602059185504913E-001,-3.009404987096787E-002,-7.254862785339356E-002,9.121716618537903E-001,-3.602059185504913E-001,
2.196000000000000E+009,-9.026447311043739E-003,-8.177459985017777E-002,8.937246799468994E-001,-3.826176822185516E-001,-9.026447311043739E-003,-8.177459985017777E-002,8.937246799468994E-001,-3.826176822185516E-001,
2.204366666666667E+009,3.499578917399049E-003,-1.024724915623665E-001,8.854267001152039E-001,-4.058833420276642E-001,3.499578917399049E-003,-1.024724915623665E-001,8.854267001152039E-001,-4.058833420276642E-001,
2.212733333333334E+009,3.016530070453882E-003,-1.275383830070496E-001,8.727725744247437E-001,-4.384301304817200E-001,3.016530070453882E-003,-1.275383830070496E-001,8.727725744247437E-001,-4.384301304817200E-001,
2.221100000000000E+009,-1.286657061427832E-002,-1.477796733379364E-001,8.524523973464966E-001,-4.507213532924652E-001,-1.286657061427832E-002,-1.477796733379364E-001,8.524523973464966E-001,-4.507213532924652E-001,
2.229466666666667E+009,-3.765758499503136E-002,-1.593223512172699E-001,8.427678346633911E-001,-4.622556865215302E-001,-3.765758499503136E-002,-1.593223512172699E-001,8.427678346633911E-001,-4.622556865215302E-001,
2.237833333333334E+009,-6.835996359586716E-002,-1.548888236284256E-001,8.341611623764038E-001,-4.876734316349030E-001,-6.835996359586716E-002,-1.548888236284256E-001,8.341611623764038E-001,-4.876734316349030E-001,
2.246200000000000E+009,-9.431032091379166E-002,-1.391043215990067E-001,8.217516541481018E-001,-5.076123476028442E-001,-9.431032091379166E-002,-1.391043215990067E-001,8.217516541481018E-001,-5.076123476028442E-001,
2.254566666666667E+009,-1.059983968734741E-001,-1.126067414879799E-001,8.111925125122070E-001,-5.258255004882813E-001,-1.059983968734741E-001,-1.126067414879799E-001,8.111925125122070E-001,-5.258255004882813E-001,
2.262933333333334E+009,-1.058862358331680E-001,-8.816878497600555E-002,7.993558049201965E-001,-5.468239188194275E-001,-1.058862358331680E-001,-8.816878497600555E-002,7.993558049201965E-001,-5.468239188194275E-001,
2.271300000000000E+009,-9.185610711574554E-002,-6.873261183500290E-002,7.839182615280151E-001,-5.663623809814453E-001,-9.185610711574554E-002,-6.873261183500290E-002,7.839182615280151E-001,-5.663623809814453E-001,
2.279666666666667E+009,-6.898902356624603E-002,-6.506849080324173E-002,7.721433043479919E-001,-5.890731215476990E-001,-6.898902356624603E-002,-6.506849080324173E-002,7.721433043479919E-001,-5.890731215476990E-001,
2.288033333333334E+009,-4.918716102838516E-002,-7.566782832145691E-002,7.570543885231018E-001,-6.196102499961853E-001,-4.918716102838516E-002,-7.566782832145691E-002,7.570543885231018E-001,-6.196102499961853E-001,
2.296400000000000E+009,-3.801388293504715E-002,-9.841943532228470E-002,7.345557212829590E-001,-6.385732293128967E-001,-3.801388293504715E-002,-9.841943532228470E-002,7.345557212829590E-001,-6.385732293128967E-001,
2.304766666666667E+009,-4.299266636371613E-002,-1.233352944254875E-001,7.196124792098999E-001,-6.460864543914795E-001,-4.299266636371613E-002,-1.233352944254875E-001,7.196124792098999E-001,-6.460864543914795E-001,
2.313133333333334E+009,-6.361710280179977E-002,-1.400928348302841E-001,6.945561170578003E-001,-6.775605082511902E-001,-6.361710280179977E-002,-1.400928348302841E-001,6.945561170578003E-001,-6.775605082511902E-001,
2.321500000000000E+009,-8.888929337263107E-002,-1.437015682458878E-001,6.794388294219971E-001,-6.848235130310059E-001,-8.888929337263107E-002,-1.437015682458878E-001,6.794388294219971E-001,-6.848235130310059E-001,
2.329866666666667E+009,-1.157632470130920E-001,-1.326241791248322E-001,6.697413921356201E-001,-7.015885710716248E-001,-1.157632470130920E-001,-1.326241791248322E-001,6.697413921356201E-001,-7.015885710716248E-001,
2.338233333333334E+009,-1.359302252531052E-001,-1.104561612010002E-001,6.433174610137940E-001,-7.179867625236511E-001,-1.359302252531052E-001,-1.104561612010002E-001,6.433174610137940E-001,-7.179867625236511E-001,
2.346600000000000E+009,-1.408682316541672E-001,-7.947494834661484E-002,6.259373426437378E-001,-7.362295985221863E-001,-1.408682316541672E-001,-7.947494834661484E-002,6.259373426437378E-001,-7.362295985221863E-001,
2.354966666666667E+009,-1.293385177850723E-001,-5.538748949766159E-002,6.189900040626526E-001,-7.476449012756348E-001,-1.293385177850723E-001,-5.538748949766159E-002,6.189900040626526E-001,-7.476449012756348E-001,
2.363333333333334E+009,-1.079925447702408E-001,-4.420513659715653E-002,6.015738844871521E-001,-7.657598853111267E-001,-1.079925447702408E-001,-4.420513659715653E-002,6.015738844871521E-001,-7.657598853111267E-001,
2.371700000000000E+009,-8.033403009176254E-002,-4.851640760898590E-002,5.819296240806580E-001,-7.878587841987610E-001,-8.033403009176254E-002,-4.851640760898590E-002,5.819296240806580E-001,-7.878587841987610E-001,
2.380066666666667E+009,-6.252700090408325E-002,-7.189786434173584E-002,5.506825447082520E-001,-8.028033971786499E-001,-6.252700090408325E-002,-7.189786434173584E-002,5.506825447082520E-001,-8.028033971786499E-001,
2.388433333333334E+009,-6.117276474833489E-002,-1.024636253714562E-001,5.286684036254883E-001,-8.108641505241394E-001,-6.117276474833489E-002,-1.024636253714562E-001,5.286684036254883E-001,-8.108641505241394E-001,
2.396800000000000E+009,-7.775676250457764E-002,-1.328790932893753E-001,4.954614639282227E-001,-8.303033709526062E-001,-7.775676250457764E-002,-1.328790932893753E-001,4.954614639282227E-001,-8.303033709526062E-001,
2.405166666666667E+009,-1.089979931712151E-001,-1.527550518512726E-001,4.756482541561127E-001,-8.393870592117310E-001,-1.089979931712151E-001,-1.527550518512726E-001,4.756482541561127E-001,-8.393870592117310E-001,
2.413533333333334E+009,-1.494481265544891E-001,-1.495372354984283E-001,4.521351456642151E-001,-8.442713618278503E-001,-1.494481265544891E-001,-1.495372354984283E-001,4.521351456642151E-001,-8.442713618278503E-001,
2.421900000000000E+009,-1.869011819362640E-001,-1.291352212429047E-001,4.403957724571228E-001,-8.525512218475342E-001,-1.869011819362640E-001,-1.291352212429047E-001,4.403957724571228E-001,-8.525512218475342E-001,
2.430266666666667E+009,-2.079685032367706E-001,-9.330214560031891E-002,4.211470484733582E-001,-8.631045818328857E-001,-2.079685032367706E-001,-9.330214560031891E-002,4.211470484733582E-001,-8.631045818328857E-001,
2.438633333333334E+009,-2.148135900497437E-001,-4.947107657790184E-002,4.029113352298737E-001,-8.717511296272278E-001,-2.148135900497437E-001,-4.947107657790184E-002,4.029113352298737E-001,-8.717511296272278E-001,
2.447000000000000E+009,-1.990076750516892E-001,-1.006048545241356E-002,3.825310170650482E-001,-8.877452015876770E-001,-1.990076750516892E-001,-1.006048545241356E-002,3.825310170650482E-001,-8.877452015876770E-001,
2.455366666666667E+009,-1.686974316835403E-001,1.258579827845097E-002,3.641783297061920E-001,-8.952633738517761E-001,-1.686974316835403E-001,1.258579827845097E-002,3.641783297061920E-001,-8.952633738517761E-001,
2.463733333333334E+009,-1.345950812101364E-001,1.607628911733627E-002,3.404999971389771E-001,-9.138641357421875E-001,-1.345950812101364E-001,1.607628911733627E-002,3.404999971389771E-001,-9.138641357421875E-001,
2.472100000000000E+009,-1.075327172875404E-001,-1.791258109733462E-003,3.134958148002625E-001,-9.246914982795715E-001,-1.075327172875404E-001,-1.791258109733462E-003,3.134958148002625E-001,-9.246914982795715E-001,
2.480466666666667E+009,-9.625835716724396E-002,-3.305802494287491E-002,2.797313928604126E-001,-9.280760884284973E-001,-9.625835716724396E-002,-3.305802494287491E-002,2.797313928604126E-001,-9.280760884284973E-001,
2.488833333333334E+009,-1.054812371730804E-001,-6.464729458093643E-002,2.582314908504486E-001,-9.355336427688599E-001,-1.054812371730804E-001,-6.464729458093643E-002,2.582314908504486E-001,-9.355336427688599E-001,
2.497200000000000E+009,-1.290939748287201E-001,-8.368480950593948E-002,2.264616787433624E-001,-9.423837065696716E-001,-1.290939748287201E-001,-8.368480950593948E-002,2.264616787433624E-001,-9.423837065696716E-001,
2.505566666666667E+009,-1.659947037696838E-001,-8.550346642732620E-002,1.959317773580551E-001,-9.452742338180542E-001,-1.659947037696838E-001,-8.550346642732620E-002,1.959317773580551E-001,-9.452742338180542E-001,
2.513933333333334E+009,-1.954835355281830E-001,-6.693781167268753E-002,1.783148646354675E-001,-9.434829950332642E-001,-1.954835355281830E-001,-6.693781167268753E-002,1.783148646354675E-001,-9.434829950332642E-001,
2.522300000000000E+009,-2.133597880601883E-001,-3.643181920051575E-002,1.528301090002060E-001,-9.455311298370361E-001,-2.133597880601883E-001,-3.643181920051575E-002,1.528301090002060E-001,-9.455311298370361E-001,
2.530666666666667E+009,-2.118725925683975E-001,1.986882882192731E-003,1.279250234365463E-001,-9.530296921730042E-001,-2.118725925683975E-001,1.986882882192731E-003,1.279250234365463E-001,-9.530296921730042E-001,
2.539033333333334E+009,-1.950172185897827E-001,3.417601436376572E-002,1.125007644295692E-001,-9.533469080924988E-001,-1.950172185897827E-001,3.417601436376572E-002,1.125007644295692E-001,-9.533469080924988E-001,
2.547400000000000E+009,-1.656886339187622E-001,5.306370183825493E-002,9.522722661495209E-002,-9.652368426322937E-001,-1.656886339187622E-001,5.306370183825493E-002,9.522722661495209E-002,-9.652368426322937E-001,
2.555766666666667E+009,-1.327581703662872E-001,5.283337831497192E-002,6.566990911960602E-002,-9.731836318969727E-001,-1.327581703662872E-001,5.283337831497192E-002,6.566990911960602E-002,-9.731836318969727E-001,
2.564133333333334E+009,-1.104722321033478E-001,3.196351975202560E-002,3.734876960515976E-002,-9.698939323425293E-001,-1.104722321033478E-001,3.196351975202560E-002,3.734876960515976E-002,-9.698939323425293E-001,
2.572500000000000E+009,-1.054801568388939E-001,2.079301513731480E-003,9.255641140043736E-003,-9.695710539817810E-001,-1.054801568388939E-001,2.079301513731480E-003,9.255641140043736E-003,-9.695710539817810E-001,
2.580866666666667E+009,-1.197368353605270E-001,-2.607852406799793E-002,-2.001751028001308E-002,-9.718728065490723E-001,-1.197368353605270E-001,-2.607852406799793E-002,-2.001751028001308E-002,-9.718728065490723E-001,
2.589233333333334E+009,-1.503953784704208E-001,-4.262012615799904E-002,-5.134828761219978E-002,-9.633134603500366E-001,-1.503953784704208E-001,-4.262012615799904E-002,-5.134828761219978E-002,-9.633134603500366E-001,
2.597600000000000E+009,-1.847208738327026E-001,-4.180117323994637E-002,-7.660273462533951E-002,-9.587567448616028E-001,-1.847208738327026E-001,-4.180117323994637E-002,-7.660273462533951E-002,-9.587567448616028E-001,
2.605966666666667E+009,-2.149818241596222E-001,-1.974379271268845E-002,-8.993071317672730E-002,-9.589483737945557E-001,-2.149818241596222E-001,-1.974379271268845E-002,-8.993071317672730E-002,-9.589483737945557E-001,
2.614333333333334E+009,-2.297418415546417E-001,1.333858724683523E-002,-1.140015646815300E-001,-9.468874931335449E-001,-2.297418415546417E-001,1.333858724683523E-002,-1.140015646815300E-001,-9.468874931335449E-001,
2.622700000000000E+009,-2.259347438812256E-001,5.415483191609383E-002,-1.326825022697449E-001,-9.409794807434082E-001,-2.259347438812256E-001,5.415483191609383E-002,-1.326825022697449E-001,-9.409794807434082E-001,
2.631066666666667E+009,-2.056623995304108E-001,8.810320496559143E-002,-1.547242850065231E-001,-9.521258473396301E-001,-2.056623995304108E-001,8.810320496559143E-002,-1.547242850065231E-001,-9.521258473396301E-001,
2.639433333333334E+009,-1.722397655248642E-001,1.058341935276985E-001,-1.756426990032196E-001,-9.415714144706726E-001,-1.722397655248642E-001,1.058341935276985E-001,-1.756426990032196E-001,-9.415714144706726E-001,
2.647800000000000E+009,-1.369104683399200E-001,1.059907600283623E-001,-2.008395344018936E-001,-9.433103203773499E-001,-1.369104683399200E-001,1.059907600283623E-001,-2.008395344018936E-001,-9.433103203773499E-001,
2.656166666666667E+009,-1.131530925631523E-001,8.786795288324356E-002,-2.244694083929062E-001,-9.475059509277344E-001,-1.131530925631523E-001,8.786795288324356E-002,-2.244694083929062E-001,-9.475059509277344E-001,
2.664533333333334E+009,-1.065120473504067E-001,6.039948016405106E-002,-2.603883445262909E-001,-9.317375421524048E-001,-1.065120473504067E-001,6.039948016405106E-002,-2.603883445262909E-001,-9.317375421524048E-001,
2.672900000000000E+009,-1.187430918216705E-001,3.336201980710030E-002,-2.820775806903839E-001,-9.271706342697144E-001,-1.187430918216705E-001,3.336201980710030E-002,-2.820775806903839E-001,-9.271706342697144E-001,
2.681266666666667E+009,-1.460901498794556E-001,1.891189441084862E-002,-3.100102841854096E-001,-9.131572842597961E-001,-1.460901498794556E-001,1.891189441084862E-002,-3.100102841854096E-001,-9.131572842597961E-001,
2.689633333333334E+009,-1.802764981985092E-001,2.297540009021759E-002,-3.340570032596588E-001,-9.027196764945984E-001,-1.802764981985092E-001,2.297540009021759E-002,-3.340570032596588E-001,-9.027196764945984E-001,
2.698000000000000E+009,-2.057514488697052E-001,4.417002201080322E-002,-3.471441566944122E-001,-8.893148899078369E-001,-2.057514488697052E-001,4.417002201080322E-002,-3.471441566944122E-001,-8.893148899078369E-001,
2.706366666666667E+009,-2.162839621305466E-001,7.828775793313980E-002,-3.704433441162109E-001,-8.737130761146545E-001,-2.162839621305466E-001,7.828775793313980E-002,-3.704433441162109E-001,-8.737130761146545E-001,
2.714733333333334E+009,-2.099735140800476E-001,1.139271631836891E-001,-3.841667473316193E-001,-8.726195693016052E-001,-2.099735140800476E-001,1.139271631836891E-001,-3.841667473316193E-001,-8.726195693016052E-001,
2.723100000000000E+009,-1.846783608198166E-001,1.453317403793335E-001,-4.024367630481720E-001,-8.609322309494019E-001,-1.846783608198166E-001,1.453317403793335E-001,-4.024367630481720E-001,-8.609322309494019E-001,
2.731466666666667E+009,-1.476920396089554E-001,1.625547409057617E-001,-4.276584982872009E-001,-8.588609099388123E-001,-1.476920396089554E-001,1.625547409057617E-001,-4.276584982872009E-001,-8.588609099388123E-001,
2.739833333333334E+009,-1.104603782296181E-001,1.595173925161362E-001,-4.466037452220917E-001,-8.474476337432861E-001,-1.104603782296181E-001,1.595173925161362E-001,-4.466037452220917E-001,-8.474476337432861E-001,
2.748200000000000E+009,-8.409285545349121E-002,1.414890140295029E-001,-4.717245101928711E-001,-8.410425782203674E-001,-8.409285545349121E-002,1.414890140295029E-001,-4.717245101928711E-001,-8.410425782203674E-001,
2.756566666666667E+009,-7.446456700563431E-002,1.125915274024010E-001,-4.981471598148346E-001,-8.337748646736145E-001,-7.446456700563431E-002,1.125915274024010E-001,-4.981471598148346E-001,-8.337748646736145E-001,
2.764933333333334E+009,-8.372443914413452E-002,8.467546105384827E-002,-5.334639549255371E-001,-8.228676319122315E-001,-8.372443914413452E-002,8.467546105384827E-002,-5.334639549255371E-001,-8.228676319122315E-001,
2.773300000000000E+009,-1.086082682013512E-001,6.633201986551285E-002,-5.488200187683106E-001,-7.986841797828674E-001,-1.086082682013512E-001,6.633201986551285E-002,-5.488200187683106E-001,-7.986841797828674E-001,
2.781666666666667E+009,-1.433509290218353E-001,6.934975832700729E-002,-5.662523508071899E-001,-7.802584171295166E-001,-1.433509290218353E-001,6.934975832700729E-002,-5.662523508071899E-001,-7.802584171295166E-001,
2.790033333333334E+009,-1.695486754179001E-001,8.796040713787079E-002,-5.848224759101868E-001,-7.641839981079102E-001,-1.695486754179001E-001,8.796040713787079E-002,-5.848224759101868E-001,-7.641839981079102E-001,
2.798400000000000E+009,-1.824935525655747E-001,1.205074191093445E-001,-6.022407412528992E-001,-7.494137287139893E-001,-1.824935525655747E-001,1.205074191093445E-001,-6.022407412528992E-001,-7.494137287139893E-001,
2.806766666666667E+009,-1.735187172889710E-001,1.561998724937439E-001,-6.147716045379639E-001,-7.248193621635437E-001,-1.735187172889710E-001,1.561998724937439E-001,-6.147716045379639E-001,-7.248193621635437E-001,
2.815133333333334E+009,-1.502628922462463E-001,1.826039552688599E-001,-6.277611255645752E-001,-7.160134911537170E-001,-1.502628922462463E-001,1.826039552688599E-001,-6.277611255645752E-001,-7.160134911537170E-001,
2.823500000000000E+009,-1.135829314589500E-001,1.975000053644180E-001,-6.447475552558899E-001,-7.062537074089050E-001,-1.135829314589500E-001,1.975000053644180E-001,-6.447475552558899E-001,-7.062537074089050E-001,
2.831866666666667E+009,-7.586292177438736E-002,1.923356950283051E-001,-6.618942618370056E-001,-6.924911737442017E-001,-7.586292177438736E-002,1.923356950283051E-001,-6.618942618370056E-001,-6.924911737442017E-001,
2.840233333333334E+009,-4.676567763090134E-002,1.725150495767593E-001,-6.885089874267578E-001,-6.825227141380310E-001,-4.676567763090134E-002,1.725150495767593E-001,-6.885089874267578E-001,-6.825227141380310E-001,
2.848600000000000E+009,-3.527039662003517E-002,1.434976309537888E-001,-7.042491436004639E-001,-6.614201664924622E-001,-3.527039662003517E-002,1.434976309537888E-001,-7.042491436004639E-001,-6.614201664924622E-001,
2.856966666666667E+009,-4.362746700644493E-002,1.154649332165718E-001,-7.265163064002991E-001,-6.439889073371887E-001,-4.362746700644493E-002,1.154649332165718E-001,-7.265163064002991E-001,-6.439889073371887E-001,
2.865333333333334E+009,-7.003037631511688E-002,9.832443296909332E-002,-7.485827207565308E-001,-6.260416507720947E-001,-7.003037631511688E-002,9.832443296909332E-002,-7.485827207565308E-001,-6.260416507720947E-001,
2.873700000000000E+009,-1.040749028325081E-001,9.908052533864975E-002,-7.646341323852539E-001,-5.927327871322632E-001,-1.040749028325081E-001,9.908052533864975E-002,-7.646341323852539E-001,-5.927327871322632E-001,
2.882066666666667E+009,-1.315247863531113E-001,1.193449273705483E-001,-7.730057835578919E-001,-5.644780993461609E-001,-1.315247863531113E-001,1.193449273705483E-001,-7.730057835578919E-001,-5.644780993461609E-001,
2.890433333333334E+009,-1.453238427639008E-001,1.534484475851059E-001,-7.829084992408752E-001,-5.466119050979614E-001,-1.453238427639008E-001,1.534484475851059E-001,-7.829084992408752E-001,-5.466119050979614E-001,
2.898800000000000E+009,-1.376323848962784E-001,1.907215863466263E-001,-7.884556651115418E-001,-5.286284089088440E-001,-1.376323848962784E-001,1.907215863466263E-001,-7.884556651115418E-001,-5.286284089088440E-001,
2.907166666666667E+009,-1.113557144999504E-001,2.186947464942932E-001,-7.944873571395874E-001,-5.154887437820435E-001,-1.113557144999504E-001,2.186947464942932E-001,-7.944873571395874E-001,-5.154887437820435E-001,
2.915533333333334E+009,-7.081378996372223E-002,2.329770922660828E-001,-8.089827895164490E-001,-4.944828152656555E-001,-7.081378996372223E-002,2.329770922660828E-001,-8.089827895164490E-001,-4.944828152656555E-001,
2.923900000000000E+009,-3.114278055727482E-002,2.268952131271362E-001,-8.212387561798096E-001,-4.851452112197876E-001,-3.114278055727482E-002,2.268952131271362E-001,-8.212387561798096E-001,-4.851452112197876E-001,
2.932266666666667E+009,1.569605083204806E-003,2.047612667083740E-001,-8.354131579399109E-001,-4.709897637367249E-001,1.569605083204806E-003,2.047612667083740E-001,-8.354131579399109E-001,-4.709897637367249E-001,
2.940633333333334E+009,1.624257303774357E-002,1.708786189556122E-001,-8.539726734161377E-001,-4.484001994132996E-001,1.624257303774357E-002,1.708786189556122E-001,-8.539726734161377E-001,-4.484001994132996E-001,
2.949000000000000E+009,9.642971679568291E-003,1.364799886941910E-001,-8.757678866386414E-001,-4.195864200592041E-001,9.642971679568291E-003,1.364799886941910E-001,-8.757678866386414E-001,-4.195864200592041E-001,
2.957366666666667E+009,-1.523291971534491E-002,1.157910972833633E-001,-8.892697691917419E-001,-3.971523940563202E-001,-1.523291971534491E-002,1.157910972833633E-001,-8.892697691917419E-001,-3.971523940563202E-001,
2.965733333333334E+009,-5.116976052522659E-002,1.148347258567810E-001,-9.021073579788208E-001,-3.653685152530670E-001,-5.116976052522659E-002,1.148347258567810E-001,-9.021073579788208E-001,-3.653685152530670E-001,
2.974100000000000E+009,-8.058268576860428E-002,1.352404356002808E-001,-9.074227213859558E-001,-3.307366073131561E-001,-8.058268576860428E-002,1.352404356002808E-001,-9.074227213859558E-001,-3.307366073131561E-001,
2.982466666666667E+009,-9.496121108531952E-002,1.706741452217102E-001,-9.123904109001160E-001,-3.051484227180481E-001,-9.496121108531952E-002,1.706741452217102E-001,-9.123904109001160E-001,-3.051484227180481E-001,
2.990833333333334E+009,-8.883114904165268E-002,2.082627713680267E-001,-9.064928889274597E-001,-2.896261513233185E-001,-8.883114904165268E-002,2.082627713680267E-001,-9.064928889274597E-001,-2.896261513233185E-001,
2.999200000000000E+009,-6.162846460938454E-002,2.382936775684357E-001,-9.101638197898865E-001,-2.693111598491669E-001,-6.162846460938454E-002,2.382936775684357E-001,-9.101638197898865E-001,-2.693111598491669E-001,
3.007566666666667E+009,-2.110307849943638E-002,2.517706453800201E-001,-9.146687388420105E-001,-2.505854070186615E-001,-2.110307849943638E-002,2.517706453800201E-001,-9.146687388420105E-001,-2.505854070186615E-001,
3.015933333333334E+009,2.342707663774490E-002,2.419537156820297E-001,-9.185281395912170E-001,-2.364248484373093E-001,2.342707663774490E-002,2.419537156820297E-001,-9.185281395912170E-001,-2.364248484373093E-001,
3.024300000000000E+009,5.658731237053871E-002,2.159096598625183E-001,-9.292615652084351E-001,-2.190866470336914E-001,5.658731237053871E-002,2.159096598625183E-001,-9.292615652084351E-001,-2.190866470336914E-001,
3.032666666666667E+009,7.256598025560379E-002,1.756404191255570E-001,-9.415964484214783E-001,-1.939767003059387E-001,7.256598025560379E-002,1.756404191255570E-001,-9.415964484214783E-001,-1.939767003059387E-001,
3.041033333333334E+009,6.413199007511139E-002,1.368543505668640E-001,-9.535461664199829E-001,-1.710959076881409E-001,6.413199007511139E-002,1.368543505668640E-001,-9.535461664199829E-001,-1.710959076881409E-001,
3.049400000000000E+009,3.477157652378082E-002,1.129826307296753E-001,-9.609082937240601E-001,-1.328959465026856E-001,3.477157652378082E-002,1.129826307296753E-001,-9.609082937240601E-001,-1.328959465026856E-001,
3.057766666666667E+009,-2.483314601704478E-003,1.116740703582764E-001,-9.707068800926209E-001,-1.156480908393860E-001,-2.483314601704478E-003,1.116740703582764E-001,-9.707068800926209E-001,-1.156480908393860E-001,
3.066133333333334E+009,-3.731742128729820E-002,1.341200917959213E-001,-9.631055593490601E-001,-7.528749108314514E-002,-3.731742128729820E-002,1.341200917959213E-001,-9.631055593490601E-001,-7.528749108314514E-002,
3.074500000000000E+009,-5.262043699622154E-002,1.741064786911011E-001,-9.634377360343933E-001,-4.415500909090042E-002,-5.262043699622154E-002,1.741064786911011E-001,-9.634377360343933E-001,-4.415500909090042E-002,
3.082866666666667E+009,-4.266134276986122E-002,2.166715562343597E-001,-9.543887972831726E-001,-2.301052771508694E-002,-4.266134276986122E-002,2.166715562343597E-001,-9.543887972831726E-001,-2.301052771508694E-002,
3.091233333333334E+009,-1.064546685665846E-002,2.512834072113037E-001,-9.465044140815735E-001,-5.863063270226121E-004,-1.064546685665846E-002,2.512834072113037E-001,-9.465044140815735E-001,-5.863063270226121E-004,
3.099600000000000E+009,3.643659874796867E-002,2.631194293498993E-001,-9.395335316658020E-001,1.376316603273153E-002,3.643659874796867E-002,2.631194293498993E-001,-9.395335316658020E-001,1.376316603273153E-002,
3.107966666666667E+009,8.754378557205200E-002,2.495538294315338E-001,-9.442289471626282E-001,2.435406669974327E-002,8.754378557205200E-002,2.495538294315338E-001,-9.442289471626282E-001,2.435406669974327E-002,
3.116333333333334E+009,1.270804405212402E-001,2.144040912389755E-001,-9.483019113540649E-001,4.459615051746368E-002,1.270804405212402E-001,2.144040912389755E-001,-9.483019113540649E-001,4.459615051746368E-002,
3.124700000000000E+009,1.427224725484848E-001,1.650413870811462E-001,-9.570286870002747E-001,6.063690036535263E-002,1.427224725484848E-001,1.650413870811462E-001,-9.570286870002747E-001,6.063690036535263E-002,
3.133066666666667E+009,1.328006982803345E-001,1.167993471026421E-001,-9.642408490180969E-001,9.362095594406128E-002,1.328006982803345E-001,1.167993471026421E-001,-9.642408490180969E-001,9.362095594406128E-002,
3.141433333333334E+009,1.002134829759598E-001,8.201280236244202E-002,-9.674715995788574E-001,1.232758015394211E-001,1.002134829759598E-001,8.201280236244202E-002,-9.674715995788574E-001,1.232758015394211E-001,
3.149800000000000E+009,5.221694707870483E-002,7.555434852838516E-002,-9.666768908500671E-001,1.625508368015289E-001,5.221694707870483E-002,7.555434852838516E-002,-9.666768908500671E-001,1.625508368015289E-001,
3.158166666666667E+009,9.863460436463356E-003,9.851289540529251E-002,-9.540370702743530E-001,1.960762143135071E-001,9.863460436463356E-003,9.851289540529251E-002,-9.540370702743530E-001,1.960762143135071E-001,
3.166533333333334E+009,-1.119098905473948E-002,1.419336199760437E-001,-9.449985027313232E-001,2.228353768587112E-001,-1.119098905473948E-002,1.419336199760437E-001,-9.449985027313232E-001,2.228353768587112E-001,
3.174900000000000E+009,-6.719892378896475E-003,1.918444484472275E-001,-9.275888800621033E-001,2.464366853237152E-001,-6.719892378896475E-003,1.918444484472275E-001,-9.275888800621033E-001,2.464366853237152E-001,
3.183266666666667E+009,2.579366602003574E-002,2.316685467958450E-001,-9.110113382339478E-001,2.651498317718506E-001,2.579366602003574E-002,2.316685467958450E-001,-9.110113382339478E-001,2.651498317718506E-001,
3.191633333333334E+009,7.409595698118210E-002,2.463750094175339E-001,-8.969620466232300E-001,2.785048782825470E-001,7.409595698118210E-002,2.463750094175339E-001,-8.969620466232300E-001,2.785048782825470E-001,
3.200000000000000E+009,1.249853894114494E-001,2.325174957513809E-001,-8.947413563728333E-001,2.888903915882111E-001,1.249853894114494E-001,2.325174957513809E-001,-8.947413563728333E-001,2.888903915882111E-001,
