% Version 1.00
%
%freq[Hz],re:Trc1_S11,im:Trc1_S11,re:Trc2_S21,im:Trc2_S21,re:Trc3_S11,im:Trc3_S11,re:Trc4_S21,im:Trc4_S21,
6.900000000000000E+008,-5.207477137446404E-002,4.565282724797726E-003,-4.708829820156097E-001,-8.451151847839356E-001,-5.207477137446404E-002,4.565282724797726E-003,-4.708829820156097E-001,-8.451151847839356E-001,
6.983666666666666E+008,-4.501753672957420E-002,5.227430257946253E-003,-4.887783527374268E-001,-8.258561491966248E-001,-4.501753672957420E-002,5.227430257946253E-003,-4.887783527374268E-001,-8.258561491966248E-001,
7.067333333333334E+008,-3.989854454994202E-002,3.143423469737172E-003,-5.163888335227966E-001,-8.027327656745911E-001,-3.989854454994202E-002,3.143423469737172E-003,-5.163888335227966E-001,-8.027327656745911E-001,
7.151000000000000E+008,-4.014736786484718E-002,-4.156244918704033E-003,-5.243282318115234E-001,-7.947023510932922E-001,-4.014736786484718E-002,-4.156244918704033E-003,-5.243282318115234E-001,-7.947023510932922E-001,
7.234666666666666E+008,-4.081406071782112E-002,-9.508368559181690E-003,-5.632447600364685E-001,-7.849999666213989E-001,-4.081406071782112E-002,-9.508368559181690E-003,-5.632447600364685E-001,-7.849999666213989E-001,
7.318333333333334E+008,-4.882587864995003E-002,-1.259961910545826E-002,-5.740776062011719E-001,-7.806596159934998E-001,-4.882587864995003E-002,-1.259961910545826E-002,-5.740776062011719E-001,-7.806596159934998E-001,
7.402000000000000E+008,-5.632335692644119E-002,-1.043146662414074E-002,-6.025426983833313E-001,-7.565599083900452E-001,-5.632335692644119E-002,-1.043146662414074E-002,-6.025426983833313E-001,-7.565599083900452E-001,
7.485666666666666E+008,-6.179906427860260E-002,-5.671750288456678E-003,-6.221522092819214E-001,-7.203639745712280E-001,-6.179906427860260E-002,-5.671750288456678E-003,-6.221522092819214E-001,-7.203639745712280E-001,
7.569333333333334E+008,-6.294136494398117E-002,3.689220175147057E-003,-6.386638283729553E-001,-7.240477204322815E-001,-6.294136494398117E-002,3.689220175147057E-003,-6.386638283729553E-001,-7.240477204322815E-001,
7.653000000000000E+008,-6.069876253604889E-002,1.265712175518274E-002,-6.441864371299744E-001,-7.143993377685547E-001,-6.069876253604889E-002,1.265712175518274E-002,-6.441864371299744E-001,-7.143993377685547E-001,
7.736666666666666E+008,-5.386434122920036E-002,2.136375941336155E-002,-6.701953411102295E-001,-7.098512649536133E-001,-5.386434122920036E-002,2.136375941336155E-002,-6.701953411102295E-001,-7.098512649536133E-001,
7.820333333333334E+008,-4.801385477185249E-002,2.594039402902126E-002,-6.943325400352478E-001,-6.892082691192627E-001,-4.801385477185249E-002,2.594039402902126E-002,-6.943325400352478E-001,-6.892082691192627E-001,
7.904000000000000E+008,-3.900684043765068E-002,2.494640462100506E-002,-7.092685699462891E-001,-6.673368215560913E-001,-3.900684043765068E-002,2.494640462100506E-002,-7.092685699462891E-001,-6.673368215560913E-001,
7.987666666666666E+008,-3.252435475587845E-002,2.128255181014538E-002,-7.223429679870606E-001,-6.451128125190735E-001,-3.252435475587845E-002,2.128255181014538E-002,-7.223429679870606E-001,-6.451128125190735E-001,
8.071333333333334E+008,-3.300525248050690E-002,1.746080629527569E-002,-7.348251342773438E-001,-6.327773332595825E-001,-3.300525248050690E-002,1.746080629527569E-002,-7.348251342773438E-001,-6.327773332595825E-001,
8.155000000000000E+008,-3.691857308149338E-002,1.115393918007612E-002,-7.473158240318298E-001,-5.876161456108093E-001,-3.691857308149338E-002,1.115393918007612E-002,-7.473158240318298E-001,-5.876161456108093E-001,
8.238666666666666E+008,-4.241038486361504E-002,8.288972079753876E-003,-7.785494923591614E-001,-5.923336744308472E-001,-4.241038486361504E-002,8.288972079753876E-003,-7.785494923591614E-001,-5.923336744308472E-001,
8.322333333333334E+008,-5.087956413626671E-002,1.032097358256578E-002,-7.930286526679993E-001,-5.654343962669373E-001,-5.087956413626671E-002,1.032097358256578E-002,-7.930286526679993E-001,-5.654343962669373E-001,
8.406000000000000E+008,-5.615007877349854E-002,1.369174197316170E-002,-8.031395077705383E-001,-5.530427098274231E-001,-5.615007877349854E-002,1.369174197316170E-002,-8.031395077705383E-001,-5.530427098274231E-001,
8.489666666666668E+008,-5.755836144089699E-002,2.142095379531384E-002,-8.233215212821960E-001,-5.281281471252441E-001,-5.755836144089699E-002,2.142095379531384E-002,-8.233215212821960E-001,-5.281281471252441E-001,
8.573333333333334E+008,-5.477414652705193E-002,2.888903208076954E-002,-8.287885785102844E-001,-5.122648477554321E-001,-5.477414652705193E-002,2.888903208076954E-002,-8.287885785102844E-001,-5.122648477554321E-001,
8.657000000000000E+008,-4.938719794154167E-002,3.832815587520599E-002,-8.440212607383728E-001,-4.811704456806183E-001,-4.938719794154167E-002,3.832815587520599E-002,-8.440212607383728E-001,-4.811704456806183E-001,
8.740666666666668E+008,-4.178207740187645E-002,4.371553659439087E-002,-8.420360684394836E-001,-4.651350975036621E-001,-4.178207740187645E-002,4.371553659439087E-002,-8.420360684394836E-001,-4.651350975036621E-001,
8.824333333333334E+008,-3.326557949185371E-002,4.349208623170853E-002,-8.731260299682617E-001,-4.345054030418396E-001,-3.326557949185371E-002,4.349208623170853E-002,-8.731260299682617E-001,-4.345054030418396E-001,
8.908000000000000E+008,-2.601619251072407E-002,4.440144076943398E-002,-8.862773776054382E-001,-4.304785132408142E-001,-2.601619251072407E-002,4.440144076943398E-002,-8.862773776054382E-001,-4.304785132408142E-001,
8.991666666666668E+008,-2.324970066547394E-002,3.803931549191475E-002,-8.963943123817444E-001,-3.979589343070984E-001,-2.324970066547394E-002,3.803931549191475E-002,-8.963943123817444E-001,-3.979589343070984E-001,
9.075333333333334E+008,-2.359082363545895E-002,3.410952165722847E-002,-8.876222968101502E-001,-3.775346875190735E-001,-2.359082363545895E-002,3.410952165722847E-002,-8.876222968101502E-001,-3.775346875190735E-001,
9.159000000000000E+008,-2.700085937976837E-002,2.979638800024986E-002,-9.047999382019043E-001,-3.668826520442963E-001,-2.700085937976837E-002,2.979638800024986E-002,-9.047999382019043E-001,-3.668826520442963E-001,
9.242666666666668E+008,-3.216119855642319E-002,2.579241432249546E-002,-9.170463085174561E-001,-3.427152931690216E-001,-3.216119855642319E-002,2.579241432249546E-002,-9.170463085174561E-001,-3.427152931690216E-001,
9.326333333333334E+008,-3.703352063894272E-002,2.791675366461277E-002,-9.189848899841309E-001,-3.087759315967560E-001,-3.703352063894272E-002,2.791675366461277E-002,-9.189848899841309E-001,-3.087759315967560E-001,
9.410000000000000E+008,-4.286239296197891E-002,3.422411903738976E-002,-9.263586997985840E-001,-2.820209860801697E-001,-4.286239296197891E-002,3.422411903738976E-002,-9.263586997985840E-001,-2.820209860801697E-001,
9.493666666666668E+008,-4.455522447824478E-002,4.164047539234161E-002,-9.331445693969727E-001,-2.721779644489288E-001,-4.455522447824478E-002,4.164047539234161E-002,-9.331445693969727E-001,-2.721779644489288E-001,
9.577333333333334E+008,-4.016366600990295E-002,4.983993619680405E-002,-9.583565592765808E-001,-2.307003736495972E-001,-4.016366600990295E-002,4.983993619680405E-002,-9.583565592765808E-001,-2.307003736495972E-001,
9.661000000000000E+008,-3.293578326702118E-002,5.747583881020546E-002,-9.455014467239380E-001,-2.197204381227493E-001,-3.293578326702118E-002,5.747583881020546E-002,-9.455014467239380E-001,-2.197204381227493E-001,
9.744666666666668E+008,-2.409836649894714E-002,6.288336217403412E-002,-9.552954435348511E-001,-1.880918592214584E-001,-2.409836649894714E-002,6.288336217403412E-002,-9.552954435348511E-001,-1.880918592214584E-001,
9.828333333333334E+008,-1.107035949826241E-002,6.177082657814026E-002,-9.542713761329651E-001,-1.595360934734345E-001,-1.107035949826241E-002,6.177082657814026E-002,-9.542713761329651E-001,-1.595360934734345E-001,
9.912000000000000E+008,-1.605364028364420E-003,5.972959846258164E-002,-9.650686979293823E-001,-1.523592621088028E-001,-1.605364028364420E-003,5.972959846258164E-002,-9.650686979293823E-001,-1.523592621088028E-001,
9.995666666666668E+008,2.885875059291720E-003,5.177919566631317E-002,-9.697905778884888E-001,-1.158681064844132E-001,2.885875059291720E-003,5.177919566631317E-002,-9.697905778884888E-001,-1.158681064844132E-001,
1.007933333333333E+009,2.764077624306083E-003,4.414482042193413E-002,-9.767143726348877E-001,-9.963909536600113E-002,2.764077624306083E-003,4.414482042193413E-002,-9.767143726348877E-001,-9.963909536600113E-002,
1.016300000000000E+009,-3.646760014817119E-003,3.583649545907974E-002,-9.760319590568543E-001,-7.048159837722778E-002,-3.646760014817119E-003,3.583649545907974E-002,-9.760319590568543E-001,-7.048159837722778E-002,
1.024666666666667E+009,-1.171896606683731E-002,3.510230034589768E-002,-9.779728055000305E-001,-4.981785640120506E-002,-1.171896606683731E-002,3.510230034589768E-002,-9.779728055000305E-001,-4.981785640120506E-002,
1.033033333333333E+009,-1.930034719407558E-002,3.636580333113670E-002,-9.538468718528748E-001,-9.958789683878422E-003,-1.930034719407558E-002,3.636580333113670E-002,-9.538468718528748E-001,-9.958789683878422E-003,
1.041400000000000E+009,-2.407229505479336E-002,4.275096580386162E-002,-9.640254974365234E-001,1.237659063190222E-002,-2.407229505479336E-002,4.275096580386162E-002,-9.640254974365234E-001,1.237659063190222E-002,
1.049766666666667E+009,-2.545037493109703E-002,5.099608749151230E-002,-9.742782711982727E-001,3.154541924595833E-002,-2.545037493109703E-002,5.099608749151230E-002,-9.742782711982727E-001,3.154541924595833E-002,
1.058133333333333E+009,-1.821089163422585E-002,6.091571971774101E-002,-9.707111716270447E-001,5.589840933680534E-002,-1.821089163422585E-002,6.091571971774101E-002,-9.707111716270447E-001,5.589840933680534E-002,
1.066500000000000E+009,-5.747517570853233E-003,6.606256961822510E-002,-9.560371637344360E-001,8.342165499925613E-002,-5.747517570853233E-003,6.606256961822510E-002,-9.560371637344360E-001,8.342165499925613E-002,
1.074866666666667E+009,5.943693686276674E-003,6.424381583929062E-002,-9.669414758682251E-001,1.108525022864342E-001,5.943693686276674E-003,6.424381583929062E-002,-9.669414758682251E-001,1.108525022864342E-001,
1.083233333333334E+009,1.888914033770561E-002,6.100619584321976E-002,-9.616402387619019E-001,1.288931369781494E-001,1.888914033770561E-002,6.100619584321976E-002,-9.616402387619019E-001,1.288931369781494E-001,
1.091600000000000E+009,2.424628101289272E-002,4.982860758900642E-002,-9.568983912467957E-001,1.628300398588181E-001,2.424628101289272E-002,4.982860758900642E-002,-9.568983912467957E-001,1.628300398588181E-001,
1.099966666666667E+009,2.587060444056988E-002,3.797392547130585E-002,-9.527984857559204E-001,1.803480833768845E-001,2.587060444056988E-002,3.797392547130585E-002,-9.527984857559204E-001,1.803480833768845E-001,
1.108333333333334E+009,1.769419573247433E-002,2.846180461347103E-002,-9.670563936233521E-001,2.002121061086655E-001,1.769419573247433E-002,2.846180461347103E-002,-9.670563936233521E-001,2.002121061086655E-001,
1.116700000000000E+009,5.688272416591644E-003,2.927676774561405E-002,-9.521883726119995E-001,2.365994006395340E-001,5.688272416591644E-003,2.927676774561405E-002,-9.521883726119995E-001,2.365994006395340E-001,
1.125066666666667E+009,-6.885233800858259E-003,3.037601523101330E-002,-9.365815520286560E-001,2.560836374759674E-001,-6.885233800858259E-003,3.037601523101330E-002,-9.365815520286560E-001,2.560836374759674E-001,
1.133433333333334E+009,-1.795681193470955E-002,4.223275557160378E-002,-9.328339695930481E-001,2.741840481758118E-001,-1.795681193470955E-002,4.223275557160378E-002,-9.328339695930481E-001,2.741840481758118E-001,
1.141800000000000E+009,-1.794484443962574E-002,5.572651699185371E-002,-9.220319390296936E-001,3.006860315799713E-001,-1.794484443962574E-002,5.572651699185371E-002,-9.220319390296936E-001,3.006860315799713E-001,
1.150166666666667E+009,-1.159545686095953E-002,6.858412176370621E-002,-9.178250432014465E-001,3.299748897552490E-001,-1.159545686095953E-002,6.858412176370621E-002,-9.178250432014465E-001,3.299748897552490E-001,
1.158533333333334E+009,5.358312744647265E-003,7.667592912912369E-002,-9.084314703941345E-001,3.519857227802277E-001,5.358312744647265E-003,7.667592912912369E-002,-9.084314703941345E-001,3.519857227802277E-001,
1.166900000000000E+009,2.472651377320290E-002,7.684091478586197E-002,-9.005386233329773E-001,3.796774446964264E-001,2.472651377320290E-002,7.684091478586197E-002,-9.005386233329773E-001,3.796774446964264E-001,
1.175266666666667E+009,4.116140678524971E-002,6.800791621208191E-002,-8.839968442916870E-001,3.913070559501648E-001,4.116140678524971E-002,6.800791621208191E-002,-8.839968442916870E-001,3.913070559501648E-001,
1.183633333333334E+009,5.458246171474457E-002,5.402994155883789E-002,-8.787783980369568E-001,4.196262657642365E-001,5.458246171474457E-002,5.402994155883789E-002,-8.787783980369568E-001,4.196262657642365E-001,
1.192000000000000E+009,5.661490187048912E-002,3.685839101672173E-002,-8.728440999984741E-001,4.460250437259674E-001,5.661490187048912E-002,3.685839101672173E-002,-8.728440999984741E-001,4.460250437259674E-001,
1.200366666666667E+009,4.835273697972298E-002,2.041480876505375E-002,-8.591077327728272E-001,4.659455120563507E-001,4.835273697972298E-002,2.041480876505375E-002,-8.591077327728272E-001,4.659455120563507E-001,
1.208733333333334E+009,3.108337894082069E-002,1.188543625175953E-002,-8.545852899551392E-001,4.929236471652985E-001,3.108337894082069E-002,1.188543625175953E-002,-8.545852899551392E-001,4.929236471652985E-001,
1.217100000000000E+009,1.310146227478981E-002,1.411204878240824E-002,-8.218725919723511E-001,5.105148553848267E-001,1.310146227478981E-002,1.411204878240824E-002,-8.218725919723511E-001,5.105148553848267E-001,
1.225466666666667E+009,6.027328781783581E-004,2.547444030642510E-002,-8.247503042221069E-001,5.331685543060303E-001,6.027328781783581E-004,2.547444030642510E-002,-8.247503042221069E-001,5.331685543060303E-001,
1.233833333333334E+009,-2.125034108757973E-003,4.143687337636948E-002,-8.062605857849121E-001,5.539503097534180E-001,-2.125034108757973E-003,4.143687337636948E-002,-8.062605857849121E-001,5.539503097534180E-001,
1.242200000000000E+009,3.066124627366662E-003,5.632512643933296E-002,-7.799220681190491E-001,5.710937380790710E-001,3.066124627366662E-003,5.632512643933296E-002,-7.799220681190491E-001,5.710937380790710E-001,
1.250566666666667E+009,1.788775809109211E-002,6.710746139287949E-002,-7.829466462135315E-001,5.980039834976196E-001,1.788775809109211E-002,6.710746139287949E-002,-7.829466462135315E-001,5.980039834976196E-001,
1.258933333333334E+009,3.802479803562164E-002,6.805483996868134E-002,-7.640121579170227E-001,6.099240183830261E-001,3.802479803562164E-002,6.805483996868134E-002,-7.640121579170227E-001,6.099240183830261E-001,
1.267300000000000E+009,5.665420368313789E-002,5.694769695401192E-002,-7.416393160820007E-001,6.268879175186157E-001,5.665420368313789E-002,5.694769695401192E-002,-7.416393160820007E-001,6.268879175186157E-001,
1.275666666666667E+009,6.844117492437363E-002,4.014948382973671E-002,-7.364954948425293E-001,6.350169777870178E-001,6.844117492437363E-002,4.014948382973671E-002,-7.364954948425293E-001,6.350169777870178E-001,
1.284033333333334E+009,7.149938493967056E-002,1.824950613081455E-002,-7.062367200851440E-001,6.867439746856690E-001,7.149938493967056E-002,1.824950613081455E-002,-7.062367200851440E-001,6.867439746856690E-001,
1.292400000000000E+009,6.030565872788429E-002,6.653434829786420E-004,-7.034358382225037E-001,6.848327517509460E-001,6.030565872788429E-002,6.653434829786420E-004,-7.034358382225037E-001,6.848327517509460E-001,
1.300766666666667E+009,4.292513802647591E-002,-7.291724439710379E-003,-6.856219768524170E-001,7.016033530235291E-001,4.292513802647591E-002,-7.291724439710379E-003,-6.856219768524170E-001,7.016033530235291E-001,
1.309133333333334E+009,2.345813997089863E-002,-4.521301481872797E-003,-6.701121330261231E-001,7.294871211051941E-001,2.345813997089863E-002,-4.521301481872797E-003,-6.701121330261231E-001,7.294871211051941E-001,
1.317500000000000E+009,8.308108896017075E-003,8.090001530945301E-003,-6.436563134193420E-001,7.548917531967163E-001,8.308108896017075E-003,8.090001530945301E-003,-6.436563134193420E-001,7.548917531967163E-001,
1.325866666666667E+009,2.971460809931159E-003,2.493885532021523E-002,-6.213228702545166E-001,7.544563412666321E-001,2.971460809931159E-003,2.493885532021523E-002,-6.213228702545166E-001,7.544563412666321E-001,
1.334233333333334E+009,9.114962071180344E-003,4.405249655246735E-002,-6.016734242439270E-001,7.662090063095093E-001,9.114962071180344E-003,4.405249655246735E-002,-6.016734242439270E-001,7.662090063095093E-001,
1.342600000000000E+009,2.541821822524071E-002,5.057065561413765E-002,-5.901489853858948E-001,7.848459482192993E-001,2.541821822524071E-002,5.057065561413765E-002,-5.901489853858948E-001,7.848459482192993E-001,
1.350966666666667E+009,4.338414967060089E-002,4.980562627315521E-002,-5.630140304565430E-001,8.055868744850159E-001,4.338414967060089E-002,4.980562627315521E-002,-5.630140304565430E-001,8.055868744850159E-001,
1.359333333333334E+009,5.950243398547173E-002,3.822406753897667E-002,-5.454820394515991E-001,8.126484155654907E-001,5.950243398547173E-002,3.822406753897667E-002,-5.454820394515991E-001,8.126484155654907E-001,
1.367700000000000E+009,6.747188419103622E-002,1.746664568781853E-002,-5.255526304244995E-001,8.240679502487183E-001,6.747188419103622E-002,1.746664568781853E-002,-5.255526304244995E-001,8.240679502487183E-001,
1.376066666666667E+009,6.292256712913513E-002,-5.862316582351923E-003,-4.998566508293152E-001,8.376384973526001E-001,6.292256712913513E-002,-5.862316582351923E-003,-4.998566508293152E-001,8.376384973526001E-001,
1.384433333333334E+009,4.880005493760109E-002,-1.924761943519115E-002,-4.916720986366272E-001,8.501128554344177E-001,4.880005493760109E-002,-1.924761943519115E-002,-4.916720986366272E-001,8.501128554344177E-001,
1.392800000000000E+009,2.653684839606285E-002,-2.277972362935543E-002,-4.679779410362244E-001,8.579791188240051E-001,2.653684839606285E-002,-2.277972362935543E-002,-4.679779410362244E-001,8.579791188240051E-001,
1.401166666666667E+009,8.868755772709847E-003,-1.458962168544531E-002,-4.358480274677277E-001,8.853694796562195E-001,8.868755772709847E-003,-1.458962168544531E-002,-4.358480274677277E-001,8.853694796562195E-001,
1.409533333333334E+009,-3.437858307734132E-003,5.343781784176827E-003,-4.130694568157196E-001,8.946872353553772E-001,-3.437858307734132E-003,5.343781784176827E-003,-4.130694568157196E-001,8.946872353553772E-001,
1.417900000000000E+009,-5.158233921974897E-003,2.754621021449566E-002,-3.752509057521820E-001,8.897274136543274E-001,-5.158233921974897E-003,2.754621021449566E-002,-3.752509057521820E-001,8.897274136543274E-001,
1.426266666666667E+009,5.382614675909281E-003,4.764369502663612E-002,-3.675472140312195E-001,9.183159470558167E-001,5.382614675909281E-003,4.764369502663612E-002,-3.675472140312195E-001,9.183159470558167E-001,
1.434633333333334E+009,2.373692765831947E-002,5.557891353964806E-002,-3.416305482387543E-001,9.101508855819702E-001,2.373692765831947E-002,5.557891353964806E-002,-3.416305482387543E-001,9.101508855819702E-001,
1.443000000000000E+009,4.668168723583221E-002,5.394392833113670E-002,-3.152364194393158E-001,9.235813021659851E-001,4.668168723583221E-002,5.394392833113670E-002,-3.152364194393158E-001,9.235813021659851E-001,
1.451366666666667E+009,6.252073496580124E-002,3.796838223934174E-002,-2.961859405040741E-001,9.297150969505310E-001,6.252073496580124E-002,3.796838223934174E-002,-2.961859405040741E-001,9.297150969505310E-001,
1.459733333333334E+009,6.949102133512497E-002,1.727845147252083E-002,-2.831789851188660E-001,9.354667067527771E-001,6.949102133512497E-002,1.727845147252083E-002,-2.831789851188660E-001,9.354667067527771E-001,
1.468100000000000E+009,6.417997926473618E-002,-4.183606244623661E-003,-2.447324842214584E-001,9.453780651092529E-001,6.417997926473618E-002,-4.183606244623661E-003,-2.447324842214584E-001,9.453780651092529E-001,
1.476466666666667E+009,4.929554834961891E-002,-1.929178275167942E-002,-2.264131903648377E-001,9.595487117767334E-001,4.929554834961891E-002,-1.929178275167942E-002,-2.264131903648377E-001,9.595487117767334E-001,
1.484833333333334E+009,2.810852415859699E-002,-2.272274531424046E-002,-1.938287317752838E-001,9.646397829055786E-001,2.810852415859699E-002,-2.272274531424046E-002,-1.938287317752838E-001,9.646397829055786E-001,
1.493200000000000E+009,1.170327235013247E-002,-1.338832732290030E-002,-1.751582771539688E-001,9.655610918998718E-001,1.170327235013247E-002,-1.338832732290030E-002,-1.751582771539688E-001,9.655610918998718E-001,
1.501566666666667E+009,1.736471429467201E-003,5.565730389207602E-003,-1.455987095832825E-001,9.667062163352966E-001,1.736471429467201E-003,5.565730389207602E-003,-1.455987095832825E-001,9.667062163352966E-001,
1.509933333333334E+009,2.122531644999981E-003,2.819633483886719E-002,-1.299089044332504E-001,9.719153642654419E-001,2.122531644999981E-003,2.819633483886719E-002,-1.299089044332504E-001,9.719153642654419E-001,
1.518300000000000E+009,1.710515841841698E-002,4.563637450337410E-002,-1.034064516425133E-001,9.777337312698364E-001,1.710515841841698E-002,4.563637450337410E-002,-1.034064516425133E-001,9.777337312698364E-001,
1.526666666666667E+009,3.733010217547417E-002,5.362836644053459E-002,-7.239513099193573E-002,9.734529256820679E-001,3.733010217547417E-002,5.362836644053459E-002,-7.239513099193573E-002,9.734529256820679E-001,
1.535033333333334E+009,5.793537199497223E-002,5.066950991749764E-002,-5.075832456350327E-002,9.831427931785584E-001,5.793537199497223E-002,5.066950991749764E-002,-5.075832456350327E-002,9.831427931785584E-001,
1.543400000000000E+009,7.226088643074036E-002,3.516020625829697E-002,-3.013637289404869E-002,9.769127368927002E-001,7.226088643074036E-002,3.516020625829697E-002,-3.013637289404869E-002,9.769127368927002E-001,
1.551766666666667E+009,7.518664747476578E-002,1.224690210074186E-002,-6.071757525205612E-003,9.735197424888611E-001,7.518664747476578E-002,1.224690210074186E-002,-6.071757525205612E-003,9.735197424888611E-001,
1.560133333333334E+009,6.960776448249817E-002,-8.475237525999546E-003,1.622517034411430E-002,9.790801405906677E-001,6.960776448249817E-002,-8.475237525999546E-003,1.622517034411430E-002,9.790801405906677E-001,
1.568500000000000E+009,5.518017709255219E-002,-2.205471508204937E-002,3.140865266323090E-002,9.826057553291321E-001,5.518017709255219E-002,-2.205471508204937E-002,3.140865266323090E-002,9.826057553291321E-001,
1.576866666666667E+009,3.547935560345650E-002,-2.407625131309032E-002,7.515332102775574E-002,9.751619696617127E-001,3.547935560345650E-002,-2.407625131309032E-002,7.515332102775574E-002,9.751619696617127E-001,
1.585233333333334E+009,2.228943258523941E-002,-1.570842415094376E-002,9.020068496465683E-002,9.749819040298462E-001,2.228943258523941E-002,-1.570842415094376E-002,9.020068496465683E-002,9.749819040298462E-001,
1.593600000000000E+009,1.473161019384861E-002,-1.017833594232798E-003,1.206955537199974E-001,9.686110615730286E-001,1.473161019384861E-002,-1.017833594232798E-003,1.206955537199974E-001,9.686110615730286E-001,
1.601966666666667E+009,1.758381910622120E-002,1.824220269918442E-002,1.404132544994354E-001,9.686527252197266E-001,1.758381910622120E-002,1.824220269918442E-002,1.404132544994354E-001,9.686527252197266E-001,
1.610333333333334E+009,3.000449761748314E-002,3.173367306590080E-002,1.715962439775467E-001,9.623343944549561E-001,3.000449761748314E-002,3.173367306590080E-002,1.715962439775467E-001,9.623343944549561E-001,
1.618700000000000E+009,4.894189164042473E-002,3.640810027718544E-002,1.965319067239761E-001,9.577924013137817E-001,4.894189164042473E-002,3.640810027718544E-002,1.965319067239761E-001,9.577924013137817E-001,
1.627066666666667E+009,6.493835896253586E-002,3.071821294724941E-002,2.191121429204941E-001,9.521314501762390E-001,6.493835896253586E-002,3.071821294724941E-002,2.191121429204941E-001,9.521314501762390E-001,
1.635433333333334E+009,7.438612729310989E-002,1.879336684942246E-002,2.459017336368561E-001,9.527200460433960E-001,7.438612729310989E-002,1.879336684942246E-002,2.459017336368561E-001,9.527200460433960E-001,
1.643800000000000E+009,7.586558163166046E-002,2.171762025682256E-004,2.581495642662048E-001,9.423818588256836E-001,7.586558163166046E-002,2.171762025682256E-004,2.581495642662048E-001,9.423818588256836E-001,
1.652166666666667E+009,6.763318926095963E-002,-1.554844807833433E-002,2.922714054584503E-001,9.342744350433350E-001,6.763318926095963E-002,-1.554844807833433E-002,2.922714054584503E-001,9.342744350433350E-001,
1.660533333333334E+009,5.356052890419960E-002,-2.437308058142662E-002,3.104274868965149E-001,9.295075535774231E-001,5.356052890419960E-002,-2.437308058142662E-002,3.104274868965149E-001,9.295075535774231E-001,
1.668900000000000E+009,3.782628476619721E-002,-2.349670231342316E-002,3.337947428226471E-001,9.163051843643189E-001,3.782628476619721E-002,-2.349670231342316E-002,3.337947428226471E-001,9.163051843643189E-001,
1.677266666666667E+009,2.592706307768822E-002,-1.608780771493912E-002,3.727685809135437E-001,9.098013043403626E-001,2.592706307768822E-002,-1.608780771493912E-002,3.727685809135437E-001,9.098013043403626E-001,
1.685633333333334E+009,2.333470992743969E-002,-2.002624329179525E-003,3.903098404407501E-001,9.024367332458496E-001,2.333470992743969E-002,-2.002624329179525E-003,3.903098404407501E-001,9.024367332458496E-001,
1.694000000000000E+009,2.759492769837380E-002,1.106149796396494E-002,4.070352017879486E-001,8.881109356880188E-001,2.759492769837380E-002,1.106149796396494E-002,4.070352017879486E-001,8.881109356880188E-001,
1.702366666666667E+009,4.063521325588226E-002,2.254864759743214E-002,4.318624436855316E-001,8.806729316711426E-001,4.063521325588226E-002,2.254864759743214E-002,4.318624436855316E-001,8.806729316711426E-001,
1.710733333333334E+009,5.788982659578323E-002,2.606479451060295E-002,4.484996497631073E-001,8.647950291633606E-001,5.788982659578323E-002,2.606479451060295E-002,4.484996497631073E-001,8.647950291633606E-001,
1.719100000000000E+009,7.446780055761337E-002,1.922228932380676E-002,4.749388396739960E-001,8.489073514938355E-001,7.446780055761337E-002,1.922228932380676E-002,4.749388396739960E-001,8.489073514938355E-001,
1.727466666666667E+009,8.521050959825516E-002,6.482512224465609E-003,4.926140904426575E-001,8.424333333969116E-001,8.521050959825516E-002,6.482512224465609E-003,4.926140904426575E-001,8.424333333969116E-001,
1.735833333333334E+009,8.722066134214401E-002,-9.904281236231327E-003,5.083938241004944E-001,8.308104872703552E-001,8.722066134214401E-002,-9.904281236231327E-003,5.083938241004944E-001,8.308104872703552E-001,
1.744200000000000E+009,8.016686141490936E-002,-2.811432443559170E-002,5.383202433586121E-001,8.078539371490479E-001,8.016686141490936E-002,-2.811432443559170E-002,5.383202433586121E-001,8.078539371490479E-001,
1.752566666666667E+009,6.803910434246063E-002,-3.939689323306084E-002,5.674612522125244E-001,8.025684952735901E-001,6.803910434246063E-002,-3.939689323306084E-002,5.674612522125244E-001,8.025684952735901E-001,
1.760933333333334E+009,5.258231982588768E-002,-4.489135369658470E-002,5.758413076400757E-001,7.892502546310425E-001,5.258231982588768E-002,-4.489135369658470E-002,5.758413076400757E-001,7.892502546310425E-001,
1.769300000000000E+009,3.798868507146835E-002,-4.294902831315994E-002,6.012809872627258E-001,7.805818915367127E-001,3.798868507146835E-002,-4.294902831315994E-002,6.012809872627258E-001,7.805818915367127E-001,
1.777666666666667E+009,2.920856140553951E-002,-3.281932696700096E-002,6.146301031112671E-001,7.701743841171265E-001,2.920856140553951E-002,-3.281932696700096E-002,6.146301031112671E-001,7.701743841171265E-001,
1.786033333333334E+009,2.787792682647705E-002,-2.337982878088951E-002,6.318381428718567E-001,7.399870753288269E-001,2.787792682647705E-002,-2.337982878088951E-002,6.318381428718567E-001,7.399870753288269E-001,
1.794400000000000E+009,3.404998034238815E-002,-1.102558895945549E-002,6.541690826416016E-001,7.266904711723328E-001,3.404998034238815E-002,-1.102558895945549E-002,6.541690826416016E-001,7.266904711723328E-001,
1.802766666666667E+009,4.264284297823906E-002,-5.294219590723515E-003,6.716244220733643E-001,7.055332660675049E-001,4.264284297823906E-002,-5.294219590723515E-003,6.716244220733643E-001,7.055332660675049E-001,
1.811133333333334E+009,5.365211516618729E-002,-3.788889618590474E-003,6.970287561416626E-001,6.889974474906921E-001,5.365211516618729E-002,-3.788889618590474E-003,6.970287561416626E-001,6.889974474906921E-001,
1.819500000000000E+009,6.460446119308472E-002,-7.096474990248680E-003,7.095447182655335E-001,6.646656394004822E-001,6.460446119308472E-002,-7.096474990248680E-003,7.095447182655335E-001,6.646656394004822E-001,
1.827866666666667E+009,7.124137878417969E-002,-1.579516381025314E-002,7.290507555007935E-001,6.551841497421265E-001,7.124137878417969E-002,-1.579516381025314E-002,7.290507555007935E-001,6.551841497421265E-001,
1.836233333333334E+009,7.032613456249237E-002,-2.693658322095871E-002,7.433625459671021E-001,6.347152590751648E-001,7.032613456249237E-002,-2.693658322095871E-002,7.433625459671021E-001,6.347152590751648E-001,
1.844600000000000E+009,6.401393562555313E-002,-3.573096543550491E-002,7.574881911277771E-001,6.311554908752441E-001,6.401393562555313E-002,-3.573096543550491E-002,7.574881911277771E-001,6.311554908752441E-001,
1.852966666666667E+009,5.515103042125702E-002,-4.102430492639542E-002,7.691819667816162E-001,5.955302715301514E-001,5.515103042125702E-002,-4.102430492639542E-002,7.691819667816162E-001,5.955302715301514E-001,
1.861333333333334E+009,4.599090665578842E-002,-4.462000727653503E-002,7.938271164894104E-001,5.755056142807007E-001,4.599090665578842E-002,-4.462000727653503E-002,7.938271164894104E-001,5.755056142807007E-001,
1.869700000000000E+009,3.878014534711838E-002,-3.941240534186363E-002,8.085798025131226E-001,5.586160421371460E-001,3.878014534711838E-002,-3.941240534186363E-002,8.085798025131226E-001,5.586160421371460E-001,
1.878066666666667E+009,3.610944747924805E-002,-3.461453691124916E-002,8.224481940269470E-001,5.448170304298401E-001,3.610944747924805E-002,-3.461453691124916E-002,8.224481940269470E-001,5.448170304298401E-001,
1.886433333333334E+009,3.735638037323952E-002,-2.734260819852352E-002,8.407003283500671E-001,5.184513330459595E-001,3.735638037323952E-002,-2.734260819852352E-002,8.407003283500671E-001,5.184513330459595E-001,
1.894800000000000E+009,4.651548340916634E-002,-2.235755696892738E-002,8.536301255226135E-001,4.987778663635254E-001,4.651548340916634E-002,-2.235755696892738E-002,8.536301255226135E-001,4.987778663635254E-001,
1.903166666666667E+009,5.591827258467674E-002,-1.919656991958618E-002,8.633555769920349E-001,4.693137109279633E-001,5.591827258467674E-002,-1.919656991958618E-002,8.633555769920349E-001,4.693137109279633E-001,
1.911533333333334E+009,6.623262166976929E-002,-2.411597222089768E-002,8.695551156997681E-001,4.435653686523438E-001,6.623262166976929E-002,-2.411597222089768E-002,8.695551156997681E-001,4.435653686523438E-001,
1.919900000000000E+009,7.421284914016724E-002,-3.257649391889572E-002,8.861280679702759E-001,4.276217222213745E-001,7.421284914016724E-002,-3.257649391889572E-002,8.861280679702759E-001,4.276217222213745E-001,
1.928266666666667E+009,7.791079580783844E-002,-4.302277788519859E-002,8.838478326797485E-001,3.918770253658295E-001,7.791079580783844E-002,-4.302277788519859E-002,8.838478326797485E-001,3.918770253658295E-001,
1.936633333333334E+009,7.331529259681702E-002,-5.530427396297455E-002,9.024083614349365E-001,3.820233345031738E-001,7.331529259681702E-002,-5.530427396297455E-002,9.024083614349365E-001,3.820233345031738E-001,
1.945000000000000E+009,6.396656483411789E-002,-6.445087492465973E-002,9.150094389915466E-001,3.572691977024078E-001,6.396656483411789E-002,-6.445087492465973E-002,9.150094389915466E-001,3.572691977024078E-001,
1.953366666666667E+009,5.291482433676720E-002,-7.081876695156097E-002,9.168325662612915E-001,3.348807692527771E-001,5.291482433676720E-002,-7.081876695156097E-002,9.168325662612915E-001,3.348807692527771E-001,
1.961733333333334E+009,3.765678033232689E-002,-6.829066574573517E-002,9.343896508216858E-001,3.142429590225220E-001,3.765678033232689E-002,-6.829066574573517E-002,9.343896508216858E-001,3.142429590225220E-001,
1.970100000000000E+009,2.649906277656555E-002,-6.351701170206070E-002,9.356111884117127E-001,2.898780107498169E-001,2.649906277656555E-002,-6.351701170206070E-002,9.356111884117127E-001,2.898780107498169E-001,
1.978466666666667E+009,2.277403511106968E-002,-5.234101787209511E-002,9.464288353919983E-001,2.613174319267273E-001,2.277403511106968E-002,-5.234101787209511E-002,9.464288353919983E-001,2.613174319267273E-001,
1.986833333333334E+009,2.574119716882706E-002,-4.246499389410019E-002,9.496410489082336E-001,2.406630963087082E-001,2.574119716882706E-002,-4.246499389410019E-002,9.496410489082336E-001,2.406630963087082E-001,
1.995200000000000E+009,3.773230686783791E-002,-3.572355210781097E-002,9.522763490676880E-001,2.237822413444519E-001,3.773230686783791E-002,-3.572355210781097E-002,9.522763490676880E-001,2.237822413444519E-001,
2.003566666666667E+009,5.267191305756569E-002,-3.535620123147965E-002,9.595131278038025E-001,1.893388628959656E-001,5.267191305756569E-002,-3.535620123147965E-002,9.595131278038025E-001,1.893388628959656E-001,
2.011933333333334E+009,6.697126477956772E-002,-4.406660795211792E-002,9.686416387557983E-001,1.621835082769394E-001,6.697126477956772E-002,-4.406660795211792E-002,9.686416387557983E-001,1.621835082769394E-001,
2.020300000000000E+009,7.572529464960098E-002,-5.575082078576088E-002,9.703391194343567E-001,1.299972534179688E-001,7.572529464960098E-002,-5.575082078576088E-002,9.703391194343567E-001,1.299972534179688E-001,
2.028666666666667E+009,7.627006620168686E-002,-7.216490805149078E-002,9.734346866607666E-001,1.152160614728928E-001,7.627006620168686E-002,-7.216490805149078E-002,9.734346866607666E-001,1.152160614728928E-001,
2.037033333333334E+009,6.805917620658875E-002,-8.897963911294937E-002,9.771161079406738E-001,8.757821470499039E-002,6.805917620658875E-002,-8.897963911294937E-002,9.771161079406738E-001,8.757821470499039E-002,
2.045400000000000E+009,5.231286212801933E-002,-9.887308627367020E-002,9.737394452095032E-001,6.752789020538330E-002,5.231286212801933E-002,-9.887308627367020E-002,9.737394452095032E-001,6.752789020538330E-002,
2.053766666666667E+009,3.317182511091232E-002,-9.986282140016556E-002,9.770709276199341E-001,4.370399937033653E-002,3.317182511091232E-002,-9.986282140016556E-002,9.770709276199341E-001,4.370399937033653E-002,
2.062133333333334E+009,1.781722716987133E-002,-9.415791928768158E-002,9.824808239936829E-001,1.720070466399193E-002,1.781722716987133E-002,-9.415791928768158E-002,9.824808239936829E-001,1.720070466399193E-002,
2.070500000000000E+009,8.715489879250526E-003,-7.973559200763702E-002,9.830695390701294E-001,-9.458816610276699E-003,8.715489879250526E-003,-7.973559200763702E-002,9.830695390701294E-001,-9.458816610276699E-003,
2.078866666666667E+009,9.745532646775246E-003,-6.526815146207809E-002,9.804132580757141E-001,-3.274919837713242E-002,9.745532646775246E-003,-6.526815146207809E-002,9.804132580757141E-001,-3.274919837713242E-002,
2.087233333333334E+009,2.048828639090061E-002,-5.768942832946777E-002,9.804085493087769E-001,-6.639875471591950E-002,2.048828639090061E-002,-5.768942832946777E-002,9.804085493087769E-001,-6.639875471591950E-002,
2.095600000000000E+009,3.625940904021263E-002,-5.497287586331368E-002,9.829683303833008E-001,-8.737459033727646E-002,3.625940904021263E-002,-5.497287586331368E-002,9.829683303833008E-001,-8.737459033727646E-002,
2.103966666666667E+009,5.286688357591629E-002,-6.576210260391235E-002,9.814527034759522E-001,-1.148882284760475E-001,5.286688357591629E-002,-6.576210260391235E-002,9.814527034759522E-001,-1.148882284760475E-001,
2.112333333333334E+009,6.306738406419754E-002,-8.287062495946884E-002,9.690552949905396E-001,-1.339007169008255E-001,6.306738406419754E-002,-8.287062495946884E-002,9.690552949905396E-001,-1.339007169008255E-001,
2.120700000000000E+009,6.391914933919907E-002,-1.069650053977966E-001,9.656370878219605E-001,-1.658692210912705E-001,6.391914933919907E-002,-1.069650053977966E-001,9.656370878219605E-001,-1.658692210912705E-001,
2.129066666666667E+009,5.159496515989304E-002,-1.245903074741364E-001,9.709098935127258E-001,-1.932986229658127E-001,5.159496515989304E-002,-1.245903074741364E-001,9.709098935127258E-001,-1.932986229658127E-001,
2.137433333333334E+009,2.945260331034660E-002,-1.366531103849411E-001,9.516007304191589E-001,-2.120776027441025E-001,2.945260331034660E-002,-1.366531103849411E-001,9.516007304191589E-001,-2.120776027441025E-001,
2.145800000000000E+009,1.877037342637777E-003,-1.360982507467270E-001,9.505824446678162E-001,-2.366282790899277E-001,1.877037342637777E-003,-1.360982507467270E-001,9.505824446678162E-001,-2.366282790899277E-001,
2.154166666666667E+009,-1.956842094659805E-002,-1.244162023067474E-001,9.462236166000366E-001,-2.528559267520905E-001,-1.956842094659805E-002,-1.244162023067474E-001,9.462236166000366E-001,-2.528559267520905E-001,
2.162533333333334E+009,-3.234072402119637E-002,-1.034559980034828E-001,9.260005950927734E-001,-2.798816263675690E-001,-3.234072402119637E-002,-1.034559980034828E-001,9.260005950927734E-001,-2.798816263675690E-001,
2.170900000000000E+009,-3.198396787047386E-002,-8.106802403926849E-002,9.340519905090332E-001,-3.085266649723053E-001,-3.198396787047386E-002,-8.106802403926849E-002,9.340519905090332E-001,-3.085266649723053E-001,
2.179266666666667E+009,-1.867551729083061E-002,-6.691055744886398E-002,9.218572378158569E-001,-3.241990506649017E-001,-1.867551729083061E-002,-6.691055744886398E-002,9.218572378158569E-001,-3.241990506649017E-001,
2.187633333333334E+009,4.794055421371013E-004,-6.295460462570190E-002,9.181921482086182E-001,-3.575612306594849E-001,4.794055421371013E-004,-6.295460462570190E-002,9.181921482086182E-001,-3.575612306594849E-001,
2.196000000000000E+009,2.156249806284905E-002,-7.323864102363586E-002,8.995748162269592E-001,-3.787133097648621E-001,2.156249806284905E-002,-7.323864102363586E-002,8.995748162269592E-001,-3.787133097648621E-001,
2.204366666666667E+009,3.441990166902542E-002,-9.545896947383881E-002,8.929295539855957E-001,-4.010546207427979E-001,3.441990166902542E-002,-9.545896947383881E-002,8.929295539855957E-001,-4.010546207427979E-001,
2.212733333333334E+009,3.390640765428543E-002,-1.221887320280075E-001,8.766404390335083E-001,-4.328538179397583E-001,3.390640765428543E-002,-1.221887320280075E-001,8.766404390335083E-001,-4.328538179397583E-001,
2.221100000000000E+009,1.906816847622395E-002,-1.436134129762650E-001,8.593739271163940E-001,-4.453758299350739E-001,1.906816847622395E-002,-1.436134129762650E-001,8.593739271163940E-001,-4.453758299350739E-001,
2.229466666666667E+009,-4.777863156050444E-003,-1.561297178268433E-001,8.515074849128723E-001,-4.582353532314301E-001,-4.777863156050444E-003,-1.561297178268433E-001,8.515074849128723E-001,-4.582353532314301E-001,
2.237833333333334E+009,-3.451016172766686E-002,-1.519832462072372E-001,8.425599932670593E-001,-4.848668575286865E-001,-3.451016172766686E-002,-1.519832462072372E-001,8.425599932670593E-001,-4.848668575286865E-001,
2.246200000000000E+009,-5.963592603802681E-002,-1.361655592918396E-001,8.308072686195374E-001,-5.054097175598145E-001,-5.963592603802681E-002,-1.361655592918396E-001,8.308072686195374E-001,-5.054097175598145E-001,
2.254566666666667E+009,-7.105690985918045E-002,-1.095984056591988E-001,8.204787373542786E-001,-5.241488814353943E-001,-7.105690985918045E-002,-1.095984056591988E-001,8.204787373542786E-001,-5.241488814353943E-001,
2.262933333333334E+009,-7.071148604154587E-002,-8.522831648588181E-002,8.077959418296814E-001,-5.462765097618103E-001,-7.071148604154587E-002,-8.522831648588181E-002,8.077959418296814E-001,-5.462765097618103E-001,
2.271300000000000E+009,-5.673242360353470E-002,-6.564944982528687E-002,7.916690707206726E-001,-5.657623410224915E-001,-5.673242360353470E-002,-6.564944982528687E-002,7.916690707206726E-001,-5.657623410224915E-001,
2.279666666666667E+009,-3.475211933255196E-002,-6.268864125013351E-002,7.804032564163208E-001,-5.874169468879700E-001,-3.475211933255196E-002,-6.268864125013351E-002,7.804032564163208E-001,-5.874169468879700E-001,
2.288033333333334E+009,-1.564903929829598E-002,-7.379741966724396E-002,7.633955478668213E-001,-6.194410920143127E-001,-1.564903929829598E-002,-7.379741966724396E-002,7.633955478668213E-001,-6.194410920143127E-001,
2.296400000000000E+009,-4.961086902767420E-003,-9.735447913408279E-002,7.421811223030090E-001,-6.369495987892151E-001,-4.961086902767420E-003,-9.735447913408279E-002,7.421811223030090E-001,-6.369495987892151E-001,
2.304766666666667E+009,-1.031345874071121E-002,-1.243481934070587E-001,7.290070056915283E-001,-6.435431241989136E-001,-1.031345874071121E-002,-1.243481934070587E-001,7.290070056915283E-001,-6.435431241989136E-001,
2.313133333333334E+009,-3.058984875679016E-002,-1.432196050882340E-001,7.062130570411682E-001,-6.757891774177551E-001,-3.058984875679016E-002,-1.432196050882340E-001,7.062130570411682E-001,-6.757891774177551E-001,
2.321500000000000E+009,-5.587079003453255E-002,-1.484602838754654E-001,6.900002956390381E-001,-6.824377775192261E-001,-5.587079003453255E-002,-1.484602838754654E-001,6.900002956390381E-001,-6.824377775192261E-001,
2.329866666666667E+009,-8.186015486717224E-002,-1.386957913637161E-001,6.806843280792236E-001,-6.999427080154419E-001,-8.186015486717224E-002,-1.386957913637161E-001,6.806843280792236E-001,-6.999427080154419E-001,
2.338233333333334E+009,-1.013683080673218E-001,-1.174053475260735E-001,6.538543105125427E-001,-7.181380987167358E-001,-1.013683080673218E-001,-1.174053475260735E-001,6.538543105125427E-001,-7.181380987167358E-001,
2.346600000000000E+009,-1.052985042333603E-001,-8.655393123626709E-002,6.362287998199463E-001,-7.362662553787231E-001,-1.052985042333603E-001,-8.655393123626709E-002,6.362287998199463E-001,-7.362662553787231E-001,
2.354966666666667E+009,-9.282568842172623E-002,-6.212493404746056E-002,6.274784207344055E-001,-7.504895925521851E-001,-9.282568842172623E-002,-6.212493404746056E-002,6.274784207344055E-001,-7.504895925521851E-001,
2.363333333333334E+009,-7.141602039337158E-002,-5.089812353253365E-002,6.100987195968628E-001,-7.660356163978577E-001,-7.141602039337158E-002,-5.089812353253365E-002,6.100987195968628E-001,-7.660356163978577E-001,
2.371700000000000E+009,-4.413202404975891E-002,-5.482544377446175E-002,5.905398130416870E-001,-7.881446480751038E-001,-4.413202404975891E-002,-5.482544377446175E-002,5.905398130416870E-001,-7.881446480751038E-001,
2.380066666666667E+009,-2.705336734652519E-002,-7.837215811014175E-002,5.596531033515930E-001,-8.038568496704102E-001,-2.705336734652519E-002,-7.837215811014175E-002,5.596531033515930E-001,-8.038568496704102E-001,
2.388433333333334E+009,-2.637167647480965E-002,-1.094163507223129E-001,5.374842286109924E-001,-8.096784353256226E-001,-2.637167647480965E-002,-1.094163507223129E-001,5.374842286109924E-001,-8.096784353256226E-001,
2.396800000000000E+009,-4.366014897823334E-002,-1.411476135253906E-001,5.072211027145386E-001,-8.273630142211914E-001,-4.366014897823334E-002,-1.411476135253906E-001,5.072211027145386E-001,-8.273630142211914E-001,
2.405166666666667E+009,-7.516686618328095E-002,-1.620080620050430E-001,4.879780411720276E-001,-8.390481472015381E-001,-7.516686618328095E-002,-1.620080620050430E-001,4.879780411720276E-001,-8.390481472015381E-001,
2.413533333333334E+009,-1.164024546742439E-001,-1.621731817722321E-001,4.640885293483734E-001,-8.431141972541809E-001,-1.164024546742439E-001,-1.621731817722321E-001,4.640885293483734E-001,-8.431141972541809E-001,
2.421900000000000E+009,-1.544077396392822E-001,-1.436673104763031E-001,4.531647562980652E-001,-8.539705276489258E-001,-1.544077396392822E-001,-1.436673104763031E-001,4.531647562980652E-001,-8.539705276489258E-001,
2.430266666666667E+009,-1.752945780754089E-001,-1.097467094659805E-001,4.335693717002869E-001,-8.643779158592224E-001,-1.752945780754089E-001,-1.097467094659805E-001,4.335693717002869E-001,-8.643779158592224E-001,
2.438633333333334E+009,-1.815555989742279E-001,-6.743942201137543E-002,4.145823121070862E-001,-8.766580224037170E-001,-1.815555989742279E-001,-6.743942201137543E-002,4.145823121070862E-001,-8.766580224037170E-001,
2.447000000000000E+009,-1.657797396183014E-001,-2.891555055975914E-002,3.933932483196259E-001,-8.928687572479248E-001,-1.657797396183014E-001,-2.891555055975914E-002,3.933932483196259E-001,-8.928687572479248E-001,
2.455366666666667E+009,-1.346197873353958E-001,-5.894066300243139E-003,3.732609450817108E-001,-8.995834589004517E-001,-1.346197873353958E-001,-5.894066300243139E-003,3.732609450817108E-001,-8.995834589004517E-001,
2.463733333333334E+009,-1.003179550170898E-001,-2.419666387140751E-003,3.496279120445252E-001,-9.170817136764526E-001,-1.003179550170898E-001,-2.419666387140751E-003,3.496279120445252E-001,-9.170817136764526E-001,
2.472100000000000E+009,-7.356917113065720E-002,-2.076801098883152E-002,3.225099146366119E-001,-9.266057014465332E-001,-7.356917113065720E-002,-2.076801098883152E-002,3.225099146366119E-001,-9.266057014465332E-001,
2.480466666666667E+009,-6.290957331657410E-002,-5.081228911876679E-002,2.879463732242584E-001,-9.298565983772278E-001,-6.290957331657410E-002,-5.081228911876679E-002,2.879463732242584E-001,-9.298565983772278E-001,
2.488833333333334E+009,-7.368104159832001E-002,-8.268545567989349E-002,2.670588493347168E-001,-9.382122159004211E-001,-7.368104159832001E-002,-8.268545567989349E-002,2.670588493347168E-001,-9.382122159004211E-001,
2.497200000000000E+009,-9.777617454528809E-002,-1.028215810656548E-001,2.392768412828445E-001,-9.437397718429565E-001,-9.777617454528809E-002,-1.028215810656548E-001,2.392768412828445E-001,-9.437397718429565E-001,
2.505566666666667E+009,-1.355305910110474E-001,-1.068512871861458E-001,2.116637676954269E-001,-9.469041824340820E-001,-1.355305910110474E-001,-1.068512871861458E-001,2.116637676954269E-001,-9.469041824340820E-001,
2.513933333333334E+009,-1.665662676095963E-001,-9.010781347751617E-002,1.922174990177155E-001,-9.470836520195007E-001,-1.665662676095963E-001,-9.010781347751617E-002,1.922174990177155E-001,-9.470836520195007E-001,
2.522300000000000E+009,-1.853544861078262E-001,-6.188222765922546E-002,1.667876690626144E-001,-9.507164955139160E-001,-1.853544861078262E-001,-6.188222765922546E-002,1.667876690626144E-001,-9.507164955139160E-001,
2.530666666666667E+009,-1.850408762693405E-001,-2.512214146554470E-002,1.429274827241898E-001,-9.589964747428894E-001,-1.850408762693405E-001,-2.512214146554470E-002,1.429274827241898E-001,-9.589964747428894E-001,
2.539033333333334E+009,-1.680863350629807E-001,5.473151337355375E-003,1.250963211059570E-001,-9.595573544502258E-001,-1.680863350629807E-001,5.473151337355375E-003,1.250963211059570E-001,-9.595573544502258E-001,
2.547400000000000E+009,-1.386697143316269E-001,2.339597605168819E-002,1.045164465904236E-001,-9.720987081527710E-001,-1.386697143316269E-001,2.339597605168819E-002,1.045164465904236E-001,-9.720987081527710E-001,
2.555766666666667E+009,-1.046655401587486E-001,2.267221361398697E-002,7.614295184612274E-002,-9.793162941932678E-001,-1.046655401587486E-001,2.267221361398697E-002,7.614295184612274E-002,-9.793162941932678E-001,
2.564133333333334E+009,-8.218552172183991E-002,2.223624149337411E-003,4.893085733056068E-002,-9.760287404060364E-001,-8.218552172183991E-002,2.223624149337411E-003,4.893085733056068E-002,-9.760287404060364E-001,
2.572500000000000E+009,-7.695268839597702E-002,-2.734454348683357E-002,2.098080143332481E-002,-9.739630222320557E-001,-7.695268839597702E-002,-2.734454348683357E-002,2.098080143332481E-002,-9.739630222320557E-001,
2.580866666666667E+009,-9.151887148618698E-002,-5.579454079270363E-002,-7.591093424707651E-003,-9.764349460601807E-001,-9.151887148618698E-002,-5.579454079270363E-002,-7.591093424707651E-003,-9.764349460601807E-001,
2.589233333333334E+009,-1.225777119398117E-001,-7.262730598449707E-002,-3.691394627094269E-002,-9.687907695770264E-001,-1.225777119398117E-001,-7.262730598449707E-002,-3.691394627094269E-002,-9.687907695770264E-001,
2.597600000000000E+009,-1.588039249181747E-001,-7.244105637073517E-002,-6.301201134920120E-002,-9.654429554939270E-001,-1.588039249181747E-001,-7.244105637073517E-002,-6.301201134920120E-002,-9.654429554939270E-001,
2.605966666666667E+009,-1.908037960529327E-001,-5.136251077055931E-002,-7.629194110631943E-002,-9.669752717018127E-001,-1.908037960529327E-001,-5.136251077055931E-002,-7.629194110631943E-002,-9.669752717018127E-001,
2.614333333333334E+009,-2.076903879642487E-001,-2.035496756434441E-002,-9.824754297733307E-002,-9.573563933372498E-001,-2.076903879642487E-001,-2.035496756434441E-002,-9.824754297733307E-002,-9.573563933372498E-001,
2.622700000000000E+009,-2.063483893871307E-001,1.854810118675232E-002,-1.205026432871819E-001,-9.520599842071533E-001,-2.063483893871307E-001,1.854810118675232E-002,-1.205026432871819E-001,-9.520599842071533E-001,
2.631066666666667E+009,-1.876628845930100E-001,5.079437419772148E-002,-1.458957195281982E-001,-9.636266231536865E-001,-1.876628845930100E-001,5.079437419772148E-002,-1.458957195281982E-001,-9.636266231536865E-001,
2.639433333333334E+009,-1.554873138666153E-001,6.731641292572022E-002,-1.664642840623856E-001,-9.519945979118347E-001,-1.554873138666153E-001,6.731641292572022E-002,-1.664642840623856E-001,-9.519945979118347E-001,
2.647800000000000E+009,-1.200680509209633E-001,6.621888279914856E-002,-1.937259733676910E-001,-9.535155296325684E-001,-1.200680509209633E-001,6.621888279914856E-002,-1.937259733676910E-001,-9.535155296325684E-001,
2.656166666666667E+009,-9.565179049968720E-002,4.731419682502747E-002,-2.165899127721787E-001,-9.541511535644531E-001,-9.565179049968720E-002,4.731419682502747E-002,-2.165899127721787E-001,-9.541511535644531E-001,
2.664533333333334E+009,-8.832035958766937E-002,1.960492134094238E-002,-2.535617947578430E-001,-9.399820566177368E-001,-8.832035958766937E-002,1.960492134094238E-002,-2.535617947578430E-001,-9.399820566177368E-001,
2.672900000000000E+009,-9.991868585348129E-002,-7.166480179876089E-003,-2.729198634624481E-001,-9.341707229614258E-001,-9.991868585348129E-002,-7.166480179876089E-003,-2.729198634624481E-001,-9.341707229614258E-001,
2.681266666666667E+009,-1.274959743022919E-001,-2.130040153861046E-002,-3.012043535709381E-001,-9.223347902297974E-001,-1.274959743022919E-001,-2.130040153861046E-002,-3.012043535709381E-001,-9.223347902297974E-001,
2.689633333333334E+009,-1.623780876398087E-001,-1.839560456573963E-002,-3.217803239822388E-001,-9.143230319023132E-001,-1.623780876398087E-001,-1.839560456573963E-002,-3.217803239822388E-001,-9.143230319023132E-001,
2.698000000000000E+009,-1.899102628231049E-001,2.351332223042846E-003,-3.341942429542542E-001,-8.997155427932739E-001,-1.899102628231049E-001,2.351332223042846E-003,-3.341942429542542E-001,-8.997155427932739E-001,
2.706366666666667E+009,-2.038960307836533E-001,3.628639876842499E-002,-3.605621457099915E-001,-8.862036466598511E-001,-2.038960307836533E-001,3.628639876842499E-002,-3.605621457099915E-001,-8.862036466598511E-001,
2.714733333333334E+009,-2.003455758094788E-001,7.133052498102188E-002,-3.743490576744080E-001,-8.863231539726257E-001,-2.003455758094788E-001,7.133052498102188E-002,-3.743490576744080E-001,-8.863231539726257E-001,
2.723100000000000E+009,-1.781440228223801E-001,1.016649976372719E-001,-3.947345316410065E-001,-8.750486969947815E-001,-1.781440228223801E-001,1.016649976372719E-001,-3.947345316410065E-001,-8.750486969947815E-001,
2.731466666666667E+009,-1.429079324007034E-001,1.180432364344597E-001,-4.191659986972809E-001,-8.727684020996094E-001,-1.429079324007034E-001,1.180432364344597E-001,-4.191659986972809E-001,-8.727684020996094E-001,
2.739833333333334E+009,-1.073854491114616E-001,1.143196225166321E-001,-4.418454170227051E-001,-8.608996272087097E-001,-1.073854491114616E-001,1.143196225166321E-001,-4.418454170227051E-001,-8.608996272087097E-001,
2.748200000000000E+009,-8.059296756982803E-002,9.483235329389572E-002,-4.679304361343384E-001,-8.529364466667175E-001,-8.059296756982803E-002,9.483235329389572E-002,-4.679304361343384E-001,-8.529364466667175E-001,
2.756566666666667E+009,-7.095824182033539E-002,6.477073580026627E-002,-4.933532476425171E-001,-8.435648083686829E-001,-7.095824182033539E-002,6.477073580026627E-002,-4.933532476425171E-001,-8.435648083686829E-001,
2.764933333333334E+009,-7.989419251680374E-002,3.679134696722031E-002,-5.269343852996826E-001,-8.321071267127991E-001,-7.989419251680374E-002,3.679134696722031E-002,-5.269343852996826E-001,-8.321071267127991E-001,
2.773300000000000E+009,-1.037292927503586E-001,1.801008917391300E-002,-5.433061718940735E-001,-8.097043633460999E-001,-1.037292927503586E-001,1.801008917391300E-002,-5.433061718940735E-001,-8.097043633460999E-001,
2.781666666666667E+009,-1.387183219194412E-001,2.069153077900410E-002,-5.598596334457398E-001,-7.909402847290039E-001,-1.387183219194412E-001,2.069153077900410E-002,-5.598596334457398E-001,-7.909402847290039E-001,
2.790033333333334E+009,-1.661406308412552E-001,3.913022950291634E-002,-5.783267617225647E-001,-7.755083441734314E-001,-1.661406308412552E-001,3.913022950291634E-002,-5.783267617225647E-001,-7.755083441734314E-001,
2.798400000000000E+009,-1.817430704832077E-001,7.111406326293945E-002,-5.926734209060669E-001,-7.648655772209168E-001,-1.817430704832077E-001,7.111406326293945E-002,-5.926734209060669E-001,-7.648655772209168E-001,
2.806766666666667E+009,-1.768254637718201E-001,1.069839596748352E-001,-6.072508692741394E-001,-7.421010136604309E-001,-1.768254637718201E-001,1.069839596748352E-001,-6.072508692741394E-001,-7.421010136604309E-001,
2.815133333333334E+009,-1.566261202096939E-001,1.354402005672455E-001,-6.241570711135864E-001,-7.332237362861633E-001,-1.566261202096939E-001,1.354402005672455E-001,-6.241570711135864E-001,-7.332237362861633E-001,
2.823500000000000E+009,-1.227316483855248E-001,1.500827372074127E-001,-6.422957181930542E-001,-7.229029536247253E-001,-1.227316483855248E-001,1.500827372074127E-001,-6.422957181930542E-001,-7.229029536247253E-001,
2.831866666666667E+009,-8.752530068159103E-002,1.448036879301071E-001,-6.599866151809692E-001,-7.107731699943543E-001,-8.752530068159103E-002,1.448036879301071E-001,-6.599866151809692E-001,-7.107731699943543E-001,
2.840233333333334E+009,-5.956421792507172E-002,1.244044452905655E-001,-6.857087612152100E-001,-6.957292556762695E-001,-5.956421792507172E-002,1.244044452905655E-001,-6.857087612152100E-001,-6.957292556762695E-001,
2.848600000000000E+009,-4.856263473629952E-002,9.418021142482758E-002,-7.041696310043335E-001,-6.746386885643005E-001,-4.856263473629952E-002,9.418021142482758E-002,-7.041696310043335E-001,-6.746386885643005E-001,
2.856966666666667E+009,-5.684568360447884E-002,6.477539986371994E-002,-7.256938219070435E-001,-6.551889777183533E-001,-5.684568360447884E-002,6.477539986371994E-002,-7.256938219070435E-001,-6.551889777183533E-001,
2.865333333333334E+009,-8.360016345977783E-002,4.576427116990089E-002,-7.432800531387329E-001,-6.367409229278565E-001,-8.360016345977783E-002,4.576427116990089E-002,-7.432800531387329E-001,-6.367409229278565E-001,
2.873700000000000E+009,-1.165399551391602E-001,4.611506685614586E-002,-7.617224454879761E-001,-6.050086021423340E-001,-1.165399551391602E-001,4.611506685614586E-002,-7.617224454879761E-001,-6.050086021423340E-001,
2.882066666666667E+009,-1.451758295297623E-001,6.573177874088287E-002,-7.685021162033081E-001,-5.796579122543335E-001,-1.451758295297623E-001,6.573177874088287E-002,-7.685021162033081E-001,-5.796579122543335E-001,
2.890433333333334E+009,-1.612672954797745E-001,9.973285347223282E-002,-7.797759771347046E-001,-5.627698898315430E-001,-1.612672954797745E-001,9.973285347223282E-002,-7.797759771347046E-001,-5.627698898315430E-001,
2.898800000000000E+009,-1.565584540367127E-001,1.383248567581177E-001,-7.866574525833130E-001,-5.477243065834045E-001,-1.565584540367127E-001,1.383248567581177E-001,-7.866574525833130E-001,-5.477243065834045E-001,
2.907166666666667E+009,-1.334855556488037E-001,1.687476783990860E-001,-7.954998016357422E-001,-5.319799780845642E-001,-1.334855556488037E-001,1.687476783990860E-001,-7.954998016357422E-001,-5.319799780845642E-001,
2.915533333333334E+009,-9.683699905872345E-002,1.854326128959656E-001,-8.113068938255310E-001,-5.116345286369324E-001,-9.683699905872345E-002,1.854326128959656E-001,-8.113068938255310E-001,-5.116345286369324E-001,
2.923900000000000E+009,-5.892632156610489E-002,1.813807189464569E-001,-8.258877992630005E-001,-5.006223917007446E-001,-5.892632156610489E-002,1.813807189464569E-001,-8.258877992630005E-001,-5.006223917007446E-001,
2.932266666666667E+009,-2.832741476595402E-002,1.598535329103470E-001,-8.413386940956116E-001,-4.856753647327423E-001,-2.832741476595402E-002,1.598535329103470E-001,-8.413386940956116E-001,-4.856753647327423E-001,
2.940633333333334E+009,-1.523476094007492E-002,1.259588301181793E-001,-8.569385409355164E-001,-4.626908600330353E-001,-1.523476094007492E-002,1.259588301181793E-001,-8.569385409355164E-001,-4.626908600330353E-001,
2.949000000000000E+009,-2.224346622824669E-002,8.986391127109528E-002,-8.785605430603027E-001,-4.295097887516022E-001,-2.224346622824669E-002,8.986391127109528E-002,-8.785605430603027E-001,-4.295097887516022E-001,
2.957366666666667E+009,-4.796465113759041E-002,6.753946095705032E-002,-8.908525705337524E-001,-4.100631475448608E-001,-4.796465113759041E-002,6.753946095705032E-002,-8.908525705337524E-001,-4.100631475448608E-001,
2.965733333333334E+009,-8.442308008670807E-002,6.494241952896118E-002,-9.018971920013428E-001,-3.789399564266205E-001,-8.442308008670807E-002,6.494241952896118E-002,-9.018971920013428E-001,-3.789399564266205E-001,
2.974100000000000E+009,-1.149199679493904E-001,8.449729532003403E-002,-9.088220000267029E-001,-3.450934588909149E-001,-1.149199679493904E-001,8.449729532003403E-002,-9.088220000267029E-001,-3.450934588909149E-001,
2.982466666666667E+009,-1.306391954421997E-001,1.191857531666756E-001,-9.109672307968140E-001,-3.196932673454285E-001,-1.306391954421997E-001,1.191857531666756E-001,-9.109672307968140E-001,-3.196932673454285E-001,
2.990833333333334E+009,-1.268961280584335E-001,1.582347005605698E-001,-9.084267616271973E-001,-3.057888448238373E-001,-1.268961280584335E-001,1.582347005605698E-001,-9.084267616271973E-001,-3.057888448238373E-001,
2.999200000000000E+009,-1.026345789432526E-001,1.907660514116287E-001,-9.145723581314087E-001,-2.878527641296387E-001,-1.026345789432526E-001,1.907660514116287E-001,-9.145723581314087E-001,-2.878527641296387E-001,
3.007566666666667E+009,-6.410261243581772E-002,2.077398300170898E-001,-9.196850657463074E-001,-2.671016752719879E-001,-6.410261243581772E-002,2.077398300170898E-001,-9.196850657463074E-001,-2.671016752719879E-001,
3.015933333333334E+009,-2.131310664117336E-002,2.019737213850021E-001,-9.263344407081604E-001,-2.541728317737579E-001,-2.131310664117336E-002,2.019737213850021E-001,-9.263344407081604E-001,-2.541728317737579E-001,
3.024300000000000E+009,1.050690468400717E-002,1.783197522163391E-001,-9.390138387680054E-001,-2.344280481338501E-001,1.050690468400717E-002,1.783197522163391E-001,-9.390138387680054E-001,-2.344280481338501E-001,
3.032666666666667E+009,2.526129409670830E-002,1.393252164125443E-001,-9.510604143142700E-001,-2.082417756319046E-001,2.526129409670830E-002,1.393252164125443E-001,-9.510604143142700E-001,-2.082417756319046E-001,
3.041033333333334E+009,1.532958727329969E-002,1.000314205884934E-001,-9.620196223258972E-001,-1.794366091489792E-001,1.532958727329969E-002,1.000314205884934E-001,-9.620196223258972E-001,-1.794366091489792E-001,
3.049400000000000E+009,-1.538421027362347E-002,7.505161315202713E-002,-9.661354422569275E-001,-1.415715664625168E-001,-1.538421027362347E-002,7.505161315202713E-002,-9.661354422569275E-001,-1.415715664625168E-001,
3.057766666666667E+009,-5.458674207329750E-002,7.205887138843536E-002,-9.736329913139343E-001,-1.259952485561371E-001,-5.458674207329750E-002,7.205887138843536E-002,-9.736329913139343E-001,-1.259952485561371E-001,
3.066133333333334E+009,-9.054553508758545E-002,9.259638935327530E-002,-9.654351472854614E-001,-8.657033741474152E-002,-9.054553508758545E-002,9.259638935327530E-002,-9.654351472854614E-001,-8.657033741474152E-002,
3.074500000000000E+009,-1.089302524924278E-001,1.308224052190781E-001,-9.661121964454651E-001,-6.163161993026733E-002,-1.089302524924278E-001,1.308224052190781E-001,-9.661121964454651E-001,-6.163161993026733E-002,
3.082866666666667E+009,-1.021297648549080E-001,1.748864352703095E-001,-9.603422880172730E-001,-4.334893077611923E-002,-1.021297648549080E-001,1.748864352703095E-001,-9.603422880172730E-001,-4.334893077611923E-002,
3.091233333333334E+009,-7.212539017200470E-002,2.126409709453583E-001,-9.559139013290405E-001,-1.948509179055691E-002,-7.212539017200470E-002,2.126409709453583E-001,-9.559139013290405E-001,-1.948509179055691E-002,
3.099600000000000E+009,-2.683031000196934E-002,2.291967272758484E-001,-9.520682096481323E-001,-6.845410913228989E-003,-2.683031000196934E-002,2.291967272758484E-001,-9.520682096481323E-001,-6.845410913228989E-003,
3.107966666666667E+009,2.406074851751328E-002,2.211145311594009E-001,-9.586771726608276E-001,9.282536804676056E-003,2.406074851751328E-002,2.211145311594009E-001,-9.586771726608276E-001,9.282536804676056E-003,
3.116333333333334E+009,6.427767872810364E-002,1.900829970836639E-001,-9.627804160118103E-001,3.585154190659523E-002,6.427767872810364E-002,1.900829970836639E-001,-9.627804160118103E-001,3.585154190659523E-002,
3.124700000000000E+009,8.034498244524002E-002,1.432786136865616E-001,-9.708786606788635E-001,5.147785693407059E-002,8.034498244524002E-002,1.432786136865616E-001,-9.708786606788635E-001,5.147785693407059E-002,
3.133066666666667E+009,6.976635754108429E-002,9.518275409936905E-002,-9.783679842948914E-001,8.821226656436920E-002,6.976635754108429E-002,9.518275409936905E-002,-9.783679842948914E-001,8.821226656436920E-002,
3.141433333333334E+009,3.549003973603249E-002,6.060889735817909E-002,-9.785757064819336E-001,1.181775853037834E-001,3.549003973603249E-002,6.060889735817909E-002,-9.785757064819336E-001,1.181775853037834E-001,
3.149800000000000E+009,-1.390858460217714E-002,5.334091559052467E-002,-9.755644798278809E-001,1.563656330108643E-001,-1.390858460217714E-002,5.334091559052467E-002,-9.755644798278809E-001,1.563656330108643E-001,
3.158166666666667E+009,-5.859032273292542E-002,7.476249337196350E-002,-9.584461450576782E-001,1.874227523803711E-001,-5.859032273292542E-002,7.476249337196350E-002,-9.584461450576782E-001,1.874227523803711E-001,
3.166533333333334E+009,-8.284538984298706E-002,1.171772480010986E-001,-9.498680830001831E-001,2.103665471076965E-001,-8.284538984298706E-002,1.171772480010986E-001,-9.498680830001831E-001,2.103665471076965E-001,
3.174900000000000E+009,-8.216555416584015E-002,1.679402738809586E-001,-9.355530738830566E-001,2.317420989274979E-001,-8.216555416584015E-002,1.679402738809586E-001,-9.355530738830566E-001,2.317420989274979E-001,
3.183266666666667E+009,-5.214390531182289E-002,2.103777974843979E-001,-9.217599034309387E-001,2.488978803157806E-001,-5.214390531182289E-002,2.103777974843979E-001,-9.217599034309387E-001,2.488978803157806E-001,
3.191633333333334E+009,-5.332280881702900E-003,2.295837104320526E-001,-9.106832742691040E-001,2.622595429420471E-001,-5.332280881702900E-003,2.295837104320526E-001,-9.106832742691040E-001,2.622595429420471E-001,
3.200000000000000E+009,4.697773605585098E-002,2.217310518026352E-001,-9.121141433715820E-001,2.760133743286133E-001,4.697773605585098E-002,2.217310518026352E-001,-9.121141433715820E-001,2.760133743286133E-001,
