% Version 1.00
%
%freq[Hz],re:Trc1_S11,im:Trc1_S11,re:Trc2_S21,im:Trc2_S21,re:Trc3_S11,im:Trc3_S11,re:Trc4_S21,im:Trc4_S21,
6.900000000000000E+008,-2.655313722789288E-002,3.831183165311813E-002,-4.917792379856110E-001,-8.421368598937988E-001,-2.655313722789288E-002,3.831183165311813E-002,-4.917792379856110E-001,-8.421368598937988E-001,
6.983666666666666E+008,-1.863207295536995E-002,3.910953924059868E-002,-5.090058445930481E-001,-8.249503970146179E-001,-1.863207295536995E-002,3.910953924059868E-002,-5.090058445930481E-001,-8.249503970146179E-001,
7.067333333333334E+008,-1.246195193380117E-002,3.584477305412293E-002,-5.380099415779114E-001,-7.981391549110413E-001,-1.246195193380117E-002,3.584477305412293E-002,-5.380099415779114E-001,-7.981391549110413E-001,
7.151000000000000E+008,-1.326793152838945E-002,2.783271111547947E-002,-5.467642545700073E-001,-7.913033962249756E-001,-1.326793152838945E-002,2.783271111547947E-002,-5.467642545700073E-001,-7.913033962249756E-001,
7.234666666666666E+008,-1.283584255725145E-002,2.252149209380150E-002,-5.851760506629944E-001,-7.800405025482178E-001,-1.283584255725145E-002,2.252149209380150E-002,-5.851760506629944E-001,-7.800405025482178E-001,
7.318333333333334E+008,-1.965430565178394E-002,1.930354349315167E-002,-5.908069610595703E-001,-7.742542028427124E-001,-1.965430565178394E-002,1.930354349315167E-002,-5.908069610595703E-001,-7.742542028427124E-001,
7.402000000000000E+008,-2.652947045862675E-002,2.088459208607674E-002,-6.203195452690125E-001,-7.515032291412354E-001,-2.652947045862675E-002,2.088459208607674E-002,-6.203195452690125E-001,-7.515032291412354E-001,
7.485666666666666E+008,-3.080416843295097E-002,2.628735825419426E-002,-6.426392197608948E-001,-7.140777707099915E-001,-3.080416843295097E-002,2.628735825419426E-002,-6.426392197608948E-001,-7.140777707099915E-001,
7.569333333333334E+008,-3.112476691603661E-002,3.458415716886520E-002,-6.580561399459839E-001,-7.165277600288391E-001,-3.112476691603661E-002,3.458415716886520E-002,-6.580561399459839E-001,-7.165277600288391E-001,
7.653000000000000E+008,-2.702080644667149E-002,4.239170253276825E-002,-6.655713915824890E-001,-7.103744149208069E-001,-2.702080644667149E-002,4.239170253276825E-002,-6.655713915824890E-001,-7.103744149208069E-001,
7.736666666666666E+008,-2.015577442944050E-002,4.479010775685310E-002,-6.847402453422546E-001,-7.013756632804871E-001,-2.015577442944050E-002,4.479010775685310E-002,-6.847402453422546E-001,-7.013756632804871E-001,
7.820333333333334E+008,-1.260886713862419E-002,5.105700716376305E-002,-7.098622918128967E-001,-6.784570217132568E-001,-1.260886713862419E-002,5.105700716376305E-002,-7.098622918128967E-001,-6.784570217132568E-001,
7.904000000000000E+008,-2.713570138439536E-003,4.957563430070877E-002,-7.247862815856934E-001,-6.561875939369202E-001,-2.713570138439536E-003,4.957563430070877E-002,-7.247862815856934E-001,-6.561875939369202E-001,
7.987666666666666E+008,4.755033645778894E-003,4.465792328119278E-002,-7.375054359436035E-001,-6.365703940391541E-001,4.755033645778894E-003,4.465792328119278E-002,-7.375054359436035E-001,-6.365703940391541E-001,
8.071333333333334E+008,-3.185110539197922E-002,3.714404627680779E-002,-7.375744581222534E-001,-6.562745571136475E-001,-3.185110539197922E-002,3.714404627680779E-002,-7.375744581222534E-001,-6.562745571136475E-001,
8.155000000000000E+008,-3.458519279956818E-002,3.029932826757431E-002,-7.496674656867981E-001,-6.109026074409485E-001,-3.458519279956818E-002,3.029932826757431E-002,-7.496674656867981E-001,-6.109026074409485E-001,
8.238666666666666E+008,-3.853493183851242E-002,2.728931605815888E-002,-7.810863256454468E-001,-6.165503859519959E-001,-3.853493183851242E-002,2.728931605815888E-002,-7.810863256454468E-001,-6.165503859519959E-001,
8.322333333333334E+008,-4.605949670076370E-002,2.903731353580952E-002,-7.939577698707581E-001,-5.879235863685608E-001,-4.605949670076370E-002,2.903731353580952E-002,-7.939577698707581E-001,-5.879235863685608E-001,
8.406000000000000E+008,-5.004370957612991E-002,3.234454616904259E-002,-8.075627088546753E-001,-5.736868977546692E-001,-5.004370957612991E-002,3.234454616904259E-002,-8.075627088546753E-001,-5.736868977546692E-001,
8.489666666666668E+008,-5.025869607925415E-002,3.961015120148659E-002,-8.285000920295715E-001,-5.478098392486572E-001,-5.025869607925415E-002,3.961015120148659E-002,-8.285000920295715E-001,-5.478098392486572E-001,
8.573333333333334E+008,-4.684155434370041E-002,4.699432477355003E-002,-8.346723914146423E-001,-5.308616757392883E-001,-4.684155434370041E-002,4.699432477355003E-002,-8.346723914146423E-001,-5.308616757392883E-001,
8.657000000000000E+008,-3.988766297698021E-002,5.575604364275932E-002,-8.521199822425842E-001,-5.023184418678284E-001,-3.988766297698021E-002,5.575604364275932E-002,-8.521199822425842E-001,-5.023184418678284E-001,
8.740666666666668E+008,-3.096495009958744E-002,6.089194491505623E-002,-8.477374911308289E-001,-4.832846522331238E-001,-3.096495009958744E-002,6.089194491505623E-002,-8.477374911308289E-001,-4.832846522331238E-001,
8.824333333333334E+008,-2.102948725223541E-002,5.994644388556480E-002,-8.806742429733276E-001,-4.526020586490631E-001,-2.102948725223541E-002,5.994644388556480E-002,-8.806742429733276E-001,-4.526020586490631E-001,
8.908000000000000E+008,-1.268692500889301E-002,6.026579067111015E-002,-8.915763497352600E-001,-4.488850533962250E-001,-1.268692500889301E-002,6.026579067111015E-002,-8.915763497352600E-001,-4.488850533962250E-001,
8.991666666666668E+008,-8.742587640881538E-003,5.351768806576729E-002,-9.045037627220154E-001,-4.188943505287170E-001,-8.742587640881538E-003,5.351768806576729E-002,-9.045037627220154E-001,-4.188943505287170E-001,
9.075333333333334E+008,-7.523512933403254E-003,4.896237328648567E-002,-8.974665999412537E-001,-3.939780592918396E-001,-7.523512933403254E-003,4.896237328648567E-002,-8.974665999412537E-001,-3.939780592918396E-001,
9.159000000000000E+008,-9.381317533552647E-003,4.367091879248619E-002,-9.124782681465149E-001,-3.835515975952148E-001,-9.381317533552647E-003,4.367091879248619E-002,-9.124782681465149E-001,-3.835515975952148E-001,
9.242666666666668E+008,-1.364356186240912E-002,3.885674476623535E-002,-9.243980646133423E-001,-3.580894172191620E-001,-1.364356186240912E-002,3.885674476623535E-002,-9.243980646133423E-001,-3.580894172191620E-001,
9.326333333333334E+008,-1.768674887716770E-002,4.024736210703850E-002,-9.297404885292053E-001,-3.246360123157501E-001,-1.768674887716770E-002,4.024736210703850E-002,-9.297404885292053E-001,-3.246360123157501E-001,
9.410000000000000E+008,-2.258185669779778E-002,4.583988711237907E-002,-9.371710419654846E-001,-2.967336177825928E-001,-2.258185669779778E-002,4.583988711237907E-002,-9.371710419654846E-001,-2.967336177825928E-001,
9.493666666666668E+008,-2.336944080889225E-002,5.236623436212540E-002,-9.435333609580994E-001,-2.866244316101074E-001,-2.336944080889225E-002,5.236623436212540E-002,-9.435333609580994E-001,-2.866244316101074E-001,
9.577333333333334E+008,-1.837149821221829E-002,6.014128401875496E-002,-9.702134132385254E-001,-2.452264279127121E-001,-1.837149821221829E-002,6.014128401875496E-002,-9.702134132385254E-001,-2.452264279127121E-001,
9.661000000000000E+008,-1.009511109441519E-002,6.663512438535690E-002,-9.561415314674377E-001,-2.302602231502533E-001,-1.009511109441519E-002,6.663512438535690E-002,-9.561415314674377E-001,-2.302602231502533E-001,
9.744666666666668E+008,-1.985486742341891E-004,7.097256183624268E-002,-9.678001403808594E-001,-1.980711966753006E-001,-1.985486742341891E-004,7.097256183624268E-002,-9.678001403808594E-001,-1.980711966753006E-001,
9.828333333333334E+008,1.392763666808605E-002,6.895135343074799E-002,-9.650236368179321E-001,-1.719716787338257E-001,1.392763666808605E-002,6.895135343074799E-002,-9.650236368179321E-001,-1.719716787338257E-001,
9.912000000000000E+008,2.432320453226566E-002,6.554904580116272E-002,-9.760695695877075E-001,-1.622446626424789E-001,2.432320453226566E-002,6.554904580116272E-002,-9.760695695877075E-001,-1.622446626424789E-001,
9.995666666666668E+008,2.961943671107292E-002,5.618960410356522E-002,-9.807340502738953E-001,-1.256163269281387E-001,2.961943671107292E-002,5.618960410356522E-002,-9.807340502738953E-001,-1.256163269281387E-001,
1.007933333333333E+009,3.085303679108620E-002,4.732394218444824E-002,-9.849821329116821E-001,-1.061996743083000E-001,3.085303679108620E-002,4.732394218444824E-002,-9.849821329116821E-001,-1.061996743083000E-001,
1.016300000000000E+009,2.528510056436062E-002,3.768976032733917E-002,-9.853549003601074E-001,-7.964804768562317E-002,2.528510056436062E-002,3.768976032733917E-002,-9.853549003601074E-001,-7.964804768562317E-002,
1.024666666666667E+009,1.775856129825115E-002,3.602254018187523E-002,-9.871973991394043E-001,-5.882304534316063E-002,1.775856129825115E-002,3.602254018187523E-002,-9.871973991394043E-001,-5.882304534316063E-002,
1.033033333333333E+009,1.072727516293526E-002,3.582372888922691E-002,-9.670383334159851E-001,-1.857851445674896E-002,1.072727516293526E-002,3.582372888922691E-002,-9.670383334159851E-001,-1.857851445674896E-002,
1.041400000000000E+009,6.492457352578640E-003,4.093925282359123E-002,-9.747431278228760E-001,1.381714246235788E-003,6.492457352578640E-003,4.093925282359123E-002,-9.747431278228760E-001,1.381714246235788E-003,
1.049766666666667E+009,5.664460361003876E-003,4.855024069547653E-002,-9.846724271774292E-001,2.428756840527058E-002,5.664460361003876E-003,4.855024069547653E-002,-9.846724271774292E-001,2.428756840527058E-002,
1.058133333333333E+009,1.328012347221375E-002,5.685535445809364E-002,-9.801559448242188E-001,4.966814443469048E-002,1.328012347221375E-002,5.685535445809364E-002,-9.801559448242188E-001,4.966814443469048E-002,
1.066500000000000E+009,2.611550502479076E-002,6.080593913793564E-002,-9.655548334121704E-001,7.841174304485321E-002,2.611550502479076E-002,6.080593913793564E-002,-9.655548334121704E-001,7.841174304485321E-002,
1.074866666666667E+009,3.831797838211060E-002,5.704751983284950E-002,-9.764103293418884E-001,1.074855476617813E-001,3.831797838211060E-002,5.704751983284950E-002,-9.764103293418884E-001,1.074855476617813E-001,
1.083233333333334E+009,5.162370949983597E-002,5.230493098497391E-002,-9.718204736709595E-001,1.248587816953659E-001,5.162370949983597E-002,5.230493098497391E-002,-9.718204736709595E-001,1.248587816953659E-001,
1.091600000000000E+009,5.704353749752045E-002,3.943886235356331E-002,-9.662519693374634E-001,1.588387191295624E-001,5.704353749752045E-002,3.943886235356331E-002,-9.662519693374634E-001,1.588387191295624E-001,
1.099966666666667E+009,5.942591652274132E-002,2.591263875365257E-002,-9.621108174324036E-001,1.752647906541824E-001,5.942591652274132E-002,2.591263875365257E-002,-9.621108174324036E-001,1.752647906541824E-001,
1.108333333333334E+009,5.206676572561264E-002,1.482440438121557E-002,-9.751790165901184E-001,1.976422816514969E-001,5.206676572561264E-002,1.482440438121557E-002,-9.751790165901184E-001,1.976422816514969E-001,
1.116700000000000E+009,4.004408791661263E-002,1.334167178720236E-002,-9.602890610694885E-001,2.294197380542755E-001,4.004408791661263E-002,1.334167178720236E-002,-9.602890610694885E-001,2.294197380542755E-001,
1.125066666666667E+009,2.786242403090000E-002,1.308763585984707E-002,-9.464291930198669E-001,2.516025900840759E-001,2.786242403090000E-002,1.308763585984707E-002,-9.464291930198669E-001,2.516025900840759E-001,
1.133433333333334E+009,1.655619218945503E-002,2.381902560591698E-002,-9.428659081459045E-001,2.699468135833740E-001,1.655619218945503E-002,2.381902560591698E-002,-9.428659081459045E-001,2.699468135833740E-001,
1.141800000000000E+009,1.642101258039475E-002,3.582353889942169E-002,-9.325011372566223E-001,2.959976196289063E-001,1.642101258039475E-002,3.582353889942169E-002,-9.325011372566223E-001,2.959976196289063E-001,
1.150166666666667E+009,2.203482016921043E-002,4.793406277894974E-002,-9.283345937728882E-001,3.271565735340118E-001,2.203482016921043E-002,4.793406277894974E-002,-9.283345937728882E-001,3.271565735340118E-001,
1.158533333333334E+009,3.924488276243210E-002,5.426260083913803E-002,-9.180563688278198E-001,3.504369556903839E-001,3.924488276243210E-002,5.426260083913803E-002,-9.180563688278198E-001,3.504369556903839E-001,
1.166900000000000E+009,5.806883051991463E-002,5.256289243698120E-002,-9.100053906440735E-001,3.777865171432495E-001,5.806883051991463E-002,5.256289243698120E-002,-9.100053906440735E-001,3.777865171432495E-001,
1.175266666666667E+009,7.429236918687820E-002,4.232197254896164E-002,-8.909078836441040E-001,3.919731080532074E-001,7.429236918687820E-002,4.232197254896164E-002,-8.909078836441040E-001,3.919731080532074E-001,
1.183633333333334E+009,8.745940029621124E-002,2.630245685577393E-002,-8.858547210693359E-001,4.191851317882538E-001,8.745940029621124E-002,2.630245685577393E-002,-8.858547210693359E-001,4.191851317882538E-001,
1.192000000000000E+009,8.958403766155243E-002,7.498196791857481E-003,-8.796892166137695E-001,4.453745186328888E-001,8.958403766155243E-002,7.498196791857481E-003,-8.796892166137695E-001,4.453745186328888E-001,
1.200366666666667E+009,8.066664636135101E-002,-1.098052877932787E-002,-8.660460114479065E-001,4.635170698165894E-001,8.066664636135101E-002,-1.098052877932787E-002,-8.660460114479065E-001,4.635170698165894E-001,
1.208733333333334E+009,6.316698342561722E-002,-2.124717459082604E-002,-8.618736267089844E-001,4.928091764450073E-001,6.316698342561722E-002,-2.124717459082604E-002,-8.618736267089844E-001,4.928091764450073E-001,
1.217100000000000E+009,4.471611231565476E-002,-2.055057510733604E-002,-8.308710455894470E-001,5.059000849723816E-001,4.471611231565476E-002,-2.055057510733604E-002,-8.308710455894470E-001,5.059000849723816E-001,
1.225466666666667E+009,3.224391490221024E-002,-1.117434073239565E-002,-8.341075181961060E-001,5.312672853469849E-001,3.224391490221024E-002,-1.117434073239565E-002,-8.341075181961060E-001,5.312672853469849E-001,
1.233833333333334E+009,2.878209762275219E-002,3.087134333327413E-003,-8.155896067619324E-001,5.524627566337585E-001,2.878209762275219E-002,3.087134333327413E-003,-8.155896067619324E-001,5.524627566337585E-001,
1.242200000000000E+009,3.325587138533592E-002,1.696165651082993E-002,-7.880982160568237E-001,5.713222026824951E-001,3.325587138533592E-002,1.696165651082993E-002,-7.880982160568237E-001,5.713222026824951E-001,
1.250566666666667E+009,4.702730849385262E-002,2.611293457448483E-002,-7.925584316253662E-001,6.005212068557739E-001,4.702730849385262E-002,2.611293457448483E-002,-7.925584316253662E-001,6.005212068557739E-001,
1.258933333333334E+009,6.681023538112640E-002,2.592787146568298E-002,-7.715364694595337E-001,6.109430789947510E-001,6.681023538112640E-002,2.592787146568298E-002,-7.715364694595337E-001,6.109430789947510E-001,
1.267300000000000E+009,8.380867540836334E-002,1.279385574162006E-002,-7.469180822372437E-001,6.299278140068054E-001,8.380867540836334E-002,1.279385574162006E-002,-7.469180822372437E-001,6.299278140068054E-001,
1.275666666666667E+009,9.433765709400177E-002,-5.858468823134899E-003,-7.425366640090942E-001,6.356969475746155E-001,9.433765709400177E-002,-5.858468823134899E-003,-7.425366640090942E-001,6.356969475746155E-001,
1.284033333333334E+009,9.579575061798096E-002,-2.938565425574780E-002,-7.120147347450256E-001,6.866320967674255E-001,9.579575061798096E-002,-2.938565425574780E-002,-7.120147347450256E-001,6.866320967674255E-001,
1.292400000000000E+009,8.358430862426758E-002,-4.897012934088707E-002,-7.081425189971924E-001,6.846457123756409E-001,8.358430862426758E-002,-4.897012934088707E-002,-7.081425189971924E-001,6.846457123756409E-001,
1.300766666666667E+009,6.517589837312698E-002,-5.827885866165161E-002,-6.901901960372925E-001,7.014426589012146E-001,6.517589837312698E-002,-5.827885866165161E-002,-6.901901960372925E-001,7.014426589012146E-001,
1.309133333333334E+009,4.435696825385094E-002,-5.722172185778618E-002,-6.764353513717651E-001,7.284688353538513E-001,4.435696825385094E-002,-5.722172185778618E-002,-6.764353513717651E-001,7.284688353538513E-001,
1.317500000000000E+009,2.837148681282997E-002,-4.641406983137131E-002,-6.478677392005920E-001,7.533286213874817E-001,2.837148681282997E-002,-4.641406983137131E-002,-6.478677392005920E-001,7.533286213874817E-001,
1.325866666666667E+009,2.167791128158569E-002,-3.108106926083565E-002,-6.299134492874146E-001,7.537574768066406E-001,2.167791128158569E-002,-3.108106926083565E-002,-6.299134492874146E-001,7.537574768066406E-001,
1.334233333333334E+009,2.670156396925449E-002,-1.317595131695271E-002,-6.088740229606628E-001,7.684965133666992E-001,2.670156396925449E-002,-1.317595131695271E-002,-6.088740229606628E-001,7.684965133666992E-001,
1.342600000000000E+009,4.151752963662148E-002,-7.438612170517445E-003,-5.958185195922852E-001,7.875267267227173E-001,4.151752963662148E-002,-7.438612170517445E-003,-5.958185195922852E-001,7.875267267227173E-001,
1.350966666666667E+009,5.831800028681755E-002,-9.267969056963921E-003,-5.656442642211914E-001,8.092924952507019E-001,5.831800028681755E-002,-9.267969056963921E-003,-5.656442642211914E-001,8.092924952507019E-001,
1.359333333333334E+009,7.261283695697784E-002,-2.254832349717617E-002,-5.466873049736023E-001,8.168167471885681E-001,7.261283695697784E-002,-2.254832349717617E-002,-5.466873049736023E-001,8.168167471885681E-001,
1.367700000000000E+009,7.848997414112091E-002,-4.429726675152779E-002,-5.285493731498718E-001,8.276677131652832E-001,7.848997414112091E-002,-4.429726675152779E-002,-5.285493731498718E-001,8.276677131652832E-001,
1.376066666666667E+009,7.201117277145386E-002,-6.858760118484497E-002,-5.024529099464417E-001,8.395625948905945E-001,7.201117277145386E-002,-6.858760118484497E-002,-5.024529099464417E-001,8.395625948905945E-001,
1.384433333333334E+009,5.560733377933502E-002,-8.342680335044861E-002,-4.936447441577911E-001,8.489695191383362E-001,5.560733377933502E-002,-8.342680335044861E-002,-4.936447441577911E-001,8.489695191383362E-001,
1.392800000000000E+009,3.106729127466679E-002,-8.808761090040207E-002,-4.708646833896637E-001,8.558738231658936E-001,3.106729127466679E-002,-8.808761090040207E-002,-4.708646833896637E-001,8.558738231658936E-001,
1.401166666666667E+009,1.210328564047813E-002,-8.158782869577408E-002,-4.405378401279450E-001,8.826566934585571E-001,1.210328564047813E-002,-8.158782869577408E-002,-4.405378401279450E-001,8.826566934585571E-001,
1.409533333333334E+009,-1.633862615562975E-003,-6.241513788700104E-002,-4.201349616050720E-001,8.932257890701294E-001,-1.633862615562975E-003,-6.241513788700104E-002,-4.201349616050720E-001,8.932257890701294E-001,
1.417900000000000E+009,-5.399186629801989E-003,-4.232191294431686E-002,-3.811342716217041E-001,8.888426423072815E-001,-5.399186629801989E-003,-4.232191294431686E-002,-3.811342716217041E-001,8.888426423072815E-001,
1.426266666666667E+009,2.862980822101235E-003,-2.342142537236214E-002,-3.772054314613342E-001,9.192047119140625E-001,2.862980822101235E-003,-2.342142537236214E-002,-3.772054314613342E-001,9.192047119140625E-001,
1.434633333333334E+009,1.982026919722557E-002,-1.576422713696957E-002,-3.467418551445007E-001,9.146334528923035E-001,1.982026919722557E-002,-1.576422713696957E-002,-3.467418551445007E-001,9.146334528923035E-001,
1.443000000000000E+009,4.086861759424210E-002,-1.796456798911095E-002,-3.197570443153381E-001,9.286291003227234E-001,4.086861759424210E-002,-1.796456798911095E-002,-3.197570443153381E-001,9.286291003227234E-001,
1.451366666666667E+009,5.490089952945709E-002,-3.431150317192078E-002,-2.993340492248535E-001,9.350595474243164E-001,5.490089952945709E-002,-3.431150317192078E-002,-2.993340492248535E-001,9.350595474243164E-001,
1.459733333333334E+009,5.829523876309395E-002,-5.591293051838875E-002,-2.826786339282990E-001,9.375092983245850E-001,5.829523876309395E-002,-5.591293051838875E-002,-2.826786339282990E-001,9.375092983245850E-001,
1.468100000000000E+009,5.066501349210739E-002,-7.789998501539230E-002,-2.465452402830124E-001,9.453992247581482E-001,5.066501349210739E-002,-7.789998501539230E-002,-2.465452402830124E-001,9.453992247581482E-001,
1.476466666666667E+009,3.273012861609459E-002,-9.286389499902725E-002,-2.280136644840241E-001,9.589312672615051E-001,3.273012861609459E-002,-9.286389499902725E-002,-2.280136644840241E-001,9.589312672615051E-001,
1.484833333333334E+009,8.887126110494137E-003,-9.684645384550095E-002,-1.956398934125900E-001,9.610788226127625E-001,8.887126110494137E-003,-9.684645384550095E-002,-1.956398934125900E-001,9.610788226127625E-001,
1.493200000000000E+009,-1.007231418043375E-002,-8.833922445774078E-002,-1.808458417654038E-001,9.624775648117065E-001,-1.007231418043375E-002,-8.833922445774078E-002,-1.808458417654038E-001,9.624775648117065E-001,
1.501566666666667E+009,-2.264990098774433E-002,-6.999445706605911E-002,-1.522006541490555E-001,9.659554958343506E-001,-2.264990098774433E-002,-6.999445706605911E-002,-1.522006541490555E-001,9.659554958343506E-001,
1.509933333333334E+009,-2.494825236499310E-002,-4.778891429305077E-002,-1.367454081773758E-001,9.721836447715759E-001,-2.494825236499310E-002,-4.778891429305077E-002,-1.367454081773758E-001,9.721836447715759E-001,
1.518300000000000E+009,-1.222837809473276E-002,-3.050371259450913E-002,-1.100783944129944E-001,9.813717603683472E-001,-1.222837809473276E-002,-3.050371259450913E-002,-1.100783944129944E-001,9.813717603683472E-001,
1.526666666666667E+009,5.714135710150003E-003,-2.254227921366692E-002,-7.665257900953293E-002,9.774264097213745E-001,5.714135710150003E-003,-2.254227921366692E-002,-7.665257900953293E-002,9.774264097213745E-001,
1.535033333333334E+009,2.458704262971878E-002,-2.574515715241432E-002,-5.351428315043449E-002,9.882242083549500E-001,2.458704262971878E-002,-2.574515715241432E-002,-5.351428315043449E-002,9.882242083549500E-001,
1.543400000000000E+009,3.666500374674797E-002,-4.105993360280991E-002,-3.110874444246292E-002,9.818945527076721E-001,3.666500374674797E-002,-4.105993360280991E-002,-3.110874444246292E-002,9.818945527076721E-001,
1.551766666666667E+009,3.691314533352852E-002,-6.287082284688950E-002,-6.448939442634583E-003,9.764539003372192E-001,3.691314533352852E-002,-6.287082284688950E-002,-6.448939442634583E-003,9.764539003372192E-001,
1.560133333333334E+009,2.873311936855316E-002,-8.314424753189087E-002,1.669667288661003E-002,9.820159673690796E-001,2.873311936855316E-002,-8.314424753189087E-002,1.669667288661003E-002,9.820159673690796E-001,
1.568500000000000E+009,1.113894488662481E-002,-9.635714441537857E-002,3.350484371185303E-002,9.833902120590210E-001,1.113894488662481E-002,-9.635714441537857E-002,3.350484371185303E-002,9.833902120590210E-001,
1.576866666666667E+009,-1.122862752526999E-002,-9.685758501291275E-002,7.439306378364563E-002,9.737218618392944E-001,-1.122862752526999E-002,-9.685758501291275E-002,7.439306378364563E-002,9.737218618392944E-001,
1.585233333333334E+009,-2.755593694746494E-002,-8.834215998649597E-002,8.826976269483566E-002,9.734512567520142E-001,-2.755593694746494E-002,-8.834215998649597E-002,8.826976269483566E-002,9.734512567520142E-001,
1.593600000000000E+009,-3.770685940980911E-002,-7.284702360630035E-002,1.147213056683540E-001,9.698894619941711E-001,-3.770685940980911E-002,-7.284702360630035E-002,1.147213056683540E-001,9.698894619941711E-001,
1.601966666666667E+009,-3.797336667776108E-002,-5.329805612564087E-002,1.354764997959137E-001,9.691174030303955E-001,-3.797336667776108E-002,-5.329805612564087E-002,1.354764997959137E-001,9.691174030303955E-001,
1.610333333333334E+009,-2.820569835603237E-002,-3.966570645570755E-002,1.662111133337021E-001,9.645897746086121E-001,-2.820569835603237E-002,-3.966570645570755E-002,1.662111133337021E-001,9.645897746086121E-001,
1.618700000000000E+009,-1.214305870234966E-002,-3.492058441042900E-002,1.932923048734665E-001,9.629062414169312E-001,-1.214305870234966E-002,-3.492058441042900E-002,1.932923048734665E-001,9.629062414169312E-001,
1.627066666666667E+009,1.788180437870324E-003,-3.960934653878212E-002,2.159064859151840E-001,9.558289051055908E-001,1.788180437870324E-003,-3.960934653878212E-002,2.159064859151840E-001,9.558289051055908E-001,
1.635433333333334E+009,9.324401617050171E-003,-5.096023902297020E-002,2.454957365989685E-001,9.560008645057678E-001,9.324401617050171E-003,-5.096023902297020E-002,2.454957365989685E-001,9.560008645057678E-001,
1.643800000000000E+009,8.388579823076725E-003,-6.863751262426376E-002,2.597913742065430E-001,9.447762966156006E-001,8.388579823076725E-003,-6.863751262426376E-002,2.597913742065430E-001,9.447762966156006E-001,
1.652166666666667E+009,-2.994870068505406E-003,-8.270864188671112E-002,2.944690585136414E-001,9.339194893836975E-001,-2.994870068505406E-003,-8.270864188671112E-002,2.944690585136414E-001,9.339194893836975E-001,
1.660533333333334E+009,-1.944174058735371E-002,-8.969857543706894E-002,3.119341731071472E-001,9.279177188873291E-001,-1.944174058735371E-002,-8.969857543706894E-002,3.119341731071472E-001,9.279177188873291E-001,
1.668900000000000E+009,-3.790887445211411E-002,-8.711000531911850E-002,3.318915665149689E-001,9.159373044967651E-001,-3.790887445211411E-002,-8.711000531911850E-002,3.318915665149689E-001,9.159373044967651E-001,
1.677266666666667E+009,-5.281063541769981E-002,-7.710749655961990E-002,3.702291548252106E-001,9.076777696609497E-001,-5.281063541769981E-002,-7.710749655961990E-002,3.702291548252106E-001,9.076777696609497E-001,
1.685633333333334E+009,-5.791385844349861E-002,-6.105596572160721E-002,3.847558796405792E-001,9.019444584846497E-001,-5.791385844349861E-002,-6.105596572160721E-002,3.847558796405792E-001,9.019444584846497E-001,
1.694000000000000E+009,-5.653242766857147E-002,-4.650704935193062E-002,4.009042084217072E-001,8.914464712142944E-001,-5.653242766857147E-002,-4.650704935193062E-002,4.009042084217072E-001,8.914464712142944E-001,
1.702366666666667E+009,-4.633986204862595E-002,-3.254077956080437E-002,4.239718616008759E-001,8.839643001556397E-001,-4.633986204862595E-002,-3.254077956080437E-002,4.239718616008759E-001,8.839643001556397E-001,
1.710733333333334E+009,-3.104926273226738E-002,-2.856736443936825E-002,4.444376528263092E-001,8.690444827079773E-001,-3.104926273226738E-002,-2.856736443936825E-002,4.444376528263092E-001,8.690444827079773E-001,
1.719100000000000E+009,-1.756782084703445E-002,-3.349485248327255E-002,4.742922186851502E-001,8.552725911140442E-001,-1.756782084703445E-002,-3.349485248327255E-002,4.742922186851502E-001,8.552725911140442E-001,
1.727466666666667E+009,-9.007576853036881E-003,-4.500263929367065E-002,4.936274290084839E-001,8.480654358863831E-001,-9.007576853036881E-003,-4.500263929367065E-002,4.936274290084839E-001,8.480654358863831E-001,
1.735833333333334E+009,-8.771346881985664E-003,-5.972012132406235E-002,5.108004212379456E-001,8.316863775253296E-001,-8.771346881985664E-003,-5.972012132406235E-002,5.108004212379456E-001,8.316863775253296E-001,
1.744200000000000E+009,-1.805157586932182E-002,-7.577620446681976E-002,5.406594872474670E-001,8.086838126182556E-001,-1.805157586932182E-002,-7.577620446681976E-002,5.406594872474670E-001,8.086838126182556E-001,
1.752566666666667E+009,-3.244362771511078E-002,-8.444075286388397E-002,5.683617591857910E-001,8.014238476753235E-001,-3.244362771511078E-002,-8.444075286388397E-002,5.683617591857910E-001,8.014238476753235E-001,
1.760933333333334E+009,-5.011049658060074E-002,-8.719236403703690E-002,5.758128762245178E-001,7.875438928604126E-001,-5.011049658060074E-002,-8.719236403703690E-002,5.758128762245178E-001,7.875438928604126E-001,
1.769300000000000E+009,-6.669507920742035E-002,-8.153024315834045E-002,5.999580025672913E-001,7.774113416671753E-001,-6.669507920742035E-002,-8.153024315834045E-002,5.999580025672913E-001,7.774113416671753E-001,
1.777666666666667E+009,-7.692618668079376E-002,-6.882683932781220E-002,6.124592423439026E-001,7.676779627799988E-001,-7.692618668079376E-002,-6.882683932781220E-002,6.124592423439026E-001,7.676779627799988E-001,
1.786033333333334E+009,-8.064234256744385E-002,-5.619756132364273E-002,6.267372369766235E-001,7.392826676368713E-001,-8.064234256744385E-002,-5.619756132364273E-002,6.267372369766235E-001,7.392826676368713E-001,
1.794400000000000E+009,-7.620429247617722E-002,-4.106383398175240E-002,6.497612595558167E-001,7.261578440666199E-001,-7.620429247617722E-002,-4.106383398175240E-002,6.497612595558167E-001,7.261578440666199E-001,
1.802766666666667E+009,-7.014348357915878E-002,-3.212617710232735E-002,6.686721444129944E-001,7.091365456581116E-001,-7.014348357915878E-002,-3.212617710232735E-002,6.686721444129944E-001,7.091365456581116E-001,
1.811133333333334E+009,-5.979113280773163E-002,-2.855970896780491E-002,6.946789622306824E-001,6.921156644821167E-001,-5.979113280773163E-002,-2.855970896780491E-002,6.946789622306824E-001,6.921156644821167E-001,
1.819500000000000E+009,-5.220212787389755E-002,-2.991522662341595E-002,7.083293199539185E-001,6.680171489715576E-001,-5.220212787389755E-002,-2.991522662341595E-002,7.083293199539185E-001,6.680171489715576E-001,
1.827866666666667E+009,-4.727489501237869E-002,-3.610248118638992E-002,7.301741838455200E-001,6.568648219108582E-001,-4.727489501237869E-002,-3.610248118638992E-002,7.301741838455200E-001,6.568648219108582E-001,
1.836233333333334E+009,-4.977696016430855E-002,-4.390188306570053E-002,7.427250146865845E-001,6.389523744583130E-001,-4.977696016430855E-002,-4.390188306570053E-002,7.427250146865845E-001,6.389523744583130E-001,
1.844600000000000E+009,-5.758081749081612E-002,-4.981844872236252E-002,7.592819929122925E-001,6.309171319007874E-001,-5.758081749081612E-002,-4.981844872236252E-002,7.592819929122925E-001,6.309171319007874E-001,
1.852966666666667E+009,-6.693062931299210E-002,-5.248460173606873E-002,7.690191864967346E-001,5.956766009330750E-001,-6.693062931299210E-002,-5.248460173606873E-002,7.690191864967346E-001,5.956766009330750E-001,
1.861333333333334E+009,-7.719871401786804E-002,-5.087205767631531E-002,7.907332181930542E-001,5.764457583427429E-001,-7.719871401786804E-002,-5.087205767631531E-002,7.907332181930542E-001,5.764457583427429E-001,
1.869700000000000E+009,-8.551884442567825E-002,-4.279614239931107E-002,8.052285909652710E-001,5.581959486007690E-001,-8.551884442567825E-002,-4.279614239931107E-002,8.052285909652710E-001,5.581959486007690E-001,
1.878066666666667E+009,-8.968403935432434E-002,-3.337441012263298E-002,8.173122406005859E-001,5.433271527290344E-001,-8.968403935432434E-002,-3.337441012263298E-002,8.173122406005859E-001,5.433271527290344E-001,
1.886433333333334E+009,-8.894585818052292E-002,-2.277095988392830E-002,8.354563713073731E-001,5.190579295158386E-001,-8.894585818052292E-002,-2.277095988392830E-002,8.354563713073731E-001,5.190579295158386E-001,
1.894800000000000E+009,-8.128834515810013E-002,-1.406296342611313E-002,8.474966287612915E-001,5.017376542091370E-001,-8.128834515810013E-002,-1.406296342611313E-002,8.474966287612915E-001,5.017376542091370E-001,
1.903166666666667E+009,-7.263248413801193E-002,-7.799612823873758E-003,8.588331341743469E-001,4.730221927165985E-001,-7.263248413801193E-002,-7.799612823873758E-003,8.588331341743469E-001,4.730221927165985E-001,
1.911533333333334E+009,-6.359469890594482E-002,-8.966227993369103E-003,8.688147664070129E-001,4.466760754585266E-001,-6.359469890594482E-002,-8.966227993369103E-003,8.688147664070129E-001,4.466760754585266E-001,
1.919900000000000E+009,-5.614169687032700E-002,-1.314507517963648E-002,8.863357305526733E-001,4.325850605964661E-001,-5.614169687032700E-002,-1.314507517963648E-002,8.863357305526733E-001,4.325850605964661E-001,
1.928266666666667E+009,-5.348359793424606E-002,-2.126863412559032E-002,8.844553232192993E-001,3.950469791889191E-001,-5.348359793424606E-002,-2.126863412559032E-002,8.844553232192993E-001,3.950469791889191E-001,
1.936633333333334E+009,-5.875340476632118E-002,-2.971896529197693E-002,9.053687453269959E-001,3.837231099605560E-001,-5.875340476632118E-002,-2.971896529197693E-002,9.053687453269959E-001,3.837231099605560E-001,
1.945000000000000E+009,-6.792729347944260E-002,-3.521380573511124E-002,9.152022600173950E-001,3.569691479206085E-001,-6.792729347944260E-002,-3.521380573511124E-002,9.152022600173950E-001,3.569691479206085E-001,
1.953366666666667E+009,-7.998637109994888E-002,-3.745783492922783E-002,9.168514013290405E-001,3.345469236373901E-001,-7.998637109994888E-002,-3.745783492922783E-002,9.168514013290405E-001,3.345469236373901E-001,
1.961733333333334E+009,-9.401332587003708E-002,-3.098955564200878E-002,9.318358898162842E-001,3.116119503974915E-001,-9.401332587003708E-002,-3.098955564200878E-002,9.318358898162842E-001,3.116119503974915E-001,
1.970100000000000E+009,-1.043431088328362E-001,-2.180029079318047E-002,9.302514791488648E-001,2.883970439434052E-001,-1.043431088328362E-001,-2.180029079318047E-002,9.302514791488648E-001,2.883970439434052E-001,
1.978466666666667E+009,-1.079970896244049E-001,-6.484680809080601E-003,9.401755332946777E-001,2.599343359470367E-001,-1.079970896244049E-001,-6.484680809080601E-003,9.401755332946777E-001,2.599343359470367E-001,
1.986833333333334E+009,-1.045104414224625E-001,7.038256619125605E-003,9.427023530006409E-001,2.427398711442947E-001,-1.045104414224625E-001,7.038256619125605E-003,9.427023530006409E-001,2.427398711442947E-001,
1.995200000000000E+009,-9.287992119789124E-002,1.771457307040691E-002,9.464101195335388E-001,2.270836532115936E-001,-9.287992119789124E-002,1.771457307040691E-002,9.464101195335388E-001,2.270836532115936E-001,
2.003566666666667E+009,-7.746592164039612E-002,2.245115488767624E-002,9.551471471786499E-001,1.941006630659103E-001,-7.746592164039612E-002,2.245115488767624E-002,9.551471471786499E-001,1.941006630659103E-001,
2.011933333333334E+009,-6.330964714288712E-002,1.844410784542561E-002,9.681237936019898E-001,1.684230118989945E-001,-6.330964714288712E-002,1.844410784542561E-002,9.681237936019898E-001,1.684230118989945E-001,
2.020300000000000E+009,-5.361653119325638E-002,9.801931679248810E-003,9.721998572349548E-001,1.356442570686340E-001,-5.361653119325638E-002,9.801931679248810E-003,9.721998572349548E-001,1.356442570686340E-001,
2.028666666666667E+009,-5.259866267442703E-002,-2.881192136555910E-003,9.765073657035828E-001,1.189033016562462E-001,-5.259866267442703E-002,-2.881192136555910E-003,9.765073657035828E-001,1.189033016562462E-001,
2.037033333333334E+009,-6.013214215636253E-002,-1.517935190349817E-002,9.809516072273254E-001,8.946672827005386E-002,-6.013214215636253E-002,-1.517935190349817E-002,9.809516072273254E-001,8.946672827005386E-002,
2.045400000000000E+009,-7.422848790884018E-002,-2.134300768375397E-002,9.773458242416382E-001,6.763709336519241E-002,-7.422848790884018E-002,-2.134300768375397E-002,9.773458242416382E-001,6.763709336519241E-002,
2.053766666666667E+009,-9.223856031894684E-002,-1.839162223041058E-002,9.768300652503967E-001,4.112611338496208E-002,-9.223856031894684E-002,-1.839162223041058E-002,9.768300652503967E-001,4.112611338496208E-002,
2.062133333333334E+009,-1.071524843573570E-001,-8.760005235671997E-003,9.794244170188904E-001,1.449589710682631E-002,-1.071524843573570E-001,-8.760005235671997E-003,9.794244170188904E-001,1.449589710682631E-002,
2.070500000000000E+009,-1.132693439722061E-001,9.865819476544857E-003,9.783927202224731E-001,-1.168505474925041E-002,-1.132693439722061E-001,9.865819476544857E-003,9.783927202224731E-001,-1.168505474925041E-002,
2.078866666666667E+009,-1.108630448579788E-001,2.818811498582363E-002,9.740745425224304E-001,-3.100161999464035E-002,-1.108630448579788E-001,2.818811498582363E-002,9.740745425224304E-001,-3.100161999464035E-002,
2.087233333333334E+009,-9.730283915996552E-002,3.930821269750595E-002,9.749158620834351E-001,-6.241702660918236E-002,-9.730283915996552E-002,3.930821269750595E-002,9.749158620834351E-001,-6.241702660918236E-002,
2.095600000000000E+009,-7.935660332441330E-002,4.649698361754417E-002,9.804625511169434E-001,-8.047344535589218E-002,-7.935660332441330E-002,4.649698361754417E-002,9.804625511169434E-001,-8.047344535589218E-002,
2.103966666666667E+009,-6.081022322177887E-002,4.087737202644348E-002,9.815365076065064E-001,-1.073016002774239E-001,-6.081022322177887E-002,4.087737202644348E-002,9.815365076065064E-001,-1.073016002774239E-001,
2.112333333333334E+009,-4.807788133621216E-002,2.712253853678703E-002,9.735361337661743E-001,-1.291423439979553E-001,-4.807788133621216E-002,2.712253853678703E-002,9.735361337661743E-001,-1.291423439979553E-001,
2.120700000000000E+009,-4.564887285232544E-002,6.659341510385275E-003,9.728974699974060E-001,-1.627477705478668E-001,-4.564887285232544E-002,6.659341510385275E-003,9.728974699974060E-001,-1.627477705478668E-001,
2.129066666666667E+009,-5.626037344336510E-002,-7.204737514257431E-003,9.771324992179871E-001,-1.931769400835037E-001,-5.626037344336510E-002,-7.204737514257431E-003,9.771324992179871E-001,-1.931769400835037E-001,
2.137433333333334E+009,-7.623583823442459E-002,-1.508649811148644E-002,9.584943652153015E-001,-2.154753059148789E-001,-7.623583823442459E-002,-1.508649811148644E-002,9.584943652153015E-001,-2.154753059148789E-001,
2.145800000000000E+009,-1.016723066568375E-001,-1.127807702869177E-002,9.535450935363770E-001,-2.408893108367920E-001,-1.016723066568375E-001,-1.127807702869177E-002,9.535450935363770E-001,-2.408893108367920E-001,
2.154166666666667E+009,-1.203697472810745E-001,4.365386441349983E-003,9.424807429313660E-001,-2.596658766269684E-001,-1.203697472810745E-001,4.365386441349983E-003,9.424807429313660E-001,-2.596658766269684E-001,
2.162533333333334E+009,-1.286610811948776E-001,2.957094833254814E-002,9.212357997894287E-001,-2.824814617633820E-001,-1.286610811948776E-001,2.957094833254814E-002,9.212357997894287E-001,-2.824814617633820E-001,
2.170900000000000E+009,-1.260792613029480E-001,5.414405092597008E-002,9.264785647392273E-001,-3.067337870597839E-001,-1.260792613029480E-001,5.414405092597008E-002,9.264785647392273E-001,-3.067337870597839E-001,
2.179266666666667E+009,-1.086379736661911E-001,7.201302796602249E-002,9.155132770538330E-001,-3.200664818286896E-001,-1.086379736661911E-001,7.201302796602249E-002,9.155132770538330E-001,-3.200664818286896E-001,
2.187633333333334E+009,-8.612095564603806E-002,7.941977679729462E-002,9.149188399314880E-001,-3.491837084293366E-001,-8.612095564603806E-002,7.941977679729462E-002,9.149188399314880E-001,-3.491837084293366E-001,
2.196000000000000E+009,-6.127989664673805E-002,7.268018275499344E-002,9.003022909164429E-001,-3.696441054344177E-001,-6.127989664673805E-002,7.268018275499344E-002,9.003022909164429E-001,-3.696441054344177E-001,
2.204366666666667E+009,-4.555823281407356E-002,5.401977524161339E-002,8.962863683700562E-001,-3.945015966892242E-001,-4.555823281407356E-002,5.401977524161339E-002,8.962863683700562E-001,-3.945015966892242E-001,
2.212733333333334E+009,-4.190897941589356E-002,3.015369363129139E-002,8.856351971626282E-001,-4.307503104209900E-001,-4.190897941589356E-002,3.015369363129139E-002,8.856351971626282E-001,-4.307503104209900E-001,
2.221100000000000E+009,-5.281716957688332E-002,1.147699169814587E-002,8.675884008407593E-001,-4.459863305091858E-001,-5.281716957688332E-002,1.147699169814587E-002,8.675884008407593E-001,-4.459863305091858E-001,
2.229466666666667E+009,-7.435539364814758E-002,1.401910791173577E-003,8.577829003334045E-001,-4.634191393852234E-001,-7.435539364814758E-002,1.401910791173577E-003,8.577829003334045E-001,-4.634191393852234E-001,
2.237833333333334E+009,-1.004808619618416E-001,9.431929327547550E-003,8.455508947372437E-001,-4.924676418304443E-001,-1.004808619618416E-001,9.431929327547550E-003,8.455508947372437E-001,-4.924676418304443E-001,
2.246200000000000E+009,-1.218266636133194E-001,2.862837910652161E-002,8.282283544540405E-001,-5.131520032882690E-001,-1.218266636133194E-001,2.862837910652161E-002,8.282283544540405E-001,-5.131520032882690E-001,
2.254566666666667E+009,-1.283968687057495E-001,5.793221667408943E-002,8.153825402259827E-001,-5.284324288368225E-001,-1.283968687057495E-001,5.793221667408943E-002,8.153825402259827E-001,-5.284324288368225E-001,
2.262933333333334E+009,-1.231109574437141E-001,8.469649404287338E-002,7.995866537094116E-001,-5.455204844474793E-001,-1.231109574437141E-001,8.469649404287338E-002,7.995866537094116E-001,-5.455204844474793E-001,
2.271300000000000E+009,-1.046956405043602E-001,1.066370382905006E-001,7.839288115501404E-001,-5.610110759735107E-001,-1.046956405043602E-001,1.066370382905006E-001,7.839288115501404E-001,-5.610110759735107E-001,
2.279666666666667E+009,-7.818769663572311E-002,1.106502488255501E-001,7.758792638778687E-001,-5.788440108299255E-001,-7.818769663572311E-002,1.106502488255501E-001,7.758792638778687E-001,-5.788440108299255E-001,
2.288033333333334E+009,-5.496384203433991E-002,1.015661731362343E-001,7.648082375526428E-001,-6.073712110519409E-001,-5.496384203433991E-002,1.015661731362343E-001,7.648082375526428E-001,-6.073712110519409E-001,
2.296400000000000E+009,-3.935068845748901E-002,8.003553003072739E-002,7.472482323646545E-001,-6.286498308181763E-001,-3.935068845748901E-002,8.003553003072739E-002,7.472482323646545E-001,-6.286498308181763E-001,
2.304766666666667E+009,-3.995689377188683E-002,5.548309534788132E-002,7.360703945159912E-001,-6.393179297447205E-001,-3.995689377188683E-002,5.548309534788132E-002,7.360703945159912E-001,-6.393179297447205E-001,
2.313133333333334E+009,-5.482140183448792E-002,3.846910595893860E-002,7.123520970344544E-001,-6.758564710617065E-001,-5.482140183448792E-002,3.846910595893860E-002,7.123520970344544E-001,-6.758564710617065E-001,
2.321500000000000E+009,-7.600945979356766E-002,3.406338021159172E-002,6.949201822280884E-001,-6.870272159576416E-001,-7.600945979356766E-002,3.406338021159172E-002,6.949201822280884E-001,-6.870272159576416E-001,
2.329866666666667E+009,-9.762862324714661E-002,4.665712639689446E-002,6.799073815345764E-001,-7.072592377662659E-001,-9.762862324714661E-002,4.665712639689446E-002,6.799073815345764E-001,-7.072592377662659E-001,
2.338233333333334E+009,-1.117122694849968E-001,7.079710066318512E-002,6.484151482582092E-001,-7.236052155494690E-001,-1.117122694849968E-001,7.079710066318512E-002,6.484151482582092E-001,-7.236052155494690E-001,
2.346600000000000E+009,-1.107291430234909E-001,1.034308746457100E-001,6.271903514862061E-001,-7.380948066711426E-001,-1.107291430234909E-001,1.034308746457100E-001,6.271903514862061E-001,-7.380948066711426E-001,
2.354966666666667E+009,-9.329085052013397E-002,1.288245320320129E-001,6.197012662887573E-001,-7.456507682800293E-001,-9.329085052013397E-002,1.288245320320129E-001,6.197012662887573E-001,-7.456507682800293E-001,
2.363333333333334E+009,-6.643349677324295E-002,1.406440585851669E-001,6.038969159126282E-001,-7.577292919158936E-001,-6.643349677324295E-002,1.406440585851669E-001,6.038969159126282E-001,-7.577292919158936E-001,
2.371700000000000E+009,-3.424103558063507E-002,1.357916742563248E-001,5.906178951263428E-001,-7.740502357482910E-001,-3.424103558063507E-002,1.357916742563248E-001,5.906178951263428E-001,-7.740502357482910E-001,
2.380066666666667E+009,-1.112624444067478E-002,1.138721778988838E-001,5.659550428390503E-001,-7.916111350059509E-001,-1.112624444067478E-002,1.138721778988838E-001,5.659550428390503E-001,-7.916111350059509E-001,
2.388433333333334E+009,-4.167655948549509E-003,8.258291333913803E-002,5.499985218048096E-001,-8.025305867195129E-001,-4.167655948549509E-003,8.258291333913803E-002,5.499985218048096E-001,-8.025305867195129E-001,
2.396800000000000E+009,-1.574127376079559E-002,4.967729747295380E-002,5.194951891899109E-001,-8.286077380180359E-001,-1.574127376079559E-002,4.967729747295380E-002,5.194951891899109E-001,-8.286077380180359E-001,
2.405166666666667E+009,-4.340493306517601E-002,2.858809381723404E-002,4.989108145236969E-001,-8.459551930427551E-001,-4.340493306517601E-002,2.858809381723404E-002,4.989108145236969E-001,-8.459551930427551E-001,
2.413533333333334E+009,-7.870607823133469E-002,2.748657576739788E-002,4.707942008972168E-001,-8.573808073997498E-001,-7.870607823133469E-002,2.748657576739788E-002,4.707942008972168E-001,-8.573808073997498E-001,
2.421900000000000E+009,-1.109934449195862E-001,4.822580888867378E-002,4.498697221279144E-001,-8.696011900901794E-001,-1.109934449195862E-001,4.822580888867378E-002,4.498697221279144E-001,-8.696011900901794E-001,
2.430266666666667E+009,-1.281978040933609E-001,8.466830849647522E-002,4.231791198253632E-001,-8.789530992507935E-001,-1.281978040933609E-001,8.466830849647522E-002,4.231791198253632E-001,-8.789530992507935E-001,
2.438633333333334E+009,-1.266771107912064E-001,1.287555992603302E-001,3.989259600639343E-001,-8.821534514427185E-001,-1.266771107912064E-001,1.287555992603302E-001,3.989259600639343E-001,-8.821534514427185E-001,
2.447000000000000E+009,-1.032072529196739E-001,1.663375049829483E-001,3.758516609668732E-001,-8.905136585235596E-001,-1.032072529196739E-001,1.663375049829483E-001,3.758516609668732E-001,-8.905136585235596E-001,
2.455366666666667E+009,-6.722532957792282E-002,1.868993192911148E-001,3.583651781082153E-001,-8.915649056434631E-001,-6.722532957792282E-002,1.868993192911148E-001,3.583651781082153E-001,-8.915649056434631E-001,
2.463733333333334E+009,-2.801692858338356E-002,1.893050670623779E-001,3.420615494251251E-001,-9.043415188789368E-001,-2.801692858338356E-002,1.893050670623779E-001,3.420615494251251E-001,-9.043415188789368E-001,
2.472100000000000E+009,4.008485935628414E-003,1.702132970094681E-001,3.215795457363129E-001,-9.119882583618164E-001,4.008485935628414E-003,1.702132970094681E-001,3.215795457363129E-001,-9.119882583618164E-001,
2.480466666666667E+009,1.995824277400971E-002,1.394081115722656E-001,2.952174246311188E-001,-9.195561408996582E-001,1.995824277400971E-002,1.394081115722656E-001,2.952174246311188E-001,-9.195561408996582E-001,
2.488833333333334E+009,1.522017177194357E-002,1.040659546852112E-001,2.789022326469421E-001,-9.316909313201904E-001,1.522017177194357E-002,1.040659546852112E-001,2.789022326469421E-001,-9.316909313201904E-001,
2.497200000000000E+009,-4.290615674108267E-003,8.070560544729233E-002,2.492298781871796E-001,-9.463036656379700E-001,-4.290615674108267E-003,8.070560544729233E-002,2.492298781871796E-001,-9.463036656379700E-001,
2.505566666666667E+009,-3.459169715642929E-002,7.379065454006195E-002,2.171414494514465E-001,-9.572637677192688E-001,-3.459169715642929E-002,7.379065454006195E-002,2.171414494514465E-001,-9.572637677192688E-001,
2.513933333333334E+009,-5.998458340764046E-002,8.962479978799820E-002,1.932241022586823E-001,-9.577047228813171E-001,-5.998458340764046E-002,8.962479978799820E-002,1.932241022586823E-001,-9.577047228813171E-001,
2.522300000000000E+009,-7.353822141885757E-002,1.186265274882317E-001,1.593985706567764E-001,-9.596260190010071E-001,-7.353822141885757E-002,1.186265274882317E-001,1.593985706567764E-001,-9.596260190010071E-001,
2.530666666666667E+009,-6.739659607410431E-002,1.534051597118378E-001,1.324561834335327E-001,-9.631276726722717E-001,-6.739659607410431E-002,1.534051597118378E-001,1.324561834335327E-001,-9.631276726722717E-001,
2.539033333333334E+009,-4.303738474845886E-002,1.821517199277878E-001,1.130629181861877E-001,-9.570807814598084E-001,-4.303738474845886E-002,1.821517199277878E-001,1.130629181861877E-001,-9.570807814598084E-001,
2.547400000000000E+009,-7.506948895752430E-003,1.970006674528122E-001,9.698367863893509E-002,-9.620515704154968E-001,-7.506948895752430E-003,1.970006674528122E-001,9.698367863893509E-002,-9.620515704154968E-001,
2.555766666666667E+009,3.087813407182694E-002,1.931972205638886E-001,7.521775364875794E-002,-9.660137891769409E-001,3.087813407182694E-002,1.931972205638886E-001,7.521775364875794E-002,-9.660137891769409E-001,
2.564133333333334E+009,5.692796409130096E-002,1.701135039329529E-001,5.453642457723618E-002,-9.633843898773193E-001,5.692796409130096E-002,1.701135039329529E-001,5.453642457723618E-002,-9.633843898773193E-001,
2.572500000000000E+009,6.700035184621811E-002,1.377582550048828E-001,3.179761767387390E-002,-9.670155644416809E-001,6.700035184621811E-002,1.377582550048828E-001,3.179761767387390E-002,-9.670155644416809E-001,
2.580866666666667E+009,5.746233835816383E-002,1.036823615431786E-001,7.039855234324932E-003,-9.765779972076416E-001,5.746233835816383E-002,1.036823615431786E-001,7.039855234324932E-003,-9.765779972076416E-001,
2.589233333333334E+009,3.024002909660339E-002,8.222189545631409E-002,-2.499929070472717E-002,-9.770203232765198E-001,3.024002909660339E-002,8.222189545631409E-002,-2.499929070472717E-002,-9.770203232765198E-001,
2.597600000000000E+009,-1.513398368842900E-003,7.797022908926010E-002,-5.745042115449905E-002,-9.785258769989014E-001,-1.513398368842900E-003,7.797022908926010E-002,-5.745042115449905E-002,-9.785258769989014E-001,
2.605966666666667E+009,-2.936965413391590E-002,9.599023312330246E-002,-7.762195914983749E-002,-9.804088473320007E-001,-2.936965413391590E-002,9.599023312330246E-002,-7.762195914983749E-002,-9.804088473320007E-001,
2.614333333333334E+009,-4.109362140297890E-002,1.259704232215881E-001,-1.091896817088127E-001,-9.690408110618591E-001,-4.109362140297890E-002,1.259704232215881E-001,-1.091896817088127E-001,-9.690408110618591E-001,
2.622700000000000E+009,-3.209271281957626E-002,1.608449071645737E-001,-1.330102533102036E-001,-9.568060040473938E-001,-3.209271281957626E-002,1.608449071645737E-001,-1.330102533102036E-001,-9.568060040473938E-001,
2.631066666666667E+009,-5.826929118484259E-003,1.891646385192871E-001,-1.581914424896240E-001,-9.594765305519104E-001,-5.826929118484259E-003,1.891646385192871E-001,-1.581914424896240E-001,-9.594765305519104E-001,
2.639433333333334E+009,3.210826590657234E-002,2.006162106990814E-001,-1.771480441093445E-001,-9.426003694534302E-001,3.210826590657234E-002,2.006162106990814E-001,-1.771480441093445E-001,-9.426003694534302E-001,
2.647800000000000E+009,7.198897749185562E-002,1.947583109140396E-001,-1.970908045768738E-001,-9.391553997993469E-001,7.198897749185562E-002,1.947583109140396E-001,-1.970908045768738E-001,-9.391553997993469E-001,
2.656166666666667E+009,9.970452636480331E-002,1.717473119497299E-001,-2.130271047353745E-001,-9.419280290603638E-001,9.970452636480331E-002,1.717473119497299E-001,-2.130271047353745E-001,-9.419280290603638E-001,
2.664533333333334E+009,1.099220961332321E-001,1.387302875518799E-001,-2.411102503538132E-001,-9.296361207962036E-001,1.099220961332321E-001,1.387302875518799E-001,-2.411102503538132E-001,-9.296361207962036E-001,
2.672900000000000E+009,1.012389436364174E-001,1.073957532644272E-001,-2.603891193866730E-001,-9.319080710411072E-001,1.012389436364174E-001,1.073957532644272E-001,-2.603891193866730E-001,-9.319080710411072E-001,
2.681266666666667E+009,7.681176811456680E-002,8.704910427331924E-002,-2.890230715274811E-001,-9.277487397193909E-001,7.681176811456680E-002,8.704910427331924E-002,-2.890230715274811E-001,-9.277487397193909E-001,
2.689633333333334E+009,4.453184083104134E-002,8.389347791671753E-002,-3.162541985511780E-001,-9.255875349044800E-001,4.453184083104134E-002,8.389347791671753E-002,-3.162541985511780E-001,-9.255875349044800E-001,
2.698000000000000E+009,1.902423426508904E-002,9.973306208848953E-002,-3.373134136199951E-001,-9.128379225730896E-001,1.902423426508904E-002,9.973306208848953E-002,-3.373134136199951E-001,-9.128379225730896E-001,
2.706366666666667E+009,9.629511274397373E-003,1.282321661710739E-001,-3.702934086322784E-001,-8.964538574218750E-001,9.629511274397373E-003,1.282321661710739E-001,-3.702934086322784E-001,-8.964538574218750E-001,
2.714733333333334E+009,1.864254847168922E-002,1.599865406751633E-001,-3.898384869098663E-001,-8.888326287269592E-001,1.864254847168922E-002,1.599865406751633E-001,-3.898384869098663E-001,-8.888326287269592E-001,
2.723100000000000E+009,4.767330363392830E-002,1.838100552558899E-001,-4.098725020885468E-001,-8.682787418365479E-001,4.767330363392830E-002,1.838100552558899E-001,-4.098725020885468E-001,-8.682787418365479E-001,
2.731466666666667E+009,8.730357885360718E-002,1.927576214075089E-001,-4.310650825500488E-001,-8.579376339912415E-001,8.730357885360718E-002,1.927576214075089E-001,-4.310650825500488E-001,-8.579376339912415E-001,
2.739833333333334E+009,1.259918510913849E-001,1.813692301511765E-001,-4.445835947990418E-001,-8.431280255317688E-001,1.259918510913849E-001,1.813692301511765E-001,-4.445835947990418E-001,-8.431280255317688E-001,
2.748200000000000E+009,1.546852588653565E-001,1.560635119676590E-001,-4.617530107498169E-001,-8.350643515586853E-001,1.546852588653565E-001,1.560635119676590E-001,-4.617530107498169E-001,-8.350643515586853E-001,
2.756566666666667E+009,1.665633022785187E-001,1.209103614091873E-001,-4.811230301856995E-001,-8.290947675704956E-001,1.665633022785187E-001,1.209103614091873E-001,-4.811230301856995E-001,-8.290947675704956E-001,
2.764933333333334E+009,1.590212285518646E-001,8.690530061721802E-002,-5.102473497390747E-001,-8.258304595947266E-001,1.590212285518646E-001,8.690530061721802E-002,-5.102473497390747E-001,-8.258304595947266E-001,
2.773300000000000E+009,1.353413462638855E-001,6.270604580640793E-002,-5.269632935523987E-001,-8.124205470085144E-001,1.353413462638855E-001,6.270604580640793E-002,-5.269632935523987E-001,-8.124205470085144E-001,
2.781666666666667E+009,1.032234579324722E-001,5.768473446369171E-002,-5.497644543647766E-001,-8.001994490623474E-001,1.032234579324722E-001,5.768473446369171E-002,-5.497644543647766E-001,-8.001994490623474E-001,
2.790033333333334E+009,7.470011711120606E-002,6.958600133657455E-002,-5.774631500244141E-001,-7.885560393333435E-001,7.470011711120606E-002,6.958600133657455E-002,-5.774631500244141E-001,-7.885560393333435E-001,
2.798400000000000E+009,6.029697880148888E-002,9.576277434825897E-002,-6.009778976440430E-001,-7.738349437713623E-001,6.029697880148888E-002,9.576277434825897E-002,-6.009778976440430E-001,-7.738349437713623E-001,
2.806766666666667E+009,6.829766929149628E-002,1.251397430896759E-001,-6.186141371726990E-001,-7.470692992210388E-001,6.829766929149628E-002,1.251397430896759E-001,-6.186141371726990E-001,-7.470692992210388E-001,
2.815133333333334E+009,9.147996455430985E-002,1.457328647375107E-001,-6.360519528388977E-001,-7.303947806358337E-001,9.147996455430985E-002,1.457328647375107E-001,-6.360519528388977E-001,-7.303947806358337E-001,
2.823500000000000E+009,1.294755488634110E-001,1.526615023612976E-001,-6.523748636245728E-001,-7.094321846961975E-001,1.294755488634110E-001,1.526615023612976E-001,-6.523748636245728E-001,-7.094321846961975E-001,
2.831866666666667E+009,1.657233983278275E-001,1.398614048957825E-001,-6.603716015815735E-001,-6.913106441497803E-001,1.657233983278275E-001,1.398614048957825E-001,-6.603716015815735E-001,-6.913106441497803E-001,
2.840233333333334E+009,1.941023319959641E-001,1.112546399235725E-001,-6.787659525871277E-001,-6.779592633247376E-001,1.941023319959641E-001,1.112546399235725E-001,-6.787659525871277E-001,-6.779592633247376E-001,
2.848600000000000E+009,2.053888291120529E-001,7.430367171764374E-002,-6.879909634590149E-001,-6.602554917335510E-001,2.053888291120529E-001,7.430367171764374E-002,-6.879909634590149E-001,-6.602554917335510E-001,
2.856966666666667E+009,1.978974044322968E-001,3.861760720610619E-002,-7.055235505104065E-001,-6.490462422370911E-001,1.978974044322968E-001,3.861760720610619E-002,-7.055235505104065E-001,-6.490462422370911E-001,
2.865333333333334E+009,1.725811362266541E-001,1.286844350397587E-002,-7.241005301475525E-001,-6.399430036544800E-001,1.725811362266541E-001,1.286844350397587E-002,-7.241005301475525E-001,-6.399430036544800E-001,
2.873700000000000E+009,1.370835602283478E-001,6.868902128189802E-003,-7.469704747200012E-001,-6.174020171165466E-001,1.370835602283478E-001,6.868902128189802E-003,-7.469704747200012E-001,-6.174020171165466E-001,
2.882066666666667E+009,1.058962866663933E-001,1.985209807753563E-002,-7.641621232032776E-001,-5.948182940483093E-001,1.058962866663933E-001,1.985209807753563E-002,-7.641621232032776E-001,-5.948182940483093E-001,
2.890433333333334E+009,8.838272839784622E-002,4.740088060498238E-002,-7.851293087005615E-001,-5.747364163398743E-001,8.838272839784622E-002,4.740088060498238E-002,-7.851293087005615E-001,-5.747364163398743E-001,
2.898800000000000E+009,9.225135296583176E-002,7.977329939603806E-002,-7.992634773254395E-001,-5.544084310531616E-001,9.225135296583176E-002,7.977329939603806E-002,-7.992634773254395E-001,-5.544084310531616E-001,
2.907166666666667E+009,1.153483241796494E-001,1.022997125983238E-001,-8.068162798881531E-001,-5.325199961662293E-001,1.153483241796494E-001,1.022997125983238E-001,-8.068162798881531E-001,-5.325199961662293E-001,
2.915533333333334E+009,1.542458683252335E-001,1.090767979621887E-001,-8.219401240348816E-001,-5.004850029945374E-001,1.542458683252335E-001,1.090767979621887E-001,-8.219401240348816E-001,-5.004850029945374E-001,
2.923900000000000E+009,1.902423650026321E-001,9.599976241588593E-002,-8.268198370933533E-001,-4.841816425323486E-001,1.902423650026321E-001,9.599976241588593E-002,-8.268198370933533E-001,-4.841816425323486E-001,
2.932266666666667E+009,2.196993827819824E-001,6.654927134513855E-002,-8.334763646125794E-001,-4.672157466411591E-001,2.196993827819824E-001,6.654927134513855E-002,-8.334763646125794E-001,-4.672157466411591E-001,
2.940633333333334E+009,2.299334555864334E-001,2.513200417160988E-002,-8.403719067573547E-001,-4.480700790882111E-001,2.299334555864334E-001,2.513200417160988E-002,-8.403719067573547E-001,-4.480700790882111E-001,
2.949000000000000E+009,2.204931527376175E-001,-1.673461683094502E-002,-8.564808964729309E-001,-4.260296225547791E-001,2.204931527376175E-001,-1.673461683094502E-002,-8.564808964729309E-001,-4.260296225547791E-001,
2.957366666666667E+009,1.936859637498856E-001,-4.521791264414787E-002,-8.679256439208984E-001,-4.165697991847992E-001,1.936859637498856E-001,-4.521791264414787E-002,-8.679256439208984E-001,-4.165697991847992E-001,
2.965733333333334E+009,1.554070115089417E-001,-5.370552837848663E-002,-8.842178583145142E-001,-3.950955271720886E-001,1.554070115089417E-001,-5.370552837848663E-002,-8.842178583145142E-001,-3.950955271720886E-001,
2.974100000000000E+009,1.213312521576881E-001,-4.279926046729088E-002,-9.002402424812317E-001,-3.652735054492950E-001,1.213312521576881E-001,-4.279926046729088E-002,-9.002402424812317E-001,-3.652735054492950E-001,
2.982466666666667E+009,9.941036254167557E-002,-1.325096096843481E-002,-9.154680967330933E-001,-3.367513716220856E-001,9.941036254167557E-002,-1.325096096843481E-002,-9.154680967330933E-001,-3.367513716220856E-001,
2.990833333333334E+009,1.006124168634415E-001,2.102133259177208E-002,-9.203824996948242E-001,-3.149818181991577E-001,1.006124168634415E-001,2.102133259177208E-002,-9.203824996948242E-001,-3.149818181991577E-001,
2.999200000000000E+009,1.231086179614067E-001,4.765306040644646E-002,-9.298117160797119E-001,-2.852596044540405E-001,1.231086179614067E-001,4.765306040644646E-002,-9.298117160797119E-001,-2.852596044540405E-001,
3.007566666666667E+009,1.598366051912308E-001,5.630341172218323E-002,-9.330654740333557E-001,-2.562474310398102E-001,1.598366051912308E-001,5.630341172218323E-002,-9.330654740333557E-001,-2.562474310398102E-001,
3.015933333333334E+009,1.988233923912048E-001,4.148992523550987E-002,-9.302030801773071E-001,-2.360094040632248E-001,1.988233923912048E-001,4.148992523550987E-002,-9.302030801773071E-001,-2.360094040632248E-001,
3.024300000000000E+009,2.270352244377136E-001,8.077473379671574E-003,-9.323357939720154E-001,-2.164819240570068E-001,2.270352244377136E-001,8.077473379671574E-003,-9.323357939720154E-001,-2.164819240570068E-001,
3.032666666666667E+009,2.363203316926956E-001,-3.827984258532524E-002,-9.340599179267883E-001,-1.951527744531632E-001,2.363203316926956E-001,-3.827984258532524E-002,-9.340599179267883E-001,-1.951527744531632E-001,
3.041033333333334E+009,2.219865918159485E-001,-8.114106953144074E-002,-9.367222189903259E-001,-1.793095469474793E-001,2.219865918159485E-001,-8.114106953144074E-002,-9.367222189903259E-001,-1.793095469474793E-001,
3.049400000000000E+009,1.889319866895676E-001,-1.117866560816765E-001,-9.433724284172058E-001,-1.537657827138901E-001,1.889319866895676E-001,-1.117866560816765E-001,-9.433724284172058E-001,-1.537657827138901E-001,
3.057766666666667E+009,1.463752686977387E-001,-1.218101531267166E-001,-9.555862545967102E-001,-1.458837240934372E-001,1.463752686977387E-001,-1.218101531267166E-001,-9.555862545967102E-001,-1.458837240934372E-001,
3.066133333333334E+009,1.048509404063225E-001,-1.064577475190163E-001,-9.595169425010681E-001,-1.112935096025467E-001,1.048509404063225E-001,-1.064577475190163E-001,-9.595169425010681E-001,-1.112935096025467E-001,
3.074500000000000E+009,8.033742755651474E-002,-7.331412285566330E-002,-9.713731408119202E-001,-8.104076981544495E-002,8.033742755651474E-002,-7.331412285566330E-002,-9.713731408119202E-001,-8.104076981544495E-002,
3.082866666666667E+009,7.959166914224625E-002,-3.231042623519898E-002,-9.759284853935242E-001,-5.512925609946251E-002,7.959166914224625E-002,-3.231042623519898E-002,-9.759284853935242E-001,-5.512925609946251E-002,
3.091233333333334E+009,1.057462468743324E-001,8.820755174383521E-004,-9.742513895034790E-001,-1.967380382120609E-002,1.057462468743324E-001,8.820755174383521E-004,-9.742513895034790E-001,-1.967380382120609E-002,
3.099600000000000E+009,1.478020846843720E-001,1.064989157021046E-002,-9.667666554450989E-001,8.276256732642651E-003,1.478020846843720E-001,1.064989157021046E-002,-9.667666554450989E-001,8.276256732642651E-003,
3.107966666666667E+009,1.925151646137238E-001,-7.623840123414993E-003,-9.632849693298340E-001,2.898534201085568E-002,1.925151646137238E-001,-7.623840123414993E-003,-9.632849693298340E-001,2.898534201085568E-002,
3.116333333333334E+009,2.247489094734192E-001,-4.741132259368897E-002,-9.542124271392822E-001,5.510658025741577E-002,2.247489094734192E-001,-4.741132259368897E-002,-9.542124271392822E-001,5.510658025741577E-002,
3.124700000000000E+009,2.309239953756332E-001,-1.001620143651962E-001,-9.501093626022339E-001,6.968583166599274E-002,2.309239953756332E-001,-1.001620143651962E-001,-9.501093626022339E-001,6.968583166599274E-002,
3.133066666666667E+009,2.147287726402283E-001,-1.507718861103058E-001,-9.481992125511169E-001,9.309277683496475E-002,2.147287726402283E-001,-1.507718861103058E-001,-9.481992125511169E-001,9.309277683496475E-002,
3.141433333333334E+009,1.742085665464401E-001,-1.876054555177689E-001,-9.474297165870667E-001,1.069821044802666E-001,1.742085665464401E-001,-1.876054555177689E-001,-9.474297165870667E-001,1.069821044802666E-001,
3.149800000000000E+009,1.205959767103195E-001,-1.999830901622772E-001,-9.521921873092651E-001,1.322786509990692E-001,1.205959767103195E-001,-1.999830901622772E-001,-9.521921873092651E-001,1.322786509990692E-001,
3.158166666666667E+009,7.054872810840607E-002,-1.834994256496429E-001,-9.492129087448120E-001,1.555971950292587E-001,7.054872810840607E-002,-1.834994256496429E-001,-9.492129087448120E-001,1.555971950292587E-001,
3.166533333333334E+009,3.803497552871704E-002,-1.455642282962799E-001,-9.541411399841309E-001,1.801307797431946E-001,3.803497552871704E-002,-1.455642282962799E-001,-9.541411399841309E-001,1.801307797431946E-001,
3.174900000000000E+009,2.919298410415649E-002,-9.762468189001083E-002,-9.525696039199829E-001,2.102001458406448E-001,2.919298410415649E-002,-9.762468189001083E-002,-9.525696039199829E-001,2.102001458406448E-001,
3.183266666666667E+009,5.212477967143059E-002,-5.488954484462738E-002,-9.452546834945679E-001,2.410872429609299E-001,5.212477967143059E-002,-5.488954484462738E-002,-9.452546834945679E-001,2.410872429609299E-001,
3.191633333333334E+009,9.541773796081543E-002,-3.877557441592217E-002,-9.314480423927307E-001,2.696048617362976E-001,9.541773796081543E-002,-3.877557441592217E-002,-9.314480423927307E-001,2.696048617362976E-001,
3.200000000000000E+009,1.401844918727875E-001,-5.256738513708115E-002,-9.212309718132019E-001,2.937136888504028E-001,1.401844918727875E-001,-5.256738513708115E-002,-9.212309718132019E-001,2.937136888504028E-001,
