% Version 1.00
%
%freq[Hz],re:Trc1_S11,im:Trc1_S11,re:Trc2_S21,im:Trc2_S21,re:Trc3_S11,im:Trc3_S11,re:Trc4_S21,im:Trc4_S21,
6.900000000000000E+008,-5.017469450831413E-002,2.163366414606571E-002,-4.987403452396393E-001,-8.543542027473450E-001,-5.017469450831413E-002,2.163366414606571E-002,-4.987403452396393E-001,-8.543542027473450E-001,
6.983666666666666E+008,-4.319195821881294E-002,2.137204259634018E-002,-5.150856971740723E-001,-8.369234204292297E-001,-4.319195821881294E-002,2.137204259634018E-002,-5.150856971740723E-001,-8.369234204292297E-001,
7.067333333333334E+008,-3.779572993516922E-002,1.788907311856747E-002,-5.449429750442505E-001,-8.108486533164978E-001,-3.779572993516922E-002,1.788907311856747E-002,-5.449429750442505E-001,-8.108486533164978E-001,
7.151000000000000E+008,-3.882664814591408E-002,9.426100179553032E-003,-5.531885623931885E-001,-8.028413057327271E-001,-3.882664814591408E-002,9.426100179553032E-003,-5.531885623931885E-001,-8.028413057327271E-001,
7.234666666666666E+008,-3.980483859777451E-002,3.520678495988250E-003,-5.920496582984924E-001,-7.910149693489075E-001,-3.980483859777451E-002,3.520678495988250E-003,-5.920496582984924E-001,-7.910149693489075E-001,
7.318333333333334E+008,-4.799698665738106E-002,-5.078800313640386E-005,-5.974567532539368E-001,-7.867004275321960E-001,-4.799698665738106E-002,-5.078800313640386E-005,-5.974567532539368E-001,-7.867004275321960E-001,
7.402000000000000E+008,-5.627770349383354E-002,1.642276183702052E-003,-6.275201439857483E-001,-7.628508210182190E-001,-5.627770349383354E-002,1.642276183702052E-003,-6.275201439857483E-001,-7.628508210182190E-001,
7.485666666666666E+008,-6.176523491740227E-002,6.853397469967604E-003,-6.494251489639282E-001,-7.253891825675964E-001,-6.176523491740227E-002,6.853397469967604E-003,-6.494251489639282E-001,-7.253891825675964E-001,
7.569333333333334E+008,-6.312756240367889E-002,1.594722270965576E-002,-6.650521159172058E-001,-7.280744314193726E-001,-6.312756240367889E-002,1.594722270965576E-002,-6.650521159172058E-001,-7.280744314193726E-001,
7.653000000000000E+008,-6.045550853013992E-002,2.453835308551788E-002,-6.729171276092529E-001,-7.207109332084656E-001,-6.045550853013992E-002,2.453835308551788E-002,-6.729171276092529E-001,-7.207109332084656E-001,
7.736666666666666E+008,-5.320008471608162E-002,3.284086287021637E-002,-6.984889507293701E-001,-7.131060361862183E-001,-5.320008471608162E-002,3.284086287021637E-002,-6.984889507293701E-001,-7.131060361862183E-001,
7.820333333333334E+008,-4.710666835308075E-002,3.661170974373817E-002,-7.217768430709839E-001,-6.897638440132141E-001,-4.710666835308075E-002,3.661170974373817E-002,-7.217768430709839E-001,-6.897638440132141E-001,
7.904000000000000E+008,-3.800773248076439E-002,3.472779691219330E-002,-7.364422678947449E-001,-6.671007871627808E-001,-3.800773248076439E-002,3.472779691219330E-002,-7.364422678947449E-001,-6.671007871627808E-001,
7.987666666666666E+008,-3.151312097907066E-002,3.007080033421516E-002,-7.496514916419983E-001,-6.463125348091126E-001,-3.151312097907066E-002,3.007080033421516E-002,-7.496514916419983E-001,-6.463125348091126E-001,
8.071333333333334E+008,-3.223870694637299E-002,2.538144029676914E-002,-7.623120546340942E-001,-6.340460181236267E-001,-3.223870694637299E-002,2.538144029676914E-002,-7.623120546340942E-001,-6.340460181236267E-001,
8.155000000000000E+008,-3.671248257160187E-002,1.815487816929817E-002,-7.723670601844788E-001,-5.878316760063171E-001,-3.671248257160187E-002,1.815487816929817E-002,-7.723670601844788E-001,-5.878316760063171E-001,
8.238666666666666E+008,-4.254940897226334E-002,1.491314917802811E-002,-8.043166399002075E-001,-5.923209190368652E-001,-4.254940897226334E-002,1.491314917802811E-002,-8.043166399002075E-001,-5.923209190368652E-001,
8.322333333333334E+008,-5.170102044939995E-002,1.661645993590355E-002,-8.153367042541504E-001,-5.640179514884949E-001,-5.170102044939995E-002,1.661645993590355E-002,-8.153367042541504E-001,-5.640179514884949E-001,
8.406000000000000E+008,-5.737466365098953E-002,2.009260095655918E-002,-8.279105424880981E-001,-5.503464341163635E-001,-5.737466365098953E-002,2.009260095655918E-002,-8.279105424880981E-001,-5.503464341163635E-001,
8.489666666666668E+008,-5.886706337332726E-002,2.764592133462429E-002,-8.482927083969116E-001,-5.240356326103210E-001,-5.886706337332726E-002,2.764592133462429E-002,-8.482927083969116E-001,-5.240356326103210E-001,
8.573333333333334E+008,-5.649656057357788E-002,3.519674763083458E-002,-8.538643717765808E-001,-5.067344903945923E-001,-5.649656057357788E-002,3.519674763083458E-002,-8.538643717765808E-001,-5.067344903945923E-001,
8.657000000000000E+008,-5.075348541140556E-002,4.395756125450134E-002,-8.706437945365906E-001,-4.784260988235474E-001,-5.075348541140556E-002,4.395756125450134E-002,-8.706437945365906E-001,-4.784260988235474E-001,
8.740666666666668E+008,-4.328613355755806E-002,4.900904372334480E-002,-8.645485639572144E-001,-4.590576887130737E-001,-4.328613355755806E-002,4.900904372334480E-002,-8.645485639572144E-001,-4.590576887130737E-001,
8.824333333333334E+008,-3.480332717299461E-002,4.788418486714363E-002,-8.971353173255920E-001,-4.276683032512665E-001,-3.480332717299461E-002,4.788418486714363E-002,-8.971353173255920E-001,-4.276683032512665E-001,
8.908000000000000E+008,-2.822519652545452E-002,4.792543128132820E-002,-9.077583551406860E-001,-4.240179359912872E-001,-2.822519652545452E-002,4.792543128132820E-002,-9.077583551406860E-001,-4.240179359912872E-001,
8.991666666666668E+008,-2.598221041262150E-002,4.101836681365967E-002,-9.193903207778931E-001,-3.942995071411133E-001,-2.598221041262150E-002,4.101836681365967E-002,-9.193903207778931E-001,-3.942995071411133E-001,
9.075333333333334E+008,-2.656510658562183E-002,3.656305000185967E-002,-9.108788371086121E-001,-3.683453500270844E-001,-2.656510658562183E-002,3.656305000185967E-002,-9.108788371086121E-001,-3.683453500270844E-001,
9.159000000000000E+008,-3.075266815721989E-002,3.199320659041405E-002,-9.261481165885925E-001,-3.585983514785767E-001,-3.075266815721989E-002,3.199320659041405E-002,-9.261481165885925E-001,-3.585983514785767E-001,
9.242666666666668E+008,-3.665756061673164E-002,2.789181843400002E-002,-9.369469285011292E-001,-3.327681720256805E-001,-3.665756061673164E-002,2.789181843400002E-002,-9.369469285011292E-001,-3.327681720256805E-001,
9.326333333333334E+008,-4.221560060977936E-002,3.024269267916679E-002,-9.412237405776978E-001,-2.989296019077301E-001,-4.221560060977936E-002,3.024269267916679E-002,-9.412237405776978E-001,-2.989296019077301E-001,
9.410000000000000E+008,-4.835035651922226E-002,3.668755665421486E-002,-9.479668140411377E-001,-2.713093161582947E-001,-4.835035651922226E-002,3.668755665421486E-002,-9.479668140411377E-001,-2.713093161582947E-001,
9.493666666666668E+008,-5.054945871233940E-002,4.408317059278488E-002,-9.536734819412231E-001,-2.624279260635376E-001,-5.054945871233940E-002,4.408317059278488E-002,-9.536734819412231E-001,-2.624279260635376E-001,
9.577333333333334E+008,-4.621124640107155E-002,5.258917436003685E-002,-9.796158075332642E-001,-2.205182611942291E-001,-4.621124640107155E-002,5.258917436003685E-002,-9.796158075332642E-001,-2.205182611942291E-001,
9.661000000000000E+008,-3.929775580763817E-002,5.990478023886681E-002,-9.645875096321106E-001,-2.059227973222733E-001,-3.929775580763817E-002,5.990478023886681E-002,-9.645875096321106E-001,-2.059227973222733E-001,
9.744666666666668E+008,-3.071051090955734E-002,6.477726250886917E-002,-9.759074449539185E-001,-1.739777475595474E-001,-3.071051090955734E-002,6.477726250886917E-002,-9.759074449539185E-001,-1.739777475595474E-001,
9.828333333333334E+008,-1.792087033390999E-002,6.332220882177353E-002,-9.728084802627564E-001,-1.482213288545609E-001,-1.792087033390999E-002,6.332220882177353E-002,-9.728084802627564E-001,-1.482213288545609E-001,
9.912000000000000E+008,-9.114835411310196E-003,6.056108698248863E-002,-9.834858179092407E-001,-1.385532766580582E-001,-9.114835411310196E-003,6.056108698248863E-002,-9.834858179092407E-001,-1.385532766580582E-001,
9.995666666666668E+008,-5.200652405619621E-003,5.205310136079788E-002,-9.874874949455261E-001,-1.018113270401955E-001,-5.200652405619621E-003,5.205310136079788E-002,-9.874874949455261E-001,-1.018113270401955E-001,
1.007933333333333E+009,-5.963135045021772E-003,4.400932788848877E-002,-9.914856553077698E-001,-8.190146088600159E-002,-5.963135045021772E-003,4.400932788848877E-002,-9.914856553077698E-001,-8.190146088600159E-002,
1.016300000000000E+009,-1.310617662966251E-002,3.614602237939835E-002,-9.903125166893005E-001,-5.488104373216629E-002,-1.310617662966251E-002,3.614602237939835E-002,-9.903125166893005E-001,-5.488104373216629E-002,
1.024666666666667E+009,-2.177077345550060E-002,3.555930033326149E-002,-9.919058084487915E-001,-3.434221819043160E-002,-2.177077345550060E-002,3.555930033326149E-002,-9.919058084487915E-001,-3.434221819043160E-002,
1.033033333333333E+009,-3.012552671134472E-002,3.701659291982651E-002,-9.697648286819458E-001,4.645119886845350E-003,-3.012552671134472E-002,3.701659291982651E-002,-9.697648286819458E-001,4.645119886845350E-003,
1.041400000000000E+009,-3.536642715334892E-002,4.387309029698372E-002,-9.778029918670654E-001,2.520270086824894E-002,-3.536642715334892E-002,4.387309029698372E-002,-9.778029918670654E-001,2.520270086824894E-002,
1.049766666666667E+009,-3.713363036513329E-002,5.243376642465591E-002,-9.866442680358887E-001,4.699052870273590E-002,-3.713363036513329E-002,5.243376642465591E-002,-9.866442680358887E-001,4.699052870273590E-002,
1.058133333333333E+009,-2.992487885057926E-002,6.228490546345711E-002,-9.820215702056885E-001,7.136483490467072E-002,-2.992487885057926E-002,6.228490546345711E-002,-9.820215702056885E-001,7.136483490467072E-002,
1.066500000000000E+009,-1.813764497637749E-002,6.719403713941574E-002,-9.662741422653198E-001,9.993309527635574E-002,-1.813764497637749E-002,6.719403713941574E-002,-9.662741422653198E-001,9.993309527635574E-002,
1.074866666666667E+009,-6.998368538916111E-003,6.489253044128418E-002,-9.778559207916260E-001,1.293314099311829E-001,-6.998368538916111E-003,6.489253044128418E-002,-9.778559207916260E-001,1.293314099311829E-001,
1.083233333333334E+009,5.073725711554289E-003,6.132230907678604E-002,-9.732927680015564E-001,1.461364030838013E-001,5.073725711554289E-003,6.132230907678604E-002,-9.732927680015564E-001,1.461364030838013E-001,
1.091600000000000E+009,8.921363390982151E-003,4.970606043934822E-002,-9.668505787849426E-001,1.807147115468979E-001,8.921363390982151E-003,4.970606043934822E-002,-9.668505787849426E-001,1.807147115468979E-001,
1.099966666666667E+009,9.719265624880791E-003,3.799141943454742E-002,-9.624421596527100E-001,1.971728652715683E-001,9.719265624880791E-003,3.799141943454742E-002,-9.624421596527100E-001,1.971728652715683E-001,
1.108333333333334E+009,7.534797769039869E-004,2.862688526511192E-002,-9.743662476539612E-001,2.198796272277832E-001,7.534797769039869E-004,2.862688526511192E-002,-9.743662476539612E-001,2.198796272277832E-001,
1.116700000000000E+009,-1.258834544569254E-002,3.016982786357403E-002,-9.593223333358765E-001,2.515999376773834E-001,-1.258834544569254E-002,3.016982786357403E-002,-9.593223333358765E-001,2.515999376773834E-001,
1.125066666666667E+009,-2.540685795247555E-002,3.208396211266518E-002,-9.434581398963928E-001,2.735094428062439E-001,-2.540685795247555E-002,3.208396211266518E-002,-9.434581398963928E-001,2.735094428062439E-001,
1.133433333333334E+009,-3.676829114556313E-002,4.521842300891876E-002,-9.385909438133240E-001,2.912643551826477E-001,-3.676829114556313E-002,4.521842300891876E-002,-9.385909438133240E-001,2.912643551826477E-001,
1.141800000000000E+009,-3.670288249850273E-002,5.950210988521576E-002,-9.277272820472717E-001,3.160004317760468E-001,-3.670288249850273E-002,5.950210988521576E-002,-9.277272820472717E-001,3.160004317760468E-001,
1.150166666666667E+009,-3.031134046614170E-002,7.300171256065369E-002,-9.227936267852783E-001,3.458819985389710E-001,-3.031134046614170E-002,7.300171256065369E-002,-9.227936267852783E-001,3.458819985389710E-001,
1.158533333333334E+009,-1.379422564059496E-002,8.125372976064682E-002,-9.138009548187256E-001,3.679943084716797E-001,-1.379422564059496E-002,8.125372976064682E-002,-9.138009548187256E-001,3.679943084716797E-001,
1.166900000000000E+009,5.165187176316977E-003,8.185805380344391E-002,-9.060354232788086E-001,3.949263989925385E-001,5.165187176316977E-003,8.185805380344391E-002,-9.060354232788086E-001,3.949263989925385E-001,
1.175266666666667E+009,2.109429053962231E-002,7.245188951492310E-002,-8.877665996551514E-001,4.086332619190216E-001,2.109429053962231E-002,7.245188951492310E-002,-8.877665996551514E-001,4.086332619190216E-001,
1.183633333333334E+009,3.357003256678581E-002,5.816013365983963E-002,-8.829075098037720E-001,4.373651742935181E-001,3.357003256678581E-002,5.816013365983963E-002,-8.829075098037720E-001,4.373651742935181E-001,
1.192000000000000E+009,3.431144356727600E-002,4.117000102996826E-002,-8.756103515625000E-001,4.638897776603699E-001,3.431144356727600E-002,4.117000102996826E-002,-8.756103515625000E-001,4.638897776603699E-001,
1.200366666666667E+009,2.483266405761242E-002,2.447054535150528E-002,-8.621620535850525E-001,4.824525713920593E-001,2.483266405761242E-002,2.447054535150528E-002,-8.621620535850525E-001,4.824525713920593E-001,
1.208733333333334E+009,6.664727348834276E-003,1.729068346321583E-002,-8.555728197097778E-001,5.118561387062073E-001,6.664727348834276E-003,1.729068346321583E-002,-8.555728197097778E-001,5.118561387062073E-001,
1.217100000000000E+009,-1.195618696510792E-002,2.031966112554073E-002,-8.231576085090637E-001,5.252373814582825E-001,-1.195618696510792E-002,2.031966112554073E-002,-8.231576085090637E-001,5.252373814582825E-001,
1.225466666666667E+009,-2.514122053980827E-002,3.313199803233147E-002,-8.261851072311401E-001,5.493365526199341E-001,-2.514122053980827E-002,3.313199803233147E-002,-8.261851072311401E-001,5.493365526199341E-001,
1.233833333333334E+009,-2.751836553215981E-002,5.016491189599037E-002,-8.064581751823425E-001,5.697530508041382E-001,-2.751836553215981E-002,5.016491189599037E-002,-8.064581751823425E-001,5.697530508041382E-001,
1.242200000000000E+009,-2.225627750158310E-002,6.605669856071472E-002,-7.785223722457886E-001,5.858898162841797E-001,-2.225627750158310E-002,6.605669856071472E-002,-7.785223722457886E-001,5.858898162841797E-001,
1.250566666666667E+009,-7.747220806777477E-003,7.751630246639252E-002,-7.840141057968140E-001,6.130272150039673E-001,-7.747220806777477E-003,7.751630246639252E-002,-7.840141057968140E-001,6.130272150039673E-001,
1.258933333333334E+009,1.226059906184673E-002,7.958533614873886E-002,-7.635997533798218E-001,6.245071887969971E-001,1.226059906184673E-002,7.958533614873886E-002,-7.635997533798218E-001,6.245071887969971E-001,
1.267300000000000E+009,3.024390712380409E-002,6.852506846189499E-002,-7.407119274139404E-001,6.429655551910400E-001,3.024390712380409E-002,6.852506846189499E-002,-7.407119274139404E-001,6.429655551910400E-001,
1.275666666666667E+009,4.084737226366997E-002,5.279956012964249E-002,-7.372683286666870E-001,6.489738821983337E-001,4.084737226366997E-002,5.279956012964249E-002,-7.372683286666870E-001,6.489738821983337E-001,
1.284033333333334E+009,4.281473904848099E-002,3.103239461779594E-002,-7.055882215499878E-001,7.016117572784424E-001,4.281473904848099E-002,3.103239461779594E-002,-7.055882215499878E-001,7.016117572784424E-001,
1.292400000000000E+009,3.059781529009342E-002,1.391333527863026E-002,-7.011471986770630E-001,7.011385560035706E-001,3.059781529009342E-002,1.391333527863026E-002,-7.011471986770630E-001,7.011385560035706E-001,
1.300766666666667E+009,1.261013559997082E-002,6.924486253410578E-003,-6.818628311157227E-001,7.183065414428711E-001,1.261013559997082E-002,6.924486253410578E-003,-6.818628311157227E-001,7.183065414428711E-001,
1.309133333333334E+009,-7.091453298926354E-003,1.121204346418381E-002,-6.662155985832214E-001,7.451874613761902E-001,-7.091453298926354E-003,1.121204346418381E-002,-6.662155985832214E-001,7.451874613761902E-001,
1.317500000000000E+009,-2.189851179718971E-002,2.517066523432732E-002,-6.363438963890076E-001,7.694811224937439E-001,-2.189851179718971E-002,2.517066523432732E-002,-6.363438963890076E-001,7.694811224937439E-001,
1.325866666666667E+009,-2.671155892312527E-002,4.333625361323357E-002,-6.172382235527039E-001,7.684263586997986E-001,-2.671155892312527E-002,4.333625361323357E-002,-6.172382235527039E-001,7.684263586997986E-001,
1.334233333333334E+009,-2.020194195210934E-002,6.367075443267822E-002,-5.962208509445190E-001,7.801334261894226E-001,-2.020194195210934E-002,6.367075443267822E-002,-5.962208509445190E-001,7.801334261894226E-001,
1.342600000000000E+009,-3.267339430749416E-003,7.145001739263535E-002,-5.845581293106079E-001,7.979022264480591E-001,-3.267339430749416E-003,7.145001739263535E-002,-5.845581293106079E-001,7.979022264480591E-001,
1.350966666666667E+009,1.459536328911781E-002,7.124254852533341E-002,-5.555003285408020E-001,8.188471794128418E-001,1.459536328911781E-002,7.124254852533341E-002,-5.555003285408020E-001,8.188471794128418E-001,
1.359333333333334E+009,3.045739978551865E-002,6.077679246664047E-002,-5.381063222885132E-001,8.261732459068298E-001,3.045739978551865E-002,6.077679246664047E-002,-5.381063222885132E-001,8.261732459068298E-001,
1.367700000000000E+009,3.801657631993294E-002,4.050996527075768E-002,-5.208486318588257E-001,8.390607833862305E-001,3.801657631993294E-002,4.050996527075768E-002,-5.208486318588257E-001,8.390607833862305E-001,
1.376066666666667E+009,3.256499394774437E-002,1.785002090036869E-002,-4.936394989490509E-001,8.519545793533325E-001,3.256499394774437E-002,1.785002090036869E-002,-4.936394989490509E-001,8.519545793533325E-001,
1.384433333333334E+009,1.744293048977852E-002,5.366658791899681E-003,-4.837918579578400E-001,8.633713126182556E-001,1.744293048977852E-002,5.366658791899681E-003,-4.837918579578400E-001,8.633713126182556E-001,
1.392800000000000E+009,-5.518412683159113E-003,2.976391464471817E-003,-4.593425691127777E-001,8.695572614669800E-001,-5.518412683159113E-003,2.976391464471817E-003,-4.593425691127777E-001,8.695572614669800E-001,
1.401166666666667E+009,-2.315758354961872E-002,1.265339925885201E-002,-4.264359176158905E-001,8.961917757987976E-001,-2.315758354961872E-002,1.265339925885201E-002,-4.264359176158905E-001,8.961917757987976E-001,
1.409533333333334E+009,-3.472274541854858E-002,3.364894166588783E-002,-4.032627940177918E-001,9.050441980361939E-001,-3.472274541854858E-002,3.364894166588783E-002,-4.032627940177918E-001,9.050441980361939E-001,
1.417900000000000E+009,-3.627024218440056E-002,5.701702460646629E-002,-3.642087578773499E-001,8.969706892967224E-001,-3.627024218440056E-002,5.701702460646629E-002,-3.642087578773499E-001,8.969706892967224E-001,
1.426266666666667E+009,-2.488839812576771E-002,7.810121029615402E-002,-3.609162867069244E-001,9.251261949539185E-001,-2.488839812576771E-002,7.810121029615402E-002,-3.609162867069244E-001,9.251261949539185E-001,
1.434633333333334E+009,-5.571866873651743E-003,8.708424121141434E-002,-3.325704038143158E-001,9.189063906669617E-001,-5.571866873651743E-003,8.708424121141434E-002,-3.325704038143158E-001,9.189063906669617E-001,
1.443000000000000E+009,1.771206408739090E-002,8.629607409238815E-002,-3.076522350311279E-001,9.326724410057068E-001,1.771206408739090E-002,8.629607409238815E-002,-3.076522350311279E-001,9.326724410057068E-001,
1.451366666666667E+009,3.362600877881050E-002,7.133623212575913E-002,-2.891828715801239E-001,9.389617443084717E-001,3.362600877881050E-002,7.133623212575913E-002,-2.891828715801239E-001,9.389617443084717E-001,
1.459733333333334E+009,4.009714350104332E-002,5.277917906641960E-002,-2.748987972736359E-001,9.435607790946960E-001,4.009714350104332E-002,5.277917906641960E-002,-2.748987972736359E-001,9.435607790946960E-001,
1.468100000000000E+009,3.488595411181450E-002,3.255844861268997E-002,-2.369550168514252E-001,9.530265927314758E-001,3.488595411181450E-002,3.255844861268997E-002,-2.369550168514252E-001,9.530265927314758E-001,
1.476466666666667E+009,1.935448683798313E-002,1.899170503020287E-002,-2.171395123004913E-001,9.690785408020020E-001,1.935448683798313E-002,1.899170503020287E-002,-2.171395123004913E-001,9.690785408020020E-001,
1.484833333333334E+009,-2.106559928506613E-003,1.667953096330166E-002,-1.817813813686371E-001,9.704875349998474E-001,-2.106559928506613E-003,1.667953096330166E-002,-1.817813813686371E-001,9.704875349998474E-001,
1.493200000000000E+009,-1.833417825400829E-002,2.748851291835308E-002,-1.643815785646439E-001,9.704859852790833E-001,-1.833417825400829E-002,2.748851291835308E-002,-1.643815785646439E-001,9.704859852790833E-001,
1.501566666666667E+009,-2.765476703643799E-002,4.817269369959831E-002,-1.347138285636902E-001,9.729021787643433E-001,-2.765476703643799E-002,4.817269369959831E-002,-1.347138285636902E-001,9.729021787643433E-001,
1.509933333333334E+009,-2.647821232676506E-002,7.173863798379898E-002,-1.203006058931351E-001,9.760233759880066E-001,-2.647821232676506E-002,7.173863798379898E-002,-1.203006058931351E-001,9.760233759880066E-001,
1.518300000000000E+009,-9.976017288863659E-003,8.952878415584564E-002,-9.440104663372040E-002,9.821481108665466E-001,-9.976017288863659E-003,8.952878415584564E-002,-9.440104663372040E-002,9.821481108665466E-001,
1.526666666666667E+009,1.164118479937315E-002,9.785165637731552E-002,-6.200892850756645E-002,9.764778614044190E-001,1.164118479937315E-002,9.785165637731552E-002,-6.200892850756645E-002,9.764778614044190E-001,
1.535033333333334E+009,3.313690796494484E-002,9.583959728479385E-002,-4.230137541890144E-002,9.875305891036987E-001,3.313690796494484E-002,9.583959728479385E-002,-4.230137541890144E-002,9.875305891036987E-001,
1.543400000000000E+009,4.837459325790405E-002,8.111371845006943E-002,-2.152944169938564E-002,9.821159243583679E-001,4.837459325790405E-002,8.111371845006943E-002,-2.152944169938564E-002,9.821159243583679E-001,
1.551766666666667E+009,5.195602402091026E-002,5.965560302138329E-002,1.806889893487096E-003,9.787835478782654E-001,5.195602402091026E-002,5.965560302138329E-002,1.806889893487096E-003,9.787835478782654E-001,
1.560133333333334E+009,4.639038071036339E-002,3.984476625919342E-002,2.547254413366318E-002,9.852657914161682E-001,4.639038071036339E-002,3.984476625919342E-002,2.547254413366318E-002,9.852657914161682E-001,
1.568500000000000E+009,3.142659366130829E-002,2.851407602429390E-002,4.410852491855621E-002,9.888792634010315E-001,3.142659366130829E-002,2.851407602429390E-002,4.410852491855621E-002,9.888792634010315E-001,
1.576866666666667E+009,1.248903013765812E-002,2.822879701852799E-002,8.722373098134995E-002,9.793346524238586E-001,1.248903013765812E-002,2.822879701852799E-002,8.722373098134995E-002,9.793346524238586E-001,
1.585233333333334E+009,-5.144217284396291E-004,3.824905678629875E-002,1.029599308967590E-001,9.785190820693970E-001,-5.144217284396291E-004,3.824905678629875E-002,1.029599308967590E-001,9.785190820693970E-001,
1.593600000000000E+009,-7.342332974076271E-003,5.444942787289619E-002,1.316961050033569E-001,9.723391532897949E-001,-7.342332974076271E-003,5.444942787289619E-002,1.316961050033569E-001,9.723391532897949E-001,
1.601966666666667E+009,-3.573123365640640E-003,7.485174387693405E-002,1.510118395090103E-001,9.690608382225037E-001,-3.573123365640640E-003,7.485174387693405E-002,1.510118395090103E-001,9.690608382225037E-001,
1.610333333333334E+009,1.021460816264153E-002,8.886357396841049E-002,1.815934330224991E-001,9.619553685188294E-001,1.021460816264153E-002,8.886357396841049E-002,1.815934330224991E-001,9.619553685188294E-001,
1.618700000000000E+009,2.982932329177856E-002,9.441354870796204E-002,2.063291519880295E-001,9.590978622436523E-001,2.982932329177856E-002,9.441354870796204E-002,2.063291519880295E-001,9.590978622436523E-001,
1.627066666666667E+009,4.773012921214104E-002,8.933413028717041E-002,2.269289791584015E-001,9.524176716804504E-001,4.773012921214104E-002,8.933413028717041E-002,2.269289791584015E-001,9.524176716804504E-001,
1.635433333333334E+009,5.848541855812073E-002,7.798071205615997E-002,2.536279261112213E-001,9.535238146781921E-001,5.848541855812073E-002,7.798071205615997E-002,2.536279261112213E-001,9.535238146781921E-001,
1.643800000000000E+009,6.111745163798332E-002,6.049495935440064E-002,2.668651640415192E-001,9.439410567283630E-001,6.111745163798332E-002,6.049495935440064E-002,2.668651640415192E-001,9.439410567283630E-001,
1.652166666666667E+009,5.441833287477493E-002,4.618376865983009E-002,3.019067347049713E-001,9.358075261116028E-001,5.441833287477493E-002,4.618376865983009E-002,3.019067347049713E-001,9.358075261116028E-001,
1.660533333333334E+009,4.126052185893059E-002,3.851134330034256E-002,3.204373419284821E-001,9.302021265029907E-001,4.126052185893059E-002,3.851134330034256E-002,3.204373419284821E-001,9.302021265029907E-001,
1.668900000000000E+009,2.655346319079399E-002,4.154315963387489E-002,3.437826335430145E-001,9.191401004791260E-001,2.655346319079399E-002,4.154315963387489E-002,3.437826335430145E-001,9.191401004791260E-001,
1.677266666666667E+009,1.606116630136967E-002,5.040332674980164E-002,3.842846751213074E-001,9.086686968803406E-001,1.606116630136967E-002,5.040332674980164E-002,3.842846751213074E-001,9.086686968803406E-001,
1.685633333333334E+009,1.448687724769115E-002,6.604623794555664E-002,3.995196521282196E-001,9.002330899238586E-001,1.448687724769115E-002,6.604623794555664E-002,3.995196521282196E-001,9.002330899238586E-001,
1.694000000000000E+009,2.000181935727596E-002,8.020910620689392E-002,4.150200486183167E-001,8.862847089767456E-001,2.000181935727596E-002,8.020910620689392E-002,4.150200486183167E-001,8.862847089767456E-001,
1.702366666666667E+009,3.469477966427803E-002,9.223384410142899E-002,4.366020858287811E-001,8.775252699851990E-001,3.469477966427803E-002,9.223384410142899E-002,4.366020858287811E-001,8.775252699851990E-001,
1.710733333333334E+009,5.257657915353775E-002,9.581871330738068E-002,4.553032219409943E-001,8.609071373939514E-001,5.257657915353775E-002,9.581871330738068E-002,4.553032219409943E-001,8.609071373939514E-001,
1.719100000000000E+009,7.082916796207428E-002,8.931973576545715E-002,4.810349941253662E-001,8.467009663581848E-001,7.082916796207428E-002,8.931973576545715E-002,4.810349941253662E-001,8.467009663581848E-001,
1.727466666666667E+009,8.290234208106995E-002,7.713009417057037E-002,4.983466267585754E-001,8.419408202171326E-001,8.290234208106995E-002,7.713009417057037E-002,4.983466267585754E-001,8.419408202171326E-001,
1.735833333333334E+009,8.682298660278320E-002,6.093227863311768E-002,5.150092840194702E-001,8.280572295188904E-001,8.682298660278320E-002,6.093227863311768E-002,5.150092840194702E-001,8.280572295188904E-001,
1.744200000000000E+009,8.124853670597076E-002,4.383951425552368E-002,5.446644425392151E-001,8.074490427970886E-001,8.124853670597076E-002,4.383951425552368E-002,5.446644425392151E-001,8.074490427970886E-001,
1.752566666666667E+009,7.147607207298279E-002,3.356834501028061E-002,5.741893053054810E-001,8.019339442253113E-001,7.147607207298279E-002,3.356834501028061E-002,5.741893053054810E-001,8.019339442253113E-001,
1.760933333333334E+009,5.775143206119537E-002,2.939129434525967E-002,5.846124887466431E-001,7.882295846939087E-001,5.775143206119537E-002,2.939129434525967E-002,5.846124887466431E-001,7.882295846939087E-001,
1.769300000000000E+009,4.514248296618462E-002,3.272490575909615E-002,6.097984313964844E-001,7.777765393257141E-001,4.514248296618462E-002,3.272490575909615E-002,6.097984313964844E-001,7.777765393257141E-001,
1.777666666666667E+009,3.770152479410172E-002,4.352959245443344E-002,6.239927411079407E-001,7.664660811424255E-001,3.770152479410172E-002,4.352959245443344E-002,6.239927411079407E-001,7.664660811424255E-001,
1.786033333333334E+009,3.796367347240448E-002,5.453769117593765E-002,6.393820643424988E-001,7.354964017868042E-001,3.796367347240448E-002,5.453769117593765E-002,6.393820643424988E-001,7.354964017868042E-001,
1.794400000000000E+009,4.592094942927361E-002,6.768599152565002E-002,6.617668867111206E-001,7.207329273223877E-001,4.592094942927361E-002,6.768599152565002E-002,6.617668867111206E-001,7.207329273223877E-001,
1.802766666666667E+009,5.626876279711723E-002,7.413970679044724E-002,6.787556409835815E-001,7.029100060462952E-001,5.626876279711723E-002,7.413970679044724E-002,6.787556409835815E-001,7.029100060462952E-001,
1.811133333333334E+009,6.837300211191177E-002,7.477729767560959E-002,7.021956443786621E-001,6.846097111701965E-001,6.837300211191177E-002,7.477729767560959E-002,7.021956443786621E-001,6.846097111701965E-001,
1.819500000000000E+009,8.104404062032700E-002,7.240391522645950E-002,7.143014669418335E-001,6.594243049621582E-001,8.104404062032700E-002,7.240391522645950E-002,7.143014669418335E-001,6.594243049621582E-001,
1.827866666666667E+009,8.955527842044830E-002,6.401733309030533E-002,7.339420914649963E-001,6.489139199256897E-001,8.955527842044830E-002,6.401733309030533E-002,7.339420914649963E-001,6.489139199256897E-001,
1.836233333333334E+009,9.049680829048157E-002,5.289872363209724E-002,7.465424537658691E-001,6.335402131080627E-001,9.049680829048157E-002,5.289872363209724E-002,7.465424537658691E-001,6.335402131080627E-001,
1.844600000000000E+009,8.642997592687607E-002,4.438593983650208E-002,7.635928988456726E-001,6.269596815109253E-001,8.642997592687607E-002,4.438593983650208E-002,7.635928988456726E-001,6.269596815109253E-001,
1.852966666666667E+009,7.985363900661469E-002,3.916903957724571E-002,7.738929390907288E-001,5.919672846794128E-001,7.985363900661469E-002,3.916903957724571E-002,7.738929390907288E-001,5.919672846794128E-001,
1.861333333333334E+009,7.411758601665497E-002,3.660226240754128E-002,7.969480752944946E-001,5.741346478462219E-001,7.411758601665497E-002,3.660226240754128E-002,7.969480752944946E-001,5.741346478462219E-001,
1.869700000000000E+009,6.860058009624481E-002,4.251573607325554E-002,8.126115202903748E-001,5.543935894966126E-001,6.860058009624481E-002,4.251573607325554E-002,8.126115202903748E-001,5.543935894966126E-001,
1.878066666666667E+009,6.850517541170120E-002,4.801589995622635E-002,8.258550763130188E-001,5.391004681587219E-001,6.850517541170120E-002,4.801589995622635E-002,8.258550763130188E-001,5.391004681587219E-001,
1.886433333333334E+009,7.210310548543930E-002,5.597843974828720E-002,8.437729477882385E-001,5.125578641891480E-001,7.210310548543930E-002,5.597843974828720E-002,8.437729477882385E-001,5.125578641891480E-001,
1.894800000000000E+009,8.315473049879074E-002,6.093083322048187E-002,8.542307019233704E-001,4.927814006805420E-001,8.315473049879074E-002,6.093083322048187E-002,8.542307019233704E-001,4.927814006805420E-001,
1.903166666666667E+009,9.436252713203430E-002,6.391707062721252E-002,8.652732372283936E-001,4.639310538768768E-001,9.436252713203430E-002,6.391707062721252E-002,8.652732372283936E-001,4.639310538768768E-001,
1.911533333333334E+009,1.065120995044708E-001,5.869309604167938E-002,8.711771965026856E-001,4.366756975650787E-001,1.065120995044708E-001,5.869309604167938E-002,8.711771965026856E-001,4.366756975650787E-001,
1.919900000000000E+009,1.170713081955910E-001,4.949634149670601E-002,8.866263031959534E-001,4.231007993221283E-001,1.170713081955910E-001,4.949634149670601E-002,8.866263031959534E-001,4.231007993221283E-001,
1.928266666666667E+009,1.219339072704315E-001,3.905746340751648E-002,8.844697475433350E-001,3.881931304931641E-001,1.219339072704315E-001,3.905746340751648E-002,8.844697475433350E-001,3.881931304931641E-001,
1.936633333333334E+009,1.203347891569138E-001,2.644447237253189E-002,9.054622650146484E-001,3.787985444068909E-001,1.203347891569138E-001,2.644447237253189E-002,9.054622650146484E-001,3.787985444068909E-001,
1.945000000000000E+009,1.133548170328140E-001,1.654576696455479E-002,9.167189598083496E-001,3.544231951236725E-001,1.133548170328140E-001,1.654576696455479E-002,9.167189598083496E-001,3.544231951236725E-001,
1.953366666666667E+009,1.046599522233009E-001,9.959015063941479E-003,9.198645353317261E-001,3.332217335700989E-001,1.046599522233009E-001,9.959015063941479E-003,9.198645353317261E-001,3.332217335700989E-001,
1.961733333333334E+009,9.221868962049484E-002,1.149243582040072E-002,9.363650679588318E-001,3.095604181289673E-001,9.221868962049484E-002,1.149243582040072E-002,9.363650679588318E-001,3.095604181289673E-001,
1.970100000000000E+009,8.360970765352249E-002,1.629268564283848E-002,9.374539852142334E-001,2.854897081851959E-001,8.360970765352249E-002,1.629268564283848E-002,9.374539852142334E-001,2.854897081851959E-001,
1.978466666666667E+009,8.237258344888687E-002,2.766658365726471E-002,9.475564956665039E-001,2.549715042114258E-001,8.237258344888687E-002,2.766658365726471E-002,9.475564956665039E-001,2.549715042114258E-001,
1.986833333333334E+009,8.742490410804749E-002,3.750481829047203E-002,9.493250846862793E-001,2.355247884988785E-001,8.742490410804749E-002,3.750481829047203E-002,9.493250846862793E-001,2.355247884988785E-001,
1.995200000000000E+009,1.017658337950707E-001,4.407180473208427E-002,9.507046341896057E-001,2.180569916963577E-001,1.017658337950707E-001,4.407180473208427E-002,9.507046341896057E-001,2.180569916963577E-001,
2.003566666666667E+009,1.185969561338425E-001,4.351481795310974E-002,9.560132026672363E-001,1.832191348075867E-001,1.185969561338425E-001,4.351481795310974E-002,9.560132026672363E-001,1.832191348075867E-001,
2.011933333333334E+009,1.349274367094040E-001,3.417417407035828E-002,9.657812118530273E-001,1.573204696178436E-001,1.349274367094040E-001,3.417417407035828E-002,9.657812118530273E-001,1.573204696178436E-001,
2.020300000000000E+009,1.448553353548050E-001,2.204307168722153E-002,9.666394591331482E-001,1.279483735561371E-001,1.448553353548050E-001,2.204307168722153E-002,9.666394591331482E-001,1.279483735561371E-001,
2.028666666666667E+009,1.475649625062943E-001,4.837912973016501E-003,9.700509905815125E-001,1.138599663972855E-001,1.475649625062943E-001,4.837912973016501E-003,9.700509905815125E-001,1.138599663972855E-001,
2.037033333333334E+009,1.425862759351730E-001,-1.313486322760582E-002,9.757964015007019E-001,8.823664486408234E-002,1.425862759351730E-001,-1.313486322760582E-002,9.757964015007019E-001,8.823664486408234E-002,
2.045400000000000E+009,1.296929717063904E-001,-2.436863072216511E-002,9.742015600204468E-001,6.928132474422455E-002,1.296929717063904E-001,-2.436863072216511E-002,9.742015600204468E-001,6.928132474422455E-002,
2.053766666666667E+009,1.131513193249703E-001,-2.646578103303909E-002,9.795719385147095E-001,4.349127039313316E-002,1.131513193249703E-001,-2.646578103303909E-002,9.795719385147095E-001,4.349127039313316E-002,
2.062133333333334E+009,1.005042344331741E-001,-2.097979933023453E-002,9.847856760025024E-001,1.555739622563124E-002,1.005042344331741E-001,-2.097979933023453E-002,9.847856760025024E-001,1.555739622563124E-002,
2.070500000000000E+009,9.448636323213577E-002,-8.573225699365139E-003,9.841210842132568E-001,-1.409911923110485E-002,9.448636323213577E-002,-8.573225699365139E-003,9.841210842132568E-001,-1.409911923110485E-002,
2.078866666666667E+009,9.830413013696671E-002,5.284728948026896E-003,9.795019030570984E-001,-3.697374463081360E-002,9.830413013696671E-002,5.284728948026896E-003,9.795019030570984E-001,-3.697374463081360E-002,
2.087233333333334E+009,1.109734028577805E-001,1.037163008004427E-002,9.778677821159363E-001,-7.097470015287399E-002,1.109734028577805E-001,1.037163008004427E-002,9.778677821159363E-001,-7.097470015287399E-002,
2.095600000000000E+009,1.294354051351547E-001,1.207544282078743E-002,9.788737893104553E-001,-9.073066711425781E-002,1.294354051351547E-001,1.207544282078743E-002,9.788737893104553E-001,-9.073066711425781E-002,
2.103966666666667E+009,1.482250392436981E-001,-1.359310263069347E-004,9.755585789680481E-001,-1.162213310599327E-001,1.482250392436981E-001,-1.359310263069347E-004,9.755585789680481E-001,-1.162213310599327E-001,
2.112333333333334E+009,1.595171689987183E-001,-1.886097714304924E-002,9.639258384704590E-001,-1.342213600873947E-001,1.595171689987183E-001,-1.886097714304924E-002,9.639258384704590E-001,-1.342213600873947E-001,
2.120700000000000E+009,1.623289138078690E-001,-4.420741274952889E-002,9.623183012008667E-001,-1.635698378086090E-001,1.623289138078690E-001,-4.420741274952889E-002,9.623183012008667E-001,-1.635698378086090E-001,
2.129066666666667E+009,1.526411175727844E-001,-6.322886794805527E-002,9.697422981262207E-001,-1.884360313415527E-001,1.526411175727844E-001,-6.322886794805527E-002,9.697422981262207E-001,-1.884360313415527E-001,
2.137433333333334E+009,1.329902261495590E-001,-7.706185430288315E-002,9.554265141487122E-001,-2.078483700752258E-001,1.329902261495590E-001,-7.706185430288315E-002,9.554265141487122E-001,-2.078483700752258E-001,
2.145800000000000E+009,1.071435362100601E-001,-7.892988622188568E-002,9.557163715362549E-001,-2.334282398223877E-001,1.071435362100601E-001,-7.892988622188568E-002,9.557163715362549E-001,-2.334282398223877E-001,
2.154166666666667E+009,8.731363713741303E-002,-6.898314505815506E-002,9.489898085594177E-001,-2.540704309940338E-001,8.731363713741303E-002,-6.898314505815506E-002,9.489898085594177E-001,-2.540704309940338E-001,
2.162533333333334E+009,7.718777656555176E-002,-5.046245828270912E-002,9.297016263008118E-001,-2.829267084598541E-001,7.718777656555176E-002,-5.046245828270912E-002,9.297016263008118E-001,-2.829267084598541E-001,
2.170900000000000E+009,8.017532527446747E-002,-2.870179526507855E-002,9.359087944030762E-001,-3.121863603591919E-001,8.017532527446747E-002,-2.870179526507855E-002,9.359087944030762E-001,-3.121863603591919E-001,
2.179266666666667E+009,9.620677679777145E-002,-1.736131682991982E-002,9.208579659461975E-001,-3.288675248622894E-001,9.620677679777145E-002,-1.736131682991982E-002,9.208579659461975E-001,-3.288675248622894E-001,
2.187633333333334E+009,1.176730170845985E-001,-1.515038590878248E-002,9.151853919029236E-001,-3.594720661640167E-001,1.176730170845985E-001,-1.515038590878248E-002,9.151853919029236E-001,-3.594720661640167E-001,
2.196000000000000E+009,1.411398500204086E-001,-2.790379524230957E-002,8.951059579849243E-001,-3.785715103149414E-001,1.411398500204086E-001,-2.790379524230957E-002,8.951059579849243E-001,-3.785715103149414E-001,
2.204366666666667E+009,1.558498740196228E-001,-5.077267065644264E-002,8.871573805809021E-001,-3.967937231063843E-001,1.558498740196228E-001,-5.077267065644264E-002,8.871573805809021E-001,-3.967937231063843E-001,
2.212733333333334E+009,1.572778671979904E-001,-7.957521080970764E-002,8.746173381805420E-001,-4.265521764755249E-001,1.572778671979904E-001,-7.957521080970764E-002,8.746173381805420E-001,-4.265521764755249E-001,
2.221100000000000E+009,1.446517556905747E-001,-1.044617816805840E-001,8.597308397293091E-001,-4.385768771171570E-001,1.446517556905747E-001,-1.044617816805840E-001,8.597308397293091E-001,-4.385768771171570E-001,
2.229466666666667E+009,1.222904026508331E-001,-1.190592348575592E-001,8.547851443290710E-001,-4.512719511985779E-001,1.222904026508331E-001,-1.190592348575592E-001,8.547851443290710E-001,-4.512719511985779E-001,
2.237833333333334E+009,9.450622648000717E-002,-1.187850311398506E-001,8.501084446907044E-001,-4.804570078849793E-001,9.450622648000717E-002,-1.187850311398506E-001,8.501084446907044E-001,-4.804570078849793E-001,
2.246200000000000E+009,7.018922269344330E-002,-1.060267984867096E-001,8.374617695808411E-001,-5.047124028205872E-001,7.018922269344330E-002,-1.060267984867096E-001,8.374617695808411E-001,-5.047124028205872E-001,
2.254566666666667E+009,5.995184183120728E-002,-8.237870782613754E-002,8.280043601989746E-001,-5.268626809120178E-001,5.995184183120728E-002,-8.237870782613754E-002,8.280043601989746E-001,-5.268626809120178E-001,
2.262933333333334E+009,6.214988231658936E-002,-6.062253937125206E-002,8.117377758026123E-001,-5.503959655761719E-001,6.214988231658936E-002,-6.062253937125206E-002,8.117377758026123E-001,-5.503959655761719E-001,
2.271300000000000E+009,7.831785827875137E-002,-4.381638392806053E-002,7.914680838584900E-001,-5.702898502349854E-001,7.831785827875137E-002,-4.381638392806053E-002,7.914680838584900E-001,-5.702898502349854E-001,
2.279666666666667E+009,1.015544235706329E-001,-4.337938129901886E-002,7.774603366851807E-001,-5.891839265823364E-001,1.015544235706329E-001,-4.337938129901886E-002,7.774603366851807E-001,-5.891839265823364E-001,
2.288033333333334E+009,1.225033774971962E-001,-5.695516616106033E-002,7.609242200851440E-001,-6.155710220336914E-001,1.225033774971962E-001,-5.695516616106033E-002,7.609242200851440E-001,-6.155710220336914E-001,
2.296400000000000E+009,1.345397531986237E-001,-8.276021480560303E-002,7.401021718978882E-001,-6.308792233467102E-001,1.345397531986237E-001,-8.276021480560303E-002,7.401021718978882E-001,-6.308792233467102E-001,
2.304766666666667E+009,1.314403712749481E-001,-1.117002516984940E-001,7.290345430374146E-001,-6.355176568031311E-001,1.314403712749481E-001,-1.117002516984940E-001,7.290345430374146E-001,-6.355176568031311E-001,
2.313133333333334E+009,1.127958148717880E-001,-1.340506523847580E-001,7.097776532173157E-001,-6.671822071075440E-001,1.127958148717880E-001,-1.340506523847580E-001,7.097776532173157E-001,-6.671822071075440E-001,
2.321500000000000E+009,8.814644068479538E-002,-1.422096788883209E-001,6.987470388412476E-001,-6.754023432731628E-001,8.814644068479538E-002,-1.422096788883209E-001,6.987470388412476E-001,-6.754023432731628E-001,
2.329866666666667E+009,6.270838528871536E-002,-1.362219005823135E-001,6.894669532775879E-001,-6.967583298683167E-001,6.270838528871536E-002,-1.362219005823135E-001,6.894669532775879E-001,-6.967583298683167E-001,
2.338233333333334E+009,4.422260448336601E-002,-1.180175989866257E-001,6.621415019035339E-001,-7.185602784156799E-001,4.422260448336601E-002,-1.180175989866257E-001,6.621415019035339E-001,-7.185602784156799E-001,
2.346600000000000E+009,4.064552113413811E-002,-8.995290845632553E-002,6.419579982757568E-001,-7.405859827995300E-001,4.064552113413811E-002,-8.995290845632553E-002,6.419579982757568E-001,-7.405859827995300E-001,
2.354966666666667E+009,5.441008135676384E-002,-6.886778771877289E-002,6.300162672996521E-001,-7.547338604927063E-001,5.441008135676384E-002,-6.886778771877289E-002,6.300162672996521E-001,-7.547338604927063E-001,
2.363333333333334E+009,7.739211618900299E-002,-6.069733202457428E-002,6.088400483131409E-001,-7.687356472015381E-001,7.739211618900299E-002,-6.069733202457428E-002,6.088400483131409E-001,-7.687356472015381E-001,
2.371700000000000E+009,1.047701463103294E-001,-6.869595497846603E-002,5.889450311660767E-001,-7.864254117012024E-001,1.047701463103294E-001,-6.869595497846603E-002,5.889450311660767E-001,-7.864254117012024E-001,
2.380066666666667E+009,1.233795806765556E-001,-9.578098356723785E-002,5.570666193962097E-001,-7.967036962509155E-001,1.233795806765556E-001,-9.578098356723785E-002,5.570666193962097E-001,-7.967036962509155E-001,
2.388433333333334E+009,1.251784265041351E-001,-1.303720027208328E-001,5.391016602516174E-001,-7.993051409721375E-001,1.251784265041351E-001,-1.303720027208328E-001,5.391016602516174E-001,-7.993051409721375E-001,
2.396800000000000E+009,1.090259402990341E-001,-1.652629971504211E-001,5.126816630363464E-001,-8.165079951286316E-001,1.090259402990341E-001,-1.652629971504211E-001,5.126816630363464E-001,-8.165079951286316E-001,
2.405166666666667E+009,7.916116714477539E-002,-1.894612610340118E-001,5.007784366607666E-001,-8.270637392997742E-001,7.916116714477539E-002,-1.894612610340118E-001,5.007784366607666E-001,-8.270637392997742E-001,
2.413533333333334E+009,3.690755739808083E-002,-1.956803947687149E-001,4.816679358482361E-001,-8.378039002418518E-001,3.690755739808083E-002,-1.956803947687149E-001,4.816679358482361E-001,-8.378039002418518E-001,
2.421900000000000E+009,-9.099024464376271E-004,-1.817263364791870E-001,4.710892736911774E-001,-8.536185622215271E-001,-9.099024464376271E-004,-1.817263364791870E-001,4.710892736911774E-001,-8.536185622215271E-001,
2.430266666666667E+009,-2.316265180706978E-002,-1.489538252353668E-001,4.505836367607117E-001,-8.708988428115845E-001,-2.316265180706978E-002,-1.489538252353668E-001,4.505836367607117E-001,-8.708988428115845E-001,
2.438633333333334E+009,-2.948028407990933E-002,-1.090982630848885E-001,4.277860224246979E-001,-8.859908580780029E-001,-2.948028407990933E-002,-1.090982630848885E-001,4.277860224246979E-001,-8.859908580780029E-001,
2.447000000000000E+009,-1.359610352665186E-002,-7.301674038171768E-002,3.996823728084564E-001,-9.046093821525574E-001,-1.359610352665186E-002,-7.301674038171768E-002,3.996823728084564E-001,-9.046093821525574E-001,
2.455366666666667E+009,1.812048070132732E-002,-5.287110060453415E-002,3.725088238716126E-001,-9.110128879547119E-001,1.812048070132732E-002,-5.287110060453415E-002,3.725088238716126E-001,-9.110128879547119E-001,
2.463733333333334E+009,5.344295129179955E-002,-5.360387265682221E-002,3.446708917617798E-001,-9.236146211624146E-001,5.344295129179955E-002,-5.360387265682221E-002,3.446708917617798E-001,-9.236146211624146E-001,
2.472100000000000E+009,8.069086819887161E-002,-7.616499066352844E-002,3.181328773498535E-001,-9.263778924942017E-001,8.069086819887161E-002,-7.616499066352844E-002,3.181328773498535E-001,-9.263778924942017E-001,
2.480466666666667E+009,9.167697280645371E-002,-1.102295070886612E-001,2.865596413612366E-001,-9.249382019042969E-001,9.167697280645371E-002,-1.102295070886612E-001,2.865596413612366E-001,-9.249382019042969E-001,
2.488833333333334E+009,8.066442608833313E-002,-1.456593126058579E-001,2.715798616409302E-001,-9.292981028556824E-001,8.066442608833313E-002,-1.456593126058579E-001,2.715798616409302E-001,-9.292981028556824E-001,
2.497200000000000E+009,5.590707063674927E-002,-1.700062304735184E-001,2.486923187971115E-001,-9.387063384056091E-001,5.590707063674927E-002,-1.700062304735184E-001,2.486923187971115E-001,-9.387063384056091E-001,
2.505566666666667E+009,1.821131817996502E-002,-1.809996217489243E-001,2.272206097841263E-001,-9.470670223236084E-001,1.821131817996502E-002,-1.809996217489243E-001,2.272206097841263E-001,-9.470670223236084E-001,
2.513933333333334E+009,-1.326164323836565E-002,-1.691980957984924E-001,2.119842767715454E-001,-9.523208737373352E-001,-1.326164323836565E-002,-1.691980957984924E-001,2.119842767715454E-001,-9.523208737373352E-001,
2.522300000000000E+009,-3.310112655162811E-002,-1.432083100080490E-001,1.823844164609909E-001,-9.610906839370728E-001,-3.310112655162811E-002,-1.432083100080490E-001,1.823844164609909E-001,-9.610906839370728E-001,
2.530666666666667E+009,-3.515530005097389E-002,-1.085908636450768E-001,1.543454676866531E-001,-9.748267531394959E-001,-3.515530005097389E-002,-1.085908636450768E-001,1.543454676866531E-001,-9.748267531394959E-001,
2.539033333333334E+009,-1.862534508109093E-002,-8.040034770965576E-002,1.311948299407959E-001,-9.756114482879639E-001,-1.862534508109093E-002,-8.040034770965576E-002,1.311948299407959E-001,-9.756114482879639E-001,
2.547400000000000E+009,1.070595718920231E-002,-6.601621955633164E-002,1.079751029610634E-001,-9.848146438598633E-001,1.070595718920231E-002,-6.601621955633164E-002,1.079751029610634E-001,-9.848146438598633E-001,
2.555766666666667E+009,4.356846958398819E-002,-7.140839099884033E-002,7.482185959815979E-002,-9.872652292251587E-001,4.356846958398819E-002,-7.140839099884033E-002,7.482185959815979E-002,-9.872652292251587E-001,
2.564133333333334E+009,6.476832181215286E-002,-9.590954333543778E-002,4.497551545500755E-002,-9.776607155799866E-001,6.476832181215286E-002,-9.590954333543778E-002,4.497551545500755E-002,-9.776607155799866E-001,
2.572500000000000E+009,6.838892400264740E-002,-1.293692141771317E-001,2.029132470488548E-002,-9.715085029602051E-001,6.838892400264740E-002,-1.293692141771317E-001,2.029132470488548E-002,-9.715085029602051E-001,
2.580866666666667E+009,5.138488858938217E-002,-1.624670922756195E-001,-1.676482963375747E-003,-9.733994007110596E-001,5.138488858938217E-002,-1.624670922756195E-001,-1.676482963375747E-003,-9.733994007110596E-001,
2.589233333333334E+009,1.912234537303448E-002,-1.832942217588425E-001,-2.491045929491520E-002,-9.691227078437805E-001,1.912234537303448E-002,-1.832942217588425E-001,-2.491045929491520E-002,-9.691227078437805E-001,
2.597600000000000E+009,-1.818138733506203E-002,-1.877582520246506E-001,-4.716102406382561E-002,-9.691178202629089E-001,-1.818138733506203E-002,-1.877582520246506E-001,-4.716102406382561E-002,-9.691178202629089E-001,
2.605966666666667E+009,-5.261892825365067E-002,-1.710979044437408E-001,-5.964652821421623E-002,-9.769943952560425E-001,-5.261892825365067E-002,-1.710979044437408E-001,-5.964652821421623E-002,-9.769943952560425E-001,
2.614333333333334E+009,-7.176508009433746E-002,-1.428737491369247E-001,-8.612704277038574E-002,-9.731335043907166E-001,-7.176508009433746E-002,-1.428737491369247E-001,-8.612704277038574E-002,-9.731335043907166E-001,
2.622700000000000E+009,-7.328137755393982E-002,-1.064423471689224E-001,-1.094981804490089E-001,-9.730490446090698E-001,-7.328137755393982E-002,-1.064423471689224E-001,-1.094981804490089E-001,-9.730490446090698E-001,
2.631066666666667E+009,-5.561233311891556E-002,-7.582817971706390E-002,-1.402690559625626E-001,-9.838322401046753E-001,-5.561233311891556E-002,-7.582817971706390E-002,-1.402690559625626E-001,-9.838322401046753E-001,
2.639433333333334E+009,-2.402395009994507E-002,-6.110673770308495E-002,-1.689285635948181E-001,-9.703683257102966E-001,-2.402395009994507E-002,-6.110673770308495E-002,-1.689285635948181E-001,-9.703683257102966E-001,
2.647800000000000E+009,1.071906462311745E-002,-6.586056202650070E-002,-1.974141448736191E-001,-9.656213521957398E-001,1.071906462311745E-002,-6.586056202650070E-002,-1.974141448736191E-001,-9.656213521957398E-001,
2.656166666666667E+009,3.326744213700295E-002,-8.897015452384949E-002,-2.212157249450684E-001,-9.614402651786804E-001,3.326744213700295E-002,-8.897015452384949E-002,-2.212157249450684E-001,-9.614402651786804E-001,
2.664533333333334E+009,3.701609745621681E-002,-1.205666512250900E-001,-2.526270747184753E-001,-9.407068490982056E-001,3.701609745621681E-002,-1.205666512250900E-001,-2.526270747184753E-001,-9.407068490982056E-001,
2.672900000000000E+009,2.315977215766907E-002,-1.504911035299301E-001,-2.685801982879639E-001,-9.348800182342529E-001,2.315977215766907E-002,-1.504911035299301E-001,-2.685801982879639E-001,-9.348800182342529E-001,
2.681266666666667E+009,-6.945936474949122E-003,-1.687743067741394E-001,-2.903021574020386E-001,-9.254254698753357E-001,-6.945936474949122E-003,-1.687743067741394E-001,-2.903021574020386E-001,-9.254254698753357E-001,
2.689633333333334E+009,-4.432741925120354E-002,-1.698985397815704E-001,-3.087346851825714E-001,-9.217390418052673E-001,-4.432741925120354E-002,-1.698985397815704E-001,-3.087346851825714E-001,-9.217390418052673E-001,
2.698000000000000E+009,-7.540424168109894E-002,-1.527321487665176E-001,-3.228794932365418E-001,-9.130995273590088E-001,-7.540424168109894E-002,-1.527321487665176E-001,-3.228794932365418E-001,-9.130995273590088E-001,
2.706366666666667E+009,-9.338495880365372E-002,-1.227748394012451E-001,-3.516658246517181E-001,-9.066962003707886E-001,-9.338495880365372E-002,-1.227748394012451E-001,-3.516658246517181E-001,-9.066962003707886E-001,
2.714733333333334E+009,-9.128917008638382E-002,-8.946804702281952E-002,-3.707099556922913E-001,-9.091003537178040E-001,-9.128917008638382E-002,-8.946804702281952E-002,-3.707099556922913E-001,-9.091003537178040E-001,
2.723100000000000E+009,-7.083012163639069E-002,-6.128245592117310E-002,-3.974624276161194E-001,-8.982851505279541E-001,-7.083012163639069E-002,-6.128245592117310E-002,-3.974624276161194E-001,-8.982851505279541E-001,
2.731466666666667E+009,-3.689830005168915E-002,-4.709290713071823E-002,-4.289962947368622E-001,-8.912291526794434E-001,-3.689830005168915E-002,-4.709290713071823E-002,-4.289962947368622E-001,-8.912291526794434E-001,
2.739833333333334E+009,-3.136450657621026E-003,-5.466696247458458E-002,-4.532366394996643E-001,-8.739697933197022E-001,-3.136450657621026E-003,-5.466696247458458E-002,-4.532366394996643E-001,-8.739697933197022E-001,
2.748200000000000E+009,2.090531401336193E-002,-7.793401181697846E-002,-4.767514467239380E-001,-8.598489165306091E-001,2.090531401336193E-002,-7.793401181697846E-002,-4.767514467239380E-001,-8.598489165306091E-001,
2.756566666666667E+009,2.685339003801346E-002,-1.112065315246582E-001,-4.977227747440338E-001,-8.454582691192627E-001,2.685339003801346E-002,-1.112065315246582E-001,-4.977227747440338E-001,-8.454582691192627E-001,
2.764933333333334E+009,1.321071665734053E-002,-1.420323401689529E-001,-5.250893235206604E-001,-8.317450284957886E-001,1.321071665734053E-002,-1.420323401689529E-001,-5.250893235206604E-001,-8.317450284957886E-001,
2.773300000000000E+009,-1.429252140223980E-002,-1.619861721992493E-001,-5.351279377937317E-001,-8.101773858070374E-001,-1.429252140223980E-002,-1.619861721992493E-001,-5.351279377937317E-001,-8.101773858070374E-001,
2.781666666666667E+009,-5.257891118526459E-002,-1.640479117631912E-001,-5.495794415473938E-001,-7.982541322708130E-001,-5.257891118526459E-002,-1.640479117631912E-001,-5.495794415473938E-001,-7.982541322708130E-001,
2.790033333333334E+009,-8.461801707744598E-002,-1.480580419301987E-001,-5.678150057792664E-001,-7.905578613281250E-001,-8.461801707744598E-002,-1.480580419301987E-001,-5.678150057792664E-001,-7.905578613281250E-001,
2.798400000000000E+009,-1.047833710908890E-001,-1.189000159502029E-001,-5.872281193733215E-001,-7.843693494796753E-001,-1.047833710908890E-001,-1.189000159502029E-001,-5.872281193733215E-001,-7.843693494796753E-001,
2.806766666666667E+009,-1.043840274214745E-001,-8.497186750173569E-002,-6.079651117324829E-001,-7.663298249244690E-001,-1.043840274214745E-001,-8.497186750173569E-002,-6.079651117324829E-001,-7.663298249244690E-001,
2.815133333333334E+009,-8.781637996435165E-002,-5.767688155174255E-002,-6.328517198562622E-001,-7.562738656997681E-001,-8.781637996435165E-002,-5.767688155174255E-002,-6.328517198562622E-001,-7.562738656997681E-001,
2.823500000000000E+009,-5.481102317571640E-002,-4.487723484635353E-002,-6.563133597373962E-001,-7.405677437782288E-001,-5.481102317571640E-002,-4.487723484635353E-002,-6.563133597373962E-001,-7.405677437782288E-001,
2.831866666666667E+009,-2.071435935795307E-002,-5.235814303159714E-002,-6.760078072547913E-001,-7.205182313919067E-001,-2.071435935795307E-002,-5.235814303159714E-002,-6.760078072547913E-001,-7.205182313919067E-001,
2.840233333333334E+009,3.171310760080814E-003,-7.663099467754364E-002,-7.015327811241150E-001,-6.995828151702881E-001,3.171310760080814E-003,-7.663099467754364E-002,-7.015327811241150E-001,-6.995828151702881E-001,
2.848600000000000E+009,9.418231435120106E-003,-1.095624566078186E-001,-7.135840654373169E-001,-6.723076105117798E-001,9.418231435120106E-003,-1.095624566078186E-001,-7.135840654373169E-001,-6.723076105117798E-001,
2.856966666666667E+009,-4.228880628943443E-003,-1.408914923667908E-001,-7.269095778465271E-001,-6.521004438400269E-001,-4.228880628943443E-003,-1.408914923667908E-001,-7.269095778465271E-001,-6.521004438400269E-001,
2.865333333333334E+009,-3.467924892902374E-002,-1.617847979068756E-001,-7.368617653846741E-001,-6.398881077766419E-001,-3.467924892902374E-002,-1.617847979068756E-001,-7.368617653846741E-001,-6.398881077766419E-001,
2.873700000000000E+009,-7.204175740480423E-002,-1.618527919054031E-001,-7.506242394447327E-001,-6.132564544677734E-001,-7.204175740480423E-002,-1.618527919054031E-001,-7.506242394447327E-001,-6.132564544677734E-001,
2.882066666666667E+009,-1.046978458762169E-001,-1.434681564569473E-001,-7.598211765289307E-001,-5.935971140861511E-001,-1.046978458762169E-001,-1.434681564569473E-001,-7.598211765289307E-001,-5.935971140861511E-001,
2.890433333333334E+009,-1.260400861501694E-001,-1.115614920854569E-001,-7.751629352569580E-001,-5.840278863906860E-001,-1.260400861501694E-001,-1.115614920854569E-001,-7.751629352569580E-001,-5.840278863906860E-001,
2.898800000000000E+009,-1.265228092670441E-001,-7.372038811445236E-002,-7.909819483757019E-001,-5.722286701202393E-001,-1.265228092670441E-001,-7.372038811445236E-002,-7.909819483757019E-001,-5.722286701202393E-001,
2.907166666666667E+009,-1.080324798822403E-001,-4.357117041945458E-002,-8.061549067497253E-001,-5.579352378845215E-001,-1.080324798822403E-001,-4.357117041945458E-002,-8.061549067497253E-001,-5.579352378845215E-001,
2.915533333333334E+009,-7.365662604570389E-002,-2.842762880027294E-002,-8.308588266372681E-001,-5.287045240402222E-001,-7.365662604570389E-002,-2.842762880027294E-002,-8.308588266372681E-001,-5.287045240402222E-001,
2.923900000000000E+009,-3.786141797900200E-002,-3.397336602210999E-002,-8.471392393112183E-001,-5.114108920097351E-001,-3.786141797900200E-002,-3.397336602210999E-002,-8.471392393112183E-001,-5.114108920097351E-001,
2.932266666666667E+009,-9.539035148918629E-003,-5.848205834627152E-002,-8.607172966003418E-001,-4.873944818973541E-001,-9.539035148918629E-003,-5.848205834627152E-002,-8.607172966003418E-001,-4.873944818973541E-001,
2.940633333333334E+009,-1.916053239256144E-003,-9.539219737052918E-002,-8.720995783805847E-001,-4.572693705558777E-001,-1.916053239256144E-003,-9.539219737052918E-002,-8.720995783805847E-001,-4.572693705558777E-001,
2.949000000000000E+009,-1.496627647429705E-002,-1.318712085485458E-001,-8.853343725204468E-001,-4.236022830009460E-001,-1.496627647429705E-002,-1.318712085485458E-001,-8.853343725204468E-001,-4.236022830009460E-001,
2.957366666666667E+009,-4.552209377288818E-002,-1.543466895818710E-001,-8.882394433021545E-001,-4.080578982830048E-001,-4.552209377288818E-002,-1.543466895818710E-001,-8.882394433021545E-001,-4.080578982830048E-001,
2.965733333333334E+009,-8.548866957426071E-002,-1.573937982320786E-001,-8.948473930358887E-001,-3.841826617717743E-001,-8.548866957426071E-002,-1.573937982320786E-001,-8.948473930358887E-001,-3.841826617717743E-001,
2.974100000000000E+009,-1.217233538627625E-001,-1.396671086549759E-001,-9.018602967262268E-001,-3.606134653091431E-001,-1.217233538627625E-001,-1.396671086549759E-001,-9.018602967262268E-001,-3.606134653091431E-001,
2.982466666666667E+009,-1.428943723440170E-001,-1.043279469013214E-001,-9.099214673042297E-001,-3.415550589561462E-001,-1.428943723440170E-001,-1.043279469013214E-001,-9.099214673042297E-001,-3.415550589561462E-001,
2.990833333333334E+009,-1.438469588756561E-001,-6.553643196821213E-002,-9.149647951126099E-001,-3.283470273017883E-001,-1.438469588756561E-001,-6.553643196821213E-002,-9.149647951126099E-001,-3.283470273017883E-001,
2.999200000000000E+009,-1.240096390247345E-001,-3.233684971928597E-002,-9.301275610923767E-001,-3.085775375366211E-001,-1.240096390247345E-001,-3.233684971928597E-002,-9.301275610923767E-001,-3.085775375366211E-001,
3.007566666666667E+009,-8.903440833091736E-002,-1.482643838971853E-002,-9.439746141433716E-001,-2.810167670249939E-001,-8.903440833091736E-002,-1.482643838971853E-002,-9.439746141433716E-001,-2.810167670249939E-001,
3.015933333333334E+009,-4.852274060249329E-002,-2.127323858439922E-002,-9.527685046195984E-001,-2.577759027481079E-001,-4.852274060249329E-002,-2.127323858439922E-002,-9.527685046195984E-001,-2.577759027481079E-001,
3.024300000000000E+009,-2.055193297564983E-002,-4.875655099749565E-002,-9.640060663223267E-001,-2.302574515342712E-001,-2.055193297564983E-002,-4.875655099749565E-002,-9.640060663223267E-001,-2.302574515342712E-001,
3.032666666666667E+009,-1.172759104520083E-002,-9.002490341663361E-002,-9.682976007461548E-001,-1.983573138713837E-001,-1.172759104520083E-002,-9.002490341663361E-002,-9.682976007461548E-001,-1.983573138713837E-001,
3.041033333333334E+009,-2.710338495671749E-002,-1.286695748567581E-001,-9.675327539443970E-001,-1.700773090124130E-001,-2.710338495671749E-002,-1.286695748567581E-001,-9.675327539443970E-001,-1.700773090124130E-001,
3.049400000000000E+009,-6.340673565864563E-002,-1.531731188297272E-001,-9.661268591880798E-001,-1.351582705974579E-001,-6.340673565864563E-002,-1.531731188297272E-001,-9.661268591880798E-001,-1.351582705974579E-001,
3.057766666666667E+009,-1.068269163370132E-001,-1.553367376327515E-001,-9.671179056167603E-001,-1.296937018632889E-001,-1.068269163370132E-001,-1.553367376327515E-001,-9.671179056167603E-001,-1.296937018632889E-001,
3.066133333333334E+009,-1.463147848844528E-001,-1.341918110847473E-001,-9.602794647216797E-001,-9.809220582246780E-002,-1.463147848844528E-001,-1.341918110847473E-001,-9.602794647216797E-001,-9.809220582246780E-002,
3.074500000000000E+009,-1.699056327342987E-001,-9.605254977941513E-002,-9.664831161499023E-001,-7.998606562614441E-002,-1.699056327342987E-001,-9.605254977941513E-002,-9.664831161499023E-001,-7.998606562614441E-002,
3.082866666666667E+009,-1.695484369993210E-001,-5.014914646744728E-002,-9.717378616333008E-001,-6.641994416713715E-002,-1.695484369993210E-001,-5.014914646744728E-002,-9.717378616333008E-001,-6.641994416713715E-002,
3.091233333333334E+009,-1.447439938783646E-001,-1.054219249635935E-002,-9.770808219909668E-001,-3.817589953541756E-002,-1.447439938783646E-001,-1.054219249635935E-002,-9.770808219909668E-001,-3.817589953541756E-002,
3.099600000000000E+009,-1.024427860975266E-001,8.073978126049042E-003,-9.805237650871277E-001,-1.566715911030769E-002,-1.024427860975266E-001,8.073978126049042E-003,-9.805237650871277E-001,-1.566715911030769E-002,
3.107966666666667E+009,-5.507729947566986E-002,-4.133486072532833E-004,-9.892616868019104E-001,9.179840795695782E-003,-5.507729947566986E-002,-4.133486072532833E-004,-9.892616868019104E-001,9.179840795695782E-003,
3.116333333333334E+009,-1.873180083930492E-002,-3.385301306843758E-002,-9.890255928039551E-001,4.610318318009377E-002,-1.873180083930492E-002,-3.385301306843758E-002,-9.890255928039551E-001,4.610318318009377E-002,
3.124700000000000E+009,-9.315177798271179E-003,-8.232683688402176E-002,-9.877647161483765E-001,7.295570522546768E-002,-9.315177798271179E-003,-8.232683688402176E-002,-9.877647161483765E-001,7.295570522546768E-002,
3.133066666666667E+009,-2.615678310394287E-002,-1.306532323360443E-001,-9.814226031303406E-001,1.086465194821358E-001,-2.615678310394287E-002,-1.306532323360443E-001,-9.814226031303406E-001,1.086465194821358E-001,
3.141433333333334E+009,-6.795498728752136E-002,-1.606111675500870E-001,-9.702416658401489E-001,1.332921236753464E-001,-6.795498728752136E-002,-1.606111675500870E-001,-9.702416658401489E-001,1.332921236753464E-001,
3.149800000000000E+009,-1.218238696455956E-001,-1.648025065660477E-001,-9.618237018585205E-001,1.597148030996323E-001,-1.218238696455956E-001,-1.648025065660477E-001,-9.618237018585205E-001,1.597148030996323E-001,
3.158166666666667E+009,-1.690326482057571E-001,-1.416703015565872E-001,-9.475738406181335E-001,1.785225868225098E-001,-1.690326482057571E-001,-1.416703015565872E-001,-9.475738406181335E-001,1.785225868225098E-001,
3.166533333333334E+009,-1.975006312131882E-001,-9.913119673728943E-002,-9.456117749214172E-001,1.917998790740967E-001,-1.975006312131882E-001,-9.913119673728943E-002,-9.456117749214172E-001,1.917998790740967E-001,
3.174900000000000E+009,-2.033887803554535E-001,-4.707076027989388E-002,-9.440926909446716E-001,2.085111886262894E-001,-2.033887803554535E-001,-4.707076027989388E-002,-9.440926909446716E-001,2.085111886262894E-001,
3.183266666666667E+009,-1.784164458513260E-001,-4.802085168194026E-004,-9.420785903930664E-001,2.288118004798889E-001,-1.784164458513260E-001,-4.802085168194026E-004,-9.420785903930664E-001,2.288118004798889E-001,
3.191633333333334E+009,-1.345221251249313E-001,2.148211747407913E-002,-9.391309618949890E-001,2.537941634654999E-001,-1.345221251249313E-001,2.148211747407913E-002,-9.391309618949890E-001,2.537941634654999E-001,
3.200000000000000E+009,-8.539888262748718E-002,1.652562804520130E-002,-9.416449666023254E-001,2.797537744045258E-001,-8.539888262748718E-002,1.652562804520130E-002,-9.416449666023254E-001,2.797537744045258E-001,
