% Version 1.00
%
%freq[Hz],re:Trc1_S11,im:Trc1_S11,re:Trc2_S21,im:Trc2_S21,re:Trc3_S11,im:Trc3_S11,re:Trc4_S21,im:Trc4_S21,
6.900000000000000E+008,-3.107909671962261E-002,5.031420662999153E-002,-5.001584291458130E-001,-8.495256900787354E-001,-3.107909671962261E-002,5.031420662999153E-002,-5.001584291458130E-001,-8.495256900787354E-001,
6.983666666666666E+008,-2.275984175503254E-002,5.053330585360527E-002,-5.168057084083557E-001,-8.321287631988525E-001,-2.275984175503254E-002,5.053330585360527E-002,-5.168057084083557E-001,-8.321287631988525E-001,
7.067333333333334E+008,-1.601144857704639E-002,4.728708416223526E-002,-5.456883907318115E-001,-8.052045702934265E-001,-1.601144857704639E-002,4.728708416223526E-002,-5.456883907318115E-001,-8.052045702934265E-001,
7.151000000000000E+008,-1.654429547488689E-002,3.915442526340485E-002,-5.545067787170410E-001,-7.974538207054138E-001,-1.654429547488689E-002,3.915442526340485E-002,-5.545067787170410E-001,-7.974538207054138E-001,
7.234666666666666E+008,-1.572160236537457E-002,3.335969150066376E-002,-5.929298400878906E-001,-7.858549356460571E-001,-1.572160236537457E-002,3.335969150066376E-002,-5.929298400878906E-001,-7.858549356460571E-001,
7.318333333333334E+008,-2.243504114449024E-002,3.019600361585617E-002,-5.987610816955566E-001,-7.806854248046875E-001,-2.243504114449024E-002,3.019600361585617E-002,-5.987610816955566E-001,-7.806854248046875E-001,
7.402000000000000E+008,-2.919421903789043E-002,3.159173950552940E-002,-6.291170716285706E-001,-7.572944164276123E-001,-2.919421903789043E-002,3.159173950552940E-002,-6.291170716285706E-001,-7.572944164276123E-001,
7.485666666666666E+008,-3.363806381821632E-002,3.697608038783073E-002,-6.509566307067871E-001,-7.193551659584045E-001,-3.363806381821632E-002,3.697608038783073E-002,-6.509566307067871E-001,-7.193551659584045E-001,
7.569333333333334E+008,-3.391741588711739E-002,4.536326974630356E-002,-6.659926176071167E-001,-7.217062711715698E-001,-3.391741588711739E-002,4.536326974630356E-002,-6.659926176071167E-001,-7.217062711715698E-001,
7.653000000000000E+008,-2.971101552248001E-002,5.362164974212647E-002,-6.734668612480164E-001,-7.148474454879761E-001,-2.971101552248001E-002,5.362164974212647E-002,-6.734668612480164E-001,-7.148474454879761E-001,
7.736666666666666E+008,-2.098061330616474E-002,6.178256124258041E-002,-6.986053586006165E-001,-7.061285376548767E-001,-2.098061330616474E-002,6.178256124258041E-002,-6.986053586006165E-001,-7.061285376548767E-001,
7.820333333333334E+008,-1.409046258777380E-002,6.511664390563965E-002,-7.217743992805481E-001,-6.831164360046387E-001,-1.409046258777380E-002,6.511664390563965E-002,-7.217743992805481E-001,-6.831164360046387E-001,
7.904000000000000E+008,-3.948047757148743E-003,6.321479380130768E-002,-7.358673810958862E-001,-6.602266430854797E-001,-3.948047757148743E-003,6.321479380130768E-002,-7.358673810958862E-001,-6.602266430854797E-001,
7.987666666666666E+008,4.028962925076485E-003,5.798444524407387E-002,-7.481973767280579E-001,-6.403332948684692E-001,4.028962925076485E-003,5.798444524407387E-002,-7.481973767280579E-001,-6.403332948684692E-001,
8.071333333333334E+008,4.518310539424419E-003,5.324749648571014E-002,-7.613543868064880E-001,-6.268807053565979E-001,4.518310539424419E-003,5.324749648571014E-002,-7.613543868064880E-001,-6.268807053565979E-001,
8.155000000000000E+008,7.696611573919654E-004,4.579502344131470E-002,-7.714577317237854E-001,-5.815616250038147E-001,7.696611573919654E-004,4.579502344131470E-002,-7.714577317237854E-001,-5.815616250038147E-001,
8.238666666666666E+008,-3.062025643885136E-003,4.243983700871468E-002,-8.028494119644165E-001,-5.860571861267090E-001,-3.062025643885136E-003,4.243983700871468E-002,-8.028494119644165E-001,-5.860571861267090E-001,
8.322333333333334E+008,-1.096073817461729E-002,4.416029155254364E-002,-8.150662779808044E-001,-5.579319596290588E-001,-1.096073817461729E-002,4.416029155254364E-002,-8.150662779808044E-001,-5.579319596290588E-001,
8.406000000000000E+008,-1.495179720222950E-002,4.701176285743713E-002,-8.270448446273804E-001,-5.432175397872925E-001,-1.495179720222950E-002,4.701176285743713E-002,-8.270448446273804E-001,-5.432175397872925E-001,
8.489666666666668E+008,-1.475805044174194E-002,5.426012352108955E-002,-8.472393751144409E-001,-5.167917013168335E-001,-1.475805044174194E-002,5.426012352108955E-002,-8.472393751144409E-001,-5.167917013168335E-001,
8.573333333333334E+008,-1.108224503695965E-002,6.090171262621880E-002,-8.519062399864197E-001,-4.995580017566681E-001,-1.108224503695965E-002,6.090171262621880E-002,-8.519062399864197E-001,-4.995580017566681E-001,
8.657000000000000E+008,-3.738805418834090E-003,6.861615926027298E-002,-8.683843016624451E-001,-4.706508815288544E-001,-3.738805418834090E-003,6.861615926027298E-002,-8.683843016624451E-001,-4.706508815288544E-001,
8.740666666666668E+008,5.145626608282328E-003,7.264342159032822E-002,-8.627341985702515E-001,-4.518272280693054E-001,5.145626608282328E-003,7.264342159032822E-002,-8.627341985702515E-001,-4.518272280693054E-001,
8.824333333333334E+008,1.487817987799645E-002,7.054013013839722E-002,-8.937926292419434E-001,-4.202301502227783E-001,1.487817987799645E-002,7.054013013839722E-002,-8.937926292419434E-001,-4.202301502227783E-001,
8.908000000000000E+008,2.283770218491554E-002,6.948188692331314E-002,-9.047027826309204E-001,-4.170689582824707E-001,2.283770218491554E-002,6.948188692331314E-002,-9.047027826309204E-001,-4.170689582824707E-001,
8.991666666666668E+008,2.593250386416912E-002,6.214984878897667E-002,-9.152523279190064E-001,-3.876727223396301E-001,2.593250386416912E-002,6.214984878897667E-002,-9.152523279190064E-001,-3.876727223396301E-001,
9.075333333333334E+008,2.630306594073772E-002,5.720378458499908E-002,-9.076220989227295E-001,-3.623673915863037E-001,2.630306594073772E-002,5.720378458499908E-002,-9.076220989227295E-001,-3.623673915863037E-001,
9.159000000000000E+008,2.425850182771683E-002,5.111705511808395E-002,-9.224939942359924E-001,-3.520241975784302E-001,2.425850182771683E-002,5.111705511808395E-002,-9.224939942359924E-001,-3.520241975784302E-001,
9.242666666666668E+008,1.929769665002823E-002,4.629552364349365E-002,-9.332113862037659E-001,-3.272669613361359E-001,1.929769665002823E-002,4.629552364349365E-002,-9.332113862037659E-001,-3.272669613361359E-001,
9.326333333333334E+008,1.514851488173008E-002,4.769377037882805E-002,-9.380117058753967E-001,-2.931142151355743E-001,1.514851488173008E-002,4.769377037882805E-002,-9.380117058753967E-001,-2.931142151355743E-001,
9.410000000000000E+008,1.014784350991249E-002,5.336312204599381E-002,-9.444170594215393E-001,-2.655638754367828E-001,1.014784350991249E-002,5.336312204599381E-002,-9.444170594215393E-001,-2.655638754367828E-001,
9.493666666666668E+008,1.001908816397190E-002,5.943916738033295E-002,-9.503200054168701E-001,-2.558547854423523E-001,1.001908816397190E-002,5.943916738033295E-002,-9.503200054168701E-001,-2.558547854423523E-001,
9.577333333333334E+008,1.477104984223843E-002,6.667297333478928E-002,-9.756040573120117E-001,-2.137954682111740E-001,1.477104984223843E-002,6.667297333478928E-002,-9.756040573120117E-001,-2.137954682111740E-001,
9.661000000000000E+008,2.364412322640419E-002,7.184981554746628E-002,-9.605375528335571E-001,-1.991841048002243E-001,2.364412322640419E-002,7.184981554746628E-002,-9.605375528335571E-001,-1.991841048002243E-001,
9.744666666666668E+008,3.337357565760613E-002,7.496908307075501E-002,-9.707947969436646E-001,-1.665808409452438E-001,3.337357565760613E-002,7.496908307075501E-002,-9.707947969436646E-001,-1.665808409452438E-001,
9.828333333333334E+008,4.822022095322609E-002,7.018674165010452E-002,-9.657431840896606E-001,-1.398566365242004E-001,4.822022095322609E-002,7.018674165010452E-002,-9.657431840896606E-001,-1.398566365242004E-001,
9.912000000000000E+008,5.784765630960465E-002,6.581269204616547E-002,-9.762135744094849E-001,-1.302412748336792E-001,5.784765630960465E-002,6.581269204616547E-002,-9.762135744094849E-001,-1.302412748336792E-001,
9.995666666666668E+008,6.202468276023865E-002,5.558633431792259E-002,-9.793806672096252E-001,-9.418387711048126E-002,6.202468276023865E-002,5.558633431792259E-002,-9.793806672096252E-001,-9.418387711048126E-002,
1.007933333333333E+009,6.259607523679733E-002,4.674588888883591E-002,-9.821362495422363E-001,-7.495675981044769E-002,6.259607523679733E-002,4.674588888883591E-002,-9.821362495422363E-001,-7.495675981044769E-002,
1.016300000000000E+009,5.631097033619881E-002,3.684985637664795E-002,-9.819005131721497E-001,-4.898167774081230E-002,5.631097033619881E-002,3.684985637664795E-002,-9.819005131721497E-001,-4.898167774081230E-002,
1.024666666666667E+009,4.836658388376236E-002,3.582486510276794E-002,-9.832000136375427E-001,-2.825311943888664E-002,4.836658388376236E-002,3.582486510276794E-002,-9.832000136375427E-001,-2.825311943888664E-002,
1.033033333333333E+009,4.138549044728279E-002,3.575119748711586E-002,-9.616131186485291E-001,1.072566118091345E-002,4.138549044728279E-002,3.575119748711586E-002,-9.616131186485291E-001,1.072566118091345E-002,
1.041400000000000E+009,3.743909671902657E-002,4.078844934701920E-002,-9.689610004425049E-001,3.129006549715996E-002,3.743909671902657E-002,4.078844934701920E-002,-9.689610004425049E-001,3.129006549715996E-002,
1.049766666666667E+009,3.705524653196335E-002,4.813189059495926E-002,-9.784421920776367E-001,5.313973873853684E-002,3.705524653196335E-002,4.813189059495926E-002,-9.784421920776367E-001,5.313973873853684E-002,
1.058133333333333E+009,4.460015520453453E-002,5.518527328968048E-002,-9.727955460548401E-001,7.861676067113876E-002,4.460015520453453E-002,5.518527328968048E-002,-9.727955460548401E-001,7.861676067113876E-002,
1.066500000000000E+009,5.728491395711899E-002,5.814925208687782E-002,-9.571016430854797E-001,1.063445061445236E-001,5.728491395711899E-002,5.814925208687782E-002,-9.571016430854797E-001,1.063445061445236E-001,
1.074866666666667E+009,6.873853504657745E-002,5.301557853817940E-002,-9.668263792991638E-001,1.349101364612579E-001,6.873853504657745E-002,5.301557853817940E-002,-9.668263792991638E-001,1.349101364612579E-001,
1.083233333333334E+009,8.086654543876648E-002,4.733544960618019E-002,-9.619613289833069E-001,1.510734409093857E-001,8.086654543876648E-002,4.733544960618019E-002,-9.619613289833069E-001,1.510734409093857E-001,
1.091600000000000E+009,8.503213524818420E-002,3.401666134595871E-002,-9.548322558403015E-001,1.846872717142105E-001,8.503213524818420E-002,3.401666134595871E-002,-9.548322558403015E-001,1.846872717142105E-001,
1.099966666666667E+009,8.628031611442566E-002,2.035826072096825E-002,-9.504309892654419E-001,2.001913040876389E-001,8.628031611442566E-002,2.035826072096825E-002,-9.504309892654419E-001,2.001913040876389E-001,
1.108333333333334E+009,7.831401377916336E-002,9.780327789485455E-003,-9.626902937889099E-001,2.218366861343384E-001,7.831401377916336E-002,9.780327789485455E-003,-9.626902937889099E-001,2.218366861343384E-001,
1.116700000000000E+009,6.635259091854096E-002,8.406450040638447E-003,-9.481722116470337E-001,2.540853917598724E-001,6.635259091854096E-002,8.406450040638447E-003,-9.481722116470337E-001,2.540853917598724E-001,
1.125066666666667E+009,5.444807931780815E-002,8.764285594224930E-003,-9.336503744125366E-001,2.752911150455475E-001,5.444807931780815E-002,8.764285594224930E-003,-9.336503744125366E-001,2.752911150455475E-001,
1.133433333333334E+009,4.366183653473854E-002,1.945139095187187E-002,-9.298986196517944E-001,2.937042713165283E-001,4.366183653473854E-002,1.945139095187187E-002,-9.298986196517944E-001,2.937042713165283E-001,
1.141800000000000E+009,4.404468089342117E-002,3.092298656702042E-002,-9.189766645431519E-001,3.192326128482819E-001,4.404468089342117E-002,3.092298656702042E-002,-9.189766645431519E-001,3.192326128482819E-001,
1.150166666666667E+009,4.968977347016335E-002,4.226826876401901E-002,-9.136252403259277E-001,3.500430583953857E-001,4.968977347016335E-002,4.226826876401901E-002,-9.136252403259277E-001,3.500430583953857E-001,
1.158533333333334E+009,6.723748147487640E-002,4.741302877664566E-002,-9.025427699089050E-001,3.726992607116699E-001,6.723748147487640E-002,4.741302877664566E-002,-9.025427699089050E-001,3.726992607116699E-001,
1.166900000000000E+009,8.515767753124237E-002,4.414827749133110E-002,-8.931788802146912E-001,3.990815281867981E-001,8.515767753124237E-002,4.414827749133110E-002,-8.931788802146912E-001,3.990815281867981E-001,
1.175266666666667E+009,9.995856136083603E-002,3.322765231132507E-002,-8.741690516471863E-001,4.119549691677094E-001,9.995856136083603E-002,3.322765231132507E-002,-8.741690516471863E-001,4.119549691677094E-001,
1.183633333333334E+009,1.116203814744949E-001,1.671864651143551E-002,-8.687171339988709E-001,4.387560188770294E-001,1.116203814744949E-001,1.671864651143551E-002,-8.687171339988709E-001,4.387560188770294E-001,
1.192000000000000E+009,1.125545129179955E-001,-2.114726230502129E-003,-8.616204857826233E-001,4.642724990844727E-001,1.125545129179955E-001,-2.114726230502129E-003,-8.616204857826233E-001,4.642724990844727E-001,
1.200366666666667E+009,1.024506762623787E-001,-1.989593543112278E-002,-8.475328683853149E-001,4.808515012264252E-001,1.024506762623787E-001,-1.989593543112278E-002,-8.475328683853149E-001,4.808515012264252E-001,
1.208733333333334E+009,8.466929942369461E-002,-2.975721284747124E-002,-8.434114456176758E-001,5.095128417015076E-001,8.466929942369461E-002,-2.975721284747124E-002,-8.434114456176758E-001,5.095128417015076E-001,
1.217100000000000E+009,6.633510440587997E-002,-2.840621955692768E-002,-8.127906322479248E-001,5.223842263221741E-001,6.633510440587997E-002,-2.840621955692768E-002,-8.127906322479248E-001,5.223842263221741E-001,
1.225466666666667E+009,5.464625358581543E-002,-1.890892535448074E-002,-8.161391615867615E-001,5.472666621208191E-001,5.464625358581543E-002,-1.890892535448074E-002,-8.161391615867615E-001,5.472666621208191E-001,
1.233833333333334E+009,5.160484835505486E-002,-5.141371861100197E-003,-7.971050739288330E-001,5.682869553565979E-001,5.160484835505486E-002,-5.141371861100197E-003,-7.971050739288330E-001,5.682869553565979E-001,
1.242200000000000E+009,5.639508366584778E-002,8.092879317700863E-003,-7.691059112548828E-001,5.859252214431763E-001,5.639508366584778E-002,8.092879317700863E-003,-7.691059112548828E-001,5.859252214431763E-001,
1.250566666666667E+009,7.012438774108887E-002,1.613736338913441E-002,-7.731677293777466E-001,6.150550842285156E-001,7.012438774108887E-002,1.613736338913441E-002,-7.731677293777466E-001,6.150550842285156E-001,
1.258933333333334E+009,8.929747343063355E-002,1.488447561860085E-002,-7.514016628265381E-001,6.250092387199402E-001,8.929747343063355E-002,1.488447561860085E-002,-7.514016628265381E-001,6.250092387199402E-001,
1.267300000000000E+009,1.049916744232178E-001,1.109082484617829E-003,-7.265025377273560E-001,6.426535248756409E-001,1.049916744232178E-001,1.109082484617829E-003,-7.265025377273560E-001,6.426535248756409E-001,
1.275666666666667E+009,1.141422167420387E-001,-1.781878247857094E-002,-7.223027348518372E-001,6.473749876022339E-001,1.141422167420387E-001,-1.781878247857094E-002,-7.223027348518372E-001,6.473749876022339E-001,
1.284033333333334E+009,1.141845211386681E-001,-4.082759842276573E-002,-6.907895207405090E-001,6.967791318893433E-001,1.141845211386681E-001,-4.082759842276573E-002,-6.907895207405090E-001,6.967791318893433E-001,
1.292400000000000E+009,1.012075841426849E-001,-5.977952480316162E-002,-6.874856352806091E-001,6.949443817138672E-001,1.012075841426849E-001,-5.977952480316162E-002,-6.874856352806091E-001,6.949443817138672E-001,
1.300766666666667E+009,8.260867744684219E-002,-6.821694970130920E-002,-6.701307296752930E-001,7.111498713493347E-001,8.260867744684219E-002,-6.821694970130920E-002,-6.701307296752930E-001,7.111498713493347E-001,
1.309133333333334E+009,6.195263937115669E-002,-6.669379770755768E-002,-6.556016206741333E-001,7.376600503921509E-001,6.195263937115669E-002,-6.669379770755768E-002,-6.556016206741333E-001,7.376600503921509E-001,
1.317500000000000E+009,4.658739641308785E-002,-5.573620274662972E-002,-6.270568966865540E-001,7.618570923805237E-001,4.658739641308785E-002,-5.573620274662972E-002,-6.270568966865540E-001,7.618570923805237E-001,
1.325866666666667E+009,4.046471044421196E-002,-4.076540842652321E-002,-6.095997095108032E-001,7.626224756240845E-001,4.046471044421196E-002,-4.076540842652321E-002,-6.095997095108032E-001,7.626224756240845E-001,
1.334233333333334E+009,4.587354138493538E-002,-2.370993606746197E-002,-5.880173444747925E-001,7.765910625457764E-001,4.587354138493538E-002,-2.370993606746197E-002,-5.880173444747925E-001,7.765910625457764E-001,
1.342600000000000E+009,6.051829084753990E-002,-1.903132908046246E-002,-5.738820433616638E-001,7.952620983123779E-001,6.051829084753990E-002,-1.903132908046246E-002,-5.738820433616638E-001,7.952620983123779E-001,
1.350966666666667E+009,7.678152620792389E-002,-2.165688201785088E-002,-5.437159538269043E-001,8.157223463058472E-001,7.678152620792389E-002,-2.165688201785088E-002,-5.437159538269043E-001,8.157223463058472E-001,
1.359333333333334E+009,9.016831964254379E-002,-3.559944033622742E-002,-5.250473618507385E-001,8.223286271095276E-001,9.016831964254379E-002,-3.559944033622742E-002,-5.250473618507385E-001,8.223286271095276E-001,
1.367700000000000E+009,9.458959847688675E-002,-5.711250007152557E-002,-5.069369077682495E-001,8.320266604423523E-001,9.458959847688675E-002,-5.711250007152557E-002,-5.069369077682495E-001,8.320266604423523E-001,
1.376066666666667E+009,8.709333091974258E-002,-8.069515228271484E-002,-4.812470078468323E-001,8.428351879119873E-001,8.709333091974258E-002,-8.069515228271484E-002,-4.812470078468323E-001,8.428351879119873E-001,
1.384433333333334E+009,6.997717916965485E-002,-9.476853907108307E-002,-4.728715419769287E-001,8.523983955383301E-001,6.997717916965485E-002,-9.476853907108307E-002,-4.728715419769287E-001,8.523983955383301E-001,
1.392800000000000E+009,4.521612823009491E-002,-9.878528863191605E-002,-4.501500129699707E-001,8.584035634994507E-001,4.521612823009491E-002,-9.878528863191605E-002,-4.501500129699707E-001,8.584035634994507E-001,
1.401166666666667E+009,2.664887532591820E-002,-9.187921136617661E-002,-4.197491407394409E-001,8.853237032890320E-001,2.664887532591820E-002,-9.187921136617661E-002,-4.197491407394409E-001,8.853237032890320E-001,
1.409533333333334E+009,1.341107767075300E-002,-7.249505072832108E-002,-3.991062045097351E-001,8.950414061546326E-001,1.341107767075300E-002,-7.249505072832108E-002,-3.991062045097351E-001,8.950414061546326E-001,
1.417900000000000E+009,1.034147106111050E-002,-5.282002314925194E-002,-3.604405820369721E-001,8.903576731681824E-001,1.034147106111050E-002,-5.282002314925194E-002,-3.604405820369721E-001,8.903576731681824E-001,
1.426266666666667E+009,1.886334270238876E-002,-3.471532836556435E-002,-3.559846580028534E-001,9.205121994018555E-001,1.886334270238876E-002,-3.471532836556435E-002,-3.559846580028534E-001,9.205121994018555E-001,
1.434633333333334E+009,3.569317609071732E-002,-2.785450592637062E-002,-3.252423703670502E-001,9.149657487869263E-001,3.569317609071732E-002,-2.785450592637062E-002,-3.252423703670502E-001,9.149657487869263E-001,
1.443000000000000E+009,5.616060644388199E-002,-3.082198835909367E-002,-2.982298731803894E-001,9.279286265373230E-001,5.616060644388199E-002,-3.082198835909367E-002,-2.982298731803894E-001,9.279286265373230E-001,
1.451366666666667E+009,6.939914077520371E-002,-4.748886451125145E-002,-2.778986096382141E-001,9.331109523773193E-001,6.939914077520371E-002,-4.748886451125145E-002,-2.778986096382141E-001,9.331109523773193E-001,
1.459733333333334E+009,7.189758121967316E-002,-6.925038993358612E-002,-2.619058191776276E-001,9.353016614913940E-001,7.189758121967316E-002,-6.925038993358612E-002,-2.619058191776276E-001,9.353016614913940E-001,
1.468100000000000E+009,6.339250504970551E-002,-9.067337960004807E-002,-2.263973206281662E-001,9.417362213134766E-001,6.339250504970551E-002,-9.067337960004807E-002,-2.263973206281662E-001,9.417362213134766E-001,
1.476466666666667E+009,4.486197978258133E-002,-1.047321259975433E-001,-2.082908004522324E-001,9.547061920166016E-001,4.486197978258133E-002,-1.047321259975433E-001,-2.082908004522324E-001,9.547061920166016E-001,
1.484833333333334E+009,2.101608179509640E-002,-1.080392152070999E-001,-1.768375784158707E-001,9.567893147468567E-001,2.101608179509640E-002,-1.080392152070999E-001,-1.768375784158707E-001,9.567893147468567E-001,
1.493200000000000E+009,2.304570982232690E-003,-9.912402927875519E-002,-1.614907383918762E-001,9.574241638183594E-001,2.304570982232690E-003,-9.912402927875519E-002,-1.614907383918762E-001,9.574241638183594E-001,
1.501566666666667E+009,-9.748229756951332E-003,-8.076978474855423E-002,-1.336339414119721E-001,9.613350033760071E-001,-9.748229756951332E-003,-8.076978474855423E-002,-1.336339414119721E-001,9.613350033760071E-001,
1.509933333333334E+009,-1.161148585379124E-002,-5.892387405037880E-002,-1.182673051953316E-001,9.673876762390137E-001,-1.161148585379124E-002,-5.892387405037880E-002,-1.182673051953316E-001,9.673876762390137E-001,
1.518300000000000E+009,1.240912009961903E-003,-4.225102812051773E-002,-9.176097810268402E-002,9.760493040084839E-001,1.240912009961903E-003,-4.225102812051773E-002,-9.176097810268402E-002,9.760493040084839E-001,
1.526666666666667E+009,1.894380524754524E-002,-3.522997722029686E-002,-5.818347260355949E-002,9.713175296783447E-001,1.894380524754524E-002,-3.522997722029686E-002,-5.818347260355949E-002,9.713175296783447E-001,
1.535033333333334E+009,3.729109838604927E-002,-3.937807679176331E-002,-3.553136065602303E-002,9.813960194587708E-001,3.729109838604927E-002,-3.937807679176331E-002,-3.553136065602303E-002,9.813960194587708E-001,
1.543400000000000E+009,4.862084612250328E-002,-5.514482781291008E-002,-1.298887189477682E-002,9.743207097053528E-001,4.862084612250328E-002,-5.514482781291008E-002,-1.298887189477682E-002,9.743207097053528E-001,
1.551766666666667E+009,4.789301753044128E-002,-7.699396461248398E-002,1.136466488242149E-002,9.682811498641968E-001,4.789301753044128E-002,-7.699396461248398E-002,1.136466488242149E-002,9.682811498641968E-001,
1.560133333333334E+009,3.895479440689087E-002,-9.661392867565155E-002,3.317765146493912E-002,9.735335707664490E-001,3.895479440689087E-002,-9.661392867565155E-002,3.317765146493912E-002,9.735335707664490E-001,
1.568500000000000E+009,2.106600068509579E-002,-1.091630905866623E-001,5.001621693372726E-002,9.746563434600830E-001,2.106600068509579E-002,-1.091630905866623E-001,5.001621693372726E-002,9.746563434600830E-001,
1.576866666666667E+009,-1.559558091685176E-003,-1.089136302471161E-001,9.023345261812210E-002,9.645643234252930E-001,-1.559558091685176E-003,-1.089136302471161E-001,9.023345261812210E-002,9.645643234252930E-001,
1.585233333333334E+009,-1.773454807698727E-002,-9.999202936887741E-002,1.037320494651794E-001,9.643766880035400E-001,-1.773454807698727E-002,-9.999202936887741E-002,1.037320494651794E-001,9.643766880035400E-001,
1.593600000000000E+009,-2.762132510542870E-002,-8.444810658693314E-002,1.305401027202606E-001,9.605150818824768E-001,-2.762132510542870E-002,-8.444810658693314E-002,1.305401027202606E-001,9.605150818824768E-001,
1.601966666666667E+009,-2.768379636108875E-002,-6.508060544729233E-002,1.514969915151596E-001,9.591002464294434E-001,-2.768379636108875E-002,-6.508060544729233E-002,1.514969915151596E-001,9.591002464294434E-001,
1.610333333333334E+009,-1.776742376387119E-002,-5.186990275979042E-002,1.815296113491058E-001,9.539157152175903E-001,-1.776742376387119E-002,-5.186990275979042E-002,1.815296113491058E-001,9.539157152175903E-001,
1.618700000000000E+009,-1.833996153436601E-003,-4.785120487213135E-002,2.080368250608444E-001,9.517087340354919E-001,-1.833996153436601E-003,-4.785120487213135E-002,2.080368250608444E-001,9.517087340354919E-001,
1.627066666666667E+009,1.153449714183807E-002,-5.313904583454132E-002,2.303606122732163E-001,9.442191123962402E-001,1.153449714183807E-002,-5.313904583454132E-002,2.303606122732163E-001,9.442191123962402E-001,
1.635433333333334E+009,1.838750950992107E-002,-6.486048549413681E-002,2.591417431831360E-001,9.435893893241882E-001,1.838750950992107E-002,-6.486048549413681E-002,2.591417431831360E-001,9.435893893241882E-001,
1.643800000000000E+009,1.687920279800892E-002,-8.264002948999405E-002,2.726468145847321E-001,9.318635463714600E-001,1.687920279800892E-002,-8.264002948999405E-002,2.726468145847321E-001,9.318635463714600E-001,
1.652166666666667E+009,4.980827216058970E-003,-9.645341336727142E-002,3.065058588981628E-001,9.212543964385986E-001,4.980827216058970E-003,-9.645341336727142E-002,3.065058588981628E-001,9.212543964385986E-001,
1.660533333333334E+009,-1.176787819713354E-002,-1.029322147369385E-001,3.235045373439789E-001,9.151567816734314E-001,-1.176787819713354E-002,-1.029322147369385E-001,3.235045373439789E-001,9.151567816734314E-001,
1.668900000000000E+009,-3.024432063102722E-002,-9.986493736505508E-002,3.428963720798492E-001,9.028421640396118E-001,-3.024432063102722E-002,-9.986493736505508E-002,3.428963720798492E-001,9.028421640396118E-001,
1.677266666666667E+009,-4.514689743518829E-002,-8.945568650960922E-002,3.808713853359222E-001,8.944656848907471E-001,-4.514689743518829E-002,-8.945568650960922E-002,3.808713853359222E-001,8.944656848907471E-001,
1.685633333333334E+009,-4.996510222554207E-002,-7.312462478876114E-002,3.953770399093628E-001,8.886172175407410E-001,-4.996510222554207E-002,-7.312462478876114E-002,3.953770399093628E-001,8.886172175407410E-001,
1.694000000000000E+009,-4.826848581433296E-002,-5.878561735153198E-002,4.111835658550263E-001,8.777544498443604E-001,-4.826848581433296E-002,-5.878561735153198E-002,4.111835658550263E-001,8.777544498443604E-001,
1.702366666666667E+009,-3.814973682165146E-002,-4.512728378176689E-002,4.345577359199524E-001,8.698959350585938E-001,-3.814973682165146E-002,-4.512728378176689E-002,4.345577359199524E-001,8.698959350585938E-001,
1.710733333333334E+009,-2.292186021804810E-002,-4.157835617661476E-002,4.542610645294190E-001,8.549154996871948E-001,-2.292186021804810E-002,-4.157835617661476E-002,4.542610645294190E-001,8.549154996871948E-001,
1.719100000000000E+009,-9.941795840859413E-003,-4.711790382862091E-002,4.833548367023468E-001,8.406460285186768E-001,-9.941795840859413E-003,-4.711790382862091E-002,4.833548367023468E-001,8.406460285186768E-001,
1.727466666666667E+009,-2.150610787793994E-003,-5.909555032849312E-002,5.019538402557373E-001,8.330408930778503E-001,-2.150610787793994E-003,-5.909555032849312E-002,5.019538402557373E-001,8.330408930778503E-001,
1.735833333333334E+009,-2.776628360152245E-003,-7.394625991582871E-002,5.187162756919861E-001,8.167392015457153E-001,-2.776628360152245E-003,-7.394625991582871E-002,5.187162756919861E-001,8.167392015457153E-001,
1.744200000000000E+009,-1.255477499216795E-002,-8.987952023744583E-002,5.472744107246399E-001,7.937787771224976E-001,-1.255477499216795E-002,-8.987952023744583E-002,5.472744107246399E-001,7.937787771224976E-001,
1.752566666666667E+009,-2.734707109630108E-002,-9.811519831418991E-002,5.746458172798157E-001,7.861985564231873E-001,-2.734707109630108E-002,-9.811519831418991E-002,5.746458172798157E-001,7.861985564231873E-001,
1.760933333333334E+009,-4.521321132779121E-002,-1.002839356660843E-001,5.815251469612122E-001,7.728875279426575E-001,-4.521321132779121E-002,-1.002839356660843E-001,5.815251469612122E-001,7.728875279426575E-001,
1.769300000000000E+009,-6.170771643519402E-002,-9.392898529767990E-002,6.045374870300293E-001,7.632403969764710E-001,-6.170771643519402E-002,-9.392898529767990E-002,6.045374870300293E-001,7.632403969764710E-001,
1.777666666666667E+009,-7.169274240732193E-002,-8.081699162721634E-002,6.175029873847961E-001,7.534325122833252E-001,-7.169274240732193E-002,-8.081699162721634E-002,6.175029873847961E-001,7.534325122833252E-001,
1.786033333333334E+009,-7.506823539733887E-002,-6.825837492942810E-002,6.316360831260681E-001,7.249711751937866E-001,-7.506823539733887E-002,-6.825837492942810E-002,6.316360831260681E-001,7.249711751937866E-001,
1.794400000000000E+009,-7.043065130710602E-002,-5.334924533963203E-002,6.542553901672363E-001,7.116897702217102E-001,-7.043065130710602E-002,-5.334924533963203E-002,6.542553901672363E-001,7.116897702217102E-001,
1.802766666666667E+009,-6.437231600284576E-002,-4.465163871645927E-002,6.728216409683228E-001,6.944469213485718E-001,-6.437231600284576E-002,-4.465163871645927E-002,6.728216409683228E-001,6.944469213485718E-001,
1.811133333333334E+009,-5.423289164900780E-002,-4.131495952606201E-002,6.985207796096802E-001,6.770252585411072E-001,-5.423289164900780E-002,-4.131495952606201E-002,6.985207796096802E-001,6.770252585411072E-001,
1.819500000000000E+009,-4.710027575492859E-002,-4.314278811216354E-002,7.112907767295837E-001,6.530131697654724E-001,-4.710027575492859E-002,-4.314278811216354E-002,7.112907767295837E-001,6.530131697654724E-001,
1.827866666666667E+009,-4.273268207907677E-002,-4.946273192763329E-002,7.328041195869446E-001,6.418136358261108E-001,-4.273268207907677E-002,-4.946273192763329E-002,7.328041195869446E-001,6.418136358261108E-001,
1.836233333333334E+009,-4.599014297127724E-002,-5.738928541541100E-002,7.445467114448547E-001,6.237608194351196E-001,-4.599014297127724E-002,-5.738928541541100E-002,7.445467114448547E-001,6.237608194351196E-001,
1.844600000000000E+009,-5.430101603269577E-002,-6.315288692712784E-002,7.610797286033630E-001,6.158974766731262E-001,-5.430101603269577E-002,-6.315288692712784E-002,7.610797286033630E-001,6.158974766731262E-001,
1.852966666666667E+009,-6.376827508211136E-002,-6.534793227910996E-002,7.703245878219605E-001,5.813301205635071E-001,-6.376827508211136E-002,-6.534793227910996E-002,7.703245878219605E-001,5.813301205635071E-001,
1.861333333333334E+009,-7.413956522941589E-002,-6.326440721750259E-002,7.913971543312073E-001,5.619013905525208E-001,-7.413956522941589E-002,-6.326440721750259E-002,7.913971543312073E-001,5.619013905525208E-001,
1.869700000000000E+009,-8.209339529275894E-002,-5.477901548147202E-002,8.053722381591797E-001,5.435746312141419E-001,-8.209339529275894E-002,-5.477901548147202E-002,8.053722381591797E-001,5.435746312141419E-001,
1.878066666666667E+009,-8.605895936489105E-002,-4.535090923309326E-002,8.172932863235474E-001,5.287222266197205E-001,-8.605895936489105E-002,-4.535090923309326E-002,8.172932863235474E-001,5.287222266197205E-001,
1.886433333333334E+009,-8.497284352779388E-002,-3.496411815285683E-002,8.353295922279358E-001,5.045229792594910E-001,-8.497284352779388E-002,-3.496411815285683E-002,8.353295922279358E-001,5.045229792594910E-001,
1.894800000000000E+009,-7.718966901302338E-002,-2.658418193459511E-002,8.471033573150635E-001,4.870155155658722E-001,-7.718966901302338E-002,-2.658418193459511E-002,8.471033573150635E-001,4.870155155658722E-001,
1.903166666666667E+009,-6.863982230424881E-002,-2.057456038892269E-002,8.585728406906128E-001,4.581964612007141E-001,-6.863982230424881E-002,-2.057456038892269E-002,8.585728406906128E-001,4.581964612007141E-001,
1.911533333333334E+009,-6.001266837120056E-002,-2.205234207212925E-002,8.677912950515747E-001,4.318441748619080E-001,-6.001266837120056E-002,-2.205234207212925E-002,8.677912950515747E-001,4.318441748619080E-001,
1.919900000000000E+009,-5.336356163024902E-002,-2.639668621122837E-002,8.846141099929810E-001,4.178371131420136E-001,-5.336356163024902E-002,-2.639668621122837E-002,8.846141099929810E-001,4.178371131420136E-001,
1.928266666666667E+009,-5.139970406889916E-002,-3.450416401028633E-002,8.821699023246765E-001,3.807394206523895E-001,-5.139970406889916E-002,-3.450416401028633E-002,8.821699023246765E-001,3.807394206523895E-001,
1.936633333333334E+009,-5.732313543558121E-002,-4.266167804598808E-002,9.023844003677368E-001,3.691300749778748E-001,-5.732313543558121E-002,-4.266167804598808E-002,9.023844003677368E-001,3.691300749778748E-001,
1.945000000000000E+009,-6.692450493574143E-002,-4.781777411699295E-002,9.119068980216980E-001,3.427920639514923E-001,-6.692450493574143E-002,-4.781777411699295E-002,9.119068980216980E-001,3.427920639514923E-001,
1.953366666666667E+009,-7.887767255306244E-002,-4.954320192337036E-002,9.130472540855408E-001,3.211331963539124E-001,-7.887767255306244E-002,-4.954320192337036E-002,9.130472540855408E-001,3.211331963539124E-001,
1.961733333333334E+009,-9.271565079689026E-002,-4.253862798213959E-002,9.275550246238709E-001,2.984221279621124E-001,-9.271565079689026E-002,-4.253862798213959E-002,9.275550246238709E-001,2.984221279621124E-001,
1.970100000000000E+009,-1.025247499346733E-001,-3.308360278606415E-002,9.260419011116028E-001,2.760314047336578E-001,-1.025247499346733E-001,-3.308360278606415E-002,9.260419011116028E-001,2.760314047336578E-001,
1.978466666666667E+009,-1.059250682592392E-001,-1.786689460277557E-002,9.354842305183411E-001,2.474569529294968E-001,-1.059250682592392E-001,-1.786689460277557E-002,9.354842305183411E-001,2.474569529294968E-001,
1.986833333333334E+009,-1.023405566811562E-001,-4.852743819355965E-003,9.383046030998230E-001,2.306807339191437E-001,-1.023405566811562E-001,-4.852743819355965E-003,9.383046030998230E-001,2.306807339191437E-001,
1.995200000000000E+009,-9.061452001333237E-002,5.374338012188673E-003,9.416912794113159E-001,2.149675935506821E-001,-9.061452001333237E-002,5.374338012188673E-003,9.416912794113159E-001,2.149675935506821E-001,
2.003566666666667E+009,-7.558066397905350E-002,9.748912416398525E-003,9.500585198402405E-001,1.820890754461289E-001,-7.558066397905350E-002,9.748912416398525E-003,9.500585198402405E-001,1.820890754461289E-001,
2.011933333333334E+009,-6.208992376923561E-002,5.531365517526865E-003,9.620939493179321E-001,1.558720022439957E-001,-6.208992376923561E-002,5.531365517526865E-003,9.620939493179321E-001,1.558720022439957E-001,
2.020300000000000E+009,-5.305834859609604E-002,-2.921705599874258E-003,9.658599495887756E-001,1.235729977488518E-001,-5.305834859609604E-002,-2.921705599874258E-003,9.658599495887756E-001,1.235729977488518E-001,
2.028666666666667E+009,-5.234575644135475E-002,-1.513880118727684E-002,9.706620573997498E-001,1.069763973355293E-001,-5.234575644135475E-002,-1.513880118727684E-002,9.706620573997498E-001,1.069763973355293E-001,
2.037033333333334E+009,-6.057579070329666E-002,-2.703006751835346E-002,9.743221402168274E-001,7.796356081962585E-002,-6.057579070329666E-002,-2.703006751835346E-002,9.743221402168274E-001,7.796356081962585E-002,
2.045400000000000E+009,-7.492536306381226E-002,-3.256608545780182E-002,9.703916907310486E-001,5.718449875712395E-002,-7.492536306381226E-002,-3.256608545780182E-002,9.703916907310486E-001,5.718449875712395E-002,
2.053766666666667E+009,-9.264157712459564E-002,-2.914112992584705E-002,9.699926376342773E-001,3.103767335414887E-002,-9.264157712459564E-002,-2.914112992584705E-002,9.699926376342773E-001,3.103767335414887E-002,
2.062133333333334E+009,-1.069157943129540E-001,-1.917819492518902E-002,9.723683595657349E-001,4.761613439768553E-003,-1.069157943129540E-001,-1.917819492518902E-002,9.723683595657349E-001,4.761613439768553E-003,
2.070500000000000E+009,-1.126344576478005E-001,-5.521151470020413E-004,9.714131355285645E-001,-2.107699960470200E-002,-1.126344576478005E-001,-5.521151470020413E-004,9.714131355285645E-001,-2.107699960470200E-002,
2.078866666666667E+009,-1.099817007780075E-001,1.733209937810898E-002,9.666980504989624E-001,-4.025852680206299E-002,-1.099817007780075E-001,1.733209937810898E-002,9.666980504989624E-001,-4.025852680206299E-002,
2.087233333333334E+009,-9.640156477689743E-002,2.798729389905930E-002,9.678431153297424E-001,-7.096011191606522E-002,-9.640156477689743E-002,2.798729389905930E-002,9.678431153297424E-001,-7.096011191606522E-002,
2.095600000000000E+009,-7.853451371192932E-002,3.470319882035255E-002,9.729646444320679E-001,-8.954738825559616E-002,-7.853451371192932E-002,3.470319882035255E-002,9.729646444320679E-001,-8.954738825559616E-002,
2.103966666666667E+009,-6.048876419663429E-002,2.879589796066284E-002,9.737386107444763E-001,-1.163496375083923E-001,-6.048876419663429E-002,2.879589796066284E-002,9.737386107444763E-001,-1.163496375083923E-001,
2.112333333333334E+009,-4.839254170656204E-002,1.518518291413784E-002,9.651795625686646E-001,-1.381036341190338E-001,-4.839254170656204E-002,1.518518291413784E-002,9.651795625686646E-001,-1.381036341190338E-001,
2.120700000000000E+009,-4.665992036461830E-002,-4.874619655311108E-003,9.642415046691895E-001,-1.716879308223724E-001,-4.665992036461830E-002,-4.874619655311108E-003,9.642415046691895E-001,-1.716879308223724E-001,
2.129066666666667E+009,-5.780983343720436E-002,-1.807721331715584E-002,9.680573940277100E-001,-2.017242014408112E-001,-5.780983343720436E-002,-1.807721331715584E-002,9.680573940277100E-001,-2.017242014408112E-001,
2.137433333333334E+009,-7.811083644628525E-002,-2.532840706408024E-002,9.491108059883118E-001,-2.233150154352188E-001,-7.811083644628525E-002,-2.532840706408024E-002,9.491108059883118E-001,-2.233150154352188E-001,
2.145800000000000E+009,-1.033156961202622E-001,-2.104736492037773E-002,9.444566965103149E-001,-2.482229024171829E-001,-1.033156961202622E-001,-2.104736492037773E-002,9.444566965103149E-001,-2.482229024171829E-001,
2.154166666666667E+009,-1.214239671826363E-001,-5.152036435902119E-003,9.331433176994324E-001,-2.664324045181274E-001,-1.214239671826363E-001,-5.152036435902119E-003,9.331433176994324E-001,-2.664324045181274E-001,
2.162533333333334E+009,-1.291519254446030E-001,2.007481083273888E-002,9.125109910964966E-001,-2.891170382499695E-001,-1.291519254446030E-001,2.007481083273888E-002,9.125109910964966E-001,-2.891170382499695E-001,
2.170900000000000E+009,-1.263041496276856E-001,4.445457831025124E-002,9.175193905830383E-001,-3.131862580776215E-001,-1.263041496276856E-001,4.445457831025124E-002,9.175193905830383E-001,-3.131862580776215E-001,
2.179266666666667E+009,-1.090253591537476E-001,6.180068850517273E-002,9.067764282226563E-001,-3.263253867626190E-001,-1.090253591537476E-001,6.180068850517273E-002,9.067764282226563E-001,-3.263253867626190E-001,
2.187633333333334E+009,-8.685845136642456E-002,6.868058443069458E-002,9.057207107543945E-001,-3.556849360466003E-001,-8.685845136642456E-002,6.868058443069458E-002,9.057207107543945E-001,-3.556849360466003E-001,
2.196000000000000E+009,-6.237789615988731E-002,6.161173805594444E-002,8.908848762512207E-001,-3.756484389305115E-001,-6.237789615988731E-002,6.161173805594444E-002,8.908848762512207E-001,-3.756484389305115E-001,
2.204366666666667E+009,-4.712393134832382E-002,4.293709248304367E-002,8.863406181335449E-001,-3.999772369861603E-001,-4.712393134832382E-002,4.293709248304367E-002,8.863406181335449E-001,-3.999772369861603E-001,
2.212733333333334E+009,-4.394455626606941E-002,1.951639167964459E-002,8.752984404563904E-001,-4.357010424137116E-001,-4.394455626606941E-002,1.951639167964459E-002,8.752984404563904E-001,-4.357010424137116E-001,
2.221100000000000E+009,-5.521998926997185E-002,1.435658195987344E-003,8.571676015853882E-001,-4.504804313182831E-001,-5.521998926997185E-002,1.435658195987344E-003,8.571676015853882E-001,-4.504804313182831E-001,
2.229466666666667E+009,-7.677171379327774E-002,-7.871715351939201E-003,8.475268483161926E-001,-4.675870835781097E-001,-7.677171379327774E-002,-7.871715351939201E-003,8.475268483161926E-001,-4.675870835781097E-001,
2.237833333333334E+009,-1.028305962681770E-001,5.384295363910496E-004,8.353606462478638E-001,-4.962713122367859E-001,-1.028305962681770E-001,5.384295363910496E-004,8.353606462478638E-001,-4.962713122367859E-001,
2.246200000000000E+009,-1.236805617809296E-001,1.978338323533535E-002,8.179620504379273E-001,-5.164046883583069E-001,-1.236805617809296E-001,1.978338323533535E-002,8.179620504379273E-001,-5.164046883583069E-001,
2.254566666666667E+009,-1.297115832567215E-001,4.877632856369019E-002,8.056164979934692E-001,-5.320619344711304E-001,-1.297115832567215E-001,4.877632856369019E-002,8.056164979934692E-001,-5.320619344711304E-001,
2.262933333333334E+009,-1.241172924637795E-001,7.532712072134018E-002,7.898428440093994E-001,-5.489796996116638E-001,-1.241172924637795E-001,7.532712072134018E-002,7.898428440093994E-001,-5.489796996116638E-001,
2.271300000000000E+009,-1.058049127459526E-001,9.686676412820816E-002,7.736867666244507E-001,-5.639700293540955E-001,-1.058049127459526E-001,9.686676412820816E-002,7.736867666244507E-001,-5.639700293540955E-001,
2.279666666666667E+009,-7.988905906677246E-002,1.005496606230736E-001,7.652819752693176E-001,-5.821222066879273E-001,-7.988905906677246E-002,1.005496606230736E-001,7.652819752693176E-001,-5.821222066879273E-001,
2.288033333333334E+009,-5.729467794299126E-002,9.115583449602127E-002,7.541276812553406E-001,-6.104448437690735E-001,-5.729467794299126E-002,9.115583449602127E-002,7.541276812553406E-001,-6.104448437690735E-001,
2.296400000000000E+009,-4.219139739871025E-002,6.965049356222153E-002,7.360067367553711E-001,-6.308577060699463E-001,-4.219139739871025E-002,6.965049356222153E-002,7.360067367553711E-001,-6.308577060699463E-001,
2.304766666666667E+009,-4.311670735478401E-002,4.543060064315796E-002,7.246053218841553E-001,-6.410316228866577E-001,-4.311670735478401E-002,4.543060064315796E-002,7.246053218841553E-001,-6.410316228866577E-001,
2.313133333333334E+009,-5.833137780427933E-002,2.904109470546246E-002,7.011008262634277E-001,-6.768807768821716E-001,-5.833137780427933E-002,2.904109470546246E-002,7.011008262634277E-001,-6.768807768821716E-001,
2.321500000000000E+009,-7.940330356359482E-002,2.536749839782715E-002,6.838468909263611E-001,-6.872173547744751E-001,-7.940330356359482E-002,2.536749839782715E-002,6.838468909263611E-001,-6.872173547744751E-001,
2.329866666666667E+009,-1.008842289447784E-001,3.855663537979126E-002,6.687049865722656E-001,-7.072057127952576E-001,-1.008842289447784E-001,3.855663537979126E-002,6.687049865722656E-001,-7.072057127952576E-001,
2.338233333333334E+009,-1.147646382451057E-001,6.290055811405182E-002,6.380275487899780E-001,-7.227229475975037E-001,-1.147646382451057E-001,6.290055811405182E-002,6.380275487899780E-001,-7.227229475975037E-001,
2.346600000000000E+009,-1.133939474821091E-001,9.516853094100952E-002,6.170997023582459E-001,-7.371052503585815E-001,-1.133939474821091E-001,9.516853094100952E-002,6.170997023582459E-001,-7.371052503585815E-001,
2.354966666666667E+009,-9.557551890611649E-002,1.201765239238739E-001,6.097066998481751E-001,-7.448757290840149E-001,-9.557551890611649E-002,1.201765239238739E-001,6.097066998481751E-001,-7.448757290840149E-001,
2.363333333333334E+009,-6.885872781276703E-002,1.315180659294128E-001,5.947867035865784E-001,-7.568053603172302E-001,-6.885872781276703E-002,1.315180659294128E-001,5.947867035865784E-001,-7.568053603172302E-001,
2.371700000000000E+009,-3.720536082983017E-002,1.264119744300842E-001,5.805914998054504E-001,-7.731941938400269E-001,-3.720536082983017E-002,1.264119744300842E-001,5.805914998054504E-001,-7.731941938400269E-001,
2.380066666666667E+009,-1.489259861409664E-002,1.042432188987732E-001,5.557205677032471E-001,-7.900790572166443E-001,-1.489259861409664E-002,1.042432188987732E-001,5.557205677032471E-001,-7.900790572166443E-001,
2.388433333333334E+009,-8.555545471608639E-003,7.297915965318680E-002,5.400002002716065E-001,-8.009067773818970E-001,-8.555545471608639E-003,7.297915965318680E-002,5.400002002716065E-001,-8.009067773818970E-001,
2.396800000000000E+009,-2.059570513665676E-002,4.055195301771164E-002,5.091769695281982E-001,-8.260830044746399E-001,-2.059570513665676E-002,4.055195301771164E-002,5.091769695281982E-001,-8.260830044746399E-001,
2.405166666666667E+009,-4.826748371124268E-002,2.010411769151688E-002,4.890946149826050E-001,-8.430821895599365E-001,-4.826748371124268E-002,2.010411769151688E-002,4.890946149826050E-001,-8.430821895599365E-001,
2.413533333333334E+009,-8.333680778741837E-002,1.983345486223698E-002,4.611022770404816E-001,-8.535504341125488E-001,-8.333680778741837E-002,1.983345486223698E-002,4.611022770404816E-001,-8.535504341125488E-001,
2.421900000000000E+009,-1.152613312005997E-001,4.111583158373833E-002,4.412067830562592E-001,-8.658082485198975E-001,-1.152613312005997E-001,4.111583158373833E-002,4.412067830562592E-001,-8.658082485198975E-001,
2.430266666666667E+009,-1.318721622228622E-001,7.787279039621353E-002,4.150903820991516E-001,-8.754737973213196E-001,-1.318721622228622E-001,7.787279039621353E-002,4.150903820991516E-001,-8.754737973213196E-001,
2.438633333333334E+009,-1.299065500497818E-001,1.218037009239197E-001,3.914187550544739E-001,-8.785246610641480E-001,-1.299065500497818E-001,1.218037009239197E-001,3.914187550544739E-001,-8.785246610641480E-001,
2.447000000000000E+009,-1.060590296983719E-001,1.585988998413086E-001,3.684065043926239E-001,-8.865865468978882E-001,-1.060590296983719E-001,1.585988998413086E-001,3.684065043926239E-001,-8.865865468978882E-001,
2.455366666666667E+009,-6.982743740081787E-002,1.785189211368561E-001,3.509941995143890E-001,-8.884667158126831E-001,-6.982743740081787E-002,1.785189211368561E-001,3.509941995143890E-001,-8.884667158126831E-001,
2.463733333333334E+009,-3.105198033154011E-002,1.807453930377960E-001,3.340725302696228E-001,-9.012980461120606E-001,-3.105198033154011E-002,1.807453930377960E-001,3.340725302696228E-001,-9.012980461120606E-001,
2.472100000000000E+009,1.980668894248083E-004,1.616621166467667E-001,3.129962980747223E-001,-9.086969494819641E-001,1.980668894248083E-004,1.616621166467667E-001,3.129962980747223E-001,-9.086969494819641E-001,
2.480466666666667E+009,1.529054157435894E-002,1.308641582727432E-001,2.864630818367004E-001,-9.155160784721375E-001,1.529054157435894E-002,1.308641582727432E-001,2.864630818367004E-001,-9.155160784721375E-001,
2.488833333333334E+009,1.000331435352564E-002,9.580880403518677E-002,2.697446942329407E-001,-9.273219108581543E-001,1.000331435352564E-002,9.580880403518677E-002,2.697446942329407E-001,-9.273219108581543E-001,
2.497200000000000E+009,-9.690659120678902E-003,7.280246913433075E-002,2.408370077610016E-001,-9.414020180702210E-001,-9.690659120678902E-003,7.280246913433075E-002,2.408370077610016E-001,-9.414020180702210E-001,
2.505566666666667E+009,-4.002021625638008E-002,6.629919260740280E-002,2.080878615379334E-001,-9.512583613395691E-001,-4.002021625638008E-002,6.629919260740280E-002,2.080878615379334E-001,-9.512583613395691E-001,
2.513933333333334E+009,-6.500146538019180E-002,8.253000676631928E-002,1.851666271686554E-001,-9.512144923210144E-001,-6.500146538019180E-002,8.253000676631928E-002,1.851666271686554E-001,-9.512144923210144E-001,
2.522300000000000E+009,-7.810681313276291E-002,1.118261590600014E-001,1.521499156951904E-001,-9.529850482940674E-001,-7.810681313276291E-002,1.118261590600014E-001,1.521499156951904E-001,-9.529850482940674E-001,
2.530666666666667E+009,-7.155440002679825E-002,1.466284394264221E-001,1.254448145627976E-001,-9.567003846168518E-001,-7.155440002679825E-002,1.466284394264221E-001,1.254448145627976E-001,-9.567003846168518E-001,
2.539033333333334E+009,-4.688089340925217E-002,1.746011823415756E-001,1.058067232370377E-001,-9.506278634071350E-001,-4.688089340925217E-002,1.746011823415756E-001,1.058067232370377E-001,-9.506278634071350E-001,
2.547400000000000E+009,-1.111963205039501E-002,1.884755343198776E-001,8.926932513713837E-002,-9.557933807373047E-001,-1.111963205039501E-002,1.884755343198776E-001,8.926932513713837E-002,-9.557933807373047E-001,
2.555766666666667E+009,2.715186029672623E-002,1.843250095844269E-001,6.733252853155136E-002,-9.595698118209839E-001,2.715186029672623E-002,1.843250095844269E-001,6.733252853155136E-002,-9.595698118209839E-001,
2.564133333333334E+009,5.246654152870178E-002,1.619385331869125E-001,4.749044403433800E-002,-9.567763209342957E-001,5.246654152870178E-002,1.619385331869125E-001,4.749044403433800E-002,-9.567763209342957E-001,
2.572500000000000E+009,6.172133982181549E-002,1.300943642854691E-001,2.372325584292412E-002,-9.598172903060913E-001,6.172133982181549E-002,1.300943642854691E-001,2.372325584292412E-002,-9.598172903060913E-001,
2.580866666666667E+009,5.143552273511887E-002,9.646184742450714E-002,-1.320269890129566E-003,-9.685457944869995E-001,5.143552273511887E-002,9.646184742450714E-002,-1.320269890129566E-003,-9.685457944869995E-001,
2.589233333333334E+009,2.380367740988731E-002,7.534037530422211E-002,-3.303301334381104E-002,-9.685524702072144E-001,2.380367740988731E-002,7.534037530422211E-002,-3.303301334381104E-002,-9.685524702072144E-001,
2.597600000000000E+009,-8.032918907701969E-003,7.145922631025314E-002,-6.510990858078003E-002,-9.696881771087647E-001,-8.032918907701969E-003,7.145922631025314E-002,-6.510990858078003E-002,-9.696881771087647E-001,
2.605966666666667E+009,-3.559921681880951E-002,8.965006470680237E-002,-8.453129976987839E-002,-9.715381860733032E-001,-3.559921681880951E-002,8.965006470680237E-002,-8.453129976987839E-002,-9.715381860733032E-001,
2.614333333333334E+009,-4.686775803565979E-002,1.196627169847488E-001,-1.152343079447746E-001,-9.599038958549500E-001,-4.686775803565979E-002,1.196627169847488E-001,-1.152343079447746E-001,-9.599038958549500E-001,
2.622700000000000E+009,-3.755931928753853E-002,1.546757668256760E-001,-1.388683617115021E-001,-9.481608271598816E-001,-3.755931928753853E-002,1.546757668256760E-001,-1.388683617115021E-001,-9.481608271598816E-001,
2.631066666666667E+009,-1.107200980186462E-002,1.825653165578842E-001,-1.639967560768127E-001,-9.510290622711182E-001,-1.107200980186462E-002,1.825653165578842E-001,-1.639967560768127E-001,-9.510290622711182E-001,
2.639433333333334E+009,2.678878605365753E-002,1.929679363965988E-001,-1.820045560598373E-001,-9.344170093536377E-001,2.678878605365753E-002,1.929679363965988E-001,-1.820045560598373E-001,-9.344170093536377E-001,
2.647800000000000E+009,6.670311838388443E-002,1.862036734819412E-001,-2.019373476505280E-001,-9.307221770286560E-001,6.670311838388443E-002,1.862036734819412E-001,-2.019373476505280E-001,-9.307221770286560E-001,
2.656166666666667E+009,9.402966499328613E-002,1.635465770959854E-001,-2.178214490413666E-001,-9.335806965827942E-001,9.402966499328613E-002,1.635465770959854E-001,-2.178214490413666E-001,-9.335806965827942E-001,
2.664533333333334E+009,1.038227081298828E-001,1.317239701747894E-001,-2.455160915851593E-001,-9.209962487220764E-001,1.038227081298828E-001,1.317239701747894E-001,-2.455160915851593E-001,-9.209962487220764E-001,
2.672900000000000E+009,9.464586526155472E-002,1.013290733098984E-001,-2.649563550949097E-001,-9.228495955467224E-001,9.464586526155472E-002,1.013290733098984E-001,-2.649563550949097E-001,-9.228495955467224E-001,
2.681266666666667E+009,6.974691152572632E-002,8.144918084144592E-002,-2.929133176803589E-001,-9.178125858306885E-001,6.974691152572632E-002,8.144918084144592E-002,-2.929133176803589E-001,-9.178125858306885E-001,
2.689633333333334E+009,3.728981688618660E-002,7.868662476539612E-002,-3.192100822925568E-001,-9.153500795364380E-001,3.728981688618660E-002,7.868662476539612E-002,-3.192100822925568E-001,-9.153500795364380E-001,
2.698000000000000E+009,1.193981710821390E-002,9.465152770280838E-002,-3.399213254451752E-001,-9.027448892593384E-001,1.193981710821390E-002,9.465152770280838E-002,-3.399213254451752E-001,-9.027448892593384E-001,
2.706366666666667E+009,2.736254828050733E-003,1.232239902019501E-001,-3.723264038562775E-001,-8.864899277687073E-001,2.736254828050733E-003,1.232239902019501E-001,-3.723264038562775E-001,-8.864899277687073E-001,
2.714733333333334E+009,1.207597926259041E-002,1.548289507627487E-001,-3.916577696800232E-001,-8.792382478713989E-001,1.207597926259041E-002,1.548289507627487E-001,-3.916577696800232E-001,-8.792382478713989E-001,
2.723100000000000E+009,4.131614044308662E-002,1.781062781810761E-001,-4.118744134902954E-001,-8.591241836547852E-001,4.131614044308662E-002,1.781062781810761E-001,-4.118744134902954E-001,-8.591241836547852E-001,
2.731466666666667E+009,8.062509447336197E-002,1.862857490777969E-001,-4.326601624488831E-001,-8.488123416900635E-001,8.062509447336197E-002,1.862857490777969E-001,-4.326601624488831E-001,-8.488123416900635E-001,
2.739833333333334E+009,1.188353002071381E-001,1.739632785320282E-001,-4.467931687831879E-001,-8.339070677757263E-001,1.188353002071381E-001,1.739632785320282E-001,-4.467931687831879E-001,-8.339070677757263E-001,
2.748200000000000E+009,1.472646147012711E-001,1.482087820768356E-001,-4.634594321250916E-001,-8.253803253173828E-001,1.472646147012711E-001,1.482087820768356E-001,-4.634594321250916E-001,-8.253803253173828E-001,
2.756566666666667E+009,1.590845733880997E-001,1.137809008359909E-001,-4.824307262897492E-001,-8.196231126785278E-001,1.590845733880997E-001,1.137809008359909E-001,-4.824307262897492E-001,-8.196231126785278E-001,
2.764933333333334E+009,1.525442451238632E-001,7.927493005990982E-002,-5.122680664062500E-001,-8.175747394561768E-001,1.525442451238632E-001,7.927493005990982E-002,-5.122680664062500E-001,-8.175747394561768E-001,
2.773300000000000E+009,1.284379512071610E-001,5.613475665450096E-002,-5.282667875289917E-001,-8.039571046829224E-001,1.284379512071610E-001,5.613475665450096E-002,-5.282667875289917E-001,-8.039571046829224E-001,
2.781666666666667E+009,9.590040147304535E-002,5.155561491847038E-002,-5.503309965133667E-001,-7.915747165679932E-001,9.590040147304535E-002,5.155561491847038E-002,-5.503309965133667E-001,-7.915747165679932E-001,
2.790033333333334E+009,6.729068607091904E-002,6.375526636838913E-002,-5.778751373291016E-001,-7.795425653457642E-001,6.729068607091904E-002,6.375526636838913E-002,-5.778751373291016E-001,-7.795425653457642E-001,
2.798400000000000E+009,5.303820222616196E-002,8.995933830738068E-002,-6.018767952919006E-001,-7.642979025840759E-001,5.303820222616196E-002,8.995933830738068E-002,-6.018767952919006E-001,-7.642979025840759E-001,
2.806766666666667E+009,6.129233539104462E-002,1.192050725221634E-001,-6.190368533134460E-001,-7.378386855125427E-001,6.129233539104462E-002,1.192050725221634E-001,-6.190368533134460E-001,-7.378386855125427E-001,
2.815133333333334E+009,8.461404591798782E-002,1.395677179098129E-001,-6.364905834197998E-001,-7.221533656120300E-001,8.461404591798782E-002,1.395677179098129E-001,-6.364905834197998E-001,-7.221533656120300E-001,
2.823500000000000E+009,1.224744096398354E-001,1.458620131015778E-001,-6.531853675842285E-001,-7.021015286445618E-001,1.224744096398354E-001,1.458620131015778E-001,-6.531853675842285E-001,-7.021015286445618E-001,
2.831866666666667E+009,1.581653058528900E-001,1.322091370820999E-001,-6.611985564231873E-001,-6.841706633567810E-001,1.581653058528900E-001,1.322091370820999E-001,-6.611985564231873E-001,-6.841706633567810E-001,
2.840233333333334E+009,1.858239918947220E-001,1.028725430369377E-001,-6.792815923690796E-001,-6.701955795288086E-001,1.858239918947220E-001,1.028725430369377E-001,-6.792815923690796E-001,-6.701955795288086E-001,
2.848600000000000E+009,1.968671232461929E-001,6.642454117536545E-002,-6.884195804595947E-001,-6.528356671333313E-001,1.968671232461929E-001,6.642454117536545E-002,-6.884195804595947E-001,-6.528356671333313E-001,
2.856966666666667E+009,1.895824521780014E-001,3.179679438471794E-002,-7.060629129409790E-001,-6.408767104148865E-001,1.895824521780014E-001,3.179679438471794E-002,-7.060629129409790E-001,-6.408767104148865E-001,
2.865333333333334E+009,1.644735634326935E-001,7.081042975187302E-003,-7.241167426109314E-001,-6.308212876319885E-001,1.644735634326935E-001,7.081042975187302E-003,-7.241167426109314E-001,-6.308212876319885E-001,
2.873700000000000E+009,1.290253847837448E-001,2.026905771344900E-003,-7.463258504867554E-001,-6.078911423683167E-001,1.290253847837448E-001,2.026905771344900E-003,-7.463258504867554E-001,-6.078911423683167E-001,
2.882066666666667E+009,9.781562536954880E-002,1.561317872256041E-002,-7.628580331802368E-001,-5.860610008239746E-001,9.781562536954880E-002,1.561317872256041E-002,-7.628580331802368E-001,-5.860610008239746E-001,
2.890433333333334E+009,8.033222705125809E-002,4.336000978946686E-002,-7.831164002418518E-001,-5.668662786483765E-001,8.033222705125809E-002,4.336000978946686E-002,-7.831164002418518E-001,-5.668662786483765E-001,
2.898800000000000E+009,8.433800935745239E-002,7.568147033452988E-002,-7.970911860466003E-001,-5.468336343765259E-001,8.433800935745239E-002,7.568147033452988E-002,-7.970911860466003E-001,-5.468336343765259E-001,
2.907166666666667E+009,1.075135171413422E-001,9.792128205299377E-002,-8.045929670333862E-001,-5.253553390502930E-001,1.075135171413422E-001,9.792128205299377E-002,-8.045929670333862E-001,-5.253553390502930E-001,
2.915533333333334E+009,1.463523358106613E-001,1.044913828372955E-001,-8.198068737983704E-001,-4.949151575565338E-001,1.463523358106613E-001,1.044913828372955E-001,-8.198068737983704E-001,-4.949151575565338E-001,
2.923900000000000E+009,1.818425804376602E-001,9.107787907123566E-002,-8.246847391128540E-001,-4.790129363536835E-001,1.818425804376602E-001,9.107787907123566E-002,-8.246847391128540E-001,-4.790129363536835E-001,
2.932266666666667E+009,2.103393375873566E-001,6.087157130241394E-002,-8.319149613380432E-001,-4.603810012340546E-001,2.103393375873566E-001,6.087157130241394E-002,-8.319149613380432E-001,-4.603810012340546E-001,
2.940633333333334E+009,2.198609709739685E-001,1.919842325150967E-002,-8.389036655426025E-001,-4.398329555988312E-001,2.198609709739685E-001,1.919842325150967E-002,-8.389036655426025E-001,-4.398329555988312E-001,
2.949000000000000E+009,2.105491459369659E-001,-2.186035923659802E-002,-8.543087840080261E-001,-4.169648289680481E-001,2.105491459369659E-001,-2.186035923659802E-002,-8.543087840080261E-001,-4.169648289680481E-001,
2.957366666666667E+009,1.843876093626022E-001,-4.958987236022949E-002,-8.657035231590271E-001,-4.074259996414185E-001,1.843876093626022E-001,-4.958987236022949E-002,-8.657035231590271E-001,-4.074259996414185E-001,
2.965733333333334E+009,1.467936635017395E-001,-5.739607661962509E-002,-8.815776705741882E-001,-3.855133652687073E-001,1.467936635017395E-001,-5.739607661962509E-002,-8.815776705741882E-001,-3.855133652687073E-001,
2.974100000000000E+009,1.128382459282875E-001,-4.563180729746819E-002,-8.969957828521729E-001,-3.573572337627411E-001,1.128382459282875E-001,-4.563180729746819E-002,-8.969957828521729E-001,-3.573572337627411E-001,
2.982466666666667E+009,9.105987101793289E-002,-1.571196131408215E-002,-9.110016822814941E-001,-3.312183320522308E-001,9.105987101793289E-002,-1.571196131408215E-002,-9.110016822814941E-001,-3.312183320522308E-001,
2.990833333333334E+009,9.234054386615753E-002,1.855228841304779E-002,-9.159359335899353E-001,-3.088099658489227E-001,9.234054386615753E-002,1.855228841304779E-002,-9.159359335899353E-001,-3.088099658489227E-001,
2.999200000000000E+009,1.149066835641861E-001,4.499473422765732E-002,-9.252946972846985E-001,-2.790099382400513E-001,1.149066835641861E-001,4.499473422765732E-002,-9.252946972846985E-001,-2.790099382400513E-001,
3.007566666666667E+009,1.515777558088303E-001,5.342104658484459E-002,-9.287409186363220E-001,-2.519584000110626E-001,1.515777558088303E-001,5.342104658484459E-002,-9.287409186363220E-001,-2.519584000110626E-001,
3.015933333333334E+009,1.902458816766739E-001,3.838295862078667E-002,-9.259895682334900E-001,-2.307263314723969E-001,1.902458816766739E-001,3.838295862078667E-002,-9.259895682334900E-001,-2.307263314723969E-001,
3.024300000000000E+009,2.174209803342819E-001,4.633525852113962E-003,-9.281632304191589E-001,-2.092512249946594E-001,2.174209803342819E-001,4.633525852113962E-003,-9.281632304191589E-001,-2.092512249946594E-001,
3.032666666666667E+009,2.255702912807465E-001,-4.162798821926117E-002,-9.297934174537659E-001,-1.878534704446793E-001,2.255702912807465E-001,-4.162798821926117E-002,-9.297934174537659E-001,-1.878534704446793E-001,
3.041033333333334E+009,2.114071846008301E-001,-8.158957958221436E-002,-9.303666949272156E-001,-1.734411120414734E-001,2.114071846008301E-001,-8.158957958221436E-002,-9.303666949272156E-001,-1.734411120414734E-001,
3.049400000000000E+009,1.787399798631668E-001,-1.123282387852669E-001,-9.366272687911987E-001,-1.467442661523819E-001,1.787399798631668E-001,-1.123282387852669E-001,-9.366272687911987E-001,-1.467442661523819E-001,
3.057766666666667E+009,1.373531520366669E-001,-1.218084618449211E-001,-9.488612413406372E-001,-1.401490122079849E-001,1.373531520366669E-001,-1.218084618449211E-001,-9.488612413406372E-001,-1.401490122079849E-001,
3.066133333333334E+009,9.671127051115036E-002,-1.058901697397232E-001,-9.517759680747986E-001,-1.069212928414345E-001,9.671127051115036E-002,-1.058901697397232E-001,-9.517759680747986E-001,-1.069212928414345E-001,
3.074500000000000E+009,7.252197712659836E-002,-7.260190695524216E-002,-9.633058309555054E-001,-7.633835077285767E-002,7.252197712659836E-002,-7.260190695524216E-002,-9.633058309555054E-001,-7.633835077285767E-002,
3.082866666666667E+009,7.191643118858337E-002,-3.155676275491715E-002,-9.681357145309448E-001,-5.200361460447311E-002,7.191643118858337E-002,-3.155676275491715E-002,-9.681357145309448E-001,-5.200361460447311E-002,
3.091233333333334E+009,9.799174219369888E-002,1.515529002062976E-003,-9.669599533081055E-001,-1.727651804685593E-002,9.799174219369888E-002,1.515529002062976E-003,-9.669599533081055E-001,-1.727651804685593E-002,
3.099600000000000E+009,1.398319900035858E-001,1.113789062947035E-002,-9.596430063247681E-001,1.048881374299526E-002,1.398319900035858E-001,1.113789062947035E-002,-9.596430063247681E-001,1.048881374299526E-002,
3.107966666666667E+009,1.841271817684174E-001,-7.245459593832493E-003,-9.557332992553711E-001,3.221840783953667E-002,1.841271817684174E-001,-7.245459593832493E-003,-9.557332992553711E-001,3.221840783953667E-002,
3.116333333333334E+009,2.155592143535614E-001,-4.698987677693367E-002,-9.457685351371765E-001,5.976003408432007E-002,2.155592143535614E-001,-4.698987677693367E-002,-9.457685351371765E-001,5.976003408432007E-002,
3.124700000000000E+009,2.204901278018951E-001,-9.949418902397156E-002,-9.418387413024902E-001,7.453870773315430E-002,2.204901278018951E-001,-9.949418902397156E-002,-9.418387413024902E-001,7.453870773315430E-002,
3.133066666666667E+009,2.035388201475143E-001,-1.495655775070190E-001,-9.403347373008728E-001,9.539872407913208E-002,2.035388201475143E-001,-1.495655775070190E-001,-9.403347373008728E-001,9.539872407913208E-002,
3.141433333333334E+009,1.633108705282211E-001,-1.860669255256653E-001,-9.390845894813538E-001,1.085738316178322E-001,1.633108705282211E-001,-1.860669255256653E-001,-9.390845894813538E-001,1.085738316178322E-001,
3.149800000000000E+009,1.110981628298760E-001,-1.979137808084488E-001,-9.438647627830505E-001,1.335414648056030E-001,1.110981628298760E-001,-1.979137808084488E-001,-9.438647627830505E-001,1.335414648056030E-001,
3.158166666666667E+009,6.270020455121994E-002,-1.812224090099335E-001,-9.417204856872559E-001,1.554953008890152E-001,6.270020455121994E-002,-1.812224090099335E-001,-9.417204856872559E-001,1.554953008890152E-001,
3.166533333333334E+009,3.111337497830391E-002,-1.431623399257660E-001,-9.460461735725403E-001,1.801383495330811E-001,3.111337497830391E-002,-1.431623399257660E-001,-9.460461735725403E-001,1.801383495330811E-001,
3.174900000000000E+009,2.254286967217922E-002,-9.513217955827713E-002,-9.434832930564880E-001,2.106234133243561E-001,2.254286967217922E-002,-9.513217955827713E-002,-9.434832930564880E-001,2.106234133243561E-001,
3.183266666666667E+009,4.543113335967064E-002,-5.243432521820068E-002,-9.357032179832459E-001,2.419195771217346E-001,4.543113335967064E-002,-5.243432521820068E-002,-9.357032179832459E-001,2.419195771217346E-001,
3.191633333333334E+009,8.846485614776611E-002,-3.642470389604569E-002,-9.226002097129822E-001,2.702892422676086E-001,8.846485614776611E-002,-3.642470389604569E-002,-9.226002097129822E-001,2.702892422676086E-001,
3.200000000000000E+009,1.328147798776627E-001,-5.020954459905624E-002,-9.136295914649963E-001,2.931900024414063E-001,1.328147798776627E-001,-5.020954459905624E-002,-9.136295914649963E-001,2.931900024414063E-001,
