% Version 1.00
%
%freq[Hz],re:Trc1_S11,im:Trc1_S11,re:Trc2_S21,im:Trc2_S21,re:Trc3_S11,im:Trc3_S11,re:Trc4_S21,im:Trc4_S21,
6.900000000000000E+008,-5.064570903778076E-002,3.953089192509651E-002,-5.021529793739319E-001,-8.468619585037231E-001,-5.064570903778076E-002,3.953089192509651E-002,-5.021529793739319E-001,-8.468619585037231E-001,
6.983666666666666E+008,-4.267621412873268E-002,3.948076441884041E-002,-5.146190524101257E-001,-8.284349441528320E-001,-4.267621412873268E-002,3.948076441884041E-002,-5.146190524101257E-001,-8.284349441528320E-001,
7.067333333333334E+008,-3.694193810224533E-002,3.650297969579697E-002,-5.475644469261169E-001,-8.027074933052063E-001,-3.694193810224533E-002,3.650297969579697E-002,-5.475644469261169E-001,-8.027074933052063E-001,
7.151000000000000E+008,-3.805349394679070E-002,2.863852493464947E-002,-5.578418374061585E-001,-7.952759861946106E-001,-3.805349394679070E-002,2.863852493464947E-002,-5.578418374061585E-001,-7.952759861946106E-001,
7.234666666666666E+008,-3.803710266947746E-002,2.281833067536354E-002,-5.973173379898071E-001,-7.862560749053955E-001,-3.803710266947746E-002,2.281833067536354E-002,-5.973173379898071E-001,-7.862560749053955E-001,
7.318333333333334E+008,-4.562191292643547E-002,2.022914774715900E-002,-5.998154878616333E-001,-7.756798267364502E-001,-4.562191292643547E-002,2.022914774715900E-002,-5.998154878616333E-001,-7.756798267364502E-001,
7.402000000000000E+008,-5.301863327622414E-002,2.250239811837673E-002,-6.331273317337036E-001,-7.553420066833496E-001,-5.301863327622414E-002,2.250239811837673E-002,-6.331273317337036E-001,-7.553420066833496E-001,
7.485666666666666E+008,-5.827609449625015E-002,2.872165106236935E-002,-6.535939574241638E-001,-7.147766947746277E-001,-5.827609449625015E-002,2.872165106236935E-002,-6.535939574241638E-001,-7.147766947746277E-001,
7.569333333333334E+008,-5.880756303668022E-002,3.756276145577431E-002,-6.698052287101746E-001,-7.188238501548767E-001,-5.880756303668022E-002,3.756276145577431E-002,-6.698052287101746E-001,-7.188238501548767E-001,
7.653000000000000E+008,-5.491003394126892E-002,4.663179814815521E-002,-6.728602647781372E-001,-7.109715938568115E-001,-5.491003394126892E-002,4.663179814815521E-002,-6.728602647781372E-001,-7.109715938568115E-001,
7.736666666666666E+008,-4.712632298469544E-002,5.532257258892059E-002,-7.002170085906982E-001,-7.031724452972412E-001,-4.712632298469544E-002,5.532257258892059E-002,-7.002170085906982E-001,-7.031724452972412E-001,
7.820333333333334E+008,-4.046603292226791E-002,5.916043743491173E-002,-7.242888808250427E-001,-6.793802380561829E-001,-4.046603292226791E-002,5.916043743491173E-002,-7.242888808250427E-001,-6.793802380561829E-001,
7.904000000000000E+008,-3.093618154525757E-002,5.794392898678780E-002,-7.402649521827698E-001,-6.608427762985230E-001,-3.093618154525757E-002,5.794392898678780E-002,-7.402649521827698E-001,-6.608427762985230E-001,
7.987666666666666E+008,-2.383149601519108E-002,5.290483683347702E-002,-7.452681064605713E-001,-6.368002295494080E-001,-2.383149601519108E-002,5.290483683347702E-002,-7.452681064605713E-001,-6.368002295494080E-001,
8.071333333333334E+008,-2.318388037383556E-002,4.850677400827408E-002,-7.673425674438477E-001,-6.202266812324524E-001,-2.318388037383556E-002,4.850677400827408E-002,-7.673425674438477E-001,-6.202266812324524E-001,
8.155000000000000E+008,-2.739462815225124E-002,4.153458774089813E-002,-7.734367847442627E-001,-5.773986577987671E-001,-2.739462815225124E-002,4.153458774089813E-002,-7.734367847442627E-001,-5.773986577987671E-001,
8.238666666666666E+008,-3.218362107872963E-002,3.845233470201492E-002,-8.038457632064819E-001,-5.840149521827698E-001,-3.218362107872963E-002,3.845233470201492E-002,-8.038457632064819E-001,-5.840149521827698E-001,
8.322333333333334E+008,-4.048200696706772E-002,4.067395254969597E-002,-8.175817728042603E-001,-5.547529458999634E-001,-4.048200696706772E-002,4.067395254969597E-002,-8.175817728042603E-001,-5.547529458999634E-001,
8.406000000000000E+008,-4.515045881271362E-002,4.399123415350914E-002,-8.281121253967285E-001,-5.390793085098267E-001,-4.515045881271362E-002,4.399123415350914E-002,-8.281121253967285E-001,-5.390793085098267E-001,
8.489666666666668E+008,-4.573637247085571E-002,5.259298160672188E-002,-8.478383421897888E-001,-5.149692296981812E-001,-4.573637247085571E-002,5.259298160672188E-002,-8.478383421897888E-001,-5.149692296981812E-001,
8.573333333333334E+008,-4.246226325631142E-002,5.981111526489258E-002,-8.559627532958984E-001,-4.951873421669006E-001,-4.246226325631142E-002,5.981111526489258E-002,-8.559627532958984E-001,-4.951873421669006E-001,
8.657000000000000E+008,-3.527025133371353E-002,6.868418306112289E-002,-8.713099956512451E-001,-4.703031182289124E-001,-3.527025133371353E-002,6.868418306112289E-002,-8.713099956512451E-001,-4.703031182289124E-001,
8.740666666666668E+008,-2.685412019491196E-002,7.368601858615875E-002,-8.635733723640442E-001,-4.500634968280792E-001,-2.685412019491196E-002,7.368601858615875E-002,-8.635733723640442E-001,-4.500634968280792E-001,
8.824333333333334E+008,-1.804117299616337E-002,7.281748205423355E-002,-8.947176933288574E-001,-4.169627726078033E-001,-1.804117299616337E-002,7.281748205423355E-002,-8.947176933288574E-001,-4.169627726078033E-001,
8.908000000000000E+008,-1.064393296837807E-002,7.287175208330154E-002,-9.073698520660400E-001,-4.145773649215698E-001,-1.064393296837807E-002,7.287175208330154E-002,-9.073698520660400E-001,-4.145773649215698E-001,
8.991666666666668E+008,-7.573473732918501E-003,6.627667695283890E-002,-9.212943911552429E-001,-3.856589198112488E-001,-7.573473732918501E-003,6.627667695283890E-002,-9.212943911552429E-001,-3.856589198112488E-001,
9.075333333333334E+008,-7.581538055092096E-003,6.153704971075058E-002,-9.110448956489563E-001,-3.569967746734619E-001,-7.581538055092096E-003,6.153704971075058E-002,-9.110448956489563E-001,-3.569967746734619E-001,
9.159000000000000E+008,-1.018006540834904E-002,5.672543495893478E-002,-9.270187616348267E-001,-3.485284447669983E-001,-1.018006540834904E-002,5.672543495893478E-002,-9.270187616348267E-001,-3.485284447669983E-001,
9.242666666666668E+008,-1.552219316363335E-002,5.243425071239471E-002,-9.363170266151428E-001,-3.223848044872284E-001,-1.552219316363335E-002,5.243425071239471E-002,-9.363170266151428E-001,-3.223848044872284E-001,
9.326333333333334E+008,-1.998283714056015E-002,5.435609444975853E-002,-9.404084086418152E-001,-2.898130118846893E-001,-1.998283714056015E-002,5.435609444975853E-002,-9.404084086418152E-001,-2.898130118846893E-001,
9.410000000000000E+008,-2.530502714216709E-002,6.103792414069176E-002,-9.455015063285828E-001,-2.614341676235199E-001,-2.530502714216709E-002,6.103792414069176E-002,-9.455015063285828E-001,-2.614341676235199E-001,
9.493666666666668E+008,-2.592198736965656E-002,6.844352185726166E-002,-9.500523805618286E-001,-2.510593533515930E-001,-2.592198736965656E-002,6.844352185726166E-002,-9.500523805618286E-001,-2.510593533515930E-001,
9.577333333333334E+008,-2.091553248465061E-002,7.695814967155457E-002,-9.767355322837830E-001,-2.093390971422195E-001,-2.091553248465061E-002,7.695814967155457E-002,-9.767355322837830E-001,-2.093390971422195E-001,
9.661000000000000E+008,-1.276245713233948E-002,8.416692167520523E-002,-9.580031037330627E-001,-1.961533725261688E-001,-1.276245713233948E-002,8.416692167520523E-002,-9.580031037330627E-001,-1.961533725261688E-001,
9.744666666666668E+008,-2.800542162731290E-003,8.831367641687393E-002,-9.728592634201050E-001,-1.623759418725967E-001,-2.800542162731290E-003,8.831367641687393E-002,-9.728592634201050E-001,-1.623759418725967E-001,
9.828333333333334E+008,1.130372378975153E-002,8.707661926746368E-002,-9.658733010292053E-001,-1.409662067890167E-001,1.130372378975153E-002,8.707661926746368E-002,-9.658733010292053E-001,-1.409662067890167E-001,
9.912000000000000E+008,2.082191966474056E-002,8.408964425325394E-002,-9.793817400932312E-001,-1.286235451698303E-001,2.082191966474056E-002,8.408964425325394E-002,-9.793817400932312E-001,-1.286235451698303E-001,
9.995666666666668E+008,2.554520778357983E-002,7.481446117162705E-002,-9.841434955596924E-001,-8.977281302213669E-002,2.554520778357983E-002,7.481446117162705E-002,-9.841434955596924E-001,-8.977281302213669E-002,
1.007933333333333E+009,2.589385956525803E-002,6.668933480978012E-002,-9.867861270904541E-001,-7.205393910408020E-002,2.589385956525803E-002,6.668933480978012E-002,-9.867861270904541E-001,-7.205393910408020E-002,
1.016300000000000E+009,1.986459642648697E-002,5.790217593312264E-002,-9.871530532836914E-001,-4.939204826951027E-002,1.986459642648697E-002,5.790217593312264E-002,-9.871530532836914E-001,-4.939204826951027E-002,
1.024666666666667E+009,1.184473000466824E-002,5.656085908412933E-002,-9.891462922096252E-001,-2.550058811903000E-002,1.184473000466824E-002,5.656085908412933E-002,-9.891462922096252E-001,-2.550058811903000E-002,
1.033033333333333E+009,4.806869663298130E-003,5.779009312391281E-002,-9.668483138084412E-001,1.462215371429920E-002,4.806869663298130E-003,5.779009312391281E-002,-9.668483138084412E-001,1.462215371429920E-002,
1.041400000000000E+009,8.641985477879643E-004,6.426804512739182E-002,-9.747970104217529E-001,3.406159579753876E-002,8.641985477879643E-004,6.426804512739182E-002,-9.747970104217529E-001,3.406159579753876E-002,
1.049766666666667E+009,4.676719254348427E-004,7.239192724227905E-002,-9.802078604698181E-001,5.547280609607697E-002,4.676719254348427E-004,7.239192724227905E-002,-9.802078604698181E-001,5.547280609607697E-002,
1.058133333333333E+009,8.456156589090824E-003,8.137688785791397E-002,-9.781674146652222E-001,8.057822287082672E-002,8.456156589090824E-003,8.137688785791397E-002,-9.781674146652222E-001,8.057822287082672E-002,
1.066500000000000E+009,2.171182259917259E-002,8.626475930213928E-002,-9.643201231956482E-001,1.058138906955719E-001,2.171182259917259E-002,8.626475930213928E-002,-9.643201231956482E-001,1.058138906955719E-001,
1.074866666666667E+009,3.377757593989372E-002,8.301057666540146E-002,-9.731664657592773E-001,1.373078823089600E-001,3.377757593989372E-002,8.301057666540146E-002,-9.731664657592773E-001,1.373078823089600E-001,
1.083233333333334E+009,4.689101129770279E-002,7.868909090757370E-002,-9.672806262969971E-001,1.550469398498535E-001,4.689101129770279E-002,7.868909090757370E-002,-9.672806262969971E-001,1.550469398498535E-001,
1.091600000000000E+009,5.108613520860672E-002,6.680486351251602E-002,-9.609125852584839E-001,1.875600516796112E-001,5.108613520860672E-002,6.680486351251602E-002,-9.609125852584839E-001,1.875600516796112E-001,
1.099966666666667E+009,5.311348661780357E-002,5.406898260116577E-002,-9.562993049621582E-001,2.064492702484131E-001,5.311348661780357E-002,5.406898260116577E-002,-9.562993049621582E-001,2.064492702484131E-001,
1.108333333333334E+009,4.436201974749565E-002,4.357026889920235E-002,-9.671978354454041E-001,2.265688627958298E-001,4.436201974749565E-002,4.357026889920235E-002,-9.671978354454041E-001,2.265688627958298E-001,
1.116700000000000E+009,3.243229538202286E-002,4.439370706677437E-002,-9.576886296272278E-001,2.578849494457245E-001,3.243229538202286E-002,4.439370706677437E-002,-9.576886296272278E-001,2.578849494457245E-001,
1.125066666666667E+009,2.045672386884689E-002,4.533369094133377E-002,-9.384449124336243E-001,2.810396850109100E-001,2.045672386884689E-002,4.533369094133377E-002,-9.384449124336243E-001,2.810396850109100E-001,
1.133433333333334E+009,1.003448013216257E-002,5.711842328310013E-002,-9.340035319328308E-001,2.982423007488251E-001,1.003448013216257E-002,5.711842328310013E-002,-9.340035319328308E-001,2.982423007488251E-001,
1.141800000000000E+009,1.142970379441977E-002,6.992756575345993E-002,-9.234471917152405E-001,3.236267864704132E-001,1.142970379441977E-002,6.992756575345993E-002,-9.234471917152405E-001,3.236267864704132E-001,
1.150166666666667E+009,1.902112737298012E-002,8.228220045566559E-002,-9.150202274322510E-001,3.529725968837738E-001,1.902112737298012E-002,8.228220045566559E-002,-9.150202274322510E-001,3.529725968837738E-001,
1.158533333333334E+009,3.747795894742012E-002,8.982361853122711E-002,-9.072421193122864E-001,3.764572441577911E-001,3.747795894742012E-002,8.982361853122711E-002,-9.072421193122864E-001,3.764572441577911E-001,
1.166900000000000E+009,5.762964859604836E-002,8.873944729566574E-002,-8.971483111381531E-001,4.027361869812012E-001,5.762964859604836E-002,8.873944729566574E-002,-8.971483111381531E-001,4.027361869812012E-001,
1.175266666666667E+009,7.394892722368240E-002,7.880952954292297E-002,-8.786461353302002E-001,4.194056093692780E-001,7.394892722368240E-002,7.880952954292297E-002,-8.786461353302002E-001,4.194056093692780E-001,
1.183633333333334E+009,8.697110414505005E-002,6.363344192504883E-002,-8.737862110137940E-001,4.446424543857575E-001,8.697110414505005E-002,6.363344192504883E-002,-8.737862110137940E-001,4.446424543857575E-001,
1.192000000000000E+009,8.776259422302246E-002,4.619796574115753E-002,-8.660932183265686E-001,4.687153697013855E-001,8.776259422302246E-002,4.619796574115753E-002,-8.660932183265686E-001,4.687153697013855E-001,
1.200366666666667E+009,7.843619585037231E-002,2.841525152325630E-002,-8.521469235420227E-001,4.872588515281677E-001,7.843619585037231E-002,2.841525152325630E-002,-8.521469235420227E-001,4.872588515281677E-001,
1.208733333333334E+009,6.061009690165520E-002,1.978385262191296E-002,-8.488611578941345E-001,5.171391367912293E-001,6.061009690165520E-002,1.978385262191296E-002,-8.488611578941345E-001,5.171391367912293E-001,
1.217100000000000E+009,4.222666844725609E-002,2.182640694081783E-002,-8.140216469764710E-001,5.313895940780640E-001,4.222666844725609E-002,2.182640694081783E-002,-8.140216469764710E-001,5.313895940780640E-001,
1.225466666666667E+009,3.052010759711266E-002,3.287559747695923E-002,-8.173852562904358E-001,5.568248629570007E-001,3.052010759711266E-002,3.287559747695923E-002,-8.173852562904358E-001,5.568248629570007E-001,
1.233833333333334E+009,2.928455919027329E-002,4.819084703922272E-002,-7.972270846366882E-001,5.756140351295471E-001,2.928455919027329E-002,4.819084703922272E-002,-7.972270846366882E-001,5.756140351295471E-001,
1.242200000000000E+009,3.523198887705803E-002,6.273012608289719E-002,-7.673308253288269E-001,5.956849455833435E-001,3.523198887705803E-002,6.273012608289719E-002,-7.673308253288269E-001,5.956849455833435E-001,
1.250566666666667E+009,5.068736523389816E-002,7.211254537105560E-002,-7.732964158058167E-001,6.240503787994385E-001,5.068736523389816E-002,7.211254537105560E-002,-7.732964158058167E-001,6.240503787994385E-001,
1.258933333333334E+009,7.234335690736771E-002,7.196902483701706E-002,-7.544268965721130E-001,6.327324509620667E-001,7.234335690736771E-002,7.196902483701706E-002,-7.544268965721130E-001,6.327324509620667E-001,
1.267300000000000E+009,9.042806178331375E-002,5.945478752255440E-002,-7.285708785057068E-001,6.497459411621094E-001,9.042806178331375E-002,5.945478752255440E-002,-7.285708785057068E-001,6.497459411621094E-001,
1.275666666666667E+009,1.022821664810181E-001,4.222190007567406E-002,-7.236634492874146E-001,6.540203094482422E-001,1.022821664810181E-001,4.222190007567406E-002,-7.236634492874146E-001,6.540203094482422E-001,
1.284033333333334E+009,1.041519865393639E-001,1.965585350990295E-002,-6.935515999794006E-001,7.056899070739746E-001,1.041519865393639E-001,1.965585350990295E-002,-6.935515999794006E-001,7.056899070739746E-001,
1.292400000000000E+009,9.191134572029114E-002,1.569113577716053E-003,-6.888376474380493E-001,7.046678066253662E-001,9.191134572029114E-002,1.569113577716053E-003,-6.888376474380493E-001,7.046678066253662E-001,
1.300766666666667E+009,7.347333431243897E-002,-5.821969360113144E-003,-6.720208525657654E-001,7.208504080772400E-001,7.347333431243897E-002,-5.821969360113144E-003,-6.720208525657654E-001,7.208504080772400E-001,
1.309133333333334E+009,5.368181318044663E-002,-3.215861972421408E-003,-6.565206050872803E-001,7.476464509963989E-001,5.368181318044663E-002,-3.215861972421408E-003,-6.565206050872803E-001,7.476464509963989E-001,
1.317500000000000E+009,3.948543965816498E-002,9.347448125481606E-003,-6.272602081298828E-001,7.756875753402710E-001,3.948543965816498E-002,9.347448125481606E-003,-6.272602081298828E-001,7.756875753402710E-001,
1.325866666666667E+009,3.455984964966774E-002,2.520875073969364E-002,-6.056370139122009E-001,7.725863456726074E-001,3.455984964966774E-002,2.520875073969364E-002,-6.056370139122009E-001,7.725863456726074E-001,
1.334233333333334E+009,4.184845834970474E-002,4.335170239210129E-002,-5.860831141471863E-001,7.856023311614990E-001,4.184845834970474E-002,4.335170239210129E-002,-5.860831141471863E-001,7.856023311614990E-001,
1.342600000000000E+009,5.900657549500465E-002,4.856026917695999E-002,-5.727561116218567E-001,8.045933842658997E-001,5.900657549500465E-002,4.856026917695999E-002,-5.727561116218567E-001,8.045933842658997E-001,
1.350966666666667E+009,7.785472273826599E-002,4.695088043808937E-002,-5.411884784698486E-001,8.208956718444824E-001,7.785472273826599E-002,4.695088043808937E-002,-5.411884784698486E-001,8.208956718444824E-001,
1.359333333333334E+009,9.440898150205612E-002,3.384732455015183E-002,-5.245208740234375E-001,8.278715014457703E-001,9.440898150205612E-002,3.384732455015183E-002,-5.245208740234375E-001,8.278715014457703E-001,
1.367700000000000E+009,1.016323640942574E-001,1.186695229262114E-002,-5.078971385955811E-001,8.411828875541687E-001,1.016323640942574E-001,1.186695229262114E-002,-5.078971385955811E-001,8.411828875541687E-001,
1.376066666666667E+009,9.675133973360062E-002,-1.178937312215567E-002,-4.802587032318115E-001,8.529723286628723E-001,9.675133973360062E-002,-1.178937312215567E-002,-4.802587032318115E-001,8.529723286628723E-001,
1.384433333333334E+009,8.159959316253662E-002,-2.563876286149025E-002,-4.753828346729279E-001,8.643733263015747E-001,8.159959316253662E-002,-2.563876286149025E-002,-4.753828346729279E-001,8.643733263015747E-001,
1.392800000000000E+009,5.826535820960999E-002,-2.901703678071499E-002,-4.491283893585205E-001,8.722059130668640E-001,5.826535820960999E-002,-2.901703678071499E-002,-4.491283893585205E-001,8.722059130668640E-001,
1.401166666666667E+009,4.014439880847931E-002,-2.083025500178337E-002,-4.172846078872681E-001,8.972612023353577E-001,4.014439880847931E-002,-2.083025500178337E-002,-4.172846078872681E-001,8.972612023353577E-001,
1.409533333333334E+009,2.784237079322338E-002,-7.237915415316820E-004,-3.937106728553772E-001,9.089407920837402E-001,2.784237079322338E-002,-7.237915415316820E-004,-3.937106728553772E-001,9.089407920837402E-001,
1.417900000000000E+009,2.662254311144352E-002,2.048335038125515E-002,-3.545551002025604E-001,9.010422825813294E-001,2.662254311144352E-002,2.048335038125515E-002,-3.545551002025604E-001,9.010422825813294E-001,
1.426266666666667E+009,3.772129863500595E-002,3.896431624889374E-002,-3.456635773181915E-001,9.317882061004639E-001,3.772129863500595E-002,3.896431624889374E-002,-3.456635773181915E-001,9.317882061004639E-001,
1.434633333333334E+009,5.629070475697517E-002,4.578151553869247E-002,-3.190691471099854E-001,9.225828647613525E-001,5.629070475697517E-002,4.578151553869247E-002,-3.190691471099854E-001,9.225828647613525E-001,
1.443000000000000E+009,7.903319597244263E-002,4.188072308897972E-002,-2.937666475772858E-001,9.362957477569580E-001,7.903319597244263E-002,4.188072308897972E-002,-2.937666475772858E-001,9.362957477569580E-001,
1.451366666666667E+009,9.511040151119232E-002,2.463406324386597E-002,-2.740784287452698E-001,9.400782585144043E-001,9.511040151119232E-002,2.463406324386597E-002,-2.740784287452698E-001,9.400782585144043E-001,
1.459733333333334E+009,1.012426093220711E-001,3.128986107185483E-003,-2.609167098999023E-001,9.435626864433289E-001,1.012426093220711E-001,3.128986107185483E-003,-2.609167098999023E-001,9.435626864433289E-001,
1.468100000000000E+009,9.573429822921753E-002,-1.891365461051464E-002,-2.227376252412796E-001,9.511296749114990E-001,9.573429822921753E-002,-1.891365461051464E-002,-2.227376252412796E-001,9.511296749114990E-001,
1.476466666666667E+009,7.966364175081253E-002,-3.365680575370789E-002,-2.040537744760513E-001,9.662530422210693E-001,7.966364175081253E-002,-3.365680575370789E-002,-2.040537744760513E-001,9.662530422210693E-001,
1.484833333333334E+009,5.785628408193588E-002,-3.707855939865112E-002,-1.718188524246216E-001,9.668916463851929E-001,5.785628408193588E-002,-3.707855939865112E-002,-1.718188524246216E-001,9.668916463851929E-001,
1.493200000000000E+009,4.141921550035477E-002,-2.708295732736588E-002,-1.553071290254593E-001,9.708352088928223E-001,4.141921550035477E-002,-2.708295732736588E-002,-1.553071290254593E-001,9.708352088928223E-001,
1.501566666666667E+009,3.206804022192955E-002,-8.089329116046429E-003,-1.241132244467735E-001,9.730294346809387E-001,3.206804022192955E-002,-8.089329116046429E-003,-1.241132244467735E-001,9.730294346809387E-001,
1.509933333333334E+009,3.193135559558868E-002,1.388399396091700E-002,-1.096558570861816E-001,9.775706529617310E-001,3.193135559558868E-002,1.388399396091700E-002,-1.096558570861816E-001,9.775706529617310E-001,
1.518300000000000E+009,4.688880220055580E-002,3.000907041132450E-002,-8.100245147943497E-002,9.856580495834351E-001,4.688880220055580E-002,3.000907041132450E-002,-8.100245147943497E-002,9.856580495834351E-001,
1.526666666666667E+009,6.712516397237778E-002,3.553887084126473E-002,-4.639798030257225E-002,9.753222465515137E-001,6.712516397237778E-002,3.553887084126473E-002,-4.639798030257225E-002,9.753222465515137E-001,
1.535033333333334E+009,8.748456835746765E-002,3.111958317458630E-002,-2.430731244385243E-002,9.887976646423340E-001,8.748456835746765E-002,3.111958317458630E-002,-2.430731244385243E-002,9.887976646423340E-001,
1.543400000000000E+009,1.009428203105927E-001,1.382201444357634E-002,-6.274103187024593E-003,9.799979329109192E-001,1.009428203105927E-001,1.382201444357634E-002,-6.274103187024593E-003,9.799979329109192E-001,
1.551766666666667E+009,1.030590012669563E-001,-9.870597161352634E-003,1.502516586333513E-002,9.748182296752930E-001,1.030590012669563E-001,-9.870597161352634E-003,1.502516586333513E-002,9.748182296752930E-001,
1.560133333333334E+009,9.647554904222488E-002,-3.170440346002579E-002,3.610516712069511E-002,9.806343913078308E-001,9.647554904222488E-002,-3.170440346002579E-002,3.610516712069511E-002,9.806343913078308E-001,
1.568500000000000E+009,8.115580677986145E-002,-4.544391483068466E-002,5.626609176397324E-002,9.846103787422180E-001,8.115580677986145E-002,-4.544391483068466E-002,5.626609176397324E-002,9.846103787422180E-001,
1.576866666666667E+009,6.147997826337814E-002,-4.692893475294113E-002,9.664725512266159E-002,9.750170707702637E-001,6.147997826337814E-002,-4.692893475294113E-002,9.664725512266159E-002,9.750170707702637E-001,
1.585233333333334E+009,4.771185293793678E-002,-3.852056711912155E-002,1.123917475342751E-001,9.758536815643311E-001,4.771185293793678E-002,-3.852056711912155E-002,1.123917475342751E-001,9.758536815643311E-001,
1.593600000000000E+009,3.982165455818176E-002,-2.320307865738869E-002,1.404711008071899E-001,9.714232683181763E-001,3.982165455818176E-002,-2.320307865738869E-002,1.404711008071899E-001,9.714232683181763E-001,
1.601966666666667E+009,4.213886708021164E-002,-4.182124044746161E-003,1.614734530448914E-001,9.644954204559326E-001,4.213886708021164E-002,-4.182124044746161E-003,1.614734530448914E-001,9.644954204559326E-001,
1.610333333333334E+009,5.466137826442719E-002,8.284624665975571E-003,1.940361112356186E-001,9.604042172431946E-001,5.466137826442719E-002,8.284624665975571E-003,1.940361112356186E-001,9.604042172431946E-001,
1.618700000000000E+009,7.239945232868195E-002,1.180834695696831E-002,2.186346799135208E-001,9.550892710685730E-001,7.239945232868195E-002,1.180834695696831E-002,2.186346799135208E-001,9.550892710685730E-001,
1.627066666666667E+009,8.789701014757156E-002,4.578234627842903E-003,2.406892925500870E-001,9.462184309959412E-001,8.789701014757156E-002,4.578234627842903E-003,2.406892925500870E-001,9.462184309959412E-001,
1.635433333333334E+009,9.641885012388229E-002,-8.269174024462700E-003,2.664307057857513E-001,9.498183727264404E-001,9.641885012388229E-002,-8.269174024462700E-003,2.664307057857513E-001,9.498183727264404E-001,
1.643800000000000E+009,9.725777804851532E-002,-2.791437134146690E-002,2.803919017314911E-001,9.359198212623596E-001,9.725777804851532E-002,-2.791437134146690E-002,2.803919017314911E-001,9.359198212623596E-001,
1.652166666666667E+009,8.805906027555466E-002,-4.436081647872925E-002,3.150649070739746E-001,9.266614317893982E-001,8.805906027555466E-002,-4.436081647872925E-002,3.150649070739746E-001,9.266614317893982E-001,
1.660533333333334E+009,7.326573878526688E-002,-5.371331796050072E-002,3.313573896884918E-001,9.219731092453003E-001,7.326573878526688E-002,-5.371331796050072E-002,3.313573896884918E-001,9.219731092453003E-001,
1.668900000000000E+009,5.779417604207993E-002,-5.278350040316582E-002,3.525762259960175E-001,9.107094407081604E-001,5.779417604207993E-002,-5.278350040316582E-002,3.525762259960175E-001,9.107094407081604E-001,
1.677266666666667E+009,4.545870423316956E-002,-4.532339051365852E-002,3.937955200672150E-001,9.006398320198059E-001,4.545870423316956E-002,-4.532339051365852E-002,3.937955200672150E-001,9.006398320198059E-001,
1.685633333333334E+009,4.240611568093300E-002,-3.077922761440277E-002,4.087926149368286E-001,8.958382010459900E-001,4.240611568093300E-002,-3.077922761440277E-002,4.087926149368286E-001,8.958382010459900E-001,
1.694000000000000E+009,4.670182988047600E-002,-1.795809902250767E-002,4.269185960292816E-001,8.832225799560547E-001,4.670182988047600E-002,-1.795809902250767E-002,4.269185960292816E-001,8.832225799560547E-001,
1.702366666666667E+009,5.908206850290299E-002,-7.065199781209230E-003,4.515593051910400E-001,8.706550002098084E-001,5.908206850290299E-002,-7.065199781209230E-003,4.515593051910400E-001,8.706550002098084E-001,
1.710733333333334E+009,7.552661001682282E-002,-3.723911009728909E-003,4.680617749691010E-001,8.553113937377930E-001,7.552661001682282E-002,-3.723911009728909E-003,4.680617749691010E-001,8.553113937377930E-001,
1.719100000000000E+009,9.095896780490875E-002,-1.162965595722199E-002,4.965974390506744E-001,8.388488888740540E-001,9.095896780490875E-002,-1.162965595722199E-002,4.965974390506744E-001,8.388488888740540E-001,
1.727466666666667E+009,1.001714989542961E-001,-2.542134188115597E-002,5.139423012733460E-001,8.342892527580261E-001,1.001714989542961E-001,-2.542134188115597E-002,5.139423012733460E-001,8.342892527580261E-001,
1.735833333333334E+009,1.011803522706032E-001,-4.315345361828804E-002,5.278763175010681E-001,8.157923221588135E-001,1.011803522706032E-001,-4.315345361828804E-002,5.278763175010681E-001,8.157923221588135E-001,
1.744200000000000E+009,9.302221238613129E-002,-6.141977757215500E-002,5.561075210571289E-001,7.929629683494568E-001,9.302221238613129E-002,-6.141977757215500E-002,5.561075210571289E-001,7.929629683494568E-001,
1.752566666666667E+009,7.980028539896011E-002,-7.331710308790207E-002,5.830495357513428E-001,7.898645401000977E-001,7.980028539896011E-002,-7.331710308790207E-002,5.830495357513428E-001,7.898645401000977E-001,
1.760933333333334E+009,6.368661671876907E-002,-7.928071916103363E-002,5.924840569496155E-001,7.754468917846680E-001,6.368661671876907E-002,-7.928071916103363E-002,5.924840569496155E-001,7.754468917846680E-001,
1.769300000000000E+009,4.900741204619408E-002,-7.702760398387909E-002,6.175860166549683E-001,7.663127183914185E-001,4.900741204619408E-002,-7.702760398387909E-002,6.175860166549683E-001,7.663127183914185E-001,
1.777666666666667E+009,3.935364633798599E-002,-6.712350249290466E-002,6.330397725105286E-001,7.564630508422852E-001,3.935364633798599E-002,-6.712350249290466E-002,6.330397725105286E-001,7.564630508422852E-001,
1.786033333333334E+009,3.801962360739708E-002,-5.679096654057503E-002,6.474533081054688E-001,7.271588444709778E-001,3.801962360739708E-002,-5.679096654057503E-002,6.474533081054688E-001,7.271588444709778E-001,
1.794400000000000E+009,4.384441673755646E-002,-4.436277970671654E-002,6.712926626205444E-001,7.109823226928711E-001,4.384441673755646E-002,-4.436277970671654E-002,6.712926626205444E-001,7.109823226928711E-001,
1.802766666666667E+009,5.176176503300667E-002,-3.910585120320320E-002,6.900120973587036E-001,6.932306289672852E-001,5.176176503300667E-002,-3.910585120320320E-002,6.900120973587036E-001,6.932306289672852E-001,
1.811133333333334E+009,6.238635629415512E-002,-3.702259436249733E-002,7.132477760314941E-001,6.737517118453980E-001,6.238635629415512E-002,-3.702259436249733E-002,7.132477760314941E-001,6.737517118453980E-001,
1.819500000000000E+009,7.181711494922638E-002,-4.161873459815979E-002,7.250919342041016E-001,6.475088000297546E-001,7.181711494922638E-002,-4.161873459815979E-002,7.250919342041016E-001,6.475088000297546E-001,
1.827866666666667E+009,7.706818729639053E-002,-5.063119530677795E-002,7.426401972770691E-001,6.390430927276611E-001,7.706818729639053E-002,-5.063119530677795E-002,7.426401972770691E-001,6.390430927276611E-001,
1.836233333333334E+009,7.466319948434830E-002,-6.178661435842514E-002,7.558436393737793E-001,6.201734542846680E-001,7.466319948434830E-002,-6.178661435842514E-002,7.558436393737793E-001,6.201734542846680E-001,
1.844600000000000E+009,6.739717721939087E-002,-7.128192484378815E-002,7.721339464187622E-001,6.112601161003113E-001,6.739717721939087E-002,-7.128192484378815E-002,7.721339464187622E-001,6.112601161003113E-001,
1.852966666666667E+009,5.785908550024033E-002,-7.699494808912277E-002,7.809180021286011E-001,5.781878232955933E-001,5.785908550024033E-002,-7.699494808912277E-002,7.809180021286011E-001,5.781878232955933E-001,
1.861333333333334E+009,4.808707162737846E-002,-8.019410818815231E-002,8.038055896759033E-001,5.620238184928894E-001,4.808707162737846E-002,-8.019410818815231E-002,8.038055896759033E-001,5.620238184928894E-001,
1.869700000000000E+009,4.005708917975426E-002,-7.509491592645645E-002,8.181070089340210E-001,5.413863658905029E-001,4.005708917975426E-002,-7.509491592645645E-002,8.181070089340210E-001,5.413863658905029E-001,
1.878066666666667E+009,3.695259243249893E-002,-7.030979543924332E-002,8.344401717185974E-001,5.267956256866455E-001,3.695259243249893E-002,-7.030979543924332E-002,8.344401717185974E-001,5.267956256866455E-001,
1.886433333333334E+009,3.862427547574043E-002,-6.253097951412201E-002,8.506463170051575E-001,4.991479218006134E-001,3.862427547574043E-002,-6.253097951412201E-002,8.506463170051575E-001,4.991479218006134E-001,
1.894800000000000E+009,4.689940810203552E-002,-5.734234675765038E-002,8.633078336715698E-001,4.794852137565613E-001,4.689940810203552E-002,-5.734234675765038E-002,8.633078336715698E-001,4.794852137565613E-001,
1.903166666666667E+009,5.567369982600212E-002,-5.439602583646774E-002,8.751299381256104E-001,4.487944245338440E-001,5.567369982600212E-002,-5.439602583646774E-002,8.751299381256104E-001,4.487944245338440E-001,
1.911533333333334E+009,6.502559036016464E-002,-5.918147042393684E-002,8.813440799713135E-001,4.208841919898987E-001,6.502559036016464E-002,-5.918147042393684E-002,8.813440799713135E-001,4.208841919898987E-001,
1.919900000000000E+009,7.164371013641357E-002,-6.784480810165405E-002,8.961039781570435E-001,4.071660339832306E-001,7.164371013641357E-002,-6.784480810165405E-002,8.961039781570435E-001,4.071660339832306E-001,
1.928266666666667E+009,7.363108545541763E-002,-7.819889485836029E-002,8.921298980712891E-001,3.684683442115784E-001,7.363108545541763E-002,-7.819889485836029E-002,8.921298980712891E-001,3.684683442115784E-001,
1.936633333333334E+009,6.777961552143097E-002,-9.095282852649689E-002,9.114460349082947E-001,3.579195439815521E-001,6.777961552143097E-002,-9.095282852649689E-002,9.114460349082947E-001,3.579195439815521E-001,
1.945000000000000E+009,5.715923011302948E-002,-1.003957688808441E-001,9.208387732505798E-001,3.360221385955811E-001,5.715923011302948E-002,-1.003957688808441E-001,9.208387732505798E-001,3.360221385955811E-001,
1.953366666666667E+009,4.464532807469368E-002,-1.066050752997398E-001,9.231082201004028E-001,3.144426047801971E-001,4.464532807469368E-002,-1.066050752997398E-001,9.231082201004028E-001,3.144426047801971E-001,
1.961733333333334E+009,2.942959591746330E-002,-1.044193804264069E-001,9.377837181091309E-001,2.928353846073151E-001,2.942959591746330E-002,-1.044193804264069E-001,9.377837181091309E-001,2.928353846073151E-001,
1.970100000000000E+009,1.836003921926022E-002,-9.897147119045258E-002,9.398322701454163E-001,2.702977359294891E-001,1.836003921926022E-002,-9.897147119045258E-002,9.398322701454163E-001,2.702977359294891E-001,
1.978466666666667E+009,1.383401174098253E-002,-8.748637884855270E-002,9.491156339645386E-001,2.373131513595581E-001,1.383401174098253E-002,-8.748637884855270E-002,9.491156339645386E-001,2.373131513595581E-001,
1.986833333333334E+009,1.689075678586960E-002,-7.732875645160675E-002,9.530538320541382E-001,2.205136865377426E-001,1.689075678586960E-002,-7.732875645160675E-002,9.530538320541382E-001,2.205136865377426E-001,
1.995200000000000E+009,2.883020043373108E-002,-7.001744955778122E-002,9.559748172760010E-001,2.032308578491211E-001,2.883020043373108E-002,-7.001744955778122E-002,9.559748172760010E-001,2.032308578491211E-001,
2.003566666666667E+009,4.256437346339226E-002,-6.921543180942535E-002,9.614964723587036E-001,1.666588038206101E-001,4.256437346339226E-002,-6.921543180942535E-002,9.614964723587036E-001,1.666588038206101E-001,
2.011933333333334E+009,5.518312007188797E-002,-7.780630141496658E-002,9.712318181991577E-001,1.391114741563797E-001,5.518312007188797E-002,-7.780630141496658E-002,9.712318181991577E-001,1.391114741563797E-001,
2.020300000000000E+009,6.302011758089066E-002,-8.907105773687363E-002,9.725171327590942E-001,1.075881943106651E-001,6.302011758089066E-002,-8.907105773687363E-002,9.725171327590942E-001,1.075881943106651E-001,
2.028666666666667E+009,6.151717528700829E-002,-1.049760729074478E-001,9.728965759277344E-001,9.309920668601990E-002,6.151717528700829E-002,-1.049760729074478E-001,9.728965759277344E-001,9.309920668601990E-002,
2.037033333333334E+009,5.165175721049309E-002,-1.214950904250145E-001,9.768005609512329E-001,6.595049053430557E-002,5.165175721049309E-002,-1.214950904250145E-001,9.768005609512329E-001,6.595049053430557E-002,
2.045400000000000E+009,3.504299372434616E-002,-1.308854371309280E-001,9.733273386955261E-001,4.843074828386307E-002,3.504299372434616E-002,-1.308854371309280E-001,9.733273386955261E-001,4.843074828386307E-002,
2.053766666666667E+009,1.495546940714121E-002,-1.315533220767975E-001,9.755240678787231E-001,2.308387495577335E-002,1.495546940714121E-002,-1.315533220767975E-001,9.755240678787231E-001,2.308387495577335E-002,
2.062133333333334E+009,-6.921404565218836E-005,-1.257861405611038E-001,9.793826937675476E-001,-3.956784028559923E-003,-6.921404565218836E-005,-1.257861405611038E-001,9.793826937675476E-001,-3.956784028559923E-003,
2.070500000000000E+009,-9.096950292587280E-003,-1.112790107727051E-001,9.798740744590759E-001,-3.165139257907867E-002,-9.096950292587280E-003,-1.112790107727051E-001,9.798740744590759E-001,-3.165139257907867E-002,
2.078866666666667E+009,-7.259170059114695E-003,-9.659720957279205E-002,9.764838814735413E-001,-5.233313888311386E-002,-7.259170059114695E-003,-9.659720957279205E-002,9.764838814735413E-001,-5.233313888311386E-002,
2.087233333333334E+009,3.334351349622011E-003,-8.867669850587845E-002,9.765300154685974E-001,-8.587140589952469E-002,3.334351349622011E-003,-8.867669850587845E-002,9.765300154685974E-001,-8.587140589952469E-002,
2.095600000000000E+009,1.939998567104340E-002,-8.531465381383896E-002,9.787105321884155E-001,-1.063236147165299E-001,1.939998567104340E-002,-8.531465381383896E-002,9.787105321884155E-001,-1.063236147165299E-001,
2.103966666666667E+009,3.503306210041046E-002,-9.580321609973908E-002,9.760606884956360E-001,-1.370982378721237E-001,3.503306210041046E-002,-9.580321609973908E-002,9.760606884956360E-001,-1.370982378721237E-001,
2.112333333333334E+009,4.327824711799622E-002,-1.123481914401054E-001,9.645982980728149E-001,-1.559940427541733E-001,4.327824711799622E-002,-1.123481914401054E-001,9.645982980728149E-001,-1.559940427541733E-001,
2.120700000000000E+009,4.191195219755173E-002,-1.355743706226349E-001,9.582814574241638E-001,-1.875699609518051E-001,4.191195219755173E-002,-1.355743706226349E-001,9.582814574241638E-001,-1.875699609518051E-001,
2.129066666666667E+009,2.781856991350651E-002,-1.519822180271149E-001,9.633251428604126E-001,-2.145273387432098E-001,2.781856991350651E-002,-1.519822180271149E-001,9.633251428604126E-001,-2.145273387432098E-001,
2.137433333333334E+009,4.125930368900299E-003,-1.626386344432831E-001,9.441467523574829E-001,-2.315123677253723E-001,4.125930368900299E-003,-1.626386344432831E-001,9.441467523574829E-001,-2.315123677253723E-001,
2.145800000000000E+009,-2.468150295317173E-002,-1.613899618387222E-001,9.416531920433044E-001,-2.544754445552826E-001,-2.468150295317173E-002,-1.613899618387222E-001,9.416531920433044E-001,-2.544754445552826E-001,
2.154166666666667E+009,-4.656939581036568E-002,-1.483499854803085E-001,9.341674447059631E-001,-2.738859057426453E-001,-4.656939581036568E-002,-1.483499854803085E-001,9.341674447059631E-001,-2.738859057426453E-001,
2.162533333333334E+009,-5.862355232238770E-002,-1.268441975116730E-001,9.154552817344666E-001,-2.982393205165863E-001,-5.862355232238770E-002,-1.268441975116730E-001,9.154552817344666E-001,-2.982393205165863E-001,
2.170900000000000E+009,-5.734252184629440E-002,-1.049029380083084E-001,9.252045154571533E-001,-3.252480626106262E-001,-5.734252184629440E-002,-1.049029380083084E-001,9.252045154571533E-001,-3.252480626106262E-001,
2.179266666666667E+009,-4.355412721633911E-002,-9.094365686178207E-002,9.134209156036377E-001,-3.422749638557434E-001,-4.355412721633911E-002,-9.094365686178207E-002,9.134209156036377E-001,-3.422749638557434E-001,
2.187633333333334E+009,-2.409992553293705E-002,-8.633092790842056E-002,9.079492688179016E-001,-3.754920065402985E-001,-2.409992553293705E-002,-8.633092790842056E-002,9.079492688179016E-001,-3.754920065402985E-001,
2.196000000000000E+009,-3.482880769297481E-003,-9.663018584251404E-002,8.894457817077637E-001,-3.970081806182861E-001,-3.482880769297481E-003,-9.663018584251404E-002,8.894457817077637E-001,-3.970081806182861E-001,
2.204366666666667E+009,8.644620887935162E-003,-1.174666956067085E-001,8.797468543052673E-001,-4.184287190437317E-001,8.644620887935162E-003,-1.174666956067085E-001,8.797468543052673E-001,-4.184287190437317E-001,
2.212733333333334E+009,7.405587937682867E-003,-1.432410329580307E-001,8.661810159683228E-001,-4.502417445182800E-001,7.405587937682867E-003,-1.432410329580307E-001,8.661810159683228E-001,-4.502417445182800E-001,
2.221100000000000E+009,-9.442823007702828E-003,-1.634264588356018E-001,8.473755121231079E-001,-4.623070359230042E-001,-9.442823007702828E-003,-1.634264588356018E-001,8.473755121231079E-001,-4.623070359230042E-001,
2.229466666666667E+009,-3.385125100612640E-002,-1.745163351297379E-001,8.370464444160461E-001,-4.735643565654755E-001,-3.385125100612640E-002,-1.745163351297379E-001,8.370464444160461E-001,-4.735643565654755E-001,
2.237833333333334E+009,-6.501720100641251E-002,-1.694812476634979E-001,8.288974761962891E-001,-5.003935694694519E-001,-6.501720100641251E-002,-1.694812476634979E-001,8.288974761962891E-001,-5.003935694694519E-001,
2.246200000000000E+009,-9.077815711498261E-002,-1.526809930801392E-001,8.179154396057129E-001,-5.194093585014343E-001,-9.077815711498261E-002,-1.526809930801392E-001,8.179154396057129E-001,-5.194093585014343E-001,
2.254566666666667E+009,-1.021763011813164E-001,-1.254993379116058E-001,8.070001006126404E-001,-5.366936922073364E-001,-1.021763011813164E-001,-1.254993379116058E-001,8.070001006126404E-001,-5.366936922073364E-001,
2.262933333333334E+009,-1.019437909126282E-001,-1.015141755342484E-001,7.944973111152649E-001,-5.597054958343506E-001,-1.019437909126282E-001,-1.015141755342484E-001,7.944973111152649E-001,-5.597054958343506E-001,
2.271300000000000E+009,-8.738639950752258E-002,-8.200055360794067E-002,7.754467725753784E-001,-5.802180767059326E-001,-8.738639950752258E-002,-8.200055360794067E-002,7.754467725753784E-001,-5.802180767059326E-001,
2.279666666666667E+009,-6.548989564180374E-002,-7.901944965124130E-002,7.648820281028748E-001,-6.024636030197144E-001,-6.548989564180374E-002,-7.901944965124130E-002,7.648820281028748E-001,-6.024636030197144E-001,
2.288033333333334E+009,-4.597251117229462E-002,-9.034665673971176E-002,7.486535310745239E-001,-6.298603415489197E-001,-4.597251117229462E-002,-9.034665673971176E-002,7.486535310745239E-001,-6.298603415489197E-001,
2.296400000000000E+009,-3.567357361316681E-002,-1.134813353419304E-001,7.272337675094605E-001,-6.501128077507019E-001,-3.567357361316681E-002,-1.134813353419304E-001,7.272337675094605E-001,-6.501128077507019E-001,
2.304766666666667E+009,-4.218173027038574E-002,-1.383934319019318E-001,7.111266255378723E-001,-6.560643315315247E-001,-4.218173027038574E-002,-1.383934319019318E-001,7.111266255378723E-001,-6.560643315315247E-001,
2.313133333333334E+009,-6.295240670442581E-002,-1.548366993665695E-001,6.875858902931213E-001,-6.886858344078064E-001,-6.295240670442581E-002,-1.548366993665695E-001,6.875858902931213E-001,-6.886858344078064E-001,
2.321500000000000E+009,-8.825930207967758E-002,-1.572249382734299E-001,6.720495223999023E-001,-6.943297982215881E-001,-8.825930207967758E-002,-1.572249382734299E-001,6.720495223999023E-001,-6.943297982215881E-001,
2.329866666666667E+009,-1.147330924868584E-001,-1.459386795759201E-001,6.622207164764404E-001,-7.114756703376770E-001,-1.147330924868584E-001,-1.459386795759201E-001,6.622207164764404E-001,-7.114756703376770E-001,
2.338233333333334E+009,-1.340265870094299E-001,-1.231844127178192E-001,6.352369785308838E-001,-7.272325158119202E-001,-1.340265870094299E-001,-1.231844127178192E-001,6.352369785308838E-001,-7.272325158119202E-001,
2.346600000000000E+009,-1.383291333913803E-001,-9.164137393236160E-002,6.169060468673706E-001,-7.455191016197205E-001,-1.383291333913803E-001,-9.164137393236160E-002,6.169060468673706E-001,-7.455191016197205E-001,
2.354966666666667E+009,-1.256686151027679E-001,-6.792069226503372E-002,6.097958683967590E-001,-7.574292421340942E-001,-1.256686151027679E-001,-6.792069226503372E-002,6.097958683967590E-001,-7.574292421340942E-001,
2.363333333333334E+009,-1.040332093834877E-001,-5.761802569031715E-002,5.938575267791748E-001,-7.739299535751343E-001,-1.040332093834877E-001,-5.761802569031715E-002,5.938575267791748E-001,-7.739299535751343E-001,
2.371700000000000E+009,-7.709229737520218E-002,-6.210976094007492E-002,5.724783539772034E-001,-7.970883250236511E-001,-7.709229737520218E-002,-6.210976094007492E-002,5.724783539772034E-001,-7.970883250236511E-001,
2.380066666666667E+009,-6.048762425780296E-002,-8.593744039535523E-002,5.401995778083801E-001,-8.108457326889038E-001,-6.048762425780296E-002,-8.593744039535523E-002,5.401995778083801E-001,-8.108457326889038E-001,
2.388433333333334E+009,-6.004590168595314E-002,-1.159487813711166E-001,5.168960094451904E-001,-8.200942873954773E-001,-6.004590168595314E-002,-1.159487813711166E-001,5.168960094451904E-001,-8.200942873954773E-001,
2.396800000000000E+009,-7.801753282546997E-002,-1.469330042600632E-001,4.846902191638947E-001,-8.369081616401672E-001,-7.801753282546997E-002,-1.469330042600632E-001,4.846902191638947E-001,-8.369081616401672E-001,
2.405166666666667E+009,-1.095196083188057E-001,-1.652868688106537E-001,4.668011665344238E-001,-8.449894785881043E-001,-1.095196083188057E-001,-1.652868688106537E-001,4.668011665344238E-001,-8.449894785881043E-001,
2.413533333333334E+009,-1.503109782934189E-001,-1.617569476366043E-001,4.415446817874908E-001,-8.472499847412109E-001,-1.503109782934189E-001,-1.617569476366043E-001,4.415446817874908E-001,-8.472499847412109E-001,
2.421900000000000E+009,-1.869734525680542E-001,-1.409734338521957E-001,4.308144748210907E-001,-8.566393852233887E-001,-1.869734525680542E-001,-1.409734338521957E-001,4.308144748210907E-001,-8.566393852233887E-001,
2.430266666666667E+009,-2.077827304601669E-001,-1.051182225346565E-001,4.144299030303955E-001,-8.695758581161499E-001,-2.077827304601669E-001,-1.051182225346565E-001,4.144299030303955E-001,-8.695758581161499E-001,
2.438633333333334E+009,-2.130093723535538E-001,-6.129588559269905E-002,3.952749371528626E-001,-8.773342967033386E-001,-2.130093723535538E-001,-6.129588559269905E-002,3.952749371528626E-001,-8.773342967033386E-001,
2.447000000000000E+009,-1.966671794652939E-001,-2.231582812964916E-002,3.732168376445770E-001,-8.949509263038635E-001,-1.966671794652939E-001,-2.231582812964916E-002,3.732168376445770E-001,-8.949509263038635E-001,
2.455366666666667E+009,-1.654239743947983E-001,-6.511293031508103E-005,3.551136553287506E-001,-9.010987281799316E-001,-1.654239743947983E-001,-6.511293031508103E-005,3.551136553287506E-001,-9.010987281799316E-001,
2.463733333333334E+009,-1.311944127082825E-001,2.476744120940566E-003,3.314702808856964E-001,-9.190189242362976E-001,-1.311944127082825E-001,2.476744120940566E-003,3.314702808856964E-001,-9.190189242362976E-001,
2.472100000000000E+009,-1.047733500599861E-001,-1.653447747230530E-002,3.026269972324371E-001,-9.287571907043457E-001,-1.047733500599861E-001,-1.653447747230530E-002,3.026269972324371E-001,-9.287571907043457E-001,
2.480466666666667E+009,-9.383268654346466E-002,-4.670153930783272E-002,2.710776031017304E-001,-9.335765838623047E-001,-9.383268654346466E-002,-4.670153930783272E-002,2.710776031017304E-001,-9.335765838623047E-001,
2.488833333333334E+009,-1.042881757020950E-001,-7.778243720531464E-002,2.475009262561798E-001,-9.383698701858521E-001,-1.042881757020950E-001,-7.778243720531464E-002,2.475009262561798E-001,-9.383698701858521E-001,
2.497200000000000E+009,-1.281011402606964E-001,-9.722498059272766E-002,2.182819545269013E-001,-9.440121054649353E-001,-1.281011402606964E-001,-9.722498059272766E-002,2.182819545269013E-001,-9.440121054649353E-001,
2.505566666666667E+009,-1.651378422975540E-001,-9.806385636329651E-002,1.881197690963745E-001,-9.477020502090454E-001,-1.651378422975540E-001,-9.806385636329651E-002,1.881197690963745E-001,-9.477020502090454E-001,
2.513933333333334E+009,-1.945581287145615E-001,-7.968680560588837E-002,1.710712015628815E-001,-9.471000432968140E-001,-1.945581287145615E-001,-7.968680560588837E-002,1.710712015628815E-001,-9.471000432968140E-001,
2.522300000000000E+009,-2.119650840759277E-001,-4.955655336380005E-002,1.432496458292007E-001,-9.483872056007385E-001,-2.119650840759277E-001,-4.955655336380005E-002,1.432496458292007E-001,-9.483872056007385E-001,
2.530666666666667E+009,-2.107883095741272E-001,-1.182654127478600E-002,1.206535995006561E-001,-9.553499221801758E-001,-2.107883095741272E-001,-1.182654127478600E-002,1.206535995006561E-001,-9.553499221801758E-001,
2.539033333333334E+009,-1.930991262197495E-001,1.945139840245247E-002,1.047829911112785E-001,-9.573380947113037E-001,-1.930991262197495E-001,1.945139840245247E-002,1.047829911112785E-001,-9.573380947113037E-001,
2.547400000000000E+009,-1.639204174280167E-001,3.711573779582977E-002,8.606562018394470E-002,-9.688514471054077E-001,-1.639204174280167E-001,3.711573779582977E-002,8.606562018394470E-002,-9.688514471054077E-001,
2.555766666666667E+009,-1.309108287096024E-001,3.590964898467064E-002,5.791244655847549E-002,-9.745763540267944E-001,-1.309108287096024E-001,3.590964898467064E-002,5.791244655847549E-002,-9.745763540267944E-001,
2.564133333333334E+009,-1.092668101191521E-001,1.460848283022642E-002,3.175712004303932E-002,-9.718105792999268E-001,-1.092668101191521E-001,1.460848283022642E-002,3.175712004303932E-002,-9.718105792999268E-001,
2.572500000000000E+009,-1.045683324337006E-001,-1.513562351465225E-002,1.055832835845649E-003,-9.712798595428467E-001,-1.045683324337006E-001,-1.513562351465225E-002,1.055832835845649E-003,-9.712798595428467E-001,
2.580866666666667E+009,-1.193302497267723E-001,-4.330614581704140E-002,-2.818070165812969E-002,-9.718055725097656E-001,-1.193302497267723E-001,-4.330614581704140E-002,-2.818070165812969E-002,-9.718055725097656E-001,
2.589233333333334E+009,-1.503164023160934E-001,-5.865709856152535E-002,-6.003617867827416E-002,-9.639272689819336E-001,-1.503164023160934E-001,-5.865709856152535E-002,-6.003617867827416E-002,-9.639272689819336E-001,
2.597600000000000E+009,-1.854031831026077E-001,-5.641157925128937E-002,-8.753619343042374E-002,-9.592388868331909E-001,-1.854031831026077E-001,-5.641157925128937E-002,-8.753619343042374E-002,-9.592388868331909E-001,
2.605966666666667E+009,-2.154484987258911E-001,-3.371668606996536E-002,-9.829844534397125E-002,-9.587711691856384E-001,-2.154484987258911E-001,-3.371668606996536E-002,-9.829844534397125E-002,-9.587711691856384E-001,
2.614333333333334E+009,-2.304717600345612E-001,-7.785758352838457E-004,-1.201899945735931E-001,-9.475794434547424E-001,-2.304717600345612E-001,-7.785758352838457E-004,-1.201899945735931E-001,-9.475794434547424E-001,
2.622700000000000E+009,-2.273681908845902E-001,3.944202885031700E-002,-1.398635953664780E-001,-9.433625340461731E-001,-2.273681908845902E-001,3.944202885031700E-002,-1.398635953664780E-001,-9.433625340461731E-001,
2.631066666666667E+009,-2.078390419483185E-001,7.250627130270004E-002,-1.623597443103790E-001,-9.538350701332092E-001,-2.078390419483185E-001,7.250627130270004E-002,-1.623597443103790E-001,-9.538350701332092E-001,
2.639433333333334E+009,-1.744902431964874E-001,8.969330042600632E-002,-1.845393180847168E-001,-9.431592822074890E-001,-1.744902431964874E-001,8.969330042600632E-002,-1.845393180847168E-001,-9.431592822074890E-001,
2.647800000000000E+009,-1.396834701299667E-001,8.886646479368210E-002,-2.093894332647324E-001,-9.439245462417603E-001,-1.396834701299667E-001,8.886646479368210E-002,-2.093894332647324E-001,-9.439245462417603E-001,
2.656166666666667E+009,-1.160003021359444E-001,6.997871398925781E-002,-2.335217446088791E-001,-9.475926160812378E-001,-1.160003021359444E-001,6.997871398925781E-002,-2.335217446088791E-001,-9.475926160812378E-001,
2.664533333333334E+009,-1.093714088201523E-001,4.248370975255966E-002,-2.667117714881897E-001,-9.297499656677246E-001,-1.093714088201523E-001,4.248370975255966E-002,-2.667117714881897E-001,-9.297499656677246E-001,
2.672900000000000E+009,-1.209934353828430E-001,1.555936131626368E-002,-2.920340597629547E-001,-9.246262311935425E-001,-1.209934353828430E-001,1.555936131626368E-002,-2.920340597629547E-001,-9.246262311935425E-001,
2.681266666666667E+009,-1.477130800485611E-001,2.131253248080611E-003,-3.188612163066864E-001,-9.109311699867249E-001,-1.477130800485611E-001,2.131253248080611E-003,-3.188612163066864E-001,-9.109311699867249E-001,
2.689633333333334E+009,-1.807053834199905E-001,6.687114946544170E-003,-3.408458530902863E-001,-9.008436203002930E-001,-1.807053834199905E-001,6.687114946544170E-003,-3.408458530902863E-001,-9.008436203002930E-001,
2.698000000000000E+009,-2.067430168390274E-001,2.785379812121391E-002,-3.544812202453613E-001,-8.893623948097229E-001,-2.067430168390274E-001,2.785379812121391E-002,-3.544812202453613E-001,-8.893623948097229E-001,
2.706366666666667E+009,-2.174833863973618E-001,6.289964914321899E-002,-3.776281476020813E-001,-8.725827932357788E-001,-2.174833863973618E-001,6.289964914321899E-002,-3.776281476020813E-001,-8.725827932357788E-001,
2.714733333333334E+009,-2.115204781293869E-001,9.829656034708023E-002,-3.904167711734772E-001,-8.722313642501831E-001,-2.115204781293869E-001,9.829656034708023E-002,-3.904167711734772E-001,-8.722313642501831E-001,
2.723100000000000E+009,-1.875838637351990E-001,1.290920078754425E-001,-4.101004302501679E-001,-8.597115278244019E-001,-1.875838637351990E-001,1.290920078754425E-001,-4.101004302501679E-001,-8.597115278244019E-001,
2.731466666666667E+009,-1.517080813646317E-001,1.456036567687988E-001,-4.363824427127838E-001,-8.575003743171692E-001,-1.517080813646317E-001,1.456036567687988E-001,-4.363824427127838E-001,-8.575003743171692E-001,
2.739833333333334E+009,-1.161438971757889E-001,1.417335420846939E-001,-4.541081190109253E-001,-8.467762470245361E-001,-1.161438971757889E-001,1.417335420846939E-001,-4.541081190109253E-001,-8.467762470245361E-001,
2.748200000000000E+009,-9.000728279352188E-002,1.225300803780556E-001,-4.809381365776062E-001,-8.399410247802734E-001,-9.000728279352188E-002,1.225300803780556E-001,-4.809381365776062E-001,-8.399410247802734E-001,
2.756566666666667E+009,-8.123625814914703E-002,9.291381388902664E-002,-5.070428848266602E-001,-8.307594060897827E-001,-8.123625814914703E-002,9.291381388902664E-002,-5.070428848266602E-001,-8.307594060897827E-001,
2.764933333333334E+009,-9.090798348188400E-002,6.491556763648987E-002,-5.379791259765625E-001,-8.188651800155640E-001,-9.090798348188400E-002,6.491556763648987E-002,-5.379791259765625E-001,-8.188651800155640E-001,
2.773300000000000E+009,-1.142167672514916E-001,4.672430828213692E-002,-5.549859404563904E-001,-7.956911921501160E-001,-1.142167672514916E-001,4.672430828213692E-002,-5.549859404563904E-001,-7.956911921501160E-001,
2.781666666666667E+009,-1.480138748884201E-001,5.051450058817864E-002,-5.744215250015259E-001,-7.754273414611816E-001,-1.480138748884201E-001,5.051450058817864E-002,-5.744215250015259E-001,-7.754273414611816E-001,
2.790033333333334E+009,-1.737384647130966E-001,6.857740134000778E-002,-5.912370085716248E-001,-7.612138390541077E-001,-1.737384647130966E-001,6.857740134000778E-002,-5.912370085716248E-001,-7.612138390541077E-001,
2.798400000000000E+009,-1.871660053730011E-001,1.018000692129135E-001,-6.073391437530518E-001,-7.437477707862854E-001,-1.871660053730011E-001,1.018000692129135E-001,-6.073391437530518E-001,-7.437477707862854E-001,
2.806766666666667E+009,-1.790473908185959E-001,1.380775570869446E-001,-6.207337975502014E-001,-7.228271961212158E-001,-1.790473908185959E-001,1.380775570869446E-001,-6.207337975502014E-001,-7.228271961212158E-001,
2.815133333333334E+009,-1.568060219287872E-001,1.656500995159149E-001,-6.356611847877502E-001,-7.138945460319519E-001,-1.568060219287872E-001,1.656500995159149E-001,-6.356611847877502E-001,-7.138945460319519E-001,
2.823500000000000E+009,-1.217553839087486E-001,1.807422488927841E-001,-6.508312225341797E-001,-7.046477794647217E-001,-1.217553839087486E-001,1.807422488927841E-001,-6.508312225341797E-001,-7.046477794647217E-001,
2.831866666666667E+009,-8.576672524213791E-002,1.756555736064911E-001,-6.680005788803101E-001,-6.898765563964844E-001,-8.576672524213791E-002,1.756555736064911E-001,-6.680005788803101E-001,-6.898765563964844E-001,
2.840233333333334E+009,-5.833528190851212E-002,1.555256247520447E-001,-6.967439055442810E-001,-6.789149641990662E-001,-5.833528190851212E-002,1.555256247520447E-001,-6.967439055442810E-001,-6.789149641990662E-001,
2.848600000000000E+009,-4.750810563564301E-002,1.263091117143631E-001,-7.124350070953369E-001,-6.563241481781006E-001,-4.750810563564301E-002,1.263091117143631E-001,-7.124350070953369E-001,-6.563241481781006E-001,
2.856966666666667E+009,-5.713016912341118E-002,9.812669456005096E-002,-7.320545315742493E-001,-6.396760940551758E-001,-5.713016912341118E-002,9.812669456005096E-002,-7.320545315742493E-001,-6.396760940551758E-001,
2.865333333333334E+009,-8.292398601770401E-002,7.926663011312485E-002,-7.527200579643250E-001,-6.201362013816834E-001,-8.292398601770401E-002,7.926663011312485E-002,-7.527200579643250E-001,-6.201362013816834E-001,
2.873700000000000E+009,-1.153501123189926E-001,8.003124594688416E-002,-7.681090831756592E-001,-5.852628946304321E-001,-1.153501123189926E-001,8.003124594688416E-002,-7.681090831756592E-001,-5.852628946304321E-001,
2.882066666666667E+009,-1.423217356204987E-001,9.936901926994324E-002,-7.761414051055908E-001,-5.601826310157776E-001,-1.423217356204987E-001,9.936901926994324E-002,-7.761414051055908E-001,-5.601826310157776E-001,
2.890433333333334E+009,-1.553338915109634E-001,1.342663466930389E-001,-7.866049408912659E-001,-5.424802899360657E-001,-1.553338915109634E-001,1.342663466930389E-001,-7.866049408912659E-001,-5.424802899360657E-001,
2.898800000000000E+009,-1.478659063577652E-001,1.720099598169327E-001,-7.946878075599670E-001,-5.247351527214050E-001,-1.478659063577652E-001,1.720099598169327E-001,-7.946878075599670E-001,-5.247351527214050E-001,
2.907166666666667E+009,-1.215826272964478E-001,2.015001773834229E-001,-7.997005581855774E-001,-5.096654891967773E-001,-1.215826272964478E-001,2.015001773834229E-001,-7.997005581855774E-001,-5.096654891967773E-001,
2.915533333333334E+009,-8.279427886009216E-002,2.179254293441773E-001,-8.152324557304382E-001,-4.903476834297180E-001,-8.279427886009216E-002,2.179254293441773E-001,-8.152324557304382E-001,-4.903476834297180E-001,
2.923900000000000E+009,-4.300716146826744E-002,2.131192833185196E-001,-8.261606097221375E-001,-4.818018376827240E-001,-4.300716146826744E-002,2.131192833185196E-001,-8.261606097221375E-001,-4.818018376827240E-001,
2.932266666666667E+009,-1.211243122816086E-002,1.923448145389557E-001,-8.432084918022156E-001,-4.654965698719025E-001,-1.211243122816086E-002,1.923448145389557E-001,-8.432084918022156E-001,-4.654965698719025E-001,
2.940633333333334E+009,1.493541174568236E-003,1.586190313100815E-001,-8.585238456726074E-001,-4.413634538650513E-001,1.493541174568236E-003,1.586190313100815E-001,-8.585238456726074E-001,-4.413634538650513E-001,
2.949000000000000E+009,-5.960859823971987E-003,1.236008852720261E-001,-8.805979490280151E-001,-4.103222787380219E-001,-5.960859823971987E-003,1.236008852720261E-001,-8.805979490280151E-001,-4.103222787380219E-001,
2.957366666666667E+009,-3.123158775269985E-002,1.019191443920136E-001,-8.933716416358948E-001,-3.911718130111694E-001,-3.123158775269985E-002,1.019191443920136E-001,-8.933716416358948E-001,-3.911718130111694E-001,
2.965733333333334E+009,-6.752559542655945E-002,9.965471923351288E-002,-9.048071503639221E-001,-3.597403466701508E-001,-6.752559542655945E-002,9.965471923351288E-002,-9.048071503639221E-001,-3.597403466701508E-001,
2.974100000000000E+009,-9.650602191686630E-002,1.196306943893433E-001,-9.105343222618103E-001,-3.249956667423248E-001,-9.650602191686630E-002,1.196306943893433E-001,-9.105343222618103E-001,-3.249956667423248E-001,
2.982466666666667E+009,-1.105385348200798E-001,1.534086465835571E-001,-9.130002260208130E-001,-3.011016845703125E-001,-1.105385348200798E-001,1.534086465835571E-001,-9.130002260208130E-001,-3.011016845703125E-001,
2.990833333333334E+009,-1.040517389774323E-001,1.907240599393845E-001,-9.097240567207336E-001,-2.860231995582581E-001,-1.040517389774323E-001,1.907240599393845E-001,-9.097240567207336E-001,-2.860231995582581E-001,
2.999200000000000E+009,-7.626734673976898E-002,2.217808812856674E-001,-9.146325588226318E-001,-2.645099461078644E-001,-7.626734673976898E-002,2.217808812856674E-001,-9.146325588226318E-001,-2.645099461078644E-001,
3.007566666666667E+009,-3.609193488955498E-002,2.367659658193588E-001,-9.185754060745239E-001,-2.484549582004547E-001,-3.609193488955498E-002,2.367659658193588E-001,-9.185754060745239E-001,-2.484549582004547E-001,
3.015933333333334E+009,8.570447564125061E-003,2.292004674673080E-001,-9.216406345367432E-001,-2.321837991476059E-001,8.570447564125061E-003,2.292004674673080E-001,-9.216406345367432E-001,-2.321837991476059E-001,
3.024300000000000E+009,4.189667850732803E-002,2.052395492792130E-001,-9.325447082519531E-001,-2.123459875583649E-001,4.189667850732803E-002,2.052395492792130E-001,-9.325447082519531E-001,-2.123459875583649E-001,
3.032666666666667E+009,5.735980346798897E-002,1.666313856840134E-001,-9.459890723228455E-001,-1.883261948823929E-001,5.735980346798897E-002,1.666313856840134E-001,-9.459890723228455E-001,-1.883261948823929E-001,
3.041033333333334E+009,4.766019061207771E-002,1.283978968858719E-001,-9.562010169029236E-001,-1.650661528110504E-001,4.766019061207771E-002,1.283978968858719E-001,-9.562010169029236E-001,-1.650661528110504E-001,
3.049400000000000E+009,1.740130968391895E-002,1.036787852644920E-001,-9.640986323356628E-001,-1.262807846069336E-001,1.740130968391895E-002,1.036787852644920E-001,-9.640986323356628E-001,-1.262807846069336E-001,
3.057766666666667E+009,-2.163614518940449E-002,1.014225333929062E-001,-9.705712795257568E-001,-1.084283962845802E-001,-2.163614518940449E-002,1.014225333929062E-001,-9.705712795257568E-001,-1.084283962845802E-001,
3.066133333333334E+009,-5.718453601002693E-002,1.219993159174919E-001,-9.636685848236084E-001,-6.899661570787430E-002,-5.718453601002693E-002,1.219993159174919E-001,-9.636685848236084E-001,-6.899661570787430E-002,
3.074500000000000E+009,-7.305777817964554E-002,1.605771332979202E-001,-9.638813734054565E-001,-3.887543082237244E-002,-7.305777817964554E-002,1.605771332979202E-001,-9.638813734054565E-001,-3.887543082237244E-002,
3.082866666666667E+009,-6.446504592895508E-002,2.028944492340088E-001,-9.563995003700256E-001,-2.108270488679409E-002,-6.446504592895508E-002,2.028944492340088E-001,-9.563995003700256E-001,-2.108270488679409E-002,
3.091233333333334E+009,-3.168605640530586E-002,2.379111498594284E-001,-9.486442804336548E-001,4.857642576098442E-003,-3.168605640530586E-002,2.379111498594284E-001,-9.486442804336548E-001,4.857642576098442E-003,
3.099600000000000E+009,1.550121605396271E-002,2.510387897491455E-001,-9.428294301033020E-001,1.706513576209545E-002,1.550121605396271E-002,2.510387897491455E-001,-9.428294301033020E-001,1.706513576209545E-002,
3.107966666666667E+009,6.816495954990387E-002,2.395102977752686E-001,-9.475959539413452E-001,2.655224688351154E-002,6.816495954990387E-002,2.395102977752686E-001,-9.475959539413452E-001,2.655224688351154E-002,
3.116333333333334E+009,1.092952713370323E-001,2.062701433897018E-001,-9.525353908538818E-001,5.157485604286194E-002,1.092952713370323E-001,2.062701433897018E-001,-9.525353908538818E-001,5.157485604286194E-002,
3.124700000000000E+009,1.259529590606690E-001,1.586652547121048E-001,-9.589132666587830E-001,6.779867410659790E-002,1.259529590606690E-001,1.586652547121048E-001,-9.589132666587830E-001,6.779867410659790E-002,
3.133066666666667E+009,1.160091608762741E-001,1.115237995982170E-001,-9.675034880638123E-001,1.015118360519409E-001,1.160091608762741E-001,1.115237995982170E-001,-9.675034880638123E-001,1.015118360519409E-001,
3.141433333333334E+009,8.283753693103790E-002,7.685564458370209E-002,-9.679213762283325E-001,1.329554915428162E-001,8.283753693103790E-002,7.685564458370209E-002,-9.679213762283325E-001,1.329554915428162E-001,
3.149800000000000E+009,3.329166397452354E-002,7.026372849941254E-002,-9.670131206512451E-001,1.712584048509598E-001,3.329166397452354E-002,7.026372849941254E-002,-9.670131206512451E-001,1.712584048509598E-001,
3.158166666666667E+009,-1.012898609042168E-002,9.221010655164719E-002,-9.536882638931274E-001,2.022629827260971E-001,-1.012898609042168E-002,9.221010655164719E-002,-9.536882638931274E-001,2.022629827260971E-001,
3.166533333333334E+009,-3.419120609760284E-002,1.351544111967087E-001,-9.430009126663208E-001,2.278703302145004E-001,-3.419120609760284E-002,1.351544111967087E-001,-9.430009126663208E-001,2.278703302145004E-001,
3.174900000000000E+009,-3.122782707214356E-002,1.843398958444595E-001,-9.261550903320313E-001,2.515058219432831E-001,-3.122782707214356E-002,1.843398958444595E-001,-9.261550903320313E-001,2.515058219432831E-001,
3.183266666666667E+009,1.237261109054089E-003,2.241389602422714E-001,-9.105651974678040E-001,2.677069008350372E-001,1.237261109054089E-003,2.241389602422714E-001,-9.105651974678040E-001,2.677069008350372E-001,
3.191633333333334E+009,5.005654692649841E-002,2.402439415454865E-001,-8.978974819183350E-001,2.825106084346771E-001,5.005654692649841E-002,2.402439415454865E-001,-8.978974819183350E-001,2.825106084346771E-001,
3.200000000000000E+009,1.032750681042671E-001,2.279325723648071E-001,-8.973274230957031E-001,2.936702966690064E-001,1.032750681042671E-001,2.279325723648071E-001,-8.973274230957031E-001,2.936702966690064E-001,
