% Version 1.00
%
%freq[Hz],re:Trc1_S11,im:Trc1_S11,re:Trc2_S21,im:Trc2_S21,re:Trc3_S11,im:Trc3_S11,re:Trc4_S21,im:Trc4_S21,
6.900000000000000E+008,-5.602192878723145E-002,4.669215902686119E-002,-5.087385773658752E-001,-8.417147397994995E-001,-5.602192878723145E-002,4.669215902686119E-002,-5.087385773658752E-001,-8.417147397994995E-001,
6.983666666666666E+008,-4.807113483548164E-002,4.728978872299194E-002,-5.246769189834595E-001,-8.268173336982727E-001,-4.807113483548164E-002,4.728978872299194E-002,-5.246769189834595E-001,-8.268173336982727E-001,
7.067333333333334E+008,-4.159435629844666E-002,4.473654925823212E-002,-5.576737523078919E-001,-7.986917495727539E-001,-4.159435629844666E-002,4.473654925823212E-002,-5.576737523078919E-001,-7.986917495727539E-001,
7.151000000000000E+008,-4.339659586548805E-002,3.625568374991417E-002,-5.692275166511536E-001,-7.947270274162293E-001,-4.339659586548805E-002,3.625568374991417E-002,-5.692275166511536E-001,-7.947270274162293E-001,
7.234666666666666E+008,-4.365067556500435E-002,3.114396519958973E-002,-6.140188574790955E-001,-7.808631658554077E-001,-4.365067556500435E-002,3.114396519958973E-002,-6.140188574790955E-001,-7.808631658554077E-001,
7.318333333333334E+008,-5.079205334186554E-002,2.867471426725388E-002,-6.089119911193848E-001,-7.667106389999390E-001,-5.079205334186554E-002,2.867471426725388E-002,-6.089119911193848E-001,-7.667106389999390E-001,
7.402000000000000E+008,-5.807682126760483E-002,3.026314638555050E-002,-6.423109769821167E-001,-7.444795370101929E-001,-5.807682126760483E-002,3.026314638555050E-002,-6.423109769821167E-001,-7.444795370101929E-001,
7.485666666666666E+008,-6.318377703428268E-002,3.687416017055512E-002,-6.622085571289063E-001,-7.140585780143738E-001,-6.318377703428268E-002,3.687416017055512E-002,-6.622085571289063E-001,-7.140585780143738E-001,
7.569333333333334E+008,-6.394185125827789E-002,4.652813822031021E-002,-6.803137660026550E-001,-7.124829888343811E-001,-6.394185125827789E-002,4.652813822031021E-002,-6.803137660026550E-001,-7.124829888343811E-001,
7.653000000000000E+008,-5.974140763282776E-002,5.578454583883286E-002,-6.908949017524719E-001,-7.069137096405029E-001,-5.974140763282776E-002,5.578454583883286E-002,-6.908949017524719E-001,-7.069137096405029E-001,
7.736666666666666E+008,-5.121749639511108E-002,6.455612927675247E-002,-7.084872126579285E-001,-6.969016790390015E-001,-5.121749639511108E-002,6.455612927675247E-002,-7.084872126579285E-001,-6.969016790390015E-001,
7.820333333333334E+008,-4.452709481120110E-002,6.835859268903732E-002,-7.346073985099793E-001,-6.753634214401245E-001,-4.452709481120110E-002,6.835859268903732E-002,-7.346073985099793E-001,-6.753634214401245E-001,
7.904000000000000E+008,-3.482983633875847E-002,6.676742434501648E-002,-7.450042366981506E-001,-6.510776877403259E-001,-3.482983633875847E-002,6.676742434501648E-002,-7.450042366981506E-001,-6.510776877403259E-001,
7.987666666666666E+008,-2.704636752605438E-002,6.308430433273315E-002,-7.649676203727722E-001,-6.316936016082764E-001,-2.704636752605438E-002,6.308430433273315E-002,-7.649676203727722E-001,-6.316936016082764E-001,
8.071333333333334E+008,-2.709529362618923E-002,5.820262804627419E-002,-7.752830386161804E-001,-6.160143017768860E-001,-2.709529362618923E-002,5.820262804627419E-002,-7.752830386161804E-001,-6.160143017768860E-001,
8.155000000000000E+008,-3.158248960971832E-002,5.123827606439591E-002,-7.820203304290772E-001,-5.734369754791260E-001,-3.158248960971832E-002,5.123827606439591E-002,-7.820203304290772E-001,-5.734369754791260E-001,
8.238666666666666E+008,-3.574740886688232E-002,4.850049689412117E-002,-8.195316791534424E-001,-5.750699043273926E-001,-3.574740886688232E-002,4.850049689412117E-002,-8.195316791534424E-001,-5.750699043273926E-001,
8.322333333333334E+008,-4.414680227637291E-002,5.138299241662026E-002,-8.302026391029358E-001,-5.468236207962036E-001,-4.414680227637291E-002,5.138299241662026E-002,-8.302026391029358E-001,-5.468236207962036E-001,
8.406000000000000E+008,-4.820773005485535E-002,5.556327849626541E-002,-8.414860367774963E-001,-5.317482948303223E-001,-4.820773005485535E-002,5.556327849626541E-002,-8.414860367774963E-001,-5.317482948303223E-001,
8.489666666666668E+008,-4.885826259851456E-002,6.330639123916626E-002,-8.565518856048584E-001,-5.058050751686096E-001,-4.885826259851456E-002,6.330639123916626E-002,-8.565518856048584E-001,-5.058050751686096E-001,
8.573333333333334E+008,-4.427564889192581E-002,7.113055884838104E-002,-8.617083430290222E-001,-4.906846880912781E-001,-4.427564889192581E-002,7.113055884838104E-002,-8.617083430290222E-001,-4.906846880912781E-001,
8.657000000000000E+008,-3.760013729333878E-002,8.020477741956711E-002,-8.785098195075989E-001,-4.589410722255707E-001,-3.760013729333878E-002,8.020477741956711E-002,-8.785098195075989E-001,-4.589410722255707E-001,
8.740666666666668E+008,-2.941691502928734E-002,8.540236204862595E-002,-8.688326478004456E-001,-4.386055469512940E-001,-2.941691502928734E-002,8.540236204862595E-002,-8.688326478004456E-001,-4.386055469512940E-001,
8.824333333333334E+008,-1.913722231984139E-002,8.415748178958893E-002,-9.025733470916748E-001,-4.088228642940521E-001,-1.913722231984139E-002,8.415748178958893E-002,-9.025733470916748E-001,-4.088228642940521E-001,
8.908000000000000E+008,-1.102545019239187E-002,8.314401656389237E-002,-9.128748178482056E-001,-4.032272994518280E-001,-1.102545019239187E-002,8.314401656389237E-002,-9.128748178482056E-001,-4.032272994518280E-001,
8.991666666666668E+008,-8.635393343865871E-003,7.811390608549118E-002,-9.281057119369507E-001,-3.679450452327728E-001,-8.635393343865871E-003,7.811390608549118E-002,-9.281057119369507E-001,-3.679450452327728E-001,
9.075333333333334E+008,-8.450305089354515E-003,7.343437522649765E-002,-9.202575087547302E-001,-3.474360406398773E-001,-8.450305089354515E-003,7.343437522649765E-002,-9.202575087547302E-001,-3.474360406398773E-001,
9.159000000000000E+008,-1.131162419915199E-002,6.803604960441589E-002,-9.299349188804627E-001,-3.375149965286255E-001,-1.131162419915199E-002,6.803604960441589E-002,-9.299349188804627E-001,-3.375149965286255E-001,
9.242666666666668E+008,-1.618494465947151E-002,6.411452591419220E-002,-9.417597055435181E-001,-3.119058310985565E-001,-1.618494465947151E-002,6.411452591419220E-002,-9.417597055435181E-001,-3.119058310985565E-001,
9.326333333333334E+008,-2.015120722353458E-002,6.683694571256638E-002,-9.494904279708862E-001,-2.801532745361328E-001,-2.015120722353458E-002,6.683694571256638E-002,-9.494904279708862E-001,-2.801532745361328E-001,
9.410000000000000E+008,-2.522999979555607E-002,7.364951074123383E-002,-9.499240517616272E-001,-2.524828016757965E-001,-2.522999979555607E-002,7.364951074123383E-002,-9.499240517616272E-001,-2.524828016757965E-001,
9.493666666666668E+008,-2.547868900001049E-002,8.111380040645599E-002,-9.582775831222534E-001,-2.388838827610016E-001,-2.547868900001049E-002,8.111380040645599E-002,-9.582775831222534E-001,-2.388838827610016E-001,
9.577333333333334E+008,-1.989255473017693E-002,8.911238610744476E-002,-9.804088473320007E-001,-1.966870725154877E-001,-1.989255473017693E-002,8.911238610744476E-002,-9.804088473320007E-001,-1.966870725154877E-001,
9.661000000000000E+008,-1.132040377706289E-002,9.649660438299179E-002,-9.645670652389526E-001,-1.832972317934036E-001,-1.132040377706289E-002,9.649660438299179E-002,-9.645670652389526E-001,-1.832972317934036E-001,
9.744666666666668E+008,-1.030788756906986E-003,1.006700471043587E-001,-9.746565222740173E-001,-1.527253091335297E-001,-1.030788756906986E-003,1.006700471043587E-001,-9.746565222740173E-001,-1.527253091335297E-001,
9.828333333333334E+008,1.361810974776745E-002,9.797781705856323E-002,-9.724131226539612E-001,-1.237490773200989E-001,1.361810974776745E-002,9.797781705856323E-002,-9.724131226539612E-001,-1.237490773200989E-001,
9.912000000000000E+008,2.319295518100262E-002,9.555219858884811E-002,-9.814065694808960E-001,-1.173102110624313E-001,2.319295518100262E-002,9.555219858884811E-002,-9.814065694808960E-001,-1.173102110624313E-001,
9.995666666666668E+008,2.770115807652473E-002,8.656317740678787E-002,-9.910404086112976E-001,-7.807633280754089E-002,2.770115807652473E-002,8.656317740678787E-002,-9.910404086112976E-001,-7.807633280754089E-002,
1.007933333333333E+009,2.781234122812748E-002,7.854344695806503E-002,-9.927920699119568E-001,-6.033777818083763E-002,2.781234122812748E-002,7.854344695806503E-002,-9.927920699119568E-001,-6.033777818083763E-002,
1.016300000000000E+009,2.225128561258316E-002,6.937212496995926E-002,-9.904749989509583E-001,-3.304837271571159E-002,2.225128561258316E-002,6.937212496995926E-002,-9.904749989509583E-001,-3.304837271571159E-002,
1.024666666666667E+009,1.404488738626242E-002,6.867025047540665E-002,-9.910573959350586E-001,-1.573202572762966E-002,1.404488738626242E-002,6.867025047540665E-002,-9.910573959350586E-001,-1.573202572762966E-002,
1.033033333333333E+009,7.172280456870794E-003,7.011294364929199E-002,-9.677693843841553E-001,2.384355291724205E-002,7.172280456870794E-003,7.011294364929199E-002,-9.677693843841553E-001,2.384355291724205E-002,
1.041400000000000E+009,4.058908671140671E-003,7.685190439224243E-002,-9.762268066406250E-001,4.743189737200737E-002,4.058908671140671E-003,7.685190439224243E-002,-9.762268066406250E-001,4.743189737200737E-002,
1.049766666666667E+009,4.154868889600039E-003,8.599729835987091E-002,-9.849051833152771E-001,7.327700406312943E-002,4.154868889600039E-003,8.599729835987091E-002,-9.849051833152771E-001,7.327700406312943E-002,
1.058133333333333E+009,1.286835223436356E-002,9.436672180891037E-002,-9.783318638801575E-001,9.586423635482788E-002,1.286835223436356E-002,9.436672180891037E-002,-9.783318638801575E-001,9.586423635482788E-002,
1.066500000000000E+009,2.679844945669174E-002,9.847877919673920E-002,-9.600543975830078E-001,1.238752305507660E-001,2.679844945669174E-002,9.847877919673920E-002,-9.600543975830078E-001,1.238752305507660E-001,
1.074866666666667E+009,3.997078910470009E-002,9.510719776153565E-002,-9.773187041282654E-001,1.523424386978149E-001,3.997078910470009E-002,9.510719776153565E-002,-9.773187041282654E-001,1.523424386978149E-001,
1.083233333333334E+009,5.179224535822868E-002,8.982185274362564E-002,-9.636998772621155E-001,1.700803786516190E-001,5.179224535822868E-002,8.982185274362564E-002,-9.636998772621155E-001,1.700803786516190E-001,
1.091600000000000E+009,5.629447102546692E-002,7.747768610715866E-002,-9.589709639549255E-001,2.049830853939056E-001,5.629447102546692E-002,7.747768610715866E-002,-9.589709639549255E-001,2.049830853939056E-001,
1.099966666666667E+009,5.793396756052971E-002,6.450779736042023E-002,-9.542868733406067E-001,2.164456546306610E-001,5.793396756052971E-002,6.450779736042023E-002,-9.542868733406067E-001,2.164456546306610E-001,
1.108333333333334E+009,5.011627450585365E-002,5.529141798615456E-002,-9.650325179100037E-001,2.422851771116257E-001,5.011627450585365E-002,5.529141798615456E-002,-9.650325179100037E-001,2.422851771116257E-001,
1.116700000000000E+009,3.820090368390083E-002,5.642752721905708E-002,-9.528550505638123E-001,2.734661400318146E-001,3.820090368390083E-002,5.642752721905708E-002,-9.528550505638123E-001,2.734661400318146E-001,
1.125066666666667E+009,2.652234770357609E-002,5.753153562545776E-002,-9.355407357215881E-001,2.979661524295807E-001,2.652234770357609E-002,5.753153562545776E-002,-9.355407357215881E-001,2.979661524295807E-001,
1.133433333333334E+009,1.756557635962963E-002,6.992866098880768E-002,-9.295561909675598E-001,3.152734935283661E-001,1.756557635962963E-002,6.992866098880768E-002,-9.295561909675598E-001,3.152734935283661E-001,
1.141800000000000E+009,1.933301053941250E-002,8.293109387159348E-002,-9.184383749961853E-001,3.402653336524963E-001,1.933301053941250E-002,8.293109387159348E-002,-9.184383749961853E-001,3.402653336524963E-001,
1.150166666666667E+009,2.674634940922260E-002,9.520338475704193E-002,-9.136588573455811E-001,3.735263347625732E-001,2.674634940922260E-002,9.520338475704193E-002,-9.136588573455811E-001,3.735263347625732E-001,
1.158533333333334E+009,4.599261283874512E-002,1.022554337978363E-001,-8.991350531578064E-001,3.931087553501129E-001,4.599261283874512E-002,1.022554337978363E-001,-8.991350531578064E-001,3.931087553501129E-001,
1.166900000000000E+009,6.740420311689377E-002,9.953010827302933E-002,-8.901556730270386E-001,4.203709065914154E-001,6.740420311689377E-002,9.953010827302933E-002,-8.901556730270386E-001,4.203709065914154E-001,
1.175266666666667E+009,8.246459811925888E-002,8.921262621879578E-002,-8.711919784545898E-001,4.298582673072815E-001,8.246459811925888E-002,8.921262621879578E-002,-8.711919784545898E-001,4.298582673072815E-001,
1.183633333333334E+009,9.576636552810669E-002,7.371185719966888E-002,-8.668982386589050E-001,4.558866620063782E-001,9.576636552810669E-002,7.371185719966888E-002,-8.668982386589050E-001,4.558866620063782E-001,
1.192000000000000E+009,9.774134308099747E-002,5.550588667392731E-002,-8.621706366539002E-001,4.852756857872009E-001,9.774134308099747E-002,5.550588667392731E-002,-8.621706366539002E-001,4.852756857872009E-001,
1.200366666666667E+009,8.744463324546814E-002,3.787932172417641E-002,-8.485124111175537E-001,5.035395622253418E-001,8.744463324546814E-002,3.787932172417641E-002,-8.485124111175537E-001,5.035395622253418E-001,
1.208733333333334E+009,7.007849216461182E-002,2.964713238179684E-002,-8.401115536689758E-001,5.349297523498535E-001,7.007849216461182E-002,2.964713238179684E-002,-8.401115536689758E-001,5.349297523498535E-001,
1.217100000000000E+009,5.176557600498200E-002,3.165246546268463E-002,-8.052725195884705E-001,5.447202324867249E-001,5.176557600498200E-002,3.165246546268463E-002,-8.052725195884705E-001,5.447202324867249E-001,
1.225466666666667E+009,4.118406772613525E-002,4.434287548065186E-002,-8.146140575408936E-001,5.722391605377197E-001,4.118406772613525E-002,4.434287548065186E-002,-8.146140575408936E-001,5.722391605377197E-001,
1.233833333333334E+009,4.056308791041374E-002,5.853272601962090E-002,-7.886208891868591E-001,5.918205380439758E-001,4.056308791041374E-002,5.853272601962090E-002,-7.886208891868591E-001,5.918205380439758E-001,
1.242200000000000E+009,4.746683314442635E-002,7.308387756347656E-002,-7.583309412002564E-001,6.054934263229370E-001,4.746683314442635E-002,7.308387756347656E-002,-7.583309412002564E-001,6.054934263229370E-001,
1.250566666666667E+009,6.354629248380661E-002,8.214243501424789E-002,-7.656624913215637E-001,6.344885230064392E-001,6.354629248380661E-002,8.214243501424789E-002,-7.656624913215637E-001,6.344885230064392E-001,
1.258933333333334E+009,8.500041067600250E-002,8.171542733907700E-002,-7.403724789619446E-001,6.436302065849304E-001,8.500041067600250E-002,8.171542733907700E-002,-7.403724789619446E-001,6.436302065849304E-001,
1.267300000000000E+009,1.037291213870049E-001,6.756825745105743E-002,-7.188901901245117E-001,6.620669960975647E-001,1.037291213870049E-001,6.756825745105743E-002,-7.188901901245117E-001,6.620669960975647E-001,
1.275666666666667E+009,1.145313084125519E-001,5.032671242952347E-002,-7.204524874687195E-001,6.676948070526123E-001,1.145313084125519E-001,5.032671242952347E-002,-7.204524874687195E-001,6.676948070526123E-001,
1.284033333333334E+009,1.152518391609192E-001,2.720270864665508E-002,-6.817772388458252E-001,7.125343680381775E-001,1.152518391609192E-001,2.720270864665508E-002,-6.817772388458252E-001,7.125343680381775E-001,
1.292400000000000E+009,1.033837795257568E-001,8.694527670741081E-003,-6.772554516792297E-001,7.209212183952332E-001,1.033837795257568E-001,8.694527670741081E-003,-6.772554516792297E-001,7.209212183952332E-001,
1.300766666666667E+009,8.519767224788666E-002,1.394760096445680E-003,-6.626548767089844E-001,7.354978919029236E-001,8.519767224788666E-002,1.394760096445680E-003,-6.626548767089844E-001,7.354978919029236E-001,
1.309133333333334E+009,6.614562124013901E-002,4.838129505515099E-003,-6.445061564445496E-001,7.647342085838318E-001,6.614562124013901E-002,4.838129505515099E-003,-6.445061564445496E-001,7.647342085838318E-001,
1.317500000000000E+009,5.245530232787132E-002,1.680090650916100E-002,-6.156349182128906E-001,7.879369258880615E-001,5.245530232787132E-002,1.680090650916100E-002,-6.156349182128906E-001,7.879369258880615E-001,
1.325866666666667E+009,4.905483126640320E-002,3.267472982406616E-002,-5.949298143386841E-001,7.878386974334717E-001,4.905483126640320E-002,3.267472982406616E-002,-5.949298143386841E-001,7.878386974334717E-001,
1.334233333333334E+009,5.673950910568237E-002,5.103072151541710E-002,-5.721571445465088E-001,7.977922558784485E-001,5.673950910568237E-002,5.103072151541710E-002,-5.721571445465088E-001,7.977922558784485E-001,
1.342600000000000E+009,7.475309818983078E-002,5.531692877411842E-002,-5.585088133811951E-001,8.171961307525635E-001,7.475309818983078E-002,5.531692877411842E-002,-5.585088133811951E-001,8.171961307525635E-001,
1.350966666666667E+009,9.358211606740952E-002,5.234890431165695E-002,-5.281187891960144E-001,8.322887420654297E-001,9.358211606740952E-002,5.234890431165695E-002,-5.281187891960144E-001,8.322887420654297E-001,
1.359333333333334E+009,1.103695705533028E-001,3.876549005508423E-002,-5.132257938385010E-001,8.400170207023621E-001,1.103695705533028E-001,3.876549005508423E-002,-5.132257938385010E-001,8.400170207023621E-001,
1.367700000000000E+009,1.161781474947929E-001,1.659871079027653E-002,-4.918012917041779E-001,8.501608371734619E-001,1.161781474947929E-001,1.659871079027653E-002,-4.918012917041779E-001,8.501608371734619E-001,
1.376066666666667E+009,1.099012196063995E-001,-6.983687635511160E-003,-4.689685702323914E-001,8.630197048187256E-001,1.099012196063995E-001,-6.983687635511160E-003,-4.689685702323914E-001,8.630197048187256E-001,
1.384433333333334E+009,9.488844126462936E-002,-2.161137945950031E-002,-4.582993686199188E-001,8.762371540069580E-001,9.488844126462936E-002,-2.161137945950031E-002,-4.582993686199188E-001,8.762371540069580E-001,
1.392800000000000E+009,7.193212211132050E-002,-2.431415766477585E-002,-4.360260069370270E-001,8.831402063369751E-001,7.193212211132050E-002,-2.431415766477585E-002,-4.360260069370270E-001,8.831402063369751E-001,
1.401166666666667E+009,5.473428964614868E-002,-1.585948839783669E-002,-4.017072916030884E-001,9.079900383949280E-001,5.473428964614868E-002,-1.585948839783669E-002,-4.017072916030884E-001,9.079900383949280E-001,
1.409533333333334E+009,4.304623976349831E-002,4.195593297481537E-003,-3.791005313396454E-001,9.189299941062927E-001,4.304623976349831E-002,4.195593297481537E-003,-3.791005313396454E-001,9.189299941062927E-001,
1.417900000000000E+009,4.296341538429260E-002,2.486046776175499E-002,-3.367393314838409E-001,9.079717993736267E-001,4.296341538429260E-002,2.486046776175499E-002,-3.367393314838409E-001,9.079717993736267E-001,
1.426266666666667E+009,5.551401153206825E-002,4.283474385738373E-002,-3.316729068756104E-001,9.420502781867981E-001,5.551401153206825E-002,4.283474385738373E-002,-3.316729068756104E-001,9.420502781867981E-001,
1.434633333333334E+009,7.500000298023224E-002,4.848374426364899E-002,-3.033410012722015E-001,9.333439469337463E-001,7.500000298023224E-002,4.848374426364899E-002,-3.033410012722015E-001,9.333439469337463E-001,
1.443000000000000E+009,9.756059199571610E-002,4.351463913917542E-002,-2.748808562755585E-001,9.444073438644409E-001,9.756059199571610E-002,4.351463913917542E-002,-2.748808562755585E-001,9.444073438644409E-001,
1.451366666666667E+009,1.127099394798279E-001,2.547818236052990E-002,-2.583501935005188E-001,9.474055171012878E-001,1.127099394798279E-001,2.547818236052990E-002,-2.583501935005188E-001,9.474055171012878E-001,
1.459733333333334E+009,1.185028180480003E-001,2.969210501760244E-003,-2.394398152828217E-001,9.478307962417603E-001,1.185028180480003E-001,2.969210501760244E-003,-2.394398152828217E-001,9.478307962417603E-001,
1.468100000000000E+009,1.119915619492531E-001,-1.905190199613571E-002,-2.047193497419357E-001,9.593333601951599E-001,1.119915619492531E-001,-1.905190199613571E-002,-2.047193497419357E-001,9.593333601951599E-001,
1.476466666666667E+009,9.568253159523010E-002,-3.317294642329216E-002,-1.863968223333359E-001,9.714254140853882E-001,9.568253159523010E-002,-3.317294642329216E-002,-1.863968223333359E-001,9.714254140853882E-001,
1.484833333333334E+009,7.371621578931809E-002,-3.609166666865349E-002,-1.549964696168900E-001,9.743301868438721E-001,7.371621578931809E-002,-3.609166666865349E-002,-1.549964696168900E-001,9.743301868438721E-001,
1.493200000000000E+009,5.804162845015526E-002,-2.721139416098595E-002,-1.327484697103500E-001,9.729803800582886E-001,5.804162845015526E-002,-2.721139416098595E-002,-1.327484697103500E-001,9.729803800582886E-001,
1.501566666666667E+009,4.888091981410980E-002,-7.921718060970306E-003,-1.039257049560547E-001,9.803201556205750E-001,4.888091981410980E-002,-7.921718060970306E-003,-1.039257049560547E-001,9.803201556205750E-001,
1.509933333333334E+009,5.014506354928017E-002,1.356237288564444E-002,-8.858226984739304E-002,9.833407402038574E-001,5.014506354928017E-002,1.356237288564444E-002,-8.858226984739304E-002,9.833407402038574E-001,
1.518300000000000E+009,6.582593172788620E-002,2.838458493351936E-002,-6.169008091092110E-002,9.896264672279358E-001,6.582593172788620E-002,2.838458493351936E-002,-6.169008091092110E-002,9.896264672279358E-001,
1.526666666666667E+009,8.555571734905243E-002,3.314403071999550E-002,-3.095916472375393E-002,9.808126091957092E-001,8.555571734905243E-002,3.314403071999550E-002,-3.095916472375393E-002,9.808126091957092E-001,
1.535033333333334E+009,1.065934896469116E-001,2.682153694331646E-002,-5.761252716183662E-003,9.884285926818848E-001,1.065934896469116E-001,2.682153694331646E-002,-5.761252716183662E-003,9.884285926818848E-001,
1.543400000000000E+009,1.205241903662682E-001,8.102058432996273E-003,1.638393104076386E-002,9.816030263900757E-001,1.205241903662682E-001,8.102058432996273E-003,1.638393104076386E-002,9.816030263900757E-001,
1.551766666666667E+009,1.209480836987495E-001,-1.596722938120365E-002,3.654352203011513E-002,9.776869416236877E-001,1.209480836987495E-001,-1.596722938120365E-002,3.654352203011513E-002,9.776869416236877E-001,
1.560133333333334E+009,1.137174963951111E-001,-3.738408163189888E-002,5.671411007642746E-002,9.821790456771851E-001,1.137174963951111E-001,-3.738408163189888E-002,5.671411007642746E-002,9.821790456771851E-001,
1.568500000000000E+009,9.865795820951462E-002,-5.047282949090004E-002,7.505767047405243E-002,9.821126461029053E-001,9.865795820951462E-002,-5.047282949090004E-002,7.505767047405243E-002,9.821126461029053E-001,
1.576866666666667E+009,7.708004117012024E-002,-5.256808921694756E-002,1.178350225090981E-001,9.749189019203186E-001,7.708004117012024E-002,-5.256808921694756E-002,1.178350225090981E-001,9.749189019203186E-001,
1.585233333333334E+009,6.496462970972061E-002,-4.393712058663368E-002,1.332235634326935E-001,9.743819236755371E-001,6.496462970972061E-002,-4.393712058663368E-002,1.332235634326935E-001,9.743819236755371E-001,
1.593600000000000E+009,5.704608932137489E-002,-2.855013683438301E-002,1.582449227571487E-001,9.728994965553284E-001,5.704608932137489E-002,-2.855013683438301E-002,1.582449227571487E-001,9.728994965553284E-001,
1.601966666666667E+009,6.028950959444046E-002,-1.065523084253073E-002,1.873061656951904E-001,9.632592797279358E-001,6.028950959444046E-002,-1.065523084253073E-002,1.873061656951904E-001,9.632592797279358E-001,
1.610333333333334E+009,7.349402457475662E-002,9.316237410530448E-004,2.160033881664276E-001,9.578379988670349E-001,7.349402457475662E-002,9.316237410530448E-004,2.160033881664276E-001,9.578379988670349E-001,
1.618700000000000E+009,9.143450856208801E-002,3.431902034208179E-003,2.446045130491257E-001,9.553513526916504E-001,9.143450856208801E-002,3.431902034208179E-003,2.446045130491257E-001,9.553513526916504E-001,
1.627066666666667E+009,1.062428727746010E-001,-5.517593584954739E-003,2.629353404045105E-001,9.414866566658020E-001,1.062428727746010E-001,-5.517593584954739E-003,2.629353404045105E-001,9.414866566658020E-001,
1.635433333333334E+009,1.143324598670006E-001,-2.012984454631805E-002,2.884665429592133E-001,9.384121298789978E-001,1.143324598670006E-001,-2.012984454631805E-002,2.884665429592133E-001,9.384121298789978E-001,
1.643800000000000E+009,1.147024482488632E-001,-3.971032798290253E-002,3.031239807605743E-001,9.319881796836853E-001,1.147024482488632E-001,-3.971032798290253E-002,3.031239807605743E-001,9.319881796836853E-001,
1.652166666666667E+009,1.045455187559128E-001,-5.681234970688820E-002,3.371181488037109E-001,9.219003915786743E-001,1.045455187559128E-001,-5.681234970688820E-002,3.371181488037109E-001,9.219003915786743E-001,
1.660533333333334E+009,8.917159587144852E-002,-6.465112417936325E-002,3.496483266353607E-001,9.176306128501892E-001,8.917159587144852E-002,-6.465112417936325E-002,3.496483266353607E-001,9.176306128501892E-001,
1.668900000000000E+009,7.337594777345657E-002,-6.515587121248245E-002,3.773077130317688E-001,9.113527536392212E-001,7.337594777345657E-002,-6.515587121248245E-002,3.773077130317688E-001,9.113527536392212E-001,
1.677266666666667E+009,6.089673936367035E-002,-5.679368600249291E-002,4.153305292129517E-001,8.955761790275574E-001,6.089673936367035E-002,-5.679368600249291E-002,4.153305292129517E-001,8.955761790275574E-001,
1.685633333333334E+009,5.903204157948494E-002,-4.247132688760757E-002,4.332827329635620E-001,8.873756527900696E-001,5.903204157948494E-002,-4.247132688760757E-002,4.332827329635620E-001,8.873756527900696E-001,
1.694000000000000E+009,6.321558356285095E-002,-3.005525656044483E-002,4.467931389808655E-001,8.734208345413208E-001,6.321558356285095E-002,-3.005525656044483E-002,4.467931389808655E-001,8.734208345413208E-001,
1.702366666666667E+009,7.541686296463013E-002,-2.079311944544315E-002,4.739539325237274E-001,8.646191954612732E-001,7.541686296463013E-002,-2.079311944544315E-002,4.739539325237274E-001,8.646191954612732E-001,
1.710733333333334E+009,9.194927662611008E-002,-1.934286020696163E-002,4.920653104782105E-001,8.454947471618652E-001,9.194927662611008E-002,-1.934286020696163E-002,4.920653104782105E-001,8.454947471618652E-001,
1.719100000000000E+009,1.065941900014877E-001,-2.881228737533093E-002,5.171456336975098E-001,8.291873335838318E-001,1.065941900014877E-001,-2.881228737533093E-002,5.171456336975098E-001,8.291873335838318E-001,
1.727466666666667E+009,1.149899810552597E-001,-4.381956160068512E-002,5.326054096221924E-001,8.213753104209900E-001,1.149899810552597E-001,-4.381956160068512E-002,5.326054096221924E-001,8.213753104209900E-001,
1.735833333333334E+009,1.145916953682900E-001,-6.161187589168549E-002,5.512868165969849E-001,8.045231103897095E-001,1.145916953682900E-001,-6.161187589168549E-002,5.512868165969849E-001,8.045231103897095E-001,
1.744200000000000E+009,1.058499664068222E-001,-8.013083040714264E-002,5.769176483154297E-001,7.815568447113037E-001,1.058499664068222E-001,-8.013083040714264E-002,5.769176483154297E-001,7.815568447113037E-001,
1.752566666666667E+009,9.233922511339188E-002,-9.225324541330338E-002,6.040430665016174E-001,7.784672379493713E-001,9.233922511339188E-002,-9.225324541330338E-002,6.040430665016174E-001,7.784672379493713E-001,
1.760933333333334E+009,7.445544004440308E-002,-9.797879308462143E-002,6.147397756576538E-001,7.623506784439087E-001,7.445544004440308E-002,-9.797879308462143E-002,6.147397756576538E-001,7.623506784439087E-001,
1.769300000000000E+009,5.953583866357803E-002,-9.553855657577515E-002,6.384547948837280E-001,7.528326511383057E-001,5.953583866357803E-002,-9.553855657577515E-002,6.384547948837280E-001,7.528326511383057E-001,
1.777666666666667E+009,5.073343962430954E-002,-8.505979180335999E-002,6.510432958602905E-001,7.436681985855103E-001,5.073343962430954E-002,-8.505979180335999E-002,6.510432958602905E-001,7.436681985855103E-001,
1.786033333333334E+009,4.878849908709526E-002,-7.522368431091309E-002,6.670809984207153E-001,7.115510702133179E-001,4.878849908709526E-002,-7.522368431091309E-002,6.670809984207153E-001,7.115510702133179E-001,
1.794400000000000E+009,5.493740364909172E-002,-6.338672339916229E-002,6.899207830429077E-001,6.956040263175964E-001,5.493740364909172E-002,-6.338672339916229E-002,6.899207830429077E-001,6.956040263175964E-001,
1.802766666666667E+009,6.223560869693756E-002,-5.864448100328445E-002,7.102080583572388E-001,6.784799098968506E-001,6.223560869693756E-002,-5.864448100328445E-002,7.102080583572388E-001,6.784799098968506E-001,
1.811133333333334E+009,7.211037725210190E-002,-5.790934711694717E-002,7.320135831832886E-001,6.572543382644653E-001,7.211037725210190E-002,-5.790934711694717E-002,7.320135831832886E-001,6.572543382644653E-001,
1.819500000000000E+009,8.114003390073776E-002,-6.362080574035645E-002,7.441350221633911E-001,6.302852630615234E-001,8.114003390073776E-002,-6.362080574035645E-002,7.441350221633911E-001,6.302852630615234E-001,
1.827866666666667E+009,8.571512997150421E-002,-7.322859764099121E-002,7.619495987892151E-001,6.192327141761780E-001,8.571512997150421E-002,-7.322859764099121E-002,7.619495987892151E-001,6.192327141761780E-001,
1.836233333333334E+009,8.201208710670471E-002,-8.562565594911575E-002,7.720838189125061E-001,6.036473512649536E-001,8.201208710670471E-002,-8.562565594911575E-002,7.720838189125061E-001,6.036473512649536E-001,
1.844600000000000E+009,7.401067763566971E-002,-9.509136527776718E-002,7.892406582832336E-001,5.937706828117371E-001,7.401067763566971E-002,-9.509136527776718E-002,7.892406582832336E-001,5.937706828117371E-001,
1.852966666666667E+009,6.448240578174591E-002,-1.006966903805733E-001,7.978915572166443E-001,5.600481033325195E-001,6.448240578174591E-002,-1.006966903805733E-001,7.978915572166443E-001,5.600481033325195E-001,
1.861333333333334E+009,5.327450856566429E-002,-1.038854643702507E-001,8.200050592422485E-001,5.419268012046814E-001,5.327450856566429E-002,-1.038854643702507E-001,8.200050592422485E-001,5.419268012046814E-001,
1.869700000000000E+009,4.530591145157814E-002,-9.845621883869171E-002,8.357651829719544E-001,5.189182758331299E-001,4.530591145157814E-002,-9.845621883869171E-002,8.357651829719544E-001,5.189182758331299E-001,
1.878066666666667E+009,4.084939882159233E-002,-9.373555332422257E-002,8.486995100975037E-001,5.014328360557556E-001,4.084939882159233E-002,-9.373555332422257E-002,8.486995100975037E-001,5.014328360557556E-001,
1.886433333333334E+009,4.312013462185860E-002,-8.685708045959473E-002,8.662171363830566E-001,4.789398908615112E-001,4.312013462185860E-002,-8.685708045959473E-002,8.662171363830566E-001,4.789398908615112E-001,
1.894800000000000E+009,5.031858012080193E-002,-8.197203278541565E-002,8.781409263610840E-001,4.575474560260773E-001,5.031858012080193E-002,-8.197203278541565E-002,8.781409263610840E-001,4.575474560260773E-001,
1.903166666666667E+009,5.851875990629196E-002,-7.940226793289185E-002,8.856403827667236E-001,4.243412315845490E-001,5.851875990629196E-002,-7.940226793289185E-002,8.856403827667236E-001,4.243412315845490E-001,
1.911533333333334E+009,6.705203652381897E-002,-8.568929135799408E-002,8.971866965293884E-001,3.991590440273285E-001,6.705203652381897E-002,-8.568929135799408E-002,8.971866965293884E-001,3.991590440273285E-001,
1.919900000000000E+009,7.179999351501465E-002,-9.481424838304520E-002,9.095401763916016E-001,3.838597536087036E-001,7.179999351501465E-002,-9.481424838304520E-002,9.095401763916016E-001,3.838597536087036E-001,
1.928266666666667E+009,7.306105643510819E-002,-1.054961681365967E-001,9.045600891113281E-001,3.473804891109467E-001,7.306105643510819E-002,-1.054961681365967E-001,9.045600891113281E-001,3.473804891109467E-001,
1.936633333333334E+009,6.628590822219849E-002,-1.187655180692673E-001,9.252120852470398E-001,3.339176774024963E-001,6.628590822219849E-002,-1.187655180692673E-001,9.252120852470398E-001,3.339176774024963E-001,
1.945000000000000E+009,5.367763340473175E-002,-1.272687166929245E-001,9.339085221290588E-001,3.081205189228058E-001,5.367763340473175E-002,-1.272687166929245E-001,9.339085221290588E-001,3.081205189228058E-001,
1.953366666666667E+009,4.098680987954140E-002,-1.333372890949249E-001,9.330865144729614E-001,2.892387509346008E-001,4.098680987954140E-002,-1.333372890949249E-001,9.330865144729614E-001,2.892387509346008E-001,
1.961733333333334E+009,2.502798475325108E-002,-1.310824453830719E-001,9.495288133621216E-001,2.661291360855103E-001,2.502798475325108E-002,-1.310824453830719E-001,9.495288133621216E-001,2.661291360855103E-001,
1.970100000000000E+009,1.294437143951654E-002,-1.246210858225822E-001,9.474218487739563E-001,2.411755621433258E-001,1.294437143951654E-002,-1.246210858225822E-001,9.474218487739563E-001,2.411755621433258E-001,
1.978466666666667E+009,9.064785204827786E-003,-1.128596290946007E-001,9.546717405319214E-001,2.130206078290939E-001,9.064785204827786E-003,-1.128596290946007E-001,9.546717405319214E-001,2.130206078290939E-001,
1.986833333333334E+009,1.201976649463177E-002,-1.029669046401978E-001,9.613387584686279E-001,1.933286190032959E-001,1.201976649463177E-002,-1.029669046401978E-001,9.613387584686279E-001,1.933286190032959E-001,
1.995200000000000E+009,2.392037771642208E-002,-9.666138142347336E-002,9.648984074592590E-001,1.784606575965881E-001,2.392037771642208E-002,-9.666138142347336E-002,9.648984074592590E-001,1.784606575965881E-001,
2.003566666666667E+009,3.648653253912926E-002,-9.654024988412857E-002,9.700043797492981E-001,1.390835493803024E-001,3.648653253912926E-002,-9.654024988412857E-002,9.700043797492981E-001,1.390835493803024E-001,
2.011933333333334E+009,4.785989224910736E-002,-1.049400493502617E-001,9.745810627937317E-001,1.117890477180481E-001,4.785989224910736E-002,-1.049400493502617E-001,9.745810627937317E-001,1.117890477180481E-001,
2.020300000000000E+009,5.400270596146584E-002,-1.166224479675293E-001,9.762542247772217E-001,7.914626598358154E-002,5.400270596146584E-002,-1.166224479675293E-001,9.762542247772217E-001,7.914626598358154E-002,
2.028666666666667E+009,5.112300068140030E-002,-1.334463208913803E-001,9.771138429641724E-001,6.406217068433762E-002,5.112300068140030E-002,-1.334463208913803E-001,9.771138429641724E-001,6.406217068433762E-002,
2.037033333333334E+009,3.920321911573410E-002,-1.500335037708283E-001,9.825607538223267E-001,3.987630829215050E-002,3.920321911573410E-002,-1.500335037708283E-001,9.825607538223267E-001,3.987630829215050E-002,
2.045400000000000E+009,2.094177715480328E-002,-1.582309752702713E-001,9.758452773094177E-001,1.787172444164753E-002,2.094177715480328E-002,-1.582309752702713E-001,9.758452773094177E-001,1.787172444164753E-002,
2.053766666666667E+009,3.155383164994419E-004,-1.576360464096069E-001,9.746592044830322E-001,-5.855677649378777E-003,3.155383164994419E-004,-1.576360464096069E-001,9.746592044830322E-001,-5.855677649378777E-003,
2.062133333333334E+009,-1.576611772179604E-002,-1.519488692283630E-001,9.801090955734253E-001,-3.384865075349808E-002,-1.576611772179604E-002,-1.519488692283630E-001,9.801090955734253E-001,-3.384865075349808E-002,
2.070500000000000E+009,-2.378524467349052E-002,-1.362562626600266E-001,9.808337092399597E-001,-6.152574717998505E-002,-2.378524467349052E-002,-1.362562626600266E-001,9.808337092399597E-001,-6.152574717998505E-002,
2.078866666666667E+009,-2.288889884948731E-002,-1.208159103989601E-001,9.757888317108154E-001,-8.271218091249466E-002,-2.288889884948731E-002,-1.208159103989601E-001,9.757888317108154E-001,-8.271218091249466E-002,
2.087233333333334E+009,-1.166673656553030E-002,-1.139445081353188E-001,9.716513752937317E-001,-1.154169291257858E-001,-1.166673656553030E-002,-1.139445081353188E-001,9.716513752937317E-001,-1.154169291257858E-001,
2.095600000000000E+009,3.744359826669097E-003,-1.112281605601311E-001,9.772198200225830E-001,-1.362034678459168E-001,3.744359826669097E-003,-1.112281605601311E-001,9.772198200225830E-001,-1.362034678459168E-001,
2.103966666666667E+009,1.698893308639526E-002,-1.221083253622055E-001,9.750261902809143E-001,-1.680083423852921E-001,1.698893308639526E-002,-1.221083253622055E-001,9.750261902809143E-001,-1.680083423852921E-001,
2.112333333333334E+009,2.471810765564442E-002,-1.382942199707031E-001,9.601882696151733E-001,-1.853872090578079E-001,2.471810765564442E-002,-1.382942199707031E-001,9.601882696151733E-001,-1.853872090578079E-001,
2.120700000000000E+009,2.054884843528271E-002,-1.616441309452057E-001,9.526888728141785E-001,-2.199069559574127E-001,2.054884843528271E-002,-1.616441309452057E-001,9.526888728141785E-001,-2.199069559574127E-001,
2.129066666666667E+009,3.745379624888301E-003,-1.780094206333160E-001,9.573867917060852E-001,-2.478287816047669E-001,3.745379624888301E-003,-1.780094206333160E-001,9.573867917060852E-001,-2.478287816047669E-001,
2.137433333333334E+009,-2.128040604293346E-002,-1.861664354801178E-001,9.366737008094788E-001,-2.644437551498413E-001,-2.128040604293346E-002,-1.861664354801178E-001,9.366737008094788E-001,-2.644437551498413E-001,
2.145800000000000E+009,-5.026037245988846E-002,-1.832169741392136E-001,9.324560165405273E-001,-2.843229174613953E-001,-5.026037245988846E-002,-1.832169741392136E-001,9.324560165405273E-001,-2.843229174613953E-001,
2.154166666666667E+009,-7.198075950145721E-002,-1.689551174640656E-001,9.247452616691589E-001,-3.006827235221863E-001,-7.198075950145721E-002,-1.689551174640656E-001,9.247452616691589E-001,-3.006827235221863E-001,
2.162533333333334E+009,-8.431546390056610E-002,-1.465985327959061E-001,9.064307808876038E-001,-3.252730667591095E-001,-8.431546390056610E-002,-1.465985327959061E-001,9.064307808876038E-001,-3.252730667591095E-001,
2.170900000000000E+009,-8.167554438114166E-002,-1.239808201789856E-001,9.140778779983521E-001,-3.565322458744049E-001,-8.167554438114166E-002,-1.239808201789856E-001,9.140778779983521E-001,-3.565322458744049E-001,
2.179266666666667E+009,-6.839205324649811E-002,-1.101044639945030E-001,9.023346900939941E-001,-3.710251748561859E-001,-6.839205324649811E-002,-1.101044639945030E-001,9.023346900939941E-001,-3.710251748561859E-001,
2.187633333333334E+009,-4.899004474282265E-002,-1.063408032059670E-001,8.992344141006470E-001,-4.056903719902039E-001,-4.899004474282265E-002,-1.063408032059670E-001,8.992344141006470E-001,-4.056903719902039E-001,
2.196000000000000E+009,-2.974530868232250E-002,-1.177037581801415E-001,8.791015744209290E-001,-4.262466728687286E-001,-2.974530868232250E-002,-1.177037581801415E-001,8.791015744209290E-001,-4.262466728687286E-001,
2.204366666666667E+009,-1.990639045834541E-002,-1.395541131496429E-001,8.694563508033752E-001,-4.496804773807526E-001,-1.990639045834541E-002,-1.395541131496429E-001,8.694563508033752E-001,-4.496804773807526E-001,
2.212733333333334E+009,-2.345079742372036E-002,-1.646402478218079E-001,8.522362709045410E-001,-4.834907948970795E-001,-2.345079742372036E-002,-1.646402478218079E-001,8.522362709045410E-001,-4.834907948970795E-001,
2.221100000000000E+009,-4.220449924468994E-002,-1.821468621492386E-001,8.299341797828674E-001,-4.909184873104096E-001,-4.220449924468994E-002,-1.821468621492386E-001,8.299341797828674E-001,-4.909184873104096E-001,
2.229466666666667E+009,-6.868688017129898E-002,-1.910981088876724E-001,8.219735622406006E-001,-5.014606714248657E-001,-6.868688017129898E-002,-1.910981088876724E-001,8.219735622406006E-001,-5.014606714248657E-001,
2.237833333333334E+009,-1.007461696863174E-001,-1.827406585216522E-001,8.113685846328735E-001,-5.290641188621521E-001,-1.007461696863174E-001,-1.827406585216522E-001,8.113685846328735E-001,-5.290641188621521E-001,
2.246200000000000E+009,-1.257150173187256E-001,-1.637610346078873E-001,7.983998656272888E-001,-5.452216267585754E-001,-1.257150173187256E-001,-1.637610346078873E-001,7.983998656272888E-001,-5.452216267585754E-001,
2.254566666666667E+009,-1.356115639209747E-001,-1.355688422918320E-001,7.850552797317505E-001,-5.614051818847656E-001,-1.356115639209747E-001,-1.355688422918320E-001,7.850552797317505E-001,-5.614051818847656E-001,
2.262933333333334E+009,-1.349195986986160E-001,-1.111945286393166E-001,7.767046093940735E-001,-5.863677859306335E-001,-1.349195986986160E-001,-1.111945286393166E-001,7.767046093940735E-001,-5.863677859306335E-001,
2.271300000000000E+009,-1.201246231794357E-001,-9.200795739889145E-002,7.579974532127380E-001,-6.055034399032593E-001,-1.201246231794357E-001,-9.200795739889145E-002,7.579974532127380E-001,-6.055034399032593E-001,
2.279666666666667E+009,-9.802744537591934E-002,-9.000943601131439E-002,7.474060654640198E-001,-6.284127235412598E-001,-9.802744537591934E-002,-9.000943601131439E-002,7.474060654640198E-001,-6.284127235412598E-001,
2.288033333333334E+009,-7.877697050571442E-002,-1.016521006822586E-001,7.276800274848938E-001,-6.553784012794495E-001,-7.877697050571442E-002,-1.016521006822586E-001,7.276800274848938E-001,-6.553784012794495E-001,
2.296400000000000E+009,-7.120885699987412E-002,-1.254281252622604E-001,7.071804404258728E-001,-6.749387383460999E-001,-7.120885699987412E-002,-1.254281252622604E-001,7.071804404258728E-001,-6.749387383460999E-001,
2.304766666666667E+009,-7.958687096834183E-002,-1.487337052822113E-001,6.892183423042297E-001,-6.819820404052734E-001,-7.958687096834183E-002,-1.487337052822113E-001,6.892183423042297E-001,-6.819820404052734E-001,
2.313133333333334E+009,-1.022781059145927E-001,-1.631798744201660E-001,6.635767221450806E-001,-7.131944894790649E-001,-1.022781059145927E-001,-1.631798744201660E-001,6.635767221450806E-001,-7.131944894790649E-001,
2.321500000000000E+009,-1.283141672611237E-001,-1.633888483047485E-001,6.504881381988525E-001,-7.182511091232300E-001,-1.283141672611237E-001,-1.633888483047485E-001,6.504881381988525E-001,-7.182511091232300E-001,
2.329866666666667E+009,-1.549281477928162E-001,-1.491229385137558E-001,6.375792026519775E-001,-7.331055998802185E-001,-1.549281477928162E-001,-1.491229385137558E-001,6.375792026519775E-001,-7.331055998802185E-001,
2.338233333333334E+009,-1.732612401247025E-001,-1.243848055601120E-001,6.089708805084229E-001,-7.490155100822449E-001,-1.732612401247025E-001,-1.243848055601120E-001,6.089708805084229E-001,-7.490155100822449E-001,
2.346600000000000E+009,-1.758052408695221E-001,-9.189121425151825E-002,5.931671261787415E-001,-7.661461234092712E-001,-1.758052408695221E-001,-9.189121425151825E-002,5.931671261787415E-001,-7.661461234092712E-001,
2.354966666666667E+009,-1.627311855554581E-001,-6.812053173780441E-002,5.833768844604492E-001,-7.766337990760803E-001,-1.627311855554581E-001,-6.812053173780441E-002,5.833768844604492E-001,-7.766337990760803E-001,
2.363333333333334E+009,-1.406744867563248E-001,-5.835841223597527E-002,5.685445070266724E-001,-7.954026460647583E-001,-1.406744867563248E-001,-5.835841223597527E-002,5.685445070266724E-001,-7.954026460647583E-001,
2.371700000000000E+009,-1.145823672413826E-001,-6.348599493503571E-002,5.473216772079468E-001,-8.176925778388977E-001,-1.145823672413826E-001,-6.348599493503571E-002,5.473216772079468E-001,-8.176925778388977E-001,
2.380066666666667E+009,-9.933295845985413E-002,-8.837280422449112E-002,5.138736963272095E-001,-8.311314582824707E-001,-9.933295845985413E-002,-8.837280422449112E-002,5.138736963272095E-001,-8.311314582824707E-001,
2.388433333333334E+009,-1.011744663119316E-001,-1.187072098255158E-001,4.906123876571655E-001,-8.360124826431274E-001,-1.011744663119316E-001,-1.187072098255158E-001,4.906123876571655E-001,-8.360124826431274E-001,
2.396800000000000E+009,-1.208673641085625E-001,-1.467581838369370E-001,4.538532495498657E-001,-8.550690412521362E-001,-1.208673641085625E-001,-1.467581838369370E-001,4.538532495498657E-001,-8.550690412521362E-001,
2.405166666666667E+009,-1.557702869176865E-001,-1.617809087038040E-001,4.354227483272553E-001,-8.621350526809692E-001,-1.557702869176865E-001,-1.617809087038040E-001,4.354227483272553E-001,-8.621350526809692E-001,
2.413533333333334E+009,-1.951877176761627E-001,-1.542226672172546E-001,4.117482602596283E-001,-8.657478094100952E-001,-1.951877176761627E-001,-1.542226672172546E-001,4.117482602596283E-001,-8.657478094100952E-001,
2.421900000000000E+009,-2.312487661838532E-001,-1.285227090120316E-001,3.939039707183838E-001,-8.737627863883972E-001,-2.312487661838532E-001,-1.285227090120316E-001,3.939039707183838E-001,-8.737627863883972E-001,
2.430266666666667E+009,-2.484173774719238E-001,-9.030377119779587E-002,3.776703178882599E-001,-8.829921483993530E-001,-2.484173774719238E-001,-9.030377119779587E-002,3.776703178882599E-001,-8.829921483993530E-001,
2.438633333333334E+009,-2.511872947216034E-001,-4.598461091518402E-002,3.624889552593231E-001,-8.858996629714966E-001,-2.511872947216034E-001,-4.598461091518402E-002,3.624889552593231E-001,-8.858996629714966E-001,
2.447000000000000E+009,-2.331217825412750E-001,-6.871870253235102E-003,3.412305116653442E-001,-9.029034376144409E-001,-2.331217825412750E-001,-6.871870253235102E-003,3.412305116653442E-001,-9.029034376144409E-001,
2.455366666666667E+009,-2.012585997581482E-001,1.365431770682335E-002,3.244071006774902E-001,-9.113766551017761E-001,-2.012585997581482E-001,1.365431770682335E-002,3.244071006774902E-001,-9.113766551017761E-001,
2.463733333333334E+009,-1.674462258815765E-001,1.518577802926302E-002,3.015686869621277E-001,-9.282409548759460E-001,-1.674462258815765E-001,1.518577802926302E-002,3.015686869621277E-001,-9.282409548759460E-001,
2.472100000000000E+009,-1.423570513725281E-001,-3.702382789924741E-003,2.730665504932404E-001,-9.396362304687500E-001,-1.423570513725281E-001,-3.702382789924741E-003,2.730665504932404E-001,-9.396362304687500E-001,
2.480466666666667E+009,-1.345443576574326E-001,-3.547262027859688E-002,2.381190210580826E-001,-9.438824653625488E-001,-1.345443576574326E-001,-3.547262027859688E-002,2.381190210580826E-001,-9.438824653625488E-001,
2.488833333333334E+009,-1.465128064155579E-001,-6.489567458629608E-002,2.139689177274704E-001,-9.487312436103821E-001,-1.465128064155579E-001,-6.489567458629608E-002,2.139689177274704E-001,-9.487312436103821E-001,
2.497200000000000E+009,-1.728304326534271E-001,-8.070882409811020E-002,1.795997619628906E-001,-9.550183415412903E-001,-1.728304326534271E-001,-8.070882409811020E-002,1.795997619628906E-001,-9.550183415412903E-001,
2.505566666666667E+009,-2.089352905750275E-001,-7.845795899629593E-002,1.540843993425369E-001,-9.534862637519836E-001,-2.089352905750275E-001,-7.845795899629593E-002,1.540843993425369E-001,-9.534862637519836E-001,
2.513933333333334E+009,-2.364075332880020E-001,-5.592950060963631E-002,1.363164186477661E-001,-9.504602551460266E-001,-2.364075332880020E-001,-5.592950060963631E-002,1.363164186477661E-001,-9.504602551460266E-001,
2.522300000000000E+009,-2.510543763637543E-001,-2.383918687701225E-002,1.108165010809898E-001,-9.502450823783875E-001,-2.510543763637543E-001,-2.383918687701225E-002,1.108165010809898E-001,-9.502450823783875E-001,
2.530666666666667E+009,-2.466415166854858E-001,1.563780009746552E-002,8.770398050546646E-002,-9.584652185440064E-001,-2.466415166854858E-001,1.563780009746552E-002,8.770398050546646E-002,-9.584652185440064E-001,
2.539033333333334E+009,-2.259611636400223E-001,4.625885188579559E-002,7.288587838411331E-002,-9.569920301437378E-001,-2.259611636400223E-001,4.625885188579559E-002,7.288587838411331E-002,-9.569920301437378E-001,
2.547400000000000E+009,-1.955206394195557E-001,6.321154534816742E-002,5.461500957608223E-002,-9.709358215332031E-001,-1.955206394195557E-001,6.321154534816742E-002,5.461500957608223E-002,-9.709358215332031E-001,
2.555766666666667E+009,-1.628192067146301E-001,6.133488938212395E-002,2.555110491812229E-002,-9.739053249359131E-001,-1.628192067146301E-001,6.133488938212395E-002,2.555110491812229E-002,-9.739053249359131E-001,
2.564133333333334E+009,-1.424987167119980E-001,3.959921374917030E-002,-4.109229892492294E-003,-9.726926088333130E-001,-1.424987167119980E-001,3.959921374917030E-002,-4.109229892492294E-003,-9.726926088333130E-001,
2.572500000000000E+009,-1.399511992931366E-001,1.036455482244492E-002,-3.474261239171028E-002,-9.712668061256409E-001,-1.399511992931366E-001,1.036455482244492E-002,-3.474261239171028E-002,-9.712668061256409E-001,
2.580866666666667E+009,-1.562726050615311E-001,-1.662890985608101E-002,-6.262030452489853E-002,-9.725541472434998E-001,-1.562726050615311E-001,-1.662890985608101E-002,-6.262030452489853E-002,-9.725541472434998E-001,
2.589233333333334E+009,-1.887428015470505E-001,-2.887811511754990E-002,-9.442298859357834E-002,-9.654832482337952E-001,-1.887428015470505E-001,-2.887811511754990E-002,-9.442298859357834E-002,-9.654832482337952E-001,
2.597600000000000E+009,-2.237512469291687E-001,-2.224151231348515E-002,-1.258895397186279E-001,-9.537064433097839E-001,-2.237512469291687E-001,-2.224151231348515E-002,-1.258895397186279E-001,-9.537064433097839E-001,
2.605966666666667E+009,-2.511827647686005E-001,3.544676117599011E-003,-1.347696632146835E-001,-9.540030360221863E-001,-2.511827647686005E-001,3.544676117599011E-003,-1.347696632146835E-001,-9.540030360221863E-001,
2.614333333333334E+009,-2.625863850116730E-001,3.743357583880425E-002,-1.565115302801132E-001,-9.385735988616943E-001,-2.625863850116730E-001,3.743357583880425E-002,-1.565115302801132E-001,-9.385735988616943E-001,
2.622700000000000E+009,-2.548707425594330E-001,7.867956906557083E-002,-1.733204126358032E-001,-9.337013959884644E-001,-2.548707425594330E-001,7.867956906557083E-002,-1.733204126358032E-001,-9.337013959884644E-001,
2.631066666666667E+009,-2.313306480646133E-001,1.108857467770577E-001,-1.965954899787903E-001,-9.422496557235718E-001,-2.313306480646133E-001,1.108857467770577E-001,-1.965954899787903E-001,-9.422496557235718E-001,
2.639433333333334E+009,-1.965869814157486E-001,1.267364919185638E-001,-2.158589065074921E-001,-9.332292675971985E-001,-1.965869814157486E-001,1.267364919185638E-001,-2.158589065074921E-001,-9.332292675971985E-001,
2.647800000000000E+009,-1.613186150789261E-001,1.246854513883591E-001,-2.418973892927170E-001,-9.339174032211304E-001,-1.613186150789261E-001,1.246854513883591E-001,-2.418973892927170E-001,-9.339174032211304E-001,
2.656166666666667E+009,-1.383649557828903E-001,1.046191602945328E-001,-2.647778689861298E-001,-9.358409047126770E-001,-1.383649557828903E-001,1.046191602945328E-001,-2.647778689861298E-001,-9.358409047126770E-001,
2.664533333333334E+009,-1.332719177007675E-001,7.816962152719498E-002,-3.022608160972595E-001,-9.202329516410828E-001,-1.332719177007675E-001,7.816962152719498E-002,-3.022608160972595E-001,-9.202329516410828E-001,
2.672900000000000E+009,-1.467436850070953E-001,5.309876799583435E-002,-3.271396756172180E-001,-9.120659232139587E-001,-1.467436850070953E-001,5.309876799583435E-002,-3.271396756172180E-001,-9.120659232139587E-001,
2.681266666666667E+009,-1.748638451099396E-001,4.318462684750557E-002,-3.538163304328919E-001,-8.986649513244629E-001,-1.748638451099396E-001,4.318462684750557E-002,-3.538163304328919E-001,-8.986649513244629E-001,
2.689633333333334E+009,-2.084044516086578E-001,5.114916712045670E-002,-3.784278929233551E-001,-8.892104029655457E-001,-2.084044516086578E-001,5.114916712045670E-002,-3.784278929233551E-001,-8.892104029655457E-001,
2.698000000000000E+009,-2.308461666107178E-001,7.462195307016373E-002,-3.853576481342316E-001,-8.733174204826355E-001,-2.308461666107178E-001,7.462195307016373E-002,-3.853576481342316E-001,-8.733174204826355E-001,
2.706366666666667E+009,-2.381341457366943E-001,1.108710840344429E-001,-4.083371758460999E-001,-8.533669114112854E-001,-2.381341457366943E-001,1.108710840344429E-001,-4.083371758460999E-001,-8.533669114112854E-001,
2.714733333333334E+009,-2.282622903585434E-001,1.461370289325714E-001,-4.245366156101227E-001,-8.534367680549622E-001,-2.282622903585434E-001,1.461370289325714E-001,-4.245366156101227E-001,-8.534367680549622E-001,
2.723100000000000E+009,-2.004843652248383E-001,1.752454787492752E-001,-4.431513547897339E-001,-8.406254649162293E-001,-2.004843652248383E-001,1.752454787492752E-001,-4.431513547897339E-001,-8.406254649162293E-001,
2.731466666666667E+009,-1.625852435827255E-001,1.883478015661240E-001,-4.612859487533569E-001,-8.387589454650879E-001,-1.625852435827255E-001,1.883478015661240E-001,-4.612859487533569E-001,-8.387589454650879E-001,
2.739833333333334E+009,-1.253149509429932E-001,1.823951900005341E-001,-4.819345474243164E-001,-8.262611031532288E-001,-1.253149509429932E-001,1.823951900005341E-001,-4.819345474243164E-001,-8.262611031532288E-001,
2.748200000000000E+009,-1.000310480594635E-001,1.621980220079422E-001,-5.089495182037354E-001,-8.223571181297302E-001,-1.000310480594635E-001,1.621980220079422E-001,-5.089495182037354E-001,-8.223571181297302E-001,
2.756566666666667E+009,-9.199421107769013E-002,1.332169622182846E-001,-5.364508032798767E-001,-8.108746409416199E-001,-9.199421107769013E-002,1.332169622182846E-001,-5.364508032798767E-001,-8.108746409416199E-001,
2.764933333333334E+009,-1.027760431170464E-001,1.070450544357300E-001,-5.714499950408936E-001,-7.955182194709778E-001,-1.027760431170464E-001,1.070450544357300E-001,-5.714499950408936E-001,-7.955182194709778E-001,
2.773300000000000E+009,-1.288811713457108E-001,9.276339411735535E-002,-5.870164036750794E-001,-7.748508453369141E-001,-1.288811713457108E-001,9.276339411735535E-002,-5.870164036750794E-001,-7.748508453369141E-001,
2.781666666666667E+009,-1.612432897090912E-001,9.955822676420212E-002,-6.049615144729614E-001,-7.513231635093689E-001,-1.612432897090912E-001,9.955822676420212E-002,-6.049615144729614E-001,-7.513231635093689E-001,
2.790033333333334E+009,-1.848400086164475E-001,1.209994554519653E-001,-6.228117346763611E-001,-7.351157069206238E-001,-1.848400086164475E-001,1.209994554519653E-001,-6.228117346763611E-001,-7.351157069206238E-001,
2.798400000000000E+009,-1.942338496446610E-001,1.549402326345444E-001,-6.345229148864746E-001,-7.183914184570313E-001,-1.942338496446610E-001,1.549402326345444E-001,-6.345229148864746E-001,-7.183914184570313E-001,
2.806766666666667E+009,-1.825952380895615E-001,1.904655694961548E-001,-6.459105610847473E-001,-6.966849565505981E-001,-1.825952380895615E-001,1.904655694961548E-001,-6.459105610847473E-001,-6.966849565505981E-001,
2.815133333333334E+009,-1.565446704626083E-001,2.149339914321899E-001,-6.597438454627991E-001,-6.859962940216065E-001,-1.565446704626083E-001,2.149339914321899E-001,-6.597438454627991E-001,-6.859962940216065E-001,
2.823500000000000E+009,-1.183575093746185E-001,2.270491123199463E-001,-6.767078638076782E-001,-6.731379032135010E-001,-1.183575093746185E-001,2.270491123199463E-001,-6.767078638076782E-001,-6.731379032135010E-001,
2.831866666666667E+009,-8.244799822568893E-002,2.176077514886856E-001,-6.927240490913391E-001,-6.613343358039856E-001,-8.244799822568893E-002,2.176077514886856E-001,-6.927240490913391E-001,-6.613343358039856E-001,
2.840233333333334E+009,-5.489767342805862E-002,1.957155913114548E-001,-7.181791067123413E-001,-6.493861079216003E-001,-5.489767342805862E-002,1.957155913114548E-001,-7.181791067123413E-001,-6.493861079216003E-001,
2.848600000000000E+009,-4.520038515329361E-002,1.656043976545334E-001,-7.337595820426941E-001,-6.293507814407349E-001,-4.520038515329361E-002,1.656043976545334E-001,-7.337595820426941E-001,-6.293507814407349E-001,
2.856966666666667E+009,-5.493884161114693E-002,1.390760391950607E-001,-7.577052712440491E-001,-6.105503439903259E-001,-5.493884161114693E-002,1.390760391950607E-001,-7.577052712440491E-001,-6.105503439903259E-001,
2.865333333333334E+009,-8.084733784198761E-002,1.242249011993408E-001,-7.764328122138977E-001,-5.892152190208435E-001,-8.084733784198761E-002,1.242249011993408E-001,-7.764328122138977E-001,-5.892152190208435E-001,
2.873700000000000E+009,-1.123938933014870E-001,1.297053694725037E-001,-7.955902218818665E-001,-5.552814006805420E-001,-1.123938933014870E-001,1.297053694725037E-001,-7.955902218818665E-001,-5.552814006805420E-001,
2.882066666666667E+009,-1.374257355928421E-001,1.514685451984406E-001,-7.985622286796570E-001,-5.272171497344971E-001,-1.374257355928421E-001,1.514685451984406E-001,-7.985622286796570E-001,-5.272171497344971E-001,
2.890433333333334E+009,-1.468456387519836E-001,1.876887530088425E-001,-8.076356053352356E-001,-5.090858936309815E-001,-1.468456387519836E-001,1.876887530088425E-001,-8.076356053352356E-001,-5.090858936309815E-001,
2.898800000000000E+009,-1.352544426918030E-001,2.244251221418381E-001,-8.137186169624329E-001,-4.903472363948822E-001,-1.352544426918030E-001,2.244251221418381E-001,-8.137186169624329E-001,-4.903472363948822E-001,
2.907166666666667E+009,-1.069385036826134E-001,2.500862181186676E-001,-8.166578412055969E-001,-4.790801703929901E-001,-1.069385036826134E-001,2.500862181186676E-001,-8.166578412055969E-001,-4.790801703929901E-001,
2.915533333333334E+009,-6.649690866470337E-002,2.617167830467224E-001,-8.302082419395447E-001,-4.560455083847046E-001,-6.649690866470337E-002,2.617167830467224E-001,-8.302082419395447E-001,-4.560455083847046E-001,
2.923900000000000E+009,-2.765969559550285E-002,2.523705959320068E-001,-8.415110707283020E-001,-4.485347568988800E-001,-2.765969559550285E-002,2.523705959320068E-001,-8.415110707283020E-001,-4.485347568988800E-001,
2.932266666666667E+009,2.177690155804157E-003,2.281458526849747E-001,-8.578995466232300E-001,-4.309303760528565E-001,2.177690155804157E-003,2.281458526849747E-001,-8.578995466232300E-001,-4.309303760528565E-001,
2.940633333333334E+009,1.351945661008358E-002,1.928243786096573E-001,-8.734233975410461E-001,-4.053213894367218E-001,1.351945661008358E-002,1.928243786096573E-001,-8.734233975410461E-001,-4.053213894367218E-001,
2.949000000000000E+009,5.387520883232355E-003,1.583748459815979E-001,-8.961621522903442E-001,-3.777579963207245E-001,5.387520883232355E-003,1.583748459815979E-001,-8.961621522903442E-001,-3.777579963207245E-001,
2.957366666666667E+009,-1.962103694677353E-002,1.400378346443176E-001,-9.089338183403015E-001,-3.551290631294251E-001,-1.962103694677353E-002,1.400378346443176E-001,-9.089338183403015E-001,-3.551290631294251E-001,
2.965733333333334E+009,-5.426173657178879E-002,1.417803913354874E-001,-9.193730950355530E-001,-3.221315443515778E-001,-5.426173657178879E-002,1.417803913354874E-001,-9.193730950355530E-001,-3.221315443515778E-001,
2.974100000000000E+009,-8.065031468868256E-002,1.641601324081421E-001,-9.241992235183716E-001,-2.919678390026093E-001,-8.065031468868256E-002,1.641601324081421E-001,-9.241992235183716E-001,-2.919678390026093E-001,
2.982466666666667E+009,-8.962442725896835E-002,1.993731111288071E-001,-9.243038892745972E-001,-2.612394392490387E-001,-8.962442725896835E-002,1.993731111288071E-001,-9.243038892745972E-001,-2.612394392490387E-001,
2.990833333333334E+009,-7.905878126621246E-002,2.371193766593933E-001,-9.189211726188660E-001,-2.446755915880203E-001,-7.905878126621246E-002,2.371193766593933E-001,-9.189211726188660E-001,-2.446755915880203E-001,
2.999200000000000E+009,-4.990262538194656E-002,2.652304172515869E-001,-9.211169481277466E-001,-2.257256507873535E-001,-4.990262538194656E-002,2.652304172515869E-001,-9.211169481277466E-001,-2.257256507873535E-001,
3.007566666666667E+009,-8.275620639324188E-003,2.757999300956726E-001,-9.229754805564880E-001,-2.074997723102570E-001,-8.275620639324188E-003,2.757999300956726E-001,-9.229754805564880E-001,-2.074997723102570E-001,
3.015933333333334E+009,3.490241989493370E-002,2.632790505886078E-001,-9.257735610008240E-001,-1.952857524156570E-001,3.490241989493370E-002,2.632790505886078E-001,-9.257735610008240E-001,-1.952857524156570E-001,
3.024300000000000E+009,6.485395878553391E-002,2.351039797067642E-001,-9.369164109230042E-001,-1.758406013250351E-001,6.485395878553391E-002,2.351039797067642E-001,-9.369164109230042E-001,-1.758406013250351E-001,
3.032666666666667E+009,7.695615291595459E-002,1.953096240758896E-001,-9.503021836280823E-001,-1.539842337369919E-001,7.695615291595459E-002,1.953096240758896E-001,-9.503021836280823E-001,-1.539842337369919E-001,
3.041033333333334E+009,6.549913436174393E-002,1.574984639883041E-001,-9.585078358650208E-001,-1.268849223852158E-001,6.549913436174393E-002,1.574984639883041E-001,-9.585078358650208E-001,-1.268849223852158E-001,
3.049400000000000E+009,3.485830128192902E-002,1.350551992654800E-001,-9.679366946220398E-001,-8.974234759807587E-002,3.485830128192902E-002,1.350551992654800E-001,-9.679366946220398E-001,-8.974234759807587E-002,
3.057766666666667E+009,-2.418668009340763E-003,1.350357681512833E-001,-9.760777950286865E-001,-6.791220605373383E-002,-2.418668009340763E-003,1.350357681512833E-001,-9.760777950286865E-001,-6.791220605373383E-002,
3.066133333333334E+009,-3.283470496535301E-002,1.588635146617889E-001,-9.679202437400818E-001,-2.647997066378593E-002,-3.283470496535301E-002,1.588635146617889E-001,-9.679202437400818E-001,-2.647997066378593E-002,
3.074500000000000E+009,-4.363619536161423E-002,1.987566500902176E-001,-9.641221165657044E-001,3.463149303570390E-003,-4.363619536161423E-002,1.987566500902176E-001,-9.641221165657044E-001,3.463149303570390E-003,
3.082866666666667E+009,-2.940690331161022E-002,2.396453768014908E-001,-9.562489390373230E-001,2.413673698902130E-002,-2.940690331161022E-002,2.396453768014908E-001,-9.562489390373230E-001,2.413673698902130E-002,
3.091233333333334E+009,5.500650033354759E-003,2.713006734848023E-001,-9.458366036415100E-001,4.434348270297051E-002,5.500650033354759E-003,2.713006734848023E-001,-9.458366036415100E-001,4.434348270297051E-002,
3.099600000000000E+009,5.426177009940147E-002,2.798341214656830E-001,-9.394195079803467E-001,5.602440237998962E-002,5.426177009940147E-002,2.798341214656830E-001,-9.394195079803467E-001,5.602440237998962E-002,
3.107966666666667E+009,1.045270562171936E-001,2.636246681213379E-001,-9.417530894279480E-001,6.787577271461487E-002,1.045270562171936E-001,2.636246681213379E-001,-9.417530894279480E-001,6.787577271461487E-002,
3.116333333333334E+009,1.406824588775635E-001,2.277053892612457E-001,-9.431025981903076E-001,8.597664535045624E-002,1.406824588775635E-001,2.277053892612457E-001,-9.431025981903076E-001,8.597664535045624E-002,
3.124700000000000E+009,1.522522270679474E-001,1.788741052150726E-001,-9.536008238792419E-001,1.043357029557228E-001,1.522522270679474E-001,1.788741052150726E-001,-9.536008238792419E-001,1.043357029557228E-001,
3.133066666666667E+009,1.382562667131424E-001,1.329551786184311E-001,-9.613332748413086E-001,1.381946951150894E-001,1.382562667131424E-001,1.329551786184311E-001,-9.613332748413086E-001,1.381946951150894E-001,
3.141433333333334E+009,1.033344343304634E-001,1.008074507117271E-001,-9.617227911949158E-001,1.695877760648727E-001,1.033344343304634E-001,1.008074507117271E-001,-9.617227911949158E-001,1.695877760648727E-001,
3.149800000000000E+009,5.549133196473122E-002,9.697415679693222E-002,-9.610518813133240E-001,2.100416570901871E-001,5.549133196473122E-002,9.697415679693222E-002,-9.610518813133240E-001,2.100416570901871E-001,
3.158166666666667E+009,1.526832208037376E-002,1.211436018347740E-001,-9.464610815048218E-001,2.443405240774155E-001,1.526832208037376E-002,1.211436018347740E-001,-9.464610815048218E-001,2.443405240774155E-001,
3.166533333333334E+009,-2.983034122735262E-003,1.642118990421295E-001,-9.328431487083435E-001,2.690966427326202E-001,-2.983034122735262E-003,1.642118990421295E-001,-9.328431487083435E-001,2.690966427326202E-001,
3.174900000000000E+009,6.540830247104168E-003,2.121174782514572E-001,-9.144948124885559E-001,2.926891744136810E-001,6.540830247104168E-003,2.121174782514572E-001,-9.144948124885559E-001,2.926891744136810E-001,
3.183266666666667E+009,4.236598312854767E-002,2.484562546014786E-001,-8.968166112899780E-001,3.098112940788269E-001,4.236598312854767E-002,2.484562546014786E-001,-8.968166112899780E-001,3.098112940788269E-001,
3.191633333333334E+009,9.245467185974121E-002,2.602289617061615E-001,-8.798408508300781E-001,3.207083344459534E-001,9.245467185974121E-002,2.602289617061615E-001,-8.798408508300781E-001,3.207083344459534E-001,
3.200000000000000E+009,1.432514190673828E-001,2.440875619649887E-001,-8.789175152778626E-001,3.313122987747192E-001,1.432514190673828E-001,2.440875619649887E-001,-8.789175152778626E-001,3.313122987747192E-001,
