% Version 1.00
%
%freq[Hz],re:Trc1_S11,im:Trc1_S11,re:Trc2_S21,im:Trc2_S21,re:Trc3_S11,im:Trc3_S11,re:Trc4_S21,im:Trc4_S21,
6.900000000000000E+008,-5.007397010922432E-002,2.128998190164566E-002,-5.000666975975037E-001,-8.499957919120789E-001,-5.007397010922432E-002,2.128998190164566E-002,-5.000666975975037E-001,-8.499957919120789E-001,
6.983666666666666E+008,-4.298290982842445E-002,2.130514569580555E-002,-5.109768509864807E-001,-8.332077860832214E-001,-4.298290982842445E-002,2.130514569580555E-002,-5.109768509864807E-001,-8.332077860832214E-001,
7.067333333333334E+008,-3.744731098413467E-002,1.821871660649777E-002,-5.466666221618652E-001,-8.110173344612122E-001,-3.744731098413467E-002,1.821871660649777E-002,-5.466666221618652E-001,-8.110173344612122E-001,
7.151000000000000E+008,-3.871573135256767E-002,9.661875665187836E-003,-5.526024699211121E-001,-8.005132079124451E-001,-3.871573135256767E-002,9.661875665187836E-003,-5.526024699211121E-001,-8.005132079124451E-001,
7.234666666666666E+008,-3.992911055684090E-002,3.686562879011035E-003,-5.934447646141052E-001,-7.882817983627319E-001,-3.992911055684090E-002,3.686562879011035E-003,-5.934447646141052E-001,-7.882817983627319E-001,
7.318333333333334E+008,-4.816105961799622E-002,4.989585067960434E-005,-5.986524224281311E-001,-7.902875542640686E-001,-4.816105961799622E-002,4.989585067960434E-005,-5.986524224281311E-001,-7.902875542640686E-001,
7.402000000000000E+008,-5.635330080986023E-002,2.013842808082700E-003,-6.300201416015625E-001,-7.592316865921021E-001,-5.635330080986023E-002,2.013842808082700E-003,-6.300201416015625E-001,-7.592316865921021E-001,
7.485666666666666E+008,-6.183283403515816E-002,7.369993254542351E-003,-6.490651965141296E-001,-7.222502827644348E-001,-6.183283403515816E-002,7.369993254542351E-003,-6.490651965141296E-001,-7.222502827644348E-001,
7.569333333333334E+008,-6.352804601192474E-002,1.654489338397980E-002,-6.663718223571777E-001,-7.293186783790588E-001,-6.352804601192474E-002,1.654489338397980E-002,-6.663718223571777E-001,-7.293186783790588E-001,
7.653000000000000E+008,-6.018942594528198E-002,2.507756464183331E-002,-6.714589595794678E-001,-7.202907204627991E-001,-6.018942594528198E-002,2.507756464183331E-002,-6.714589595794678E-001,-7.202907204627991E-001,
7.736666666666666E+008,-5.307991057634354E-002,3.292211145162582E-002,-6.920857429504395E-001,-7.108029127120972E-001,-5.307991057634354E-002,3.292211145162582E-002,-6.920857429504395E-001,-7.108029127120972E-001,
7.820333333333334E+008,-4.732107371091843E-002,3.679121285676956E-002,-7.223796248435974E-001,-6.898127198219299E-001,-4.732107371091843E-002,3.679121285676956E-002,-7.223796248435974E-001,-6.898127198219299E-001,
7.904000000000000E+008,-3.765509650111198E-002,3.450452163815498E-002,-7.383987903594971E-001,-6.628021597862244E-001,-3.765509650111198E-002,3.450452163815498E-002,-7.383987903594971E-001,-6.628021597862244E-001,
7.987666666666666E+008,-3.147426620125771E-002,3.001356124877930E-002,-7.518026232719421E-001,-6.427056193351746E-001,-3.147426620125771E-002,3.001356124877930E-002,-7.518026232719421E-001,-6.427056193351746E-001,
8.071333333333334E+008,-3.183289989829063E-002,2.555369772017002E-002,-7.646120190620422E-001,-6.324933171272278E-001,-3.183289989829063E-002,2.555369772017002E-002,-7.646120190620422E-001,-6.324933171272278E-001,
8.155000000000000E+008,-3.644879162311554E-002,1.795680820941925E-002,-7.731459736824036E-001,-5.877713561058044E-001,-3.644879162311554E-002,1.795680820941925E-002,-7.731459736824036E-001,-5.877713561058044E-001,
8.238666666666666E+008,-4.243328422307968E-002,1.492717117071152E-002,-8.036734461784363E-001,-5.911369919776917E-001,-4.243328422307968E-002,1.492717117071152E-002,-8.036734461784363E-001,-5.911369919776917E-001,
8.322333333333334E+008,-5.158951878547669E-002,1.653555780649185E-002,-8.119260668754578E-001,-5.614640116691589E-001,-5.158951878547669E-002,1.653555780649185E-002,-8.119260668754578E-001,-5.614640116691589E-001,
8.406000000000000E+008,-5.687103793025017E-002,2.001230604946613E-002,-8.266109824180603E-001,-5.505279898643494E-001,-5.687103793025017E-002,2.001230604946613E-002,-8.266109824180603E-001,-5.505279898643494E-001,
8.489666666666668E+008,-5.891778692603111E-002,2.808251418173313E-002,-8.486930131912231E-001,-5.225244164466858E-001,-5.891778692603111E-002,2.808251418173313E-002,-8.486930131912231E-001,-5.225244164466858E-001,
8.573333333333334E+008,-5.637764185667038E-002,3.554320707917213E-002,-8.569414019584656E-001,-5.055559873580933E-001,-5.637764185667038E-002,3.554320707917213E-002,-8.569414019584656E-001,-5.055559873580933E-001,
8.657000000000000E+008,-5.081237480044365E-002,4.379672557115555E-002,-8.742800354957581E-001,-4.711610078811646E-001,-5.081237480044365E-002,4.379672557115555E-002,-8.742800354957581E-001,-4.711610078811646E-001,
8.740666666666668E+008,-4.345162957906723E-002,4.855264723300934E-002,-8.656852245330811E-001,-4.590595662593842E-001,-4.345162957906723E-002,4.855264723300934E-002,-8.656852245330811E-001,-4.590595662593842E-001,
8.824333333333334E+008,-3.475037589669228E-002,4.833673685789108E-002,-8.971126675605774E-001,-4.288382530212402E-001,-3.475037589669228E-002,4.833673685789108E-002,-8.971126675605774E-001,-4.288382530212402E-001,
8.908000000000000E+008,-2.767213992774487E-002,4.801670834422112E-002,-9.070664644241333E-001,-4.225323796272278E-001,-2.767213992774487E-002,4.801670834422112E-002,-9.070664644241333E-001,-4.225323796272278E-001,
8.991666666666668E+008,-2.652674727141857E-002,4.057763889431953E-002,-9.163324236869812E-001,-3.965332508087158E-001,-2.652674727141857E-002,4.057763889431953E-002,-9.163324236869812E-001,-3.965332508087158E-001,
9.075333333333334E+008,-2.669672667980194E-002,3.645790740847588E-002,-9.101030826568604E-001,-3.680700659751892E-001,-2.669672667980194E-002,3.645790740847588E-002,-9.101030826568604E-001,-3.680700659751892E-001,
9.159000000000000E+008,-3.139329329133034E-002,3.216581419110298E-002,-9.246749281883240E-001,-3.592132627964020E-001,-3.139329329133034E-002,3.216581419110298E-002,-9.246749281883240E-001,-3.592132627964020E-001,
9.242666666666668E+008,-3.646859899163246E-002,2.813952229917049E-002,-9.370825290679932E-001,-3.330900967121124E-001,-3.646859899163246E-002,2.813952229917049E-002,-9.370825290679932E-001,-3.330900967121124E-001,
9.326333333333334E+008,-4.191160574555397E-002,3.002666309475899E-002,-9.436290860176086E-001,-3.016322255134583E-001,-4.191160574555397E-002,3.002666309475899E-002,-9.436290860176086E-001,-3.016322255134583E-001,
9.410000000000000E+008,-4.830488935112953E-002,3.684143349528313E-002,-9.478196501731873E-001,-2.724662423133850E-001,-4.830488935112953E-002,3.684143349528313E-002,-9.478196501731873E-001,-2.724662423133850E-001,
9.493666666666668E+008,-5.036048963665962E-002,4.382381960749626E-002,-9.518086910247803E-001,-2.627483606338501E-001,-5.036048963665962E-002,4.382381960749626E-002,-9.518086910247803E-001,-2.627483606338501E-001,
9.577333333333334E+008,-4.604730382561684E-002,5.264481902122498E-002,-9.794490337371826E-001,-2.215669900178909E-001,-4.604730382561684E-002,5.264481902122498E-002,-9.794490337371826E-001,-2.215669900178909E-001,
9.661000000000000E+008,-3.952252492308617E-002,5.964756384491921E-002,-9.681552648544312E-001,-2.024302184581757E-001,-3.952252492308617E-002,5.964756384491921E-002,-9.681552648544312E-001,-2.024302184581757E-001,
9.744666666666668E+008,-3.075673803687096E-002,6.482156366109848E-002,-9.731658101081848E-001,-1.785543411970139E-001,-3.075673803687096E-002,6.482156366109848E-002,-9.731658101081848E-001,-1.785543411970139E-001,
9.828333333333334E+008,-1.785172149538994E-002,6.332407891750336E-002,-9.742883443832398E-001,-1.500014364719391E-001,-1.785172149538994E-002,6.332407891750336E-002,-9.742883443832398E-001,-1.500014364719391E-001,
9.912000000000000E+008,-9.093983098864555E-003,5.998459458351135E-002,-9.844687581062317E-001,-1.376628875732422E-001,-9.093983098864555E-003,5.998459458351135E-002,-9.844687581062317E-001,-1.376628875732422E-001,
9.995666666666668E+008,-5.007270723581314E-003,5.259703844785690E-002,-9.893493652343750E-001,-1.002878993749619E-001,-5.007270723581314E-003,5.259703844785690E-002,-9.893493652343750E-001,-1.002878993749619E-001,
1.007933333333333E+009,-5.758787039667368E-003,4.435340687632561E-002,-9.914661645889282E-001,-7.891456782817841E-002,-5.758787039667368E-003,4.435340687632561E-002,-9.914661645889282E-001,-7.891456782817841E-002,
1.016300000000000E+009,-1.308225840330124E-002,3.604031354188919E-002,-9.924694895744324E-001,-5.375365912914276E-002,-1.308225840330124E-002,3.604031354188919E-002,-9.924694895744324E-001,-5.375365912914276E-002,
1.024666666666667E+009,-2.178275212645531E-002,3.558655455708504E-002,-9.928936362266541E-001,-3.631975874304771E-002,-2.178275212645531E-002,3.558655455708504E-002,-9.928936362266541E-001,-3.631975874304771E-002,
1.033033333333333E+009,-3.018547222018242E-002,3.742750361561775E-002,-9.746825695037842E-001,4.521945025771856E-003,-3.018547222018242E-002,3.742750361561775E-002,-9.746825695037842E-001,4.521945025771856E-003,
1.041400000000000E+009,-3.508524224162102E-002,4.393932223320007E-002,-9.745866060256958E-001,2.580898627638817E-002,-3.508524224162102E-002,4.393932223320007E-002,-9.745866060256958E-001,2.580898627638817E-002,
1.049766666666667E+009,-3.690531104803085E-002,5.249800160527229E-002,-9.864996671676636E-001,4.610604792833328E-002,-3.690531104803085E-002,5.249800160527229E-002,-9.864996671676636E-001,4.610604792833328E-002,
1.058133333333333E+009,-2.972549386322498E-002,6.222625821828842E-002,-9.830297231674194E-001,6.989971548318863E-002,-2.972549386322498E-002,6.222625821828842E-002,-9.830297231674194E-001,6.989971548318863E-002,
1.066500000000000E+009,-1.793250814080238E-002,6.726282835006714E-002,-9.674596786499023E-001,9.676561504602432E-002,-1.793250814080238E-002,6.726282835006714E-002,-9.674596786499023E-001,9.676561504602432E-002,
1.074866666666667E+009,-6.820027250796557E-003,6.503218412399292E-002,-9.825200438499451E-001,1.288263350725174E-001,-6.820027250796557E-003,6.503218412399292E-002,-9.825200438499451E-001,1.288263350725174E-001,
1.083233333333334E+009,4.992792848497629E-003,6.199789419770241E-002,-9.766896963119507E-001,1.428182125091553E-001,4.992792848497629E-003,6.199789419770241E-002,-9.766896963119507E-001,1.428182125091553E-001,
1.091600000000000E+009,9.282663464546204E-003,5.005339905619621E-002,-9.678869843482971E-001,1.801035255193710E-001,9.282663464546204E-003,5.005339905619621E-002,-9.678869843482971E-001,1.801035255193710E-001,
1.099966666666667E+009,9.623098187148571E-003,3.820538893342018E-002,-9.651195406913757E-001,1.958166658878326E-001,9.623098187148571E-003,3.820538893342018E-002,-9.651195406913757E-001,1.958166658878326E-001,
1.108333333333334E+009,1.001084572635591E-003,2.858340926468372E-002,-9.741144180297852E-001,2.205525487661362E-001,1.001084572635591E-003,2.858340926468372E-002,-9.741144180297852E-001,2.205525487661362E-001,
1.116700000000000E+009,-1.234067883342505E-002,3.035202994942665E-002,-9.602735638618469E-001,2.555353939533234E-001,-1.234067883342505E-002,3.035202994942665E-002,-9.602735638618469E-001,2.555353939533234E-001,
1.125066666666667E+009,-2.551248855888844E-002,3.203236684203148E-002,-9.426964521408081E-001,2.739754021167755E-001,-2.551248855888844E-002,3.203236684203148E-002,-9.426964521408081E-001,2.739754021167755E-001,
1.133433333333334E+009,-3.725203126668930E-002,4.514455050230026E-002,-9.407997727394104E-001,2.917103767395020E-001,-3.725203126668930E-002,4.514455050230026E-002,-9.407997727394104E-001,2.917103767395020E-001,
1.141800000000000E+009,-3.674240410327911E-002,5.985008925199509E-002,-9.254710078239441E-001,3.176388442516327E-001,-3.674240410327911E-002,5.985008925199509E-002,-9.254710078239441E-001,3.176388442516327E-001,
1.150166666666667E+009,-3.024424053728581E-002,7.291446626186371E-002,-9.288417696952820E-001,3.432914018630981E-001,-3.024424053728581E-002,7.291446626186371E-002,-9.288417696952820E-001,3.432914018630981E-001,
1.158533333333334E+009,-1.407437864691019E-002,8.132006973028183E-002,-9.140582680702210E-001,3.698515594005585E-001,-1.407437864691019E-002,8.132006973028183E-002,-9.140582680702210E-001,3.698515594005585E-001,
1.166900000000000E+009,5.027811042964459E-003,8.185663819313049E-002,-9.060935378074646E-001,3.954952061176300E-001,5.027811042964459E-003,8.185663819313049E-002,-9.060935378074646E-001,3.954952061176300E-001,
1.175266666666667E+009,2.089023776352406E-002,7.276772707700729E-002,-8.878783583641052E-001,4.045247435569763E-001,2.089023776352406E-002,7.276772707700729E-002,-8.878783583641052E-001,4.045247435569763E-001,
1.183633333333334E+009,3.319714218378067E-002,5.819781497120857E-002,-8.864695429801941E-001,4.376986920833588E-001,3.319714218378067E-002,5.819781497120857E-002,-8.864695429801941E-001,4.376986920833588E-001,
1.192000000000000E+009,3.440760821104050E-002,4.102161899209023E-002,-8.766174912452698E-001,4.637586474418640E-001,3.440760821104050E-002,4.102161899209023E-002,-8.766174912452698E-001,4.637586474418640E-001,
1.200366666666667E+009,2.513324469327927E-002,2.402276732027531E-002,-8.623807430267334E-001,4.826338589191437E-001,2.513324469327927E-002,2.402276732027531E-002,-8.623807430267334E-001,4.826338589191437E-001,
1.208733333333334E+009,6.580384448170662E-003,1.762639731168747E-002,-8.579845428466797E-001,5.131968855857849E-001,6.580384448170662E-003,1.762639731168747E-002,-8.579845428466797E-001,5.131968855857849E-001,
1.217100000000000E+009,-1.191874593496323E-002,1.981233060359955E-002,-8.240619897842407E-001,5.226180553436279E-001,-1.191874593496323E-002,1.981233060359955E-002,-8.240619897842407E-001,5.226180553436279E-001,
1.225466666666667E+009,-2.563273534178734E-002,3.373887762427330E-002,-8.306816816329956E-001,5.485779047012329E-001,-2.563273534178734E-002,3.373887762427330E-002,-8.306816816329956E-001,5.485779047012329E-001,
1.233833333333334E+009,-2.742452174425125E-002,4.992232471704483E-002,-8.086217641830444E-001,5.706252455711365E-001,-2.742452174425125E-002,4.992232471704483E-002,-8.086217641830444E-001,5.706252455711365E-001,
1.242200000000000E+009,-2.294124290347099E-002,6.644645333290100E-002,-7.819440364837647E-001,5.887585282325745E-001,-2.294124290347099E-002,6.644645333290100E-002,-7.819440364837647E-001,5.887585282325745E-001,
1.250566666666667E+009,-7.486555259674788E-003,7.716910541057587E-002,-7.881770133972168E-001,6.107379198074341E-001,-7.486555259674788E-003,7.716910541057587E-002,-7.881770133972168E-001,6.107379198074341E-001,
1.258933333333334E+009,1.201132312417030E-002,7.965303957462311E-002,-7.641424536705017E-001,6.252816915512085E-001,1.201132312417030E-002,7.965303957462311E-002,-7.641424536705017E-001,6.252816915512085E-001,
1.267300000000000E+009,3.032188490033150E-002,6.869611144065857E-002,-7.434290647506714E-001,6.438452005386353E-001,3.032188490033150E-002,6.869611144065857E-002,-7.434290647506714E-001,6.438452005386353E-001,
1.275666666666667E+009,4.092717543244362E-002,5.303609743714333E-002,-7.398582100868225E-001,6.476563215255737E-001,4.092717543244362E-002,5.303609743714333E-002,-7.398582100868225E-001,6.476563215255737E-001,
1.284033333333334E+009,4.321483895182610E-002,3.150064870715141E-002,-7.087844014167786E-001,6.980916857719421E-001,4.321483895182610E-002,3.150064870715141E-002,-7.087844014167786E-001,6.980916857719421E-001,
1.292400000000000E+009,3.134439885616303E-002,1.340391021221876E-002,-7.032246589660645E-001,7.081983089447022E-001,3.134439885616303E-002,1.340391021221876E-002,-7.032246589660645E-001,7.081983089447022E-001,
1.300766666666667E+009,1.309955678880215E-002,6.663438398391008E-003,-6.848520040512085E-001,7.208409905433655E-001,1.309955678880215E-002,6.663438398391008E-003,-6.848520040512085E-001,7.208409905433655E-001,
1.309133333333334E+009,-7.623514626175165E-003,1.138867530971766E-002,-6.695079803466797E-001,7.504604458808899E-001,-7.623514626175165E-003,1.138867530971766E-002,-6.695079803466797E-001,7.504604458808899E-001,
1.317500000000000E+009,-2.201011776924133E-002,2.521290257573128E-002,-6.348555088043213E-001,7.698259353637695E-001,-2.201011776924133E-002,2.521290257573128E-002,-6.348555088043213E-001,7.698259353637695E-001,
1.325866666666667E+009,-2.689517475664616E-002,4.325859248638153E-002,-6.220112442970276E-001,7.722051739692688E-001,-2.689517475664616E-002,4.325859248638153E-002,-6.220112442970276E-001,7.722051739692688E-001,
1.334233333333334E+009,-2.033429406583309E-002,6.380854547023773E-002,-5.973123908042908E-001,7.822297215461731E-001,-2.033429406583309E-002,6.380854547023773E-002,-5.973123908042908E-001,7.822297215461731E-001,
1.342600000000000E+009,-3.579596057534218E-003,7.166400551795960E-002,-5.868797898292542E-001,8.000139594078064E-001,-3.579596057534218E-003,7.166400551795960E-002,-5.868797898292542E-001,8.000139594078064E-001,
1.350966666666667E+009,1.438179798424244E-002,7.111950218677521E-002,-5.593475699424744E-001,8.230903744697571E-001,1.438179798424244E-002,7.111950218677521E-002,-5.593475699424744E-001,8.230903744697571E-001,
1.359333333333334E+009,3.047051280736923E-002,6.102057546377182E-002,-5.367482304573059E-001,8.260246515274048E-001,3.047051280736923E-002,6.102057546377182E-002,-5.367482304573059E-001,8.260246515274048E-001,
1.367700000000000E+009,3.773479536175728E-002,4.010514169931412E-002,-5.225292444229126E-001,8.413344621658325E-001,3.773479536175728E-002,4.010514169931412E-002,-5.225292444229126E-001,8.413344621658325E-001,
1.376066666666667E+009,3.337934985756874E-002,1.796523667871952E-002,-4.949055612087250E-001,8.548834323883057E-001,3.337934985756874E-002,1.796523667871952E-002,-4.949055612087250E-001,8.548834323883057E-001,
1.384433333333334E+009,1.730173081159592E-002,5.367408506572247E-003,-4.844610989093781E-001,8.627353310585022E-001,1.730173081159592E-002,5.367408506572247E-003,-4.844610989093781E-001,8.627353310585022E-001,
1.392800000000000E+009,-5.193385761231184E-003,3.174739889800549E-003,-4.634542167186737E-001,8.738301396369934E-001,-5.193385761231184E-003,3.174739889800549E-003,-4.634542167186737E-001,8.738301396369934E-001,
1.401166666666667E+009,-2.328704670071602E-002,1.268458552658558E-002,-4.257472753524780E-001,8.975790143013001E-001,-2.328704670071602E-002,1.268458552658558E-002,-4.257472753524780E-001,8.975790143013001E-001,
1.409533333333334E+009,-3.446929156780243E-002,3.429186344146729E-002,-4.039067924022675E-001,9.078314304351807E-001,-3.446929156780243E-002,3.429186344146729E-002,-4.039067924022675E-001,9.078314304351807E-001,
1.417900000000000E+009,-3.642893955111504E-002,5.683721974492073E-002,-3.672063648700714E-001,8.970556259155273E-001,-3.642893955111504E-002,5.683721974492073E-002,-3.672063648700714E-001,8.970556259155273E-001,
1.426266666666667E+009,-2.536850795149803E-002,7.819481939077377E-002,-3.640922009944916E-001,9.290307164192200E-001,-2.536850795149803E-002,7.819481939077377E-002,-3.640922009944916E-001,9.290307164192200E-001,
1.434633333333334E+009,-6.245227996259928E-003,8.743075281381607E-002,-3.366738259792328E-001,9.204798340797424E-001,-6.245227996259928E-003,8.743075281381607E-002,-3.366738259792328E-001,9.204798340797424E-001,
1.443000000000000E+009,1.785734668374062E-002,8.647625893354416E-002,-3.084231317043304E-001,9.346228241920471E-001,1.785734668374062E-002,8.647625893354416E-002,-3.084231317043304E-001,9.346228241920471E-001,
1.451366666666667E+009,3.336884081363678E-002,7.143114507198334E-002,-2.897280454635620E-001,9.406315088272095E-001,3.336884081363678E-002,7.143114507198334E-002,-2.897280454635620E-001,9.406315088272095E-001,
1.459733333333334E+009,3.994702175259590E-002,5.289204046130180E-002,-2.765824496746063E-001,9.452040791511536E-001,3.994702175259590E-002,5.289204046130180E-002,-2.765824496746063E-001,9.452040791511536E-001,
1.468100000000000E+009,3.522897511720657E-002,3.257710114121437E-002,-2.378122508525848E-001,9.561259150505066E-001,3.522897511720657E-002,3.257710114121437E-002,-2.378122508525848E-001,9.561259150505066E-001,
1.476466666666667E+009,1.978805288672447E-002,1.895106211304665E-002,-2.166630774736404E-001,9.717614650726318E-001,1.978805288672447E-002,1.895106211304665E-002,-2.166630774736404E-001,9.717614650726318E-001,
1.484833333333334E+009,-1.811983529478312E-003,1.699302345514298E-002,-1.854508221149445E-001,9.714438915252686E-001,-1.811983529478312E-003,1.699302345514298E-002,-1.854508221149445E-001,9.714438915252686E-001,
1.493200000000000E+009,-1.846902631223202E-002,2.788517065346241E-002,-1.678217202425003E-001,9.741923213005066E-001,-1.846902631223202E-002,2.788517065346241E-002,-1.678217202425003E-001,9.741923213005066E-001,
1.501566666666667E+009,-2.774082869291306E-002,4.829663783311844E-002,-1.354633271694183E-001,9.750210046768189E-001,-2.774082869291306E-002,4.829663783311844E-002,-1.354633271694183E-001,9.750210046768189E-001,
1.509933333333334E+009,-2.668546512722969E-002,7.211051136255264E-002,-1.211375743150711E-001,9.789910912513733E-001,-2.668546512722969E-002,7.211051136255264E-002,-1.211375743150711E-001,9.789910912513733E-001,
1.518300000000000E+009,-1.034721452742815E-002,8.925274014472961E-002,-9.621825814247131E-002,9.861845374107361E-001,-1.034721452742815E-002,8.925274014472961E-002,-9.621825814247131E-002,9.861845374107361E-001,
1.526666666666667E+009,1.188461575657129E-002,9.840109944343567E-002,-6.041631847620010E-002,9.821475148200989E-001,1.188461575657129E-002,9.840109944343567E-002,-6.041631847620010E-002,9.821475148200989E-001,
1.535033333333334E+009,3.306671604514122E-002,9.578815847635269E-002,-4.107799753546715E-002,9.885444641113281E-001,3.306671604514122E-002,9.578815847635269E-002,-4.107799753546715E-002,9.885444641113281E-001,
1.543400000000000E+009,4.795824363827705E-002,8.134264498949051E-002,-2.063250169157982E-002,9.831875562667847E-001,4.795824363827705E-002,8.134264498949051E-002,-2.063250169157982E-002,9.831875562667847E-001,
1.551766666666667E+009,5.190905183553696E-002,5.989850685000420E-002,4.063475877046585E-003,9.807081818580627E-001,5.190905183553696E-002,5.989850685000420E-002,4.063475877046585E-003,9.807081818580627E-001,
1.560133333333334E+009,4.699163883924484E-002,3.938177227973938E-002,2.512015588581562E-002,9.921280145645142E-001,4.699163883924484E-002,3.938177227973938E-002,2.512015588581562E-002,9.921280145645142E-001,
1.568500000000000E+009,3.156960383057594E-002,2.860873565077782E-002,4.300472885370255E-002,9.911704659461975E-001,3.156960383057594E-002,2.860873565077782E-002,4.300472885370255E-002,9.911704659461975E-001,
1.576866666666667E+009,1.254840753972530E-002,2.845858037471771E-002,8.679497241973877E-002,9.810902476310730E-001,1.254840753972530E-002,2.845858037471771E-002,8.679497241973877E-002,9.810902476310730E-001,
1.585233333333334E+009,-5.214397097006440E-004,3.812501579523087E-002,1.049077883362770E-001,9.775226116180420E-001,-5.214397097006440E-004,3.812501579523087E-002,1.049077883362770E-001,9.775226116180420E-001,
1.593600000000000E+009,-6.988638546317816E-003,5.475709214806557E-002,1.332471668720245E-001,9.797670841217041E-001,-6.988638546317816E-003,5.475709214806557E-002,1.332471668720245E-001,9.797670841217041E-001,
1.601966666666667E+009,-3.834848292171955E-003,7.509656995534897E-002,1.504046767950058E-001,9.717625975608826E-001,-3.834848292171955E-003,7.509656995534897E-002,1.504046767950058E-001,9.717625975608826E-001,
1.610333333333334E+009,1.000225730240345E-002,8.937463164329529E-002,1.819223910570145E-001,9.626554846763611E-001,1.000225730240345E-002,8.937463164329529E-002,1.819223910570145E-001,9.626554846763611E-001,
1.618700000000000E+009,2.936306595802307E-002,9.435778856277466E-002,2.067372649908066E-001,9.622698426246643E-001,2.936306595802307E-002,9.435778856277466E-002,2.067372649908066E-001,9.622698426246643E-001,
1.627066666666667E+009,4.783147200942040E-002,8.985223621129990E-002,2.294442653656006E-001,9.539124965667725E-001,4.783147200942040E-002,8.985223621129990E-002,2.294442653656006E-001,9.539124965667725E-001,
1.635433333333334E+009,5.824713408946991E-002,7.810904085636139E-002,2.537678182125092E-001,9.528848528862000E-001,5.824713408946991E-002,7.810904085636139E-002,2.537678182125092E-001,9.528848528862000E-001,
1.643800000000000E+009,6.116246432065964E-002,6.000714004039764E-002,2.692103087902069E-001,9.471525549888611E-001,6.116246432065964E-002,6.000714004039764E-002,2.692103087902069E-001,9.471525549888611E-001,
1.652166666666667E+009,5.439998582005501E-002,4.626732319593430E-002,3.007940053939819E-001,9.383513927459717E-001,5.439998582005501E-002,4.626732319593430E-002,3.007940053939819E-001,9.383513927459717E-001,
1.660533333333334E+009,4.136084765195847E-002,3.854261711239815E-002,3.225519657135010E-001,9.322968125343323E-001,4.136084765195847E-002,3.854261711239815E-002,3.225519657135010E-001,9.322968125343323E-001,
1.668900000000000E+009,2.630490623414516E-002,4.128715395927429E-002,3.442888855934143E-001,9.238982796669006E-001,2.630490623414516E-002,4.128715395927429E-002,3.442888855934143E-001,9.238982796669006E-001,
1.677266666666667E+009,1.604009792208672E-002,5.098884552717209E-002,3.845184147357941E-001,9.108865261077881E-001,1.604009792208672E-002,5.098884552717209E-002,3.845184147357941E-001,9.108865261077881E-001,
1.685633333333334E+009,1.500959880650044E-002,6.641869992017746E-002,4.022848606109619E-001,9.032448530197144E-001,1.500959880650044E-002,6.641869992017746E-002,4.022848606109619E-001,9.032448530197144E-001,
1.694000000000000E+009,1.982281915843487E-002,7.998490333557129E-002,4.136767685413361E-001,8.878619670867920E-001,1.982281915843487E-002,7.998490333557129E-002,4.136767685413361E-001,8.878619670867920E-001,
1.702366666666667E+009,3.422360867261887E-002,9.326084703207016E-002,4.353840053081513E-001,8.845389485359192E-001,3.422360867261887E-002,9.326084703207016E-002,4.353840053081513E-001,8.845389485359192E-001,
1.710733333333334E+009,5.263425782322884E-002,9.651651978492737E-002,4.577968418598175E-001,8.645923733711243E-001,5.263425782322884E-002,9.651651978492737E-002,4.577968418598175E-001,8.645923733711243E-001,
1.719100000000000E+009,7.028301805257797E-002,9.028857946395874E-002,4.825666844844818E-001,8.495219349861145E-001,7.028301805257797E-002,9.028857946395874E-002,4.825666844844818E-001,8.495219349861145E-001,
1.727466666666667E+009,8.271867036819458E-002,7.724056392908096E-002,5.007193684577942E-001,8.437455892562866E-001,8.271867036819458E-002,7.724056392908096E-002,5.007193684577942E-001,8.437455892562866E-001,
1.735833333333334E+009,8.651548624038696E-002,6.148397549986839E-002,5.166686177253723E-001,8.322698473930359E-001,8.651548624038696E-002,6.148397549986839E-002,5.166686177253723E-001,8.322698473930359E-001,
1.744200000000000E+009,8.095344156026840E-002,4.412237182259560E-002,5.466207265853882E-001,8.090208768844605E-001,8.095344156026840E-002,4.412237182259560E-002,5.466207265853882E-001,8.090208768844605E-001,
1.752566666666667E+009,7.123445719480515E-002,3.341693803668022E-002,5.754272341728210E-001,8.032143712043762E-001,7.123445719480515E-002,3.341693803668022E-002,5.754272341728210E-001,8.032143712043762E-001,
1.760933333333334E+009,5.709122493863106E-002,2.977658994495869E-002,5.825177431106567E-001,7.881216406822205E-001,5.709122493863106E-002,2.977658994495869E-002,5.825177431106567E-001,7.881216406822205E-001,
1.769300000000000E+009,4.590464010834694E-002,3.234873339533806E-002,6.092501282691956E-001,7.852340936660767E-001,4.590464010834694E-002,3.234873339533806E-002,6.092501282691956E-001,7.852340936660767E-001,
1.777666666666667E+009,3.753025457262993E-002,4.375296458601952E-002,6.280502080917358E-001,7.680013775825501E-001,3.753025457262993E-002,4.375296458601952E-002,6.280502080917358E-001,7.680013775825501E-001,
1.786033333333334E+009,3.838054090738297E-002,5.476946756243706E-002,6.427647471427918E-001,7.371369004249573E-001,3.838054090738297E-002,5.476946756243706E-002,6.427647471427918E-001,7.371369004249573E-001,
1.794400000000000E+009,4.598869010806084E-002,6.722011417150497E-002,6.618862748146057E-001,7.212433218955994E-001,4.598869010806084E-002,6.722011417150497E-002,6.618862748146057E-001,7.212433218955994E-001,
1.802766666666667E+009,5.676672235131264E-002,7.454890757799149E-002,6.828171610832214E-001,7.049574851989746E-001,5.676672235131264E-002,7.454890757799149E-002,6.828171610832214E-001,7.049574851989746E-001,
1.811133333333334E+009,6.830219924449921E-002,7.586471736431122E-002,7.031050920486450E-001,6.880605220794678E-001,6.830219924449921E-002,7.586471736431122E-002,7.031050920486450E-001,6.880605220794678E-001,
1.819500000000000E+009,8.111641556024551E-002,7.277744263410568E-002,7.154478430747986E-001,6.604462862014771E-001,8.111641556024551E-002,7.277744263410568E-002,7.154478430747986E-001,6.604462862014771E-001,
1.827866666666667E+009,8.895330876111984E-002,6.449543684720993E-002,7.353114485740662E-001,6.509429216384888E-001,8.895330876111984E-002,6.449543684720993E-002,7.353114485740662E-001,6.509429216384888E-001,
1.836233333333334E+009,9.052246063947678E-002,5.287293344736099E-002,7.451314330101013E-001,6.342439055442810E-001,9.052246063947678E-002,5.287293344736099E-002,7.451314330101013E-001,6.342439055442810E-001,
1.844600000000000E+009,8.620885014533997E-002,4.453739523887634E-002,7.626812458038330E-001,6.303966641426086E-001,8.620885014533997E-002,4.453739523887634E-002,7.626812458038330E-001,6.303966641426086E-001,
1.852966666666667E+009,7.957095652818680E-002,3.928242623806000E-002,7.768812179565430E-001,5.939327478408814E-001,7.957095652818680E-002,3.928242623806000E-002,7.768812179565430E-001,5.939327478408814E-001,
1.861333333333334E+009,7.374531775712967E-002,3.645028173923492E-002,8.010934591293335E-001,5.742902755737305E-001,7.374531775712967E-002,3.645028173923492E-002,8.010934591293335E-001,5.742902755737305E-001,
1.869700000000000E+009,6.799378991127014E-002,4.234058409929276E-002,8.172606229782105E-001,5.527937412261963E-001,6.799378991127014E-002,4.234058409929276E-002,8.172606229782105E-001,5.527937412261963E-001,
1.878066666666667E+009,6.840667128562927E-002,4.786843806505203E-002,8.271682858467102E-001,5.401006937026978E-001,6.840667128562927E-002,4.786843806505203E-002,8.271682858467102E-001,5.401006937026978E-001,
1.886433333333334E+009,7.222449034452438E-002,5.604201182723045E-002,8.455197811126709E-001,5.149129033088684E-001,7.222449034452438E-002,5.604201182723045E-002,8.455197811126709E-001,5.149129033088684E-001,
1.894800000000000E+009,8.383547514677048E-002,6.105995178222656E-002,8.560187816619873E-001,4.933544099330902E-001,8.383547514677048E-002,6.105995178222656E-002,8.560187816619873E-001,4.933544099330902E-001,
1.903166666666667E+009,9.417542815208435E-002,6.449629366397858E-002,8.660861253738403E-001,4.625101685523987E-001,9.417542815208435E-002,6.449629366397858E-002,8.660861253738403E-001,4.625101685523987E-001,
1.911533333333334E+009,1.070320904254913E-001,5.952348560094833E-002,8.742697238922119E-001,4.387318193912506E-001,1.070320904254913E-001,5.952348560094833E-002,8.742697238922119E-001,4.387318193912506E-001,
1.919900000000000E+009,1.171816065907478E-001,5.018365383148193E-002,8.896812796592712E-001,4.247917830944061E-001,1.171816065907478E-001,5.018365383148193E-002,8.896812796592712E-001,4.247917830944061E-001,
1.928266666666667E+009,1.221375539898872E-001,3.944982588291168E-002,8.867479562759399E-001,3.903111517429352E-001,1.221375539898872E-001,3.944982588291168E-002,8.867479562759399E-001,3.903111517429352E-001,
1.936633333333334E+009,1.201140061020851E-001,2.697660028934479E-002,9.094755649566650E-001,3.792518675327301E-001,1.201140061020851E-001,2.697660028934479E-002,9.094755649566650E-001,3.792518675327301E-001,
1.945000000000000E+009,1.130370795726776E-001,1.693393662571907E-002,9.174979925155640E-001,3.548921644687653E-001,1.130370795726776E-001,1.693393662571907E-002,9.174979925155640E-001,3.548921644687653E-001,
1.953366666666667E+009,1.045436337590218E-001,1.016791164875031E-002,9.224945306777954E-001,3.366580605506897E-001,1.045436337590218E-001,1.016791164875031E-002,9.224945306777954E-001,3.366580605506897E-001,
1.961733333333334E+009,9.258835762739182E-002,1.160774473100901E-002,9.386132955551148E-001,3.119439482688904E-001,9.258835762739182E-002,1.160774473100901E-002,9.386132955551148E-001,3.119439482688904E-001,
1.970100000000000E+009,8.367339521646500E-002,1.661600731313229E-002,9.385358095169067E-001,2.864064872264862E-001,8.367339521646500E-002,1.661600731313229E-002,9.385358095169067E-001,2.864064872264862E-001,
1.978466666666667E+009,8.259471505880356E-002,2.715211734175682E-002,9.499136209487915E-001,2.528807520866394E-001,8.259471505880356E-002,2.715211734175682E-002,9.499136209487915E-001,2.528807520866394E-001,
1.986833333333334E+009,8.828265964984894E-002,3.812170773744583E-002,9.518997669219971E-001,2.369806021451950E-001,8.828265964984894E-002,3.812170773744583E-002,9.518997669219971E-001,2.369806021451950E-001,
1.995200000000000E+009,1.028529927134514E-001,4.513981938362122E-002,9.545879364013672E-001,2.171017974615097E-001,1.028529927134514E-001,4.513981938362122E-002,9.545879364013672E-001,2.171017974615097E-001,
2.003566666666667E+009,1.189788356423378E-001,4.404141008853912E-002,9.588835835456848E-001,1.819631159305573E-001,1.189788356423378E-001,4.404141008853912E-002,9.588835835456848E-001,1.819631159305573E-001,
2.011933333333334E+009,1.355110555887222E-001,3.457967564463615E-002,9.709533452987671E-001,1.567451208829880E-001,1.355110555887222E-001,3.457967564463615E-002,9.709533452987671E-001,1.567451208829880E-001,
2.020300000000000E+009,1.451286375522614E-001,2.305761165916920E-002,9.697828888893127E-001,1.291876733303070E-001,1.451286375522614E-001,2.305761165916920E-002,9.697828888893127E-001,1.291876733303070E-001,
2.028666666666667E+009,1.480752378702164E-001,5.331190302968025E-003,9.734426140785217E-001,1.140349432826042E-001,1.480752378702164E-001,5.331190302968025E-003,9.734426140785217E-001,1.140349432826042E-001,
2.037033333333334E+009,1.428501605987549E-001,-1.241837441921234E-002,9.755812287330627E-001,8.765845745801926E-002,1.428501605987549E-001,-1.241837441921234E-002,9.755812287330627E-001,8.765845745801926E-002,
2.045400000000000E+009,1.294841915369034E-001,-2.383635938167572E-002,9.801857471466065E-001,6.991118937730789E-002,1.294841915369034E-001,-2.383635938167572E-002,9.801857471466065E-001,6.991118937730789E-002,
2.053766666666667E+009,1.128044947981834E-001,-2.629801258444786E-002,9.847621321678162E-001,4.170476272702217E-002,1.128044947981834E-001,-2.629801258444786E-002,9.847621321678162E-001,4.170476272702217E-002,
2.062133333333334E+009,1.003345698118210E-001,-2.089921385049820E-002,9.874836802482605E-001,1.454705558717251E-002,1.003345698118210E-001,-2.089921385049820E-002,9.874836802482605E-001,1.454705558717251E-002,
2.070500000000000E+009,9.450530260801315E-002,-9.020595811307430E-003,9.853879809379578E-001,-1.377526391297579E-002,9.450530260801315E-002,-9.020595811307430E-003,9.853879809379578E-001,-1.377526391297579E-002,
2.078866666666667E+009,9.811678528785706E-002,4.933693446218967E-003,9.801889061927795E-001,-3.803279995918274E-002,9.811678528785706E-002,4.933693446218967E-003,9.801889061927795E-001,-3.803279995918274E-002,
2.087233333333334E+009,1.114147379994392E-001,1.064324565231800E-002,9.809493422508240E-001,-7.112417370080948E-002,1.114147379994392E-001,1.064324565231800E-002,9.809493422508240E-001,-7.112417370080948E-002,
2.095600000000000E+009,1.301173120737076E-001,1.276174467056990E-002,9.804689288139343E-001,-9.007009863853455E-002,1.301173120737076E-001,1.276174467056990E-002,9.804689288139343E-001,-9.007009863853455E-002,
2.103966666666667E+009,1.493767648935318E-001,3.671950253192335E-004,9.765636920928955E-001,-1.186101362109184E-001,1.493767648935318E-001,3.671950253192335E-004,9.765636920928955E-001,-1.186101362109184E-001,
2.112333333333334E+009,1.597798317670822E-001,-1.807959750294685E-002,9.643411636352539E-001,-1.363595128059387E-001,1.597798317670822E-001,-1.807959750294685E-002,9.643411636352539E-001,-1.363595128059387E-001,
2.120700000000000E+009,1.634937673807144E-001,-4.272415116429329E-002,9.627956151962280E-001,-1.609805971384049E-001,1.634937673807144E-001,-4.272415116429329E-002,9.627956151962280E-001,-1.609805971384049E-001,
2.129066666666667E+009,1.531797945499420E-001,-6.249789148569107E-002,9.730324149131775E-001,-1.881224513053894E-001,1.531797945499420E-001,-6.249789148569107E-002,9.730324149131775E-001,-1.881224513053894E-001,
2.137433333333334E+009,1.332639157772064E-001,-7.651257514953613E-002,9.570232033729553E-001,-2.093754857778549E-001,1.332639157772064E-001,-7.651257514953613E-002,9.570232033729553E-001,-2.093754857778549E-001,
2.145800000000000E+009,1.071709468960762E-001,-7.856157422065735E-002,9.587396979331970E-001,-2.331722527742386E-001,1.071709468960762E-001,-7.856157422065735E-002,9.587396979331970E-001,-2.331722527742386E-001,
2.154166666666667E+009,8.721110969781876E-002,-6.917260587215424E-002,9.507295489311218E-001,-2.551830708980560E-001,8.721110969781876E-002,-6.917260587215424E-002,9.507295489311218E-001,-2.551830708980560E-001,
2.162533333333334E+009,7.729966938495636E-002,-5.025892332196236E-002,9.314283132553101E-001,-2.823120355606079E-001,7.729966938495636E-002,-5.025892332196236E-002,9.314283132553101E-001,-2.823120355606079E-001,
2.170900000000000E+009,8.066637814044952E-002,-2.897806838154793E-002,9.394344091415405E-001,-3.151522874832153E-001,8.066637814044952E-002,-2.897806838154793E-002,9.394344091415405E-001,-3.151522874832153E-001,
2.179266666666667E+009,9.714404493570328E-002,-1.742994599044323E-002,9.257338643074036E-001,-3.301613330841065E-001,9.714404493570328E-002,-1.742994599044323E-002,9.257338643074036E-001,-3.301613330841065E-001,
2.187633333333334E+009,1.183319687843323E-001,-1.511588133871555E-002,9.161432981491089E-001,-3.603794574737549E-001,1.183319687843323E-001,-1.511588133871555E-002,9.161432981491089E-001,-3.603794574737549E-001,
2.196000000000000E+009,1.420110762119293E-001,-2.735693380236626E-002,8.962741494178772E-001,-3.784348070621491E-001,1.420110762119293E-001,-2.735693380236626E-002,8.962741494178772E-001,-3.784348070621491E-001,
2.204366666666667E+009,1.565244495868683E-001,-5.022106692194939E-002,8.873307704925537E-001,-3.973363339900971E-001,1.565244495868683E-001,-5.022106692194939E-002,8.873307704925537E-001,-3.973363339900971E-001,
2.212733333333334E+009,1.582874506711960E-001,-7.888350635766983E-002,8.759863972663879E-001,-4.248695373535156E-001,1.582874506711960E-001,-7.888350635766983E-002,8.759863972663879E-001,-4.248695373535156E-001,
2.221100000000000E+009,1.450662761926651E-001,-1.037832200527191E-001,8.593735694885254E-001,-4.431936740875244E-001,1.450662761926651E-001,-1.037832200527191E-001,8.593735694885254E-001,-4.431936740875244E-001,
2.229466666666667E+009,1.227134689688683E-001,-1.183213442564011E-001,8.576454520225525E-001,-4.522210955619812E-001,1.227134689688683E-001,-1.183213442564011E-001,8.576454520225525E-001,-4.522210955619812E-001,
2.237833333333334E+009,9.467365592718124E-002,-1.180830895900726E-001,8.512006998062134E-001,-4.813199341297150E-001,9.467365592718124E-002,-1.180830895900726E-001,8.512006998062134E-001,-4.813199341297150E-001,
2.246200000000000E+009,6.991871446371079E-002,-1.057616919279099E-001,8.427691459655762E-001,-5.078710317611694E-001,6.991871446371079E-002,-1.057616919279099E-001,8.427691459655762E-001,-5.078710317611694E-001,
2.254566666666667E+009,5.935184285044670E-002,-8.170911669731140E-002,8.293291330337524E-001,-5.285190343856812E-001,5.935184285044670E-002,-8.170911669731140E-002,8.293291330337524E-001,-5.285190343856812E-001,
2.262933333333334E+009,6.193605810403824E-002,-6.075941771268845E-002,8.139633536338806E-001,-5.513209104537964E-001,6.193605810403824E-002,-6.075941771268845E-002,8.139633536338806E-001,-5.513209104537964E-001,
2.271300000000000E+009,7.835660129785538E-002,-4.386948421597481E-002,7.933230996131897E-001,-5.710183382034302E-001,7.835660129785538E-002,-4.386948421597481E-002,7.933230996131897E-001,-5.710183382034302E-001,
2.279666666666667E+009,1.016326472163200E-001,-4.341520741581917E-002,7.789238095283508E-001,-5.915971994400024E-001,1.016326472163200E-001,-4.341520741581917E-002,7.789238095283508E-001,-5.915971994400024E-001,
2.288033333333334E+009,1.234961152076721E-001,-5.672332644462585E-002,7.632787823677063E-001,-6.188293695449829E-001,1.234961152076721E-001,-5.672332644462585E-002,7.632787823677063E-001,-6.188293695449829E-001,
2.296400000000000E+009,1.353836208581924E-001,-8.249318599700928E-002,7.420850992202759E-001,-6.345703601837158E-001,1.353836208581924E-001,-8.249318599700928E-002,7.420850992202759E-001,-6.345703601837158E-001,
2.304766666666667E+009,1.324476599693298E-001,-1.118529811501503E-001,7.300136685371399E-001,-6.367511153221130E-001,1.324476599693298E-001,-1.118529811501503E-001,7.300136685371399E-001,-6.367511153221130E-001,
2.313133333333334E+009,1.138947010040283E-001,-1.339640170335770E-001,7.120290994644165E-001,-6.697182059288025E-001,1.138947010040283E-001,-1.339640170335770E-001,7.120290994644165E-001,-6.697182059288025E-001,
2.321500000000000E+009,8.903026580810547E-002,-1.414170414209366E-001,7.010553479194641E-001,-6.750788092613220E-001,8.903026580810547E-002,-1.414170414209366E-001,7.010553479194641E-001,-6.750788092613220E-001,
2.329866666666667E+009,6.349914520978928E-002,-1.360006779432297E-001,6.927297711372376E-001,-6.980773806571960E-001,6.349914520978928E-002,-1.360006779432297E-001,6.927297711372376E-001,-6.980773806571960E-001,
2.338233333333334E+009,4.455696791410446E-002,-1.173992678523064E-001,6.629889011383057E-001,-7.197408676147461E-001,4.455696791410446E-002,-1.173992678523064E-001,6.629889011383057E-001,-7.197408676147461E-001,
2.346600000000000E+009,4.110912978649139E-002,-8.953911811113358E-002,6.405847072601318E-001,-7.428932189941406E-001,4.110912978649139E-002,-8.953911811113358E-002,6.405847072601318E-001,-7.428932189941406E-001,
2.354966666666667E+009,5.454460158944130E-002,-6.901846081018448E-002,6.310588121414185E-001,-7.571995854377747E-001,5.454460158944130E-002,-6.901846081018448E-002,6.310588121414185E-001,-7.571995854377747E-001,
2.363333333333334E+009,7.724455744028091E-002,-6.034873425960541E-002,6.094365119934082E-001,-7.684964537620544E-001,7.724455744028091E-002,-6.034873425960541E-002,6.094365119934082E-001,-7.684964537620544E-001,
2.371700000000000E+009,1.046116426587105E-001,-6.929044425487518E-002,5.902753472328186E-001,-7.880702614784241E-001,1.046116426587105E-001,-6.929044425487518E-002,5.902753472328186E-001,-7.880702614784241E-001,
2.380066666666667E+009,1.238560900092125E-001,-9.605727344751358E-002,5.593416094779968E-001,-7.979188561439514E-001,1.238560900092125E-001,-9.605727344751358E-002,5.593416094779968E-001,-7.979188561439514E-001,
2.388433333333334E+009,1.262271851301193E-001,-1.304782480001450E-001,5.416567921638489E-001,-8.002942800521851E-001,1.262271851301193E-001,-1.304782480001450E-001,5.416567921638489E-001,-8.002942800521851E-001,
2.396800000000000E+009,1.102716475725174E-001,-1.657260805368424E-001,5.148972868919373E-001,-8.189147114753723E-001,1.102716475725174E-001,-1.657260805368424E-001,5.148972868919373E-001,-8.189147114753723E-001,
2.405166666666667E+009,8.102466166019440E-002,-1.896902769804001E-001,5.038569569587708E-001,-8.305875658988953E-001,8.102466166019440E-002,-1.896902769804001E-001,5.038569569587708E-001,-8.305875658988953E-001,
2.413533333333334E+009,3.841127082705498E-002,-1.963693499565125E-001,4.833165705204010E-001,-8.425680398941040E-001,3.841127082705498E-002,-1.963693499565125E-001,4.833165705204010E-001,-8.425680398941040E-001,
2.421900000000000E+009,-4.380262107588351E-004,-1.813366115093231E-001,4.690722823143005E-001,-8.531502485275269E-001,-4.380262107588351E-004,-1.813366115093231E-001,4.690722823143005E-001,-8.531502485275269E-001,
2.430266666666667E+009,-2.253177203238010E-002,-1.484667807817459E-001,4.509138464927673E-001,-8.719342350959778E-001,-2.253177203238010E-002,-1.484667807817459E-001,4.509138464927673E-001,-8.719342350959778E-001,
2.438633333333334E+009,-2.930976636707783E-002,-1.086716502904892E-001,4.300607740879059E-001,-8.874778151512146E-001,-2.930976636707783E-002,-1.086716502904892E-001,4.300607740879059E-001,-8.874778151512146E-001,
2.447000000000000E+009,-1.338699739426374E-002,-7.298111170530319E-002,4.042279720306397E-001,-9.045541286468506E-001,-1.338699739426374E-002,-7.298111170530319E-002,4.042279720306397E-001,-9.045541286468506E-001,
2.455366666666667E+009,1.789221912622452E-002,-5.254100263118744E-002,3.725099265575409E-001,-9.137863516807556E-001,1.789221912622452E-002,-5.254100263118744E-002,3.725099265575409E-001,-9.137863516807556E-001,
2.463733333333334E+009,5.373344197869301E-002,-5.337919294834137E-002,3.459377288818359E-001,-9.262193441390991E-001,5.373344197869301E-002,-5.337919294834137E-002,3.459377288818359E-001,-9.262193441390991E-001,
2.472100000000000E+009,8.065003156661987E-002,-7.664100080728531E-002,3.185319602489471E-001,-9.279326200485230E-001,8.065003156661987E-002,-7.664100080728531E-002,3.185319602489471E-001,-9.279326200485230E-001,
2.480466666666667E+009,9.218862652778626E-002,-1.109066754579544E-001,2.898224592208862E-001,-9.252973794937134E-001,9.218862652778626E-002,-1.109066754579544E-001,2.898224592208862E-001,-9.252973794937134E-001,
2.488833333333334E+009,8.150269836187363E-002,-1.464389413595200E-001,2.731378972530365E-001,-9.287772178649902E-001,8.150269836187363E-002,-1.464389413595200E-001,2.731378972530365E-001,-9.287772178649902E-001,
2.497200000000000E+009,5.668292939662933E-002,-1.709658503532410E-001,2.476532608270645E-001,-9.449610114097595E-001,5.668292939662933E-002,-1.709658503532410E-001,2.476532608270645E-001,-9.449610114097595E-001,
2.505566666666667E+009,1.892462559044361E-002,-1.809946596622467E-001,2.264339774847031E-001,-9.474596381187439E-001,1.892462559044361E-002,-1.809946596622467E-001,2.264339774847031E-001,-9.474596381187439E-001,
2.513933333333334E+009,-1.210219319909811E-002,-1.690594255924225E-001,2.095602452754974E-001,-9.508323073387146E-001,-1.210219319909811E-002,-1.690594255924225E-001,2.095602452754974E-001,-9.508323073387146E-001,
2.522300000000000E+009,-3.259773924946785E-002,-1.428035497665405E-001,1.819145977497101E-001,-9.593951702117920E-001,-3.259773924946785E-002,-1.428035497665405E-001,1.819145977497101E-001,-9.593951702117920E-001,
2.530666666666667E+009,-3.451966121792793E-002,-1.081852242350578E-001,1.553345769643784E-001,-9.724089503288269E-001,-3.451966121792793E-002,-1.081852242350578E-001,1.553345769643784E-001,-9.724089503288269E-001,
2.539033333333334E+009,-1.883092150092125E-002,-8.006224036216736E-002,1.338491290807724E-001,-9.725123643875122E-001,-1.883092150092125E-002,-8.006224036216736E-002,1.338491290807724E-001,-9.725123643875122E-001,
2.547400000000000E+009,1.068403571844101E-002,-6.594368815422058E-002,1.058762446045876E-001,-9.844166636466980E-001,1.068403571844101E-002,-6.594368815422058E-002,1.058762446045876E-001,-9.844166636466980E-001,
2.555766666666667E+009,4.329899325966835E-002,-7.094265520572662E-002,7.606889307498932E-002,-9.862877726554871E-001,4.329899325966835E-002,-7.094265520572662E-002,7.606889307498932E-002,-9.862877726554871E-001,
2.564133333333334E+009,6.519052386283875E-002,-9.552640467882156E-002,4.910689219832420E-002,-9.776976108551025E-001,6.519052386283875E-002,-9.552640467882156E-002,4.910689219832420E-002,-9.776976108551025E-001,
2.572500000000000E+009,6.862673908472061E-002,-1.291879564523697E-001,2.373587153851986E-002,-9.722486734390259E-001,6.862673908472061E-002,-1.291879564523697E-001,2.373587153851986E-002,-9.722486734390259E-001,
2.580866666666667E+009,5.181816965341568E-002,-1.624424308538437E-001,-1.926985336467624E-003,-9.716920852661133E-001,5.181816965341568E-002,-1.624424308538437E-001,-1.926985336467624E-003,-9.716920852661133E-001,
2.589233333333334E+009,1.972992718219757E-002,-1.834962368011475E-001,-2.466391772031784E-002,-9.700443744659424E-001,1.972992718219757E-002,-1.834962368011475E-001,-2.466391772031784E-002,-9.700443744659424E-001,
2.597600000000000E+009,-1.673443056643009E-002,-1.878563314676285E-001,-4.515862092375755E-002,-9.686327576637268E-001,-1.673443056643009E-002,-1.878563314676285E-001,-4.515862092375755E-002,-9.686327576637268E-001,
2.605966666666667E+009,-5.151132121682167E-002,-1.711916476488113E-001,-5.801127105951309E-002,-9.768130779266357E-001,-5.151132121682167E-002,-1.711916476488113E-001,-5.801127105951309E-002,-9.768130779266357E-001,
2.614333333333334E+009,-7.076699286699295E-002,-1.431215256452560E-001,-8.707635849714279E-002,-9.720476865768433E-001,-7.076699286699295E-002,-1.431215256452560E-001,-8.707635849714279E-002,-9.720476865768433E-001,
2.622700000000000E+009,-7.278935611248016E-002,-1.061846390366554E-001,-1.118152141571045E-001,-9.729484319686890E-001,-7.278935611248016E-002,-1.061846390366554E-001,-1.118152141571045E-001,-9.729484319686890E-001,
2.631066666666667E+009,-5.573193728923798E-002,-7.537771016359329E-002,-1.415603160858154E-001,-9.844886064529419E-001,-5.573193728923798E-002,-7.537771016359329E-002,-1.415603160858154E-001,-9.844886064529419E-001,
2.639433333333334E+009,-2.396640926599503E-002,-6.084362044930458E-002,-1.714105457067490E-001,-9.678822755813599E-001,-2.396640926599503E-002,-6.084362044930458E-002,-1.714105457067490E-001,-9.678822755813599E-001,
2.647800000000000E+009,1.034105848520994E-002,-6.601165980100632E-002,-1.998344957828522E-001,-9.632647633552551E-001,1.034105848520994E-002,-6.601165980100632E-002,-1.998344957828522E-001,-9.632647633552551E-001,
2.656166666666667E+009,3.330996632575989E-002,-8.880131691694260E-002,-2.211588770151138E-001,-9.606642723083496E-001,3.330996632575989E-002,-8.880131691694260E-002,-2.211588770151138E-001,-9.606642723083496E-001,
2.664533333333334E+009,3.693132847547531E-002,-1.209445744752884E-001,-2.553193867206574E-001,-9.418207406997681E-001,3.693132847547531E-002,-1.209445744752884E-001,-2.553193867206574E-001,-9.418207406997681E-001,
2.672900000000000E+009,2.346645481884480E-002,-1.504452526569367E-001,-2.679426074028015E-001,-9.333371520042419E-001,2.346645481884480E-002,-1.504452526569367E-001,-2.679426074028015E-001,-9.333371520042419E-001,
2.681266666666667E+009,-6.660031620413065E-003,-1.688522994518280E-001,-2.910146713256836E-001,-9.253491163253784E-001,-6.660031620413065E-003,-1.688522994518280E-001,-2.910146713256836E-001,-9.253491163253784E-001,
2.689633333333334E+009,-4.369230568408966E-002,-1.702023297548294E-001,-3.067040145397186E-001,-9.208538532257080E-001,-4.369230568408966E-002,-1.702023297548294E-001,-3.067040145397186E-001,-9.208538532257080E-001,
2.698000000000000E+009,-7.482304424047470E-002,-1.535301208496094E-001,-3.222272992134094E-001,-9.118325114250183E-001,-7.482304424047470E-002,-1.535301208496094E-001,-3.222272992134094E-001,-9.118325114250183E-001,
2.706366666666667E+009,-9.195338189601898E-002,-1.230130344629288E-001,-3.527479469776154E-001,-9.029909372329712E-001,-9.195338189601898E-002,-1.230130344629288E-001,-3.527479469776154E-001,-9.029909372329712E-001,
2.714733333333334E+009,-9.064844250679016E-002,-8.938815444707871E-002,-3.713409602642059E-001,-9.081022739410400E-001,-9.064844250679016E-002,-8.938815444707871E-002,-3.713409602642059E-001,-9.081022739410400E-001,
2.723100000000000E+009,-7.016562670469284E-002,-6.124368309974670E-002,-3.981682658195496E-001,-8.972960114479065E-001,-7.016562670469284E-002,-6.124368309974670E-002,-3.981682658195496E-001,-8.972960114479065E-001,
2.731466666666667E+009,-3.683280572295189E-002,-4.676914587616921E-002,-4.299328327178955E-001,-8.896238803863525E-001,-3.683280572295189E-002,-4.676914587616921E-002,-4.299328327178955E-001,-8.896238803863525E-001,
2.739833333333334E+009,-3.207387635484338E-003,-5.432964488863945E-002,-4.542635381221771E-001,-8.728672266006470E-001,-3.207387635484338E-003,-5.432964488863945E-002,-4.542635381221771E-001,-8.728672266006470E-001,
2.748200000000000E+009,2.071197889745235E-002,-7.753095775842667E-002,-4.756940901279450E-001,-8.590335845947266E-001,2.071197889745235E-002,-7.753095775842667E-002,-4.756940901279450E-001,-8.590335845947266E-001,
2.756566666666667E+009,2.682553604245186E-002,-1.113697886466980E-001,-4.987371861934662E-001,-8.437821269035339E-001,2.682553604245186E-002,-1.113697886466980E-001,-4.987371861934662E-001,-8.437821269035339E-001,
2.764933333333334E+009,1.318652927875519E-002,-1.418205797672272E-001,-5.255917310714722E-001,-8.296641111373901E-001,1.318652927875519E-002,-1.418205797672272E-001,-5.255917310714722E-001,-8.296641111373901E-001,
2.773300000000000E+009,-1.430592499673367E-002,-1.620006412267685E-001,-5.359661579132080E-001,-8.073875308036804E-001,-1.430592499673367E-002,-1.620006412267685E-001,-5.359661579132080E-001,-8.073875308036804E-001,
2.781666666666667E+009,-5.250625684857369E-002,-1.645704656839371E-001,-5.479532480239868E-001,-7.975433468818665E-001,-5.250625684857369E-002,-1.645704656839371E-001,-5.479532480239868E-001,-7.975433468818665E-001,
2.790033333333334E+009,-8.476697653532028E-002,-1.487134397029877E-001,-5.674517750740051E-001,-7.901645898818970E-001,-8.476697653532028E-002,-1.487134397029877E-001,-5.674517750740051E-001,-7.901645898818970E-001,
2.798400000000000E+009,-1.046239510178566E-001,-1.201818063855171E-001,-5.875182747840881E-001,-7.864795327186585E-001,-1.046239510178566E-001,-1.201818063855171E-001,-5.875182747840881E-001,-7.864795327186585E-001,
2.806766666666667E+009,-1.035638451576233E-001,-8.562392741441727E-002,-6.055679917335510E-001,-7.675625085830689E-001,-1.035638451576233E-001,-8.562392741441727E-002,-6.055679917335510E-001,-7.675625085830689E-001,
2.815133333333334E+009,-8.733502775430679E-002,-5.842448770999908E-002,-6.322430372238159E-001,-7.556887865066528E-001,-8.733502775430679E-002,-5.842448770999908E-002,-6.322430372238159E-001,-7.556887865066528E-001,
2.823500000000000E+009,-5.453494563698769E-002,-4.487280920147896E-002,-6.551061868667603E-001,-7.397956252098084E-001,-5.453494563698769E-002,-4.487280920147896E-002,-6.551061868667603E-001,-7.397956252098084E-001,
2.831866666666667E+009,-2.043197117745876E-002,-5.211782827973366E-002,-6.778495311737061E-001,-7.196927070617676E-001,-2.043197117745876E-002,-5.211782827973366E-002,-6.778495311737061E-001,-7.196927070617676E-001,
2.840233333333334E+009,3.302823519334197E-003,-7.584179937839508E-002,-6.994931697845459E-001,-7.011731863021851E-001,3.302823519334197E-003,-7.584179937839508E-002,-6.994931697845459E-001,-7.011731863021851E-001,
2.848600000000000E+009,9.845237247645855E-003,-1.089171543717384E-001,-7.130115628242493E-001,-6.737872958183289E-001,9.845237247645855E-003,-1.089171543717384E-001,-7.130115628242493E-001,-6.737872958183289E-001,
2.856966666666667E+009,-3.824211889877915E-003,-1.410216689109802E-001,-7.278805971145630E-001,-6.513715982437134E-001,-3.824211889877915E-003,-1.410216689109802E-001,-7.278805971145630E-001,-6.513715982437134E-001,
2.865333333333334E+009,-3.488421440124512E-002,-1.619167774915695E-001,-7.360059022903442E-001,-6.385262608528137E-001,-3.488421440124512E-002,-1.619167774915695E-001,-7.360059022903442E-001,-6.385262608528137E-001,
2.873700000000000E+009,-7.207853347063065E-002,-1.625392436981201E-001,-7.503128647804260E-001,-6.129314899444580E-001,-7.207853347063065E-002,-1.625392436981201E-001,-7.503128647804260E-001,-6.129314899444580E-001,
2.882066666666667E+009,-1.049378067255020E-001,-1.439907997846603E-001,-7.596060037612915E-001,-5.918512940406799E-001,-1.049378067255020E-001,-1.439907997846603E-001,-7.596060037612915E-001,-5.918512940406799E-001,
2.890433333333334E+009,-1.260271370410919E-001,-1.123928353190422E-001,-7.751712799072266E-001,-5.822896957397461E-001,-1.260271370410919E-001,-1.123928353190422E-001,-7.751712799072266E-001,-5.822896957397461E-001,
2.898800000000000E+009,-1.265678703784943E-001,-7.487954199314117E-002,-7.905088067054749E-001,-5.699901580810547E-001,-1.265678703784943E-001,-7.487954199314117E-002,-7.905088067054749E-001,-5.699901580810547E-001,
2.907166666666667E+009,-1.078712567687035E-001,-4.409497603774071E-002,-8.054175376892090E-001,-5.578836798667908E-001,-1.078712567687035E-001,-4.409497603774071E-002,-8.054175376892090E-001,-5.578836798667908E-001,
2.915533333333334E+009,-7.369001209735870E-002,-2.893870882689953E-002,-8.287292718887329E-001,-5.277976393699646E-001,-7.369001209735870E-002,-2.893870882689953E-002,-8.287292718887329E-001,-5.277976393699646E-001,
2.923900000000000E+009,-3.779795393347740E-002,-3.381377458572388E-002,-8.468859195709229E-001,-5.125282406806946E-001,-3.779795393347740E-002,-3.381377458572388E-002,-8.468859195709229E-001,-5.125282406806946E-001,
2.932266666666667E+009,-9.311768226325512E-003,-5.842924490571022E-002,-8.593404889106751E-001,-4.880607724189758E-001,-9.311768226325512E-003,-5.842924490571022E-002,-8.593404889106751E-001,-4.880607724189758E-001,
2.940633333333334E+009,-1.745404792018235E-003,-9.549933671951294E-002,-8.721398115158081E-001,-4.538083076477051E-001,-1.745404792018235E-003,-9.549933671951294E-002,-8.721398115158081E-001,-4.538083076477051E-001,
2.949000000000000E+009,-1.507816277444363E-002,-1.317419707775116E-001,-8.851335644721985E-001,-4.230335056781769E-001,-1.507816277444363E-002,-1.317419707775116E-001,-8.851335644721985E-001,-4.230335056781769E-001,
2.957366666666667E+009,-4.483619704842567E-002,-1.542722731828690E-001,-8.884603381156921E-001,-4.075745642185211E-001,-4.483619704842567E-002,-1.542722731828690E-001,-8.884603381156921E-001,-4.075745642185211E-001,
2.965733333333334E+009,-8.573745936155319E-002,-1.572437435388565E-001,-8.942080140113831E-001,-3.820223808288574E-001,-8.573745936155319E-002,-1.572437435388565E-001,-8.942080140113831E-001,-3.820223808288574E-001,
2.974100000000000E+009,-1.222217902541161E-001,-1.400340199470520E-001,-9.030212759971619E-001,-3.578692078590393E-001,-1.222217902541161E-001,-1.400340199470520E-001,-9.030212759971619E-001,-3.578692078590393E-001,
2.982466666666667E+009,-1.428563594818115E-001,-1.046789437532425E-001,-9.097372889518738E-001,-3.396640121936798E-001,-1.428563594818115E-001,-1.046789437532425E-001,-9.097372889518738E-001,-3.396640121936798E-001,
2.990833333333334E+009,-1.436418890953064E-001,-6.626479327678680E-002,-9.144952893257141E-001,-3.277766108512878E-001,-1.436418890953064E-001,-6.626479327678680E-002,-9.144952893257141E-001,-3.277766108512878E-001,
2.999200000000000E+009,-1.242517977952957E-001,-3.275289013981819E-002,-9.286555647850037E-001,-3.082754909992218E-001,-1.242517977952957E-001,-3.275289013981819E-002,-9.286555647850037E-001,-3.082754909992218E-001,
3.007566666666667E+009,-8.881376683712006E-002,-1.560237817466259E-002,-9.437240958213806E-001,-2.840578258037567E-001,-8.881376683712006E-002,-1.560237817466259E-002,-9.437240958213806E-001,-2.840578258037567E-001,
3.015933333333334E+009,-4.870017245411873E-002,-2.149580232799053E-002,-9.524077773094177E-001,-2.537420988082886E-001,-4.870017245411873E-002,-2.149580232799053E-002,-9.524077773094177E-001,-2.537420988082886E-001,
3.024300000000000E+009,-2.047004178166390E-002,-4.901699721813202E-002,-9.636113643646240E-001,-2.287788093090057E-001,-2.047004178166390E-002,-4.901699721813202E-002,-9.636113643646240E-001,-2.287788093090057E-001,
3.032666666666667E+009,-1.136333961039782E-002,-9.026380628347397E-002,-9.692996740341187E-001,-1.961453855037689E-001,-1.136333961039782E-002,-9.026380628347397E-002,-9.692996740341187E-001,-1.961453855037689E-001,
3.041033333333334E+009,-2.683921530842781E-002,-1.290296316146851E-001,-9.661275148391724E-001,-1.678973734378815E-001,-2.683921530842781E-002,-1.290296316146851E-001,-9.661275148391724E-001,-1.678973734378815E-001,
3.049400000000000E+009,-6.330679357051849E-002,-1.532557606697083E-001,-9.629852175712585E-001,-1.324599981307983E-001,-6.330679357051849E-002,-1.532557606697083E-001,-9.629852175712585E-001,-1.324599981307983E-001,
3.057766666666667E+009,-1.069117486476898E-001,-1.554282158613205E-001,-9.663425683975220E-001,-1.279888600111008E-001,-1.069117486476898E-001,-1.554282158613205E-001,-9.663425683975220E-001,-1.279888600111008E-001,
3.066133333333334E+009,-1.467524766921997E-001,-1.342093646526337E-001,-9.588471651077271E-001,-9.991896152496338E-002,-1.467524766921997E-001,-1.342093646526337E-001,-9.588471651077271E-001,-9.991896152496338E-002,
3.074500000000000E+009,-1.704148948192596E-001,-9.627321362495422E-002,-9.662119746208191E-001,-8.167413622140884E-002,-1.704148948192596E-001,-9.627321362495422E-002,-9.662119746208191E-001,-8.167413622140884E-002,
3.082866666666667E+009,-1.703577339649200E-001,-5.018465220928192E-002,-9.696432352066040E-001,-6.669836491346359E-002,-1.703577339649200E-001,-5.018465220928192E-002,-9.696432352066040E-001,-6.669836491346359E-002,
3.091233333333334E+009,-1.450984627008438E-001,-1.093463320285082E-002,-9.747420549392700E-001,-3.804338723421097E-002,-1.450984627008438E-001,-1.093463320285082E-002,-9.747420549392700E-001,-3.804338723421097E-002,
3.099600000000000E+009,-1.032202616333962E-001,7.572735194116831E-003,-9.785504937171936E-001,-1.342392992228270E-002,-1.032202616333962E-001,7.572735194116831E-003,-9.785504937171936E-001,-1.342392992228270E-002,
3.107966666666667E+009,-5.519396439194679E-002,-2.496491651982069E-004,-9.870654940605164E-001,1.289700157940388E-002,-5.519396439194679E-002,-2.496491651982069E-004,-9.870654940605164E-001,1.289700157940388E-002,
3.116333333333334E+009,-1.865530759096146E-002,-3.411306068301201E-002,-9.885478615760803E-001,4.935109242796898E-002,-1.865530759096146E-002,-3.411306068301201E-002,-9.885478615760803E-001,4.935109242796898E-002,
3.124700000000000E+009,-9.460679255425930E-003,-8.273833245038986E-002,-9.877856373786926E-001,7.446559518575668E-002,-9.460679255425930E-003,-8.273833245038986E-002,-9.877856373786926E-001,7.446559518575668E-002,
3.133066666666667E+009,-2.591904066503048E-002,-1.310544312000275E-001,-9.811145663261414E-001,1.082778200507164E-001,-2.591904066503048E-002,-1.310544312000275E-001,-9.811145663261414E-001,1.082778200507164E-001,
3.141433333333334E+009,-6.746952235698700E-002,-1.618724614381790E-001,-9.720647335052490E-001,1.309215575456619E-001,-6.746952235698700E-002,-1.618724614381790E-001,-9.720647335052490E-001,1.309215575456619E-001,
3.149800000000000E+009,-1.217171400785446E-001,-1.653795540332794E-001,-9.609954357147217E-001,1.588414311408997E-001,-1.217171400785446E-001,-1.653795540332794E-001,-9.609954357147217E-001,1.588414311408997E-001,
3.158166666666667E+009,-1.687231361865997E-001,-1.423970311880112E-001,-9.477815628051758E-001,1.751526743173599E-001,-1.687231361865997E-001,-1.423970311880112E-001,-9.477815628051758E-001,1.751526743173599E-001,
3.166533333333334E+009,-1.977213323116303E-001,-9.917093068361282E-002,-9.440936446189880E-001,1.917010247707367E-001,-1.977213323116303E-001,-9.917093068361282E-002,-9.440936446189880E-001,1.917010247707367E-001,
3.174900000000000E+009,-2.041427791118622E-001,-4.659684002399445E-002,-9.430524706840515E-001,2.120412588119507E-001,-2.041427791118622E-001,-4.659684002399445E-002,-9.430524706840515E-001,2.120412588119507E-001,
3.183266666666667E+009,-1.785241514444351E-001,-2.626249042805284E-004,-9.382157921791077E-001,2.318568676710129E-001,-1.785241514444351E-001,-2.626249042805284E-004,-9.382157921791077E-001,2.318568676710129E-001,
3.191633333333334E+009,-1.342744231224060E-001,2.183893509209156E-002,-9.389967322349548E-001,2.555690705776215E-001,-1.342744231224060E-001,2.183893509209156E-002,-9.389967322349548E-001,2.555690705776215E-001,
3.200000000000000E+009,-8.605916053056717E-002,1.676606014370918E-002,-9.408720135688782E-001,2.794288694858551E-001,-8.605916053056717E-002,1.676606014370918E-002,-9.408720135688782E-001,2.794288694858551E-001,
