% Version 1.00
%
%freq[Hz],re:Trc1_S11,im:Trc1_S11,re:Trc2_S21,im:Trc2_S21,re:Trc3_S11,im:Trc3_S11,re:Trc4_S21,im:Trc4_S21,
6.900000000000000E+008,-6.333622336387634E-002,4.280245304107666E-002,-5.093594789505005E-001,-8.398241996765137E-001,-6.333622336387634E-002,4.280245304107666E-002,-5.093594789505005E-001,-8.398241996765137E-001,
6.983666666666666E+008,-5.589503422379494E-002,4.344439134001732E-002,-5.262489914894104E-001,-8.220940828323364E-001,-5.589503422379494E-002,4.344439134001732E-002,-5.262489914894104E-001,-8.220940828323364E-001,
7.067333333333334E+008,-5.018154904246330E-002,4.087176546454430E-002,-5.553894639015198E-001,-7.959809899330139E-001,-5.018154904246330E-002,4.087176546454430E-002,-5.553894639015198E-001,-7.959809899330139E-001,
7.151000000000000E+008,-5.107610672712326E-002,3.269185498356819E-002,-5.637418031692505E-001,-7.881593704223633E-001,-5.107610672712326E-002,3.269185498356819E-002,-5.637418031692505E-001,-7.881593704223633E-001,
7.234666666666666E+008,-5.130285397171974E-002,2.788549475371838E-002,-6.023961901664734E-001,-7.752115130424500E-001,-5.130285397171974E-002,2.788549475371838E-002,-6.023961901664734E-001,-7.752115130424500E-001,
7.318333333333334E+008,-5.902805551886559E-002,2.529710717499256E-002,-6.084769368171692E-001,-7.700344920158386E-001,-5.902805551886559E-002,2.529710717499256E-002,-6.084769368171692E-001,-7.700344920158386E-001,
7.402000000000000E+008,-6.639613211154938E-002,2.787617780268192E-002,-6.379768252372742E-001,-7.458937168121338E-001,-6.639613211154938E-002,2.787617780268192E-002,-6.379768252372742E-001,-7.458937168121338E-001,
7.485666666666666E+008,-7.129161804914475E-002,3.385693579912186E-002,-6.593164205551148E-001,-7.084789276123047E-001,-7.129161804914475E-002,3.385693579912186E-002,-6.593164205551148E-001,-7.084789276123047E-001,
7.569333333333334E+008,-7.148661464452744E-002,4.344434663653374E-002,-6.746950149536133E-001,-7.099127769470215E-001,-7.148661464452744E-002,4.344434663653374E-002,-6.746950149536133E-001,-7.099127769470215E-001,
7.653000000000000E+008,-6.777215003967285E-002,5.279378592967987E-002,-6.820012927055359E-001,-7.022032141685486E-001,-6.777215003967285E-002,5.279378592967987E-002,-6.820012927055359E-001,-7.022032141685486E-001,
7.736666666666666E+008,-5.970299243927002E-002,6.195931881666184E-002,-7.071249485015869E-001,-6.942048072814941E-001,-5.970299243927002E-002,6.195931881666184E-002,-7.071249485015869E-001,-6.942048072814941E-001,
7.820333333333334E+008,-5.304797738790512E-002,6.607446074485779E-002,-7.299135327339172E-001,-6.708966493606567E-001,-5.304797738790512E-002,6.607446074485779E-002,-7.299135327339172E-001,-6.708966493606567E-001,
7.904000000000000E+008,-4.354101046919823E-002,6.484947353601456E-002,-7.442723512649536E-001,-6.480591297149658E-001,-4.354101046919823E-002,6.484947353601456E-002,-7.442723512649536E-001,-6.480591297149658E-001,
7.987666666666666E+008,-3.632098808884621E-002,6.089895963668823E-002,-7.564796805381775E-001,-6.273782849311829E-001,-3.632098808884621E-002,6.089895963668823E-002,-7.564796805381775E-001,-6.273782849311829E-001,
8.071333333333334E+008,-3.662063553929329E-002,5.690932273864746E-002,-7.697900533676148E-001,-6.141666769981384E-001,-3.662063553929329E-002,5.690932273864746E-002,-7.697900533676148E-001,-6.141666769981384E-001,
8.155000000000000E+008,-4.064239189028740E-002,5.012656003236771E-002,-7.792462110519409E-001,-5.683637857437134E-001,-4.064239189028740E-002,5.012656003236771E-002,-7.792462110519409E-001,-5.683637857437134E-001,
8.238666666666666E+008,-4.552054777741432E-002,4.809659719467163E-002,-8.107931017875671E-001,-5.718900561332703E-001,-4.552054777741432E-002,4.809659719467163E-002,-8.107931017875671E-001,-5.718900561332703E-001,
8.322333333333334E+008,-5.379212647676468E-002,5.065419897437096E-002,-8.219624757766724E-001,-5.433366298675537E-001,-5.379212647676468E-002,5.065419897437096E-002,-8.219624757766724E-001,-5.433366298675537E-001,
8.406000000000000E+008,-5.805704742670059E-002,5.479720234870911E-002,-8.339527249336243E-001,-5.285979509353638E-001,-5.805704742670059E-002,5.479720234870911E-002,-8.339527249336243E-001,-5.285979509353638E-001,
8.489666666666668E+008,-5.822973325848579E-002,6.332585215568543E-002,-8.534885048866272E-001,-5.018531680107117E-001,-5.822973325848579E-002,6.332585215568543E-002,-8.534885048866272E-001,-5.018531680107117E-001,
8.573333333333334E+008,-5.431893095374107E-002,7.118853926658630E-002,-8.582051992416382E-001,-4.840828180313110E-001,-5.431893095374107E-002,7.118853926658630E-002,-8.582051992416382E-001,-4.840828180313110E-001,
8.657000000000000E+008,-4.701022803783417E-002,8.026944100856781E-002,-8.737880587577820E-001,-4.554198980331421E-001,-4.701022803783417E-002,8.026944100856781E-002,-8.737880587577820E-001,-4.554198980331421E-001,
8.740666666666668E+008,-3.812888637185097E-002,8.555988967418671E-002,-8.680042028427124E-001,-4.368961453437805E-001,-3.812888637185097E-002,8.555988967418671E-002,-8.680042028427124E-001,-4.368961453437805E-001,
8.824333333333334E+008,-2.855490148067474E-002,8.466050773859024E-002,-8.990208506584168E-001,-4.048865139484406E-001,-2.855490148067474E-002,8.466050773859024E-002,-8.990208506584168E-001,-4.048865139484406E-001,
8.908000000000000E+008,-2.088773809373379E-002,8.499988913536072E-002,-9.099119901657105E-001,-4.015590846538544E-001,-2.088773809373379E-002,8.499988913536072E-002,-9.099119901657105E-001,-4.015590846538544E-001,
8.991666666666668E+008,-1.826463639736176E-002,7.840383052825928E-002,-9.207766056060791E-001,-3.714493811130524E-001,-1.826463639736176E-002,7.840383052825928E-002,-9.207766056060791E-001,-3.714493811130524E-001,
9.075333333333334E+008,-1.828967779874802E-002,7.438769936561585E-002,-9.123974442481995E-001,-3.466320335865021E-001,-1.828967779874802E-002,7.438769936561585E-002,-9.123974442481995E-001,-3.466320335865021E-001,
9.159000000000000E+008,-2.082876116037369E-002,7.040415704250336E-002,-9.276545047760010E-001,-3.352651596069336E-001,-2.082876116037369E-002,7.040415704250336E-002,-9.276545047760010E-001,-3.352651596069336E-001,
9.242666666666668E+008,-2.575255557894707E-002,6.661465764045715E-002,-9.375759363174439E-001,-3.091979622840881E-001,-2.575255557894707E-002,6.661465764045715E-002,-9.375759363174439E-001,-3.091979622840881E-001,
9.326333333333334E+008,-3.000648319721222E-002,6.930717080831528E-002,-9.416099786758423E-001,-2.755260467529297E-001,-3.000648319721222E-002,6.930717080831528E-002,-9.416099786758423E-001,-2.755260467529297E-001,
9.410000000000000E+008,-3.467791154980660E-002,7.606372237205505E-002,-9.472294449806213E-001,-2.471395134925842E-001,-3.467791154980660E-002,7.606372237205505E-002,-9.472294449806213E-001,-2.471395134925842E-001,
9.493666666666668E+008,-3.488188982009888E-002,8.387867361307144E-002,-9.524617791175842E-001,-2.376111298799515E-001,-3.488188982009888E-002,8.387867361307144E-002,-9.524617791175842E-001,-2.376111298799515E-001,
9.577333333333334E+008,-2.919717133045197E-002,9.182807803153992E-002,-9.762549996376038E-001,-1.954133659601212E-001,-2.919717133045197E-002,9.182807803153992E-002,-9.762549996376038E-001,-1.954133659601212E-001,
9.661000000000000E+008,-2.002120018005371E-002,9.908621013164520E-002,-9.615986347198486E-001,-1.812299042940140E-001,-2.002120018005371E-002,9.908621013164520E-002,-9.615986347198486E-001,-1.812299042940140E-001,
9.744666666666668E+008,-9.926673956215382E-003,1.036926656961441E-001,-9.714331030845642E-001,-1.492919176816940E-001,-9.926673956215382E-003,1.036926656961441E-001,-9.714331030845642E-001,-1.492919176816940E-001,
9.828333333333334E+008,4.151746165007353E-003,1.018831208348274E-001,-9.673771262168884E-001,-1.237315088510513E-001,4.151746165007353E-003,1.018831208348274E-001,-9.673771262168884E-001,-1.237315088510513E-001,
9.912000000000000E+008,1.395227946341038E-002,9.888570755720139E-002,-9.780867099761963E-001,-1.140172258019447E-001,1.395227946341038E-002,9.888570755720139E-002,-9.780867099761963E-001,-1.140172258019447E-001,
9.995666666666668E+008,1.864263974130154E-002,8.990401774644852E-002,-9.817055463790894E-001,-7.718862593173981E-002,1.864263974130154E-002,8.990401774644852E-002,-9.817055463790894E-001,-7.718862593173981E-002,
1.007933333333333E+009,1.857528090476990E-002,8.223395049571991E-002,-9.845648407936096E-001,-5.764749646186829E-002,1.857528090476990E-002,8.223395049571991E-002,-9.845648407936096E-001,-5.764749646186829E-002,
1.016300000000000E+009,1.290502957999706E-002,7.420375943183899E-002,-9.833603501319885E-001,-3.114304691553116E-002,1.290502957999706E-002,7.420375943183899E-002,-9.833603501319885E-001,-3.114304691553116E-002,
1.024666666666667E+009,4.898055922240019E-003,7.390933483839035E-002,-9.846521615982056E-001,-9.606427513062954E-003,4.898055922240019E-003,7.390933483839035E-002,-9.846521615982056E-001,-9.606427513062954E-003,
1.033033333333333E+009,-1.756106503307819E-003,7.560185343027115E-002,-9.616146087646484E-001,2.910293266177177E-002,-1.756106503307819E-003,7.560185343027115E-002,-9.616146087646484E-001,2.910293266177177E-002,
1.041400000000000E+009,-5.077166948467493E-003,8.233310282230377E-002,-9.686779975891113E-001,5.014578625559807E-002,-5.077166948467493E-003,8.233310282230377E-002,-9.686779975891113E-001,5.014578625559807E-002,
1.049766666666667E+009,-5.073447246104479E-003,9.104037284851074E-002,-9.765129089355469E-001,7.214944809675217E-002,-5.073447246104479E-003,9.104037284851074E-002,-9.765129089355469E-001,7.214944809675217E-002,
1.058133333333333E+009,4.242707043886185E-003,9.974900633096695E-002,-9.711993932723999E-001,9.692136943340302E-002,4.242707043886185E-003,9.974900633096695E-002,-9.711993932723999E-001,9.692136943340302E-002,
1.066500000000000E+009,1.779352128505707E-002,1.040796637535095E-001,-9.544768333435059E-001,1.238869875669479E-001,1.779352128505707E-002,1.040796637535095E-001,-9.544768333435059E-001,1.238869875669479E-001,
1.074866666666667E+009,3.082545287907124E-002,1.006184741854668E-001,-9.641947150230408E-001,1.530720591545105E-001,3.082545287907124E-002,1.006184741854668E-001,-9.641947150230408E-001,1.530720591545105E-001,
1.083233333333334E+009,4.397781193256378E-002,9.623706340789795E-002,-9.597389698028565E-001,1.692721098661423E-001,4.397781193256378E-002,9.623706340789795E-002,-9.597389698028565E-001,1.692721098661423E-001,
1.091600000000000E+009,4.874252155423164E-002,8.416167646646500E-002,-9.526931047439575E-001,2.031662166118622E-001,4.874252155423164E-002,8.416167646646500E-002,-9.526931047439575E-001,2.031662166118622E-001,
1.099966666666667E+009,5.061337724328041E-002,7.201848924160004E-002,-9.484292864799500E-001,2.199168801307678E-001,5.061337724328041E-002,7.201848924160004E-002,-9.484292864799500E-001,2.199168801307678E-001,
1.108333333333334E+009,4.254863038659096E-002,6.266155838966370E-002,-9.593784213066101E-001,2.428849935531616E-001,4.254863038659096E-002,6.266155838966370E-002,-9.593784213066101E-001,2.428849935531616E-001,
1.116700000000000E+009,3.125220537185669E-002,6.393899768590927E-002,-9.447546005249023E-001,2.751453816890717E-001,3.125220537185669E-002,6.393899768590927E-002,-9.447546005249023E-001,2.751453816890717E-001,
1.125066666666667E+009,1.981589198112488E-002,6.571137905120850E-002,-9.284895062446594E-001,2.964144349098206E-001,1.981589198112488E-002,6.571137905120850E-002,-9.284895062446594E-001,2.964144349098206E-001,
1.133433333333334E+009,1.039121393114328E-002,7.791347056627274E-002,-9.231489300727844E-001,3.144953548908234E-001,1.039121393114328E-002,7.791347056627274E-002,-9.231489300727844E-001,3.144953548908234E-001,
1.141800000000000E+009,1.259527727961540E-002,9.087367355823517E-002,-9.106126427650452E-001,3.394663035869598E-001,1.259527727961540E-002,9.087367355823517E-002,-9.106126427650452E-001,3.394663035869598E-001,
1.150166666666667E+009,2.018852904438973E-002,1.025028079748154E-001,-9.045183658599854E-001,3.690280914306641E-001,2.018852904438973E-002,1.025028079748154E-001,-9.045183658599854E-001,3.690280914306641E-001,
1.158533333333334E+009,3.905463963747025E-002,1.093924939632416E-001,-8.935616016387940E-001,3.907911777496338E-001,3.905463963747025E-002,1.093924939632416E-001,-8.935616016387940E-001,3.907911777496338E-001,
1.166900000000000E+009,5.956187844276428E-002,1.073956042528153E-001,-8.846549391746521E-001,4.166550636291504E-001,5.956187844276428E-002,1.073956042528153E-001,-8.846549391746521E-001,4.166550636291504E-001,
1.175266666666667E+009,7.564251869916916E-002,9.664767235517502E-002,-8.657822012901306E-001,4.291155934333801E-001,7.564251869916916E-002,9.664767235517502E-002,-8.657822012901306E-001,4.291155934333801E-001,
1.183633333333334E+009,8.869505673646927E-002,8.133522421121597E-002,-8.611037731170654E-001,4.559634625911713E-001,8.869505673646927E-002,8.133522421121597E-002,-8.611037731170654E-001,4.559634625911713E-001,
1.192000000000000E+009,9.008095413446426E-002,6.409945338964462E-002,-8.543218374252319E-001,4.819864928722382E-001,9.008095413446426E-002,6.409945338964462E-002,-8.543218374252319E-001,4.819864928722382E-001,
1.200366666666667E+009,8.077824115753174E-002,4.706069082021713E-002,-8.405111432075501E-001,5.007016062736511E-001,8.077824115753174E-002,4.706069082021713E-002,-8.405111432075501E-001,5.007016062736511E-001,
1.208733333333334E+009,6.403173506259918E-002,3.934000432491303E-002,-8.343114852905273E-001,5.297524333000183E-001,6.403173506259918E-002,3.934000432491303E-002,-8.343114852905273E-001,5.297524333000183E-001,
1.217100000000000E+009,4.651261493563652E-002,4.206091165542603E-002,-8.023934364318848E-001,5.430449247360230E-001,4.651261493563652E-002,4.206091165542603E-002,-8.023934364318848E-001,5.430449247360230E-001,
1.225466666666667E+009,3.608054667711258E-002,5.437075346708298E-002,-8.037906289100647E-001,5.682399868965149E-001,3.608054667711258E-002,5.437075346708298E-002,-8.037906289100647E-001,5.682399868965149E-001,
1.233833333333334E+009,3.576218336820602E-002,6.940468400716782E-002,-7.828203439712524E-001,5.884845852851868E-001,3.576218336820602E-002,6.940468400716782E-002,-7.828203439712524E-001,5.884845852851868E-001,
1.242200000000000E+009,4.272380843758583E-002,8.324788510799408E-002,-7.541175484657288E-001,6.043131351470947E-001,4.272380843758583E-002,8.324788510799408E-002,-7.541175484657288E-001,6.043131351470947E-001,
1.250566666666667E+009,5.907132849097252E-002,9.188576042652130E-002,-7.577809095382690E-001,6.313775777816773E-001,5.907132849097252E-002,9.188576042652130E-002,-7.577809095382690E-001,6.313775777816773E-001,
1.258933333333334E+009,8.034791797399521E-002,9.116075932979584E-002,-7.362850308418274E-001,6.408412456512451E-001,8.034791797399521E-002,9.116075932979584E-002,-7.362850308418274E-001,6.408412456512451E-001,
1.267300000000000E+009,9.845203161239624E-002,7.721374183893204E-002,-7.127789855003357E-001,6.579555869102478E-001,9.845203161239624E-002,7.721374183893204E-002,-7.127789855003357E-001,6.579555869102478E-001,
1.275666666666667E+009,1.095963194966316E-001,5.946900323033333E-002,-7.096208333969116E-001,6.628191471099854E-001,1.095963194966316E-001,5.946900323033333E-002,-7.096208333969116E-001,6.628191471099854E-001,
1.284033333333334E+009,1.109632253646851E-001,3.667616844177246E-002,-6.775982379913330E-001,7.135069966316223E-001,1.109632253646851E-001,3.667616844177246E-002,-6.775982379913330E-001,7.135069966316223E-001,
1.292400000000000E+009,9.898974746465683E-002,1.911723800003529E-002,-6.744642853736877E-001,7.128485441207886E-001,9.898974746465683E-002,1.911723800003529E-002,-6.744642853736877E-001,7.128485441207886E-001,
1.300766666666667E+009,8.125478774309158E-002,1.198282651603222E-002,-6.559278964996338E-001,7.301387786865234E-001,8.125478774309158E-002,1.198282651603222E-002,-6.559278964996338E-001,7.301387786865234E-001,
1.309133333333334E+009,6.265674531459808E-002,1.527134701609612E-002,-6.395093798637390E-001,7.575508952140808E-001,6.265674531459808E-002,1.527134701609612E-002,-6.395093798637390E-001,7.575508952140808E-001,
1.317500000000000E+009,4.947727546095848E-002,2.809375710785389E-002,-6.082352399826050E-001,7.817857265472412E-001,4.947727546095848E-002,2.809375710785389E-002,-6.082352399826050E-001,7.817857265472412E-001,
1.325866666666667E+009,4.620971158146858E-002,4.441079869866371E-002,-5.891703963279724E-001,7.807592153549194E-001,4.620971158146858E-002,4.441079869866371E-002,-5.891703963279724E-001,7.807592153549194E-001,
1.334233333333334E+009,5.455117672681809E-002,6.225372850894928E-002,-5.665526390075684E-001,7.924730777740479E-001,5.455117672681809E-002,6.225372850894928E-002,-5.665526390075684E-001,7.924730777740479E-001,
1.342600000000000E+009,7.241596281528473E-002,6.663592904806137E-002,-5.531134009361267E-001,8.098224401473999E-001,7.241596281528473E-002,6.663592904806137E-002,-5.531134009361267E-001,8.098224401473999E-001,
1.350966666666667E+009,9.064498543739319E-002,6.367583572864533E-002,-5.229240059852600E-001,8.284639120101929E-001,9.064498543739319E-002,6.367583572864533E-002,-5.229240059852600E-001,8.284639120101929E-001,
1.359333333333334E+009,1.069168969988823E-001,4.993260279297829E-002,-5.061182975769043E-001,8.344137072563171E-001,1.069168969988823E-001,4.993260279297829E-002,-5.061182975769043E-001,8.344137072563171E-001,
1.367700000000000E+009,1.133861169219017E-001,2.759631723165512E-002,-4.884290695190430E-001,8.451244235038757E-001,1.133861169219017E-001,2.759631723165512E-002,-4.884290695190430E-001,8.451244235038757E-001,
1.376066666666667E+009,1.073657348752022E-001,4.067926201969385E-003,-4.628626108169556E-001,8.565438985824585E-001,1.073657348752022E-001,4.067926201969385E-003,-4.628626108169556E-001,8.565438985824585E-001,
1.384433333333334E+009,9.231529384851456E-002,-9.258984588086605E-003,-4.543195366859436E-001,8.683910369873047E-001,9.231529384851456E-002,-9.258984588086605E-003,-4.543195366859436E-001,8.683910369873047E-001,
1.392800000000000E+009,6.956871598958969E-002,-1.215518824756146E-002,-4.299331605434418E-001,8.749844431877136E-001,6.956871598958969E-002,-1.215518824756146E-002,-4.299331605434418E-001,8.749844431877136E-001,
1.401166666666667E+009,5.355740711092949E-002,-3.135364037007093E-003,-3.966872692108154E-001,9.019112586975098E-001,5.355740711092949E-002,-3.135364037007093E-003,-3.966872692108154E-001,9.019112586975098E-001,
1.409533333333334E+009,4.276625066995621E-002,1.693411916494370E-002,-3.725676536560059E-001,9.107330441474915E-001,4.276625066995621E-002,1.693411916494370E-002,-3.725676536560059E-001,9.107330441474915E-001,
1.417900000000000E+009,4.356032982468605E-002,3.823899105191231E-002,-3.330150544643402E-001,9.034679532051086E-001,4.356032982468605E-002,3.823899105191231E-002,-3.330150544643402E-001,9.034679532051086E-001,
1.426266666666667E+009,5.633756518363953E-002,5.586903914809227E-002,-3.272049725055695E-001,9.316188097000122E-001,5.633756518363953E-002,5.586903914809227E-002,-3.272049725055695E-001,9.316188097000122E-001,
1.434633333333334E+009,7.606957852840424E-002,6.116352602839470E-002,-2.974252104759216E-001,9.230034947395325E-001,7.606957852840424E-002,6.116352602839470E-002,-2.974252104759216E-001,9.230034947395325E-001,
1.443000000000000E+009,9.891692548990250E-002,5.661110579967499E-002,-2.714205086231232E-001,9.344956874847412E-001,9.891692548990250E-002,5.661110579967499E-002,-2.714205086231232E-001,9.344956874847412E-001,
1.451366666666667E+009,1.138154864311218E-001,3.867845609784126E-002,-2.534718513488770E-001,9.390035867691040E-001,1.138154864311218E-001,3.867845609784126E-002,-2.534718513488770E-001,9.390035867691040E-001,
1.459733333333334E+009,1.197014302015305E-001,1.645953394472599E-002,-2.396176457405090E-001,9.425809979438782E-001,1.197014302015305E-001,1.645953394472599E-002,-2.396176457405090E-001,9.425809979438782E-001,
1.468100000000000E+009,1.133359447121620E-001,-5.613585934042931E-003,-2.033282667398453E-001,9.495438337326050E-001,1.133359447121620E-001,-5.613585934042931E-003,-2.033282667398453E-001,9.495438337326050E-001,
1.476466666666667E+009,9.695987403392792E-002,-2.025613375008106E-002,-1.841611564159393E-001,9.649608135223389E-001,9.695987403392792E-002,-2.025613375008106E-002,-1.841611564159393E-001,9.649608135223389E-001,
1.484833333333334E+009,7.547690719366074E-002,-2.312873117625713E-002,-1.506906300783157E-001,9.669551253318787E-001,7.547690719366074E-002,-2.312873117625713E-002,-1.506906300783157E-001,9.669551253318787E-001,
1.493200000000000E+009,5.993084609508514E-002,-1.338892430067062E-002,-1.330029517412186E-001,9.678668379783630E-001,5.993084609508514E-002,-1.338892430067062E-002,-1.330029517412186E-001,9.678668379783630E-001,
1.501566666666667E+009,5.176344886422157E-002,5.595202092081308E-003,-1.020901948213577E-001,9.705678820610046E-001,5.176344886422157E-002,5.595202092081308E-003,-1.020901948213577E-001,9.705678820610046E-001,
1.509933333333334E+009,5.392514541745186E-002,2.707967720925808E-002,-8.557534962892532E-002,9.745007753372192E-001,5.392514541745186E-002,2.707967720925808E-002,-8.557534962892532E-002,9.745007753372192E-001,
1.518300000000000E+009,7.031684368848801E-002,4.191316291689873E-002,-5.815073847770691E-002,9.795519113540649E-001,7.031684368848801E-002,4.191316291689873E-002,-5.815073847770691E-002,9.795519113540649E-001,
1.526666666666667E+009,9.111528843641281E-002,4.628210887312889E-002,-2.548442035913467E-002,9.705733060836792E-001,9.111528843641281E-002,4.628210887312889E-002,-2.548442035913467E-002,9.705733060836792E-001,
1.535033333333334E+009,1.118450015783310E-001,4.052254557609558E-002,-4.385717213153839E-003,9.797854423522949E-001,1.118450015783310E-001,4.052254557609558E-002,-4.385717213153839E-003,9.797854423522949E-001,
1.543400000000000E+009,1.247929632663727E-001,2.248284593224526E-002,1.549006719142199E-002,9.720275402069092E-001,1.247929632663727E-001,2.248284593224526E-002,1.549006719142199E-002,9.720275402069092E-001,
1.551766666666667E+009,1.258697062730789E-001,-1.633185311220586E-003,3.798680379986763E-002,9.668952226638794E-001,1.258697062730789E-001,-1.633185311220586E-003,3.798680379986763E-002,9.668952226638794E-001,
1.560133333333334E+009,1.183561012148857E-001,-2.275475114583969E-002,5.940615013241768E-002,9.726535081863403E-001,1.183561012148857E-001,-2.275475114583969E-002,5.940615013241768E-002,9.726535081863403E-001,
1.568500000000000E+009,1.032479107379913E-001,-3.553235530853272E-002,7.687691599130631E-002,9.755985736846924E-001,1.032479107379913E-001,-3.553235530853272E-002,7.687691599130631E-002,9.755985736846924E-001,
1.576866666666667E+009,8.339890092611313E-002,-3.694513067603111E-002,1.184793859720230E-001,9.661641716957092E-001,8.339890092611313E-002,-3.694513067603111E-002,1.184793859720230E-001,9.661641716957092E-001,
1.585233333333334E+009,7.089427113533020E-002,-2.844445407390595E-002,1.345539391040802E-001,9.662382602691650E-001,7.089427113533020E-002,-2.844445407390595E-002,1.345539391040802E-001,9.662382602691650E-001,
1.593600000000000E+009,6.442543864250183E-002,-1.376732345670462E-002,1.636476069688797E-001,9.599249362945557E-001,6.442543864250183E-002,-1.376732345670462E-002,1.636476069688797E-001,9.599249362945557E-001,
1.601966666666667E+009,6.863249838352203E-002,3.930477891117334E-003,1.856226474046707E-001,9.573195576667786E-001,6.863249838352203E-002,3.930477891117334E-003,1.856226474046707E-001,9.573195576667786E-001,
1.610333333333334E+009,8.208611607551575E-002,1.485370192676783E-002,2.165209949016571E-001,9.481845498085022E-001,8.208611607551575E-002,1.485370192676783E-002,2.165209949016571E-001,9.481845498085022E-001,
1.618700000000000E+009,1.010462120175362E-001,1.672098040580750E-002,2.419278174638748E-001,9.430071115493774E-001,1.010462120175362E-001,1.672098040580750E-002,2.419278174638748E-001,9.430071115493774E-001,
1.627066666666667E+009,1.162936314940453E-001,8.102346211671829E-003,2.624839544296265E-001,9.336308836936951E-001,1.162936314940453E-001,8.102346211671829E-003,2.624839544296265E-001,9.336308836936951E-001,
1.635433333333334E+009,1.244273111224175E-001,-5.965384189039469E-003,2.888781130313873E-001,9.329696893692017E-001,1.244273111224175E-001,-5.965384189039469E-003,2.888781130313873E-001,9.329696893692017E-001,
1.643800000000000E+009,1.242720410227776E-001,-2.581589668989182E-002,3.006338477134705E-001,9.224272370338440E-001,1.242720410227776E-001,-2.581589668989182E-002,3.006338477134705E-001,9.224272370338440E-001,
1.652166666666667E+009,1.145533993840218E-001,-4.254205152392387E-002,3.342806100845337E-001,9.129412770271301E-001,1.145533993840218E-001,-4.254205152392387E-002,3.342806100845337E-001,9.129412770271301E-001,
1.660533333333334E+009,9.953662008047104E-002,-5.109459534287453E-002,3.510273098945618E-001,9.088196754455566E-001,9.953662008047104E-002,-5.109459534287453E-002,3.510273098945618E-001,9.088196754455566E-001,
1.668900000000000E+009,8.406250923871994E-002,-4.982183128595352E-002,3.733034729957581E-001,8.968839645385742E-001,8.406250923871994E-002,-4.982183128595352E-002,3.733034729957581E-001,8.968839645385742E-001,
1.677266666666667E+009,7.217488437891007E-002,-4.242850467562676E-002,4.133347868919373E-001,8.866575956344605E-001,7.217488437891007E-002,-4.242850467562676E-002,4.133347868919373E-001,8.866575956344605E-001,
1.685633333333334E+009,7.042748481035233E-002,-2.834509126842022E-002,4.293471872806549E-001,8.785073161125183E-001,7.042748481035233E-002,-2.834509126842022E-002,4.293471872806549E-001,8.785073161125183E-001,
1.694000000000000E+009,7.573243230581284E-002,-1.650513149797916E-002,4.459516704082489E-001,8.641456961631775E-001,7.573243230581284E-002,-1.650513149797916E-002,4.459516704082489E-001,8.641456961631775E-001,
1.702366666666667E+009,8.886142075061798E-002,-7.233456708490849E-003,4.689241051673889E-001,8.547394275665283E-001,8.886142075061798E-002,-7.233456708490849E-003,4.689241051673889E-001,8.547394275665283E-001,
1.710733333333334E+009,1.058264598250389E-001,-6.024594418704510E-003,4.870344400405884E-001,8.353745341300964E-001,1.058264598250389E-001,-6.024594418704510E-003,4.870344400405884E-001,8.353745341300964E-001,
1.719100000000000E+009,1.207335069775581E-001,-1.583831571042538E-002,5.123571157455444E-001,8.190571069717407E-001,1.207335069775581E-001,-1.583831571042538E-002,5.123571157455444E-001,8.190571069717407E-001,
1.727466666666667E+009,1.296938359737396E-001,-3.070392087101936E-002,5.294452309608460E-001,8.116846680641174E-001,1.296938359737396E-001,-3.070392087101936E-002,5.294452309608460E-001,8.116846680641174E-001,
1.735833333333334E+009,1.296944469213486E-001,-4.856942966580391E-002,5.441558957099915E-001,7.968200445175171E-001,1.296944469213486E-001,-4.856942966580391E-002,5.441558957099915E-001,7.968200445175171E-001,
1.744200000000000E+009,1.207656636834145E-001,-6.697279959917069E-002,5.712524652481079E-001,7.748596072196960E-001,1.207656636834145E-001,-6.697279959917069E-002,5.712524652481079E-001,7.748596072196960E-001,
1.752566666666667E+009,1.075052320957184E-001,-7.881905138492584E-002,5.987448096275330E-001,7.685756683349609E-001,1.075052320957184E-001,-7.881905138492584E-002,5.987448096275330E-001,7.685756683349609E-001,
1.760933333333334E+009,9.156639873981476E-002,-8.425737917423248E-002,6.077974438667297E-001,7.557028532028198E-001,9.156639873981476E-002,-8.425737917423248E-002,6.077974438667297E-001,7.557028532028198E-001,
1.769300000000000E+009,7.701481133699417E-002,-8.202348649501801E-002,6.320385336875916E-001,7.467460632324219E-001,7.701481133699417E-002,-8.202348649501801E-002,6.320385336875916E-001,7.467460632324219E-001,
1.777666666666667E+009,6.840440630912781E-002,-7.198560982942581E-002,6.469134688377380E-001,7.361308932304382E-001,6.840440630912781E-002,-7.198560982942581E-002,6.469134688377380E-001,7.361308932304382E-001,
1.786033333333334E+009,6.767888367176056E-002,-6.275986135005951E-002,6.619791388511658E-001,7.046847939491272E-001,6.767888367176056E-002,-6.275986135005951E-002,6.619791388511658E-001,7.046847939491272E-001,
1.794400000000000E+009,7.455688714981079E-002,-5.147983133792877E-002,6.851488947868347E-001,6.884825825691223E-001,7.455688714981079E-002,-5.147983133792877E-002,6.851488947868347E-001,6.884825825691223E-001,
1.802766666666667E+009,8.293195813894272E-002,-4.739725217223167E-002,7.026628255844116E-001,6.693580150604248E-001,8.293195813894272E-002,-4.739725217223167E-002,7.026628255844116E-001,6.693580150604248E-001,
1.811133333333334E+009,9.306124597787857E-002,-4.737116023898125E-002,7.265335321426392E-001,6.497442126274109E-001,9.306124597787857E-002,-4.737116023898125E-002,7.265335321426392E-001,6.497442126274109E-001,
1.819500000000000E+009,1.028093695640564E-001,-5.294527485966682E-002,7.361853122711182E-001,6.227809786796570E-001,1.028093695640564E-001,-5.294527485966682E-002,7.361853122711182E-001,6.227809786796570E-001,
1.827866666666667E+009,1.077680513262749E-001,-6.302307546138763E-002,7.554656267166138E-001,6.114456057548523E-001,1.077680513262749E-001,-6.302307546138763E-002,7.554656267166138E-001,6.114456057548523E-001,
1.836233333333334E+009,1.041858941316605E-001,-7.512146234512329E-002,7.667974829673767E-001,5.940650105476379E-001,1.041858941316605E-001,-7.512146234512329E-002,7.667974829673767E-001,5.940650105476379E-001,
1.844600000000000E+009,9.615637362003326E-002,-8.474694937467575E-002,7.826151251792908E-001,5.868593454360962E-001,9.615637362003326E-002,-8.474694937467575E-002,7.826151251792908E-001,5.868593454360962E-001,
1.852966666666667E+009,8.644935488700867E-002,-9.036802500486374E-002,7.902801632881165E-001,5.533831715583801E-001,8.644935488700867E-002,-9.036802500486374E-002,7.902801632881165E-001,5.533831715583801E-001,
1.861333333333334E+009,7.634137570858002E-002,-9.430204331874847E-002,8.131027817726135E-001,5.342549085617065E-001,7.634137570858002E-002,-9.430204331874847E-002,8.131027817726135E-001,5.342549085617065E-001,
1.869700000000000E+009,6.914991140365601E-002,-8.917707204818726E-002,8.277521729469299E-001,5.151228308677673E-001,6.914991140365601E-002,-8.917707204818726E-002,8.277521729469299E-001,5.151228308677673E-001,
1.878066666666667E+009,6.611741334199905E-002,-8.531457930803299E-002,8.415251970291138E-001,4.990035891532898E-001,6.611741334199905E-002,-8.531457930803299E-002,8.415251970291138E-001,4.990035891532898E-001,
1.886433333333334E+009,6.817333400249481E-002,-7.860523462295532E-002,8.589892983436585E-001,4.720688760280609E-001,6.817333400249481E-002,-7.860523462295532E-002,8.589892983436585E-001,4.720688760280609E-001,
1.894800000000000E+009,7.680938392877579E-002,-7.502312958240509E-002,8.695650100708008E-001,4.515888392925263E-001,7.680938392877579E-002,-7.502312958240509E-002,8.695650100708008E-001,4.515888392925263E-001,
1.903166666666667E+009,8.568538725376129E-002,-7.333210110664368E-002,8.797178268432617E-001,4.204707443714142E-001,8.568538725376129E-002,-7.333210110664368E-002,8.797178268432617E-001,4.204707443714142E-001,
1.911533333333334E+009,9.451552480459213E-002,-7.979547977447510E-002,8.854902982711792E-001,3.929144442081451E-001,9.451552480459213E-002,-7.979547977447510E-002,8.854902982711792E-001,3.929144442081451E-001,
1.919900000000000E+009,1.001618206501007E-001,-8.950763195753098E-002,8.990945816040039E-001,3.781798183917999E-001,1.001618206501007E-001,-8.950763195753098E-002,8.990945816040039E-001,3.781798183917999E-001,
1.928266666666667E+009,1.015998944640160E-001,-1.005853414535523E-001,8.942963480949402E-001,3.416091203689575E-001,1.015998944640160E-001,-1.005853414535523E-001,8.942963480949402E-001,3.416091203689575E-001,
1.936633333333334E+009,9.456797689199448E-002,-1.134319081902504E-001,9.131243824958801E-001,3.306652009487152E-001,9.456797689199448E-002,-1.134319081902504E-001,9.131243824958801E-001,3.306652009487152E-001,
1.945000000000000E+009,8.290202915668488E-002,-1.225460618734360E-001,9.223731756210327E-001,3.066530227661133E-001,8.290202915668488E-002,-1.225460618734360E-001,9.223731756210327E-001,3.066530227661133E-001,
1.953366666666667E+009,6.985628604888916E-002,-1.288920938968658E-001,9.238340258598328E-001,2.862092256546021E-001,6.985628604888916E-002,-1.288920938968658E-001,9.238340258598328E-001,2.862092256546021E-001,
1.961733333333334E+009,5.405182391405106E-002,-1.263117045164108E-001,9.386568069458008E-001,2.639333009719849E-001,5.405182391405106E-002,-1.263117045164108E-001,9.386568069458008E-001,2.639333009719849E-001,
1.970100000000000E+009,4.280532896518707E-002,-1.211927607655525E-001,9.392988681793213E-001,2.405665367841721E-001,4.280532896518707E-002,-1.211927607655525E-001,9.392988681793213E-001,2.405665367841721E-001,
1.978466666666667E+009,3.942550346255302E-002,-1.106202006340027E-001,9.494179487228394E-001,2.098362594842911E-001,3.942550346255302E-002,-1.106202006340027E-001,9.494179487228394E-001,2.098362594842911E-001,
1.986833333333334E+009,4.327207058668137E-002,-1.015603989362717E-001,9.526498317718506E-001,1.906938850879669E-001,4.327207058668137E-002,-1.015603989362717E-001,9.526498317718506E-001,1.906938850879669E-001,
1.995200000000000E+009,5.546909198164940E-002,-9.670113772153854E-002,9.547944664955139E-001,1.724612116813660E-001,5.546909198164940E-002,-9.670113772153854E-002,9.547944664955139E-001,1.724612116813660E-001,
2.003566666666667E+009,6.916340440511704E-002,-9.790895879268646E-002,9.592096805572510E-001,1.366606205701828E-001,6.916340440511704E-002,-9.790895879268646E-002,9.592096805572510E-001,1.366606205701828E-001,
2.011933333333334E+009,8.099331706762314E-002,-1.083505824208260E-001,9.669753909111023E-001,1.078756451606751E-001,8.099331706762314E-002,-1.083505824208260E-001,9.669753909111023E-001,1.078756451606751E-001,
2.020300000000000E+009,8.758813142776489E-002,-1.202447190880776E-001,9.662599563598633E-001,7.726813107728958E-002,8.758813142776489E-002,-1.202447190880776E-001,9.662599563598633E-001,7.726813107728958E-002,
2.028666666666667E+009,8.477382361888886E-002,-1.366156339645386E-001,9.665569663047791E-001,6.232230737805367E-002,8.477382361888886E-002,-1.366156339645386E-001,9.665569663047791E-001,6.232230737805367E-002,
2.037033333333334E+009,7.305580377578735E-002,-1.533148437738419E-001,9.686939716339111E-001,3.647930920124054E-002,7.305580377578735E-002,-1.533148437738419E-001,9.686939716339111E-001,3.647930920124054E-002,
2.045400000000000E+009,5.505645647644997E-002,-1.618982106447220E-001,9.648020267486572E-001,1.884233392775059E-002,5.505645647644997E-002,-1.618982106447220E-001,9.648020267486572E-001,1.884233392775059E-002,
2.053766666666667E+009,3.407418727874756E-002,-1.618880033493042E-001,9.667708873748779E-001,-7.014485076069832E-003,3.407418727874756E-002,-1.618880033493042E-001,9.667708873748779E-001,-7.014485076069832E-003,
2.062133333333334E+009,1.858790777623653E-002,-1.560755819082260E-001,9.713670611381531E-001,-3.278477117419243E-002,1.858790777623653E-002,-1.560755819082260E-001,9.713670611381531E-001,-3.278477117419243E-002,
2.070500000000000E+009,9.874384850263596E-003,-1.417561173439026E-001,9.714328050613403E-001,-5.968394130468369E-002,9.874384850263596E-003,-1.417561173439026E-001,9.714328050613403E-001,-5.968394130468369E-002,
2.078866666666667E+009,1.177914068102837E-002,-1.284510791301727E-001,9.674639105796814E-001,-8.247775584459305E-002,1.177914068102837E-002,-1.284510791301727E-001,9.674639105796814E-001,-8.247775584459305E-002,
2.087233333333334E+009,2.221794612705708E-002,-1.225953176617622E-001,9.664028286933899E-001,-1.174542233347893E-001,2.221794612705708E-002,-1.225953176617622E-001,9.664028286933899E-001,-1.174542233347893E-001,
2.095600000000000E+009,3.790379688143730E-002,-1.217195689678192E-001,9.677230715751648E-001,-1.387593150138855E-001,3.790379688143730E-002,-1.217195689678192E-001,9.677230715751648E-001,-1.387593150138855E-001,
2.103966666666667E+009,5.198010802268982E-002,-1.343168914318085E-001,9.630466699600220E-001,-1.671280413866043E-001,5.198010802268982E-002,-1.343168914318085E-001,9.630466699600220E-001,-1.671280413866043E-001,
2.112333333333334E+009,5.902624130249023E-002,-1.516271978616715E-001,9.488187432289124E-001,-1.861824989318848E-001,5.902624130249023E-002,-1.516271978616715E-001,9.488187432289124E-001,-1.861824989318848E-001,
2.120700000000000E+009,5.622498318552971E-002,-1.752696931362152E-001,9.426153898239136E-001,-2.164108157157898E-001,5.622498318552971E-002,-1.752696931362152E-001,9.426153898239136E-001,-2.164108157157898E-001,
2.129066666666667E+009,4.036633670330048E-002,-1.912237107753754E-001,9.453133344650269E-001,-2.424872964620590E-001,4.036633670330048E-002,-1.912237107753754E-001,9.453133344650269E-001,-2.424872964620590E-001,
2.137433333333334E+009,1.576694287359715E-002,-2.002940028905869E-001,9.273786544799805E-001,-2.584273219108582E-001,1.576694287359715E-002,-2.002940028905869E-001,9.273786544799805E-001,-2.584273219108582E-001,
2.145800000000000E+009,-1.337203010916710E-002,-1.975662410259247E-001,9.256430864334106E-001,-2.803072631359100E-001,-1.337203010916710E-002,-1.975662410259247E-001,9.256430864334106E-001,-2.803072631359100E-001,
2.154166666666667E+009,-3.543037176132202E-002,-1.839726120233536E-001,9.183739423751831E-001,-2.974879145622253E-001,-3.543037176132202E-002,-1.839726120233536E-001,9.183739423751831E-001,-2.974879145622253E-001,
2.162533333333334E+009,-4.808153584599495E-002,-1.623785048723221E-001,8.997689485549927E-001,-3.218725323677063E-001,-4.808153584599495E-002,-1.623785048723221E-001,8.997689485549927E-001,-3.218725323677063E-001,
2.170900000000000E+009,-4.622589796781540E-002,-1.416814774274826E-001,9.075495600700378E-001,-3.519049286842346E-001,-4.622589796781540E-002,-1.416814774274826E-001,9.075495600700378E-001,-3.519049286842346E-001,
2.179266666666667E+009,-3.306669369339943E-002,-1.297577470541000E-001,8.954107165336609E-001,-3.688212633132935E-001,-3.306669369339943E-002,-1.297577470541000E-001,8.954107165336609E-001,-3.688212633132935E-001,
2.187633333333334E+009,-1.449183560907841E-002,-1.282293349504471E-001,8.899556994438171E-001,-4.028285443782806E-001,-1.449183560907841E-002,-1.282293349504471E-001,8.899556994438171E-001,-4.028285443782806E-001,
2.196000000000000E+009,4.619315732270479E-003,-1.411611139774323E-001,8.684830069541931E-001,-4.243873655796051E-001,4.619315732270479E-003,-1.411611139774323E-001,8.684830069541931E-001,-4.243873655796051E-001,
2.204366666666667E+009,1.471164729446173E-002,-1.643189936876297E-001,8.582255840301514E-001,-4.456855058670044E-001,1.471164729446173E-002,-1.643189936876297E-001,8.582255840301514E-001,-4.456855058670044E-001,
2.212733333333334E+009,1.081002596765757E-002,-1.898586004972458E-001,8.411897420883179E-001,-4.758132398128510E-001,1.081002596765757E-002,-1.898586004972458E-001,8.411897420883179E-001,-4.758132398128510E-001,
2.221100000000000E+009,-7.967983372509480E-003,-2.083139270544052E-001,8.200780749320984E-001,-4.849832355976105E-001,-7.967983372509480E-003,-2.083139270544052E-001,8.200780749320984E-001,-4.849832355976105E-001,
2.229466666666667E+009,-3.356073796749115E-002,-2.169036418199539E-001,8.125349879264832E-001,-4.952162802219391E-001,-3.356073796749115E-002,-2.169036418199539E-001,8.125349879264832E-001,-4.952162802219391E-001,
2.237833333333334E+009,-6.505554169416428E-002,-2.091980278491974E-001,8.043197393417358E-001,-5.200477242469788E-001,-6.505554169416428E-002,-2.091980278491974E-001,8.043197393417358E-001,-5.200477242469788E-001,
2.246200000000000E+009,-9.059043228626251E-002,-1.903470009565353E-001,7.921791672706604E-001,-5.391352772712708E-001,-9.059043228626251E-002,-1.903470009565353E-001,7.921791672706604E-001,-5.391352772712708E-001,
2.254566666666667E+009,-1.016659289598465E-001,-1.625149995088577E-001,7.835177183151245E-001,-5.573383569717407E-001,-1.016659289598465E-001,-1.625149995088577E-001,7.835177183151245E-001,-5.573383569717407E-001,
2.262933333333334E+009,-1.011106148362160E-001,-1.387279182672501E-001,7.704048752784729E-001,-5.801610350608826E-001,-1.011106148362160E-001,-1.387279182672501E-001,7.704048752784729E-001,-5.801610350608826E-001,
2.271300000000000E+009,-8.713709563016892E-002,-1.214830875396729E-001,7.525632977485657E-001,-6.003300547599793E-001,-8.713709563016892E-002,-1.214830875396729E-001,7.525632977485657E-001,-6.003300547599793E-001,
2.279666666666667E+009,-6.596437841653824E-002,-1.211106404662132E-001,7.397475838661194E-001,-6.226555705070496E-001,-6.596437841653824E-002,-1.211106404662132E-001,7.397475838661194E-001,-6.226555705070496E-001,
2.288033333333334E+009,-4.891021549701691E-002,-1.352072358131409E-001,7.210345864295960E-001,-6.520302891731262E-001,-4.891021549701691E-002,-1.352072358131409E-001,7.210345864295960E-001,-6.520302891731262E-001,
2.296400000000000E+009,-4.153451323509216E-002,-1.597555726766586E-001,6.966599822044373E-001,-6.696070432662964E-001,-4.153451323509216E-002,-1.597555726766586E-001,6.966599822044373E-001,-6.696070432662964E-001,
2.304766666666667E+009,-5.005180463194847E-002,-1.855725497007370E-001,6.809318065643311E-001,-6.745631694793701E-001,-5.005180463194847E-002,-1.855725497007370E-001,6.809318065643311E-001,-6.745631694793701E-001,
2.313133333333334E+009,-7.326982915401459E-002,-2.009015679359436E-001,6.555644273757935E-001,-7.027216553688049E-001,-7.326982915401459E-002,-2.009015679359436E-001,6.555644273757935E-001,-7.027216553688049E-001,
2.321500000000000E+009,-9.892206639051437E-002,-2.017391324043274E-001,6.418460011482239E-001,-7.075234651565552E-001,-9.892206639051437E-002,-2.017391324043274E-001,6.418460011482239E-001,-7.075234651565552E-001,
2.329866666666667E+009,-1.252444982528687E-001,-1.877990365028381E-001,6.318449974060059E-001,-7.233853936195374E-001,-1.252444982528687E-001,-1.877990365028381E-001,6.318449974060059E-001,-7.233853936195374E-001,
2.338233333333334E+009,-1.436854749917984E-001,-1.633303314447403E-001,6.067627668380737E-001,-7.387409806251526E-001,-1.436854749917984E-001,-1.633303314447403E-001,6.067627668380737E-001,-7.387409806251526E-001,
2.346600000000000E+009,-1.472814083099365E-001,-1.309678703546524E-001,5.892530083656311E-001,-7.575873732566834E-001,-1.472814083099365E-001,-1.309678703546524E-001,5.892530083656311E-001,-7.575873732566834E-001,
2.354966666666667E+009,-1.349206864833832E-001,-1.074782386422157E-001,5.812546014785767E-001,-7.712549567222595E-001,-1.349206864833832E-001,-1.074782386422157E-001,5.812546014785767E-001,-7.712549567222595E-001,
2.363333333333334E+009,-1.143842488527298E-001,-9.851540625095367E-002,5.634214878082275E-001,-7.889359593391419E-001,-1.143842488527298E-001,-9.851540625095367E-002,5.634214878082275E-001,-7.889359593391419E-001,
2.371700000000000E+009,-8.998829871416092E-002,-1.050006747245789E-001,5.407310128211975E-001,-8.111357688903809E-001,-8.998829871416092E-002,-1.050006747245789E-001,5.407310128211975E-001,-8.111357688903809E-001,
2.380066666666667E+009,-7.708719372749329E-002,-1.309837847948074E-001,5.067583322525024E-001,-8.240047693252564E-001,-7.708719372749329E-002,-1.309837847948074E-001,5.067583322525024E-001,-8.240047693252564E-001,
2.388433333333334E+009,-8.149253576993942E-002,-1.622426807880402E-001,4.830171167850494E-001,-8.279595375061035E-001,-8.149253576993942E-002,-1.622426807880402E-001,4.830171167850494E-001,-8.279595375061035E-001,
2.396800000000000E+009,-1.031120344996452E-001,-1.913401782512665E-001,4.492487609386444E-001,-8.431956171989441E-001,-1.031120344996452E-001,-1.913401782512665E-001,4.492487609386444E-001,-8.431956171989441E-001,
2.405166666666667E+009,-1.367931067943573E-001,-2.080556005239487E-001,4.317931830883026E-001,-8.499243855476379E-001,-1.367931067943573E-001,-2.080556005239487E-001,4.317931830883026E-001,-8.499243855476379E-001,
2.413533333333334E+009,-1.775936931371689E-001,-2.011128962039948E-001,4.091210067272186E-001,-8.519236445426941E-001,-1.775936931371689E-001,-2.011128962039948E-001,4.091210067272186E-001,-8.519236445426941E-001,
2.421900000000000E+009,-2.127044945955277E-001,-1.776495873928070E-001,3.993488848209381E-001,-8.605915307998657E-001,-2.127044945955277E-001,-1.776495873928070E-001,3.993488848209381E-001,-8.605915307998657E-001,
2.430266666666667E+009,-2.298580259084702E-001,-1.401307135820389E-001,3.831848502159119E-001,-8.708531260490418E-001,-2.298580259084702E-001,-1.401307135820389E-001,3.831848502159119E-001,-8.708531260490418E-001,
2.438633333333334E+009,-2.332185953855515E-001,-9.536481648683548E-002,3.657735586166382E-001,-8.809257745742798E-001,-2.332185953855515E-001,-9.536481648683548E-002,3.657735586166382E-001,-8.809257745742798E-001,
2.447000000000000E+009,-2.154094725847244E-001,-5.625946447253227E-002,3.445826470851898E-001,-8.980316519737244E-001,-2.154094725847244E-001,-5.625946447253227E-002,3.445826470851898E-001,-8.980316519737244E-001,
2.455366666666667E+009,-1.840341240167618E-001,-3.522206842899323E-002,3.238554596900940E-001,-9.072073101997376E-001,-1.840341240167618E-001,-3.522206842899323E-002,3.238554596900940E-001,-9.072073101997376E-001,
2.463733333333334E+009,-1.519438922405243E-001,-3.450134024024010E-002,2.981938719749451E-001,-9.245805144309998E-001,-1.519438922405243E-001,-3.450134024024010E-002,2.981938719749451E-001,-9.245805144309998E-001,
2.472100000000000E+009,-1.295747458934784E-001,-5.549668893218041E-002,2.683441936969757E-001,-9.342119693756104E-001,-1.295747458934784E-001,-5.549668893218041E-002,2.683441936969757E-001,-9.342119693756104E-001,
2.480466666666667E+009,-1.241846680641174E-001,-8.740758150815964E-002,2.327617108821869E-001,-9.342423081398010E-001,-1.241846680641174E-001,-8.740758150815964E-002,2.327617108821869E-001,-9.342423081398010E-001,
2.488833333333334E+009,-1.394567489624023E-001,-1.177467480301857E-001,2.094234228134155E-001,-9.384989142417908E-001,-1.394567489624023E-001,-1.177467480301857E-001,2.094234228134155E-001,-9.384989142417908E-001,
2.497200000000000E+009,-1.672197580337524E-001,-1.345907002687454E-001,1.802763640880585E-001,-9.423205256462097E-001,-1.672197580337524E-001,-1.345907002687454E-001,1.802763640880585E-001,-9.423205256462097E-001,
2.505566666666667E+009,-2.055913358926773E-001,-1.337352693080902E-001,1.552811563014984E-001,-9.445368647575378E-001,-2.055913358926773E-001,-1.337352693080902E-001,1.552811563014984E-001,-9.445368647575378E-001,
2.513933333333334E+009,-2.338256835937500E-001,-1.121984720230103E-001,1.390334963798523E-001,-9.411599040031433E-001,-2.338256835937500E-001,-1.121984720230103E-001,1.390334963798523E-001,-9.411599040031433E-001,
2.522300000000000E+009,-2.482236772775650E-001,-8.046408742666245E-002,1.150524020195007E-001,-9.435627460479736E-001,-2.482236772775650E-001,-8.046408742666245E-002,1.150524020195007E-001,-9.435627460479736E-001,
2.530666666666667E+009,-2.435224950313568E-001,-4.106362909078598E-002,9.295158088207245E-002,-9.527703523635864E-001,-2.435224950313568E-001,-4.106362909078598E-002,9.295158088207245E-002,-9.527703523635864E-001,
2.539033333333334E+009,-2.239229083061218E-001,-9.200795553624630E-003,7.667790353298187E-002,-9.546363949775696E-001,-2.239229083061218E-001,-9.200795553624630E-003,7.667790353298187E-002,-9.546363949775696E-001,
2.547400000000000E+009,-1.940306574106216E-001,8.604122325778008E-003,5.656340718269348E-002,-9.679737091064453E-001,-1.940306574106216E-001,8.604122325778008E-003,5.656340718269348E-002,-9.679737091064453E-001,
2.555766666666667E+009,-1.623461842536926E-001,6.910352967679501E-003,2.417377941310406E-002,-9.740034341812134E-001,-1.623461842536926E-001,6.910352967679501E-003,2.417377941310406E-002,-9.740034341812134E-001,
2.564133333333334E+009,-1.444747596979141E-001,-1.476991269737482E-002,-6.124589592218399E-003,-9.689362645149231E-001,-1.444747596979141E-001,-1.476991269737482E-002,-6.124589592218399E-003,-9.689362645149231E-001,
2.572500000000000E+009,-1.455257833003998E-001,-4.427276179194450E-002,-3.568817302584648E-002,-9.661610722541809E-001,-1.455257833003998E-001,-4.427276179194450E-002,-3.568817302584648E-002,-9.661610722541809E-001,
2.580866666666667E+009,-1.655234694480896E-001,-7.001056522130966E-002,-6.531223654747009E-002,-9.641203284263611E-001,-1.655234694480896E-001,-7.001056522130966E-002,-6.531223654747009E-002,-9.641203284263611E-001,
2.589233333333334E+009,-1.999468803405762E-001,-8.231916278600693E-002,-9.497459232807159E-002,-9.522767066955566E-001,-1.999468803405762E-001,-8.231916278600693E-002,-9.497459232807159E-002,-9.522767066955566E-001,
2.597600000000000E+009,-2.360176593065262E-001,-7.735193520784378E-002,-1.197612732648850E-001,-9.453279972076416E-001,-2.360176593065262E-001,-7.735193520784378E-002,-1.197612732648850E-001,-9.453279972076416E-001,
2.605966666666667E+009,-2.647544741630554E-001,-5.284788832068443E-002,-1.299924701452255E-001,-9.452739953994751E-001,-2.647544741630554E-001,-5.284788832068443E-002,-1.299924701452255E-001,-9.452739953994751E-001,
2.614333333333334E+009,-2.763531804084778E-001,-1.984893158078194E-002,-1.491898745298386E-001,-9.346665740013123E-001,-2.763531804084778E-001,-1.984893158078194E-002,-1.491898745298386E-001,-9.346665740013123E-001,
2.622700000000000E+009,-2.690128684043884E-001,2.108841389417648E-002,-1.674237847328186E-001,-9.307469129562378E-001,-2.690128684043884E-001,2.108841389417648E-002,-1.674237847328186E-001,-9.307469129562378E-001,
2.631066666666667E+009,-2.453519254922867E-001,5.390679836273193E-002,-1.905658990144730E-001,-9.424129128456116E-001,-2.453519254922867E-001,5.390679836273193E-002,-1.905658990144730E-001,-9.424129128456116E-001,
2.639433333333334E+009,-2.100462913513184E-001,7.037661969661713E-002,-2.119730114936829E-001,-9.339753985404968E-001,-2.100462913513184E-001,7.037661969661713E-002,-2.119730114936829E-001,-9.339753985404968E-001,
2.647800000000000E+009,-1.750508695840836E-001,6.884909421205521E-002,-2.398959994316101E-001,-9.346240162849426E-001,-1.750508695840836E-001,6.884909421205521E-002,-2.398959994316101E-001,-9.346240162849426E-001,
2.656166666666667E+009,-1.544619351625443E-001,4.993806034326553E-002,-2.664678990840912E-001,-9.357613921165466E-001,-1.544619351625443E-001,4.993806034326553E-002,-2.664678990840912E-001,-9.357613921165466E-001,
2.664533333333334E+009,-1.525901108980179E-001,2.423361502587795E-002,-3.030703961849213E-001,-9.158740043640137E-001,-1.525901108980179E-001,2.423361502587795E-002,-3.030703961849213E-001,-9.158740043640137E-001,
2.672900000000000E+009,-1.698648333549500E-001,7.185104768723249E-004,-3.253557384014130E-001,-9.079673886299133E-001,-1.698648333549500E-001,7.185104768723249E-004,-3.253557384014130E-001,-9.079673886299133E-001,
2.681266666666667E+009,-2.011266797780991E-001,-8.148147724568844E-003,-3.515866994857788E-001,-8.913085460662842E-001,-2.011266797780991E-001,-8.148147724568844E-003,-3.515866994857788E-001,-8.913085460662842E-001,
2.689633333333334E+009,-2.361734509468079E-001,-3.130060795228928E-004,-3.703492879867554E-001,-8.799561858177185E-001,-2.361734509468079E-001,-3.130060795228928E-004,-3.703492879867554E-001,-8.799561858177185E-001,
2.698000000000000E+009,-2.611125111579895E-001,2.371953614056110E-002,-3.805726766586304E-001,-8.647410869598389E-001,-2.611125111579895E-001,2.371953614056110E-002,-3.805726766586304E-001,-8.647410869598389E-001,
2.706366666666667E+009,-2.698300480842590E-001,5.908052250742912E-002,-4.026468396186829E-001,-8.508374691009522E-001,-2.698300480842590E-001,5.908052250742912E-002,-4.026468396186829E-001,-8.508374691009522E-001,
2.714733333333334E+009,-2.605296671390533E-001,9.308279305696487E-002,-4.154503643512726E-001,-8.508628010749817E-001,-2.605296671390533E-001,9.308279305696487E-002,-4.154503643512726E-001,-8.508628010749817E-001,
2.723100000000000E+009,-2.326162308454514E-001,1.221498772501946E-001,-4.341421723365784E-001,-8.416859507560730E-001,-2.326162308454514E-001,1.221498772501946E-001,-4.341421723365784E-001,-8.416859507560730E-001,
2.731466666666667E+009,-1.934297829866409E-001,1.365128010511398E-001,-4.587976336479187E-001,-8.402885794639587E-001,-1.934297829866409E-001,1.365128010511398E-001,-4.587976336479187E-001,-8.402885794639587E-001,
2.739833333333334E+009,-1.564446240663528E-001,1.316279172897339E-001,-4.813948571681976E-001,-8.305664062500000E-001,-1.564446240663528E-001,1.316279172897339E-001,-4.813948571681976E-001,-8.305664062500000E-001,
2.748200000000000E+009,-1.314314901828766E-001,1.123898401856422E-001,-5.089856386184692E-001,-8.208556771278381E-001,-1.314314901828766E-001,1.123898401856422E-001,-5.089856386184692E-001,-8.208556771278381E-001,
2.756566666666667E+009,-1.258752048015595E-001,8.504827320575714E-002,-5.376004576683044E-001,-8.083317279815674E-001,-1.258752048015595E-001,8.504827320575714E-002,-5.376004576683044E-001,-8.083317279815674E-001,
2.764933333333334E+009,-1.401107162237167E-001,6.142019107937813E-002,-5.702852606773377E-001,-7.939112186431885E-001,-1.401107162237167E-001,6.142019107937813E-002,-5.702852606773377E-001,-7.939112186431885E-001,
2.773300000000000E+009,-1.681104898452759E-001,4.838491603732109E-002,-5.834999084472656E-001,-7.679018974304199E-001,-1.681104898452759E-001,4.838491603732109E-002,-5.834999084472656E-001,-7.679018974304199E-001,
2.781666666666667E+009,-2.040509879589081E-001,5.820896103978157E-002,-5.996236205101013E-001,-7.459236383438110E-001,-2.040509879589081E-001,5.820896103978157E-002,-5.996236205101013E-001,-7.459236383438110E-001,
2.790033333333334E+009,-2.294319272041321E-001,8.112519234418869E-002,-6.152923107147217E-001,-7.289695143699646E-001,-2.294319272041321E-001,8.112519234418869E-002,-6.152923107147217E-001,-7.289695143699646E-001,
2.798400000000000E+009,-2.408361732959747E-001,1.146998405456543E-001,-6.281205415725708E-001,-7.164641618728638E-001,-2.408361732959747E-001,1.146998405456543E-001,-6.281205415725708E-001,-7.164641618728638E-001,
2.806766666666667E+009,-2.298704087734222E-001,1.489246040582657E-001,-6.379012465476990E-001,-6.961988806724548E-001,-2.298704087734222E-001,1.489246040582657E-001,-6.379012465476990E-001,-6.961988806724548E-001,
2.815133333333334E+009,-2.038839608430862E-001,1.732727885246277E-001,-6.528912782669067E-001,-6.876631975173950E-001,-2.038839608430862E-001,1.732727885246277E-001,-6.528912782669067E-001,-6.876631975173950E-001,
2.823500000000000E+009,-1.655731648206711E-001,1.845648288726807E-001,-6.733911037445068E-001,-6.775569915771484E-001,-1.655731648206711E-001,1.845648288726807E-001,-6.733911037445068E-001,-6.775569915771484E-001,
2.831866666666667E+009,-1.273165792226791E-001,1.759589165449143E-001,-6.902375817298889E-001,-6.651546955108643E-001,-1.273165792226791E-001,1.759589165449143E-001,-6.902375817298889E-001,-6.651546955108643E-001,
2.840233333333334E+009,-9.993924945592880E-002,1.547781527042389E-001,-7.179374694824219E-001,-6.526334285736084E-001,-9.993924945592880E-002,1.547781527042389E-001,-7.179374694824219E-001,-6.526334285736084E-001,
2.848600000000000E+009,-9.069322049617767E-002,1.267914772033691E-001,-7.357345223426819E-001,-6.279947161674500E-001,-9.069322049617767E-002,1.267914772033691E-001,-7.357345223426819E-001,-6.279947161674500E-001,
2.856966666666667E+009,-1.027834787964821E-001,1.031751856207848E-001,-7.573485970497131E-001,-6.063409447669983E-001,-1.027834787964821E-001,1.031751856207848E-001,-7.573485970497131E-001,-6.063409447669983E-001,
2.865333333333334E+009,-1.320753544569016E-001,9.270381927490234E-002,-7.756776809692383E-001,-5.852033495903015E-001,-1.320753544569016E-001,9.270381927490234E-002,-7.756776809692383E-001,-5.852033495903015E-001,
2.873700000000000E+009,-1.660904586315155E-001,1.009226962924004E-001,-7.878168821334839E-001,-5.511335134506226E-001,-1.660904586315155E-001,1.009226962924004E-001,-7.878168821334839E-001,-5.511335134506226E-001,
2.882066666666667E+009,-1.920179277658463E-001,1.262493282556534E-001,-7.913725376129150E-001,-5.243827104568481E-001,-1.920179277658463E-001,1.262493282556534E-001,-7.913725376129150E-001,-5.243827104568481E-001,
2.890433333333334E+009,-2.032315582036972E-001,1.639811247587204E-001,-8.001380562782288E-001,-5.053675770759583E-001,-2.032315582036972E-001,1.639811247587204E-001,-8.001380562782288E-001,-5.053675770759583E-001,
2.898800000000000E+009,-1.936840116977692E-001,2.006689310073853E-001,-8.052442073822022E-001,-4.921589195728302E-001,-1.936840116977692E-001,2.006689310073853E-001,-8.052442073822022E-001,-4.921589195728302E-001,
2.907166666666667E+009,-1.662200540304184E-001,2.253533452749252E-001,-8.091955780982971E-001,-4.823221564292908E-001,-1.662200540304184E-001,2.253533452749252E-001,-8.091955780982971E-001,-4.823221564292908E-001,
2.915533333333334E+009,-1.254849433898926E-001,2.356344610452652E-001,-8.256767988204956E-001,-4.611941576004028E-001,-1.254849433898926E-001,2.356344610452652E-001,-8.256767988204956E-001,-4.611941576004028E-001,
2.923900000000000E+009,-8.548519760370255E-002,2.250563949346542E-001,-8.414907455444336E-001,-4.511336982250214E-001,-8.548519760370255E-002,2.250563949346542E-001,-8.414907455444336E-001,-4.511336982250214E-001,
2.932266666666667E+009,-5.447819083929062E-002,1.994051933288574E-001,-8.578320145606995E-001,-4.335243999958038E-001,-5.447819083929062E-002,1.994051933288574E-001,-8.578320145606995E-001,-4.335243999958038E-001,
2.940633333333334E+009,-4.250233992934227E-002,1.652017831802368E-001,-8.756444454193115E-001,-4.069950282573700E-001,-4.250233992934227E-002,1.652017831802368E-001,-8.756444454193115E-001,-4.069950282573700E-001,
2.949000000000000E+009,-5.150926113128662E-002,1.335999369621277E-001,-8.962519168853760E-001,-3.725029230117798E-001,-5.150926113128662E-002,1.335999369621277E-001,-8.962519168853760E-001,-3.725029230117798E-001,
2.957366666666667E+009,-7.775918394327164E-002,1.193315833806992E-001,-9.072304964065552E-001,-3.499573171138763E-001,-7.775918394327164E-002,1.193315833806992E-001,-9.072304964065552E-001,-3.499573171138763E-001,
2.965733333333334E+009,-1.132661178708077E-001,1.262140274047852E-001,-9.150812625885010E-001,-3.190845847129822E-001,-1.132661178708077E-001,1.262140274047852E-001,-9.150812625885010E-001,-3.190845847129822E-001,
2.974100000000000E+009,-1.394215375185013E-001,1.542042940855026E-001,-9.166052937507629E-001,-2.856956422328949E-001,-1.394215375185013E-001,1.542042940855026E-001,-9.166052937507629E-001,-2.856956422328949E-001,
2.982466666666667E+009,-1.495791673660278E-001,1.931375861167908E-001,-9.166539907455444E-001,-2.613919079303742E-001,-1.495791673660278E-001,1.931375861167908E-001,-9.166539907455444E-001,-2.613919079303742E-001,
2.990833333333334E+009,-1.410944908857346E-001,2.313967496156693E-001,-9.104743599891663E-001,-2.481523156166077E-001,-1.410944908857346E-001,2.313967496156693E-001,-9.104743599891663E-001,-2.481523156166077E-001,
2.999200000000000E+009,-1.129397228360176E-001,2.596285343170166E-001,-9.140980243682861E-001,-2.292332500219345E-001,-1.129397228360176E-001,2.596285343170166E-001,-9.140980243682861E-001,-2.292332500219345E-001,
3.007566666666667E+009,-7.320491969585419E-002,2.692470848560333E-001,-9.203420877456665E-001,-2.120688557624817E-001,-7.320491969585419E-002,2.692470848560333E-001,-9.203420877456665E-001,-2.120688557624817E-001,
3.015933333333334E+009,-3.036809340119362E-002,2.550763785839081E-001,-9.270833134651184E-001,-1.983922272920609E-001,-3.036809340119362E-002,2.550763785839081E-001,-9.270833134651184E-001,-1.983922272920609E-001,
3.024300000000000E+009,1.769444934325293E-004,2.251092344522476E-001,-9.405620694160461E-001,-1.778200566768646E-001,1.769444934325293E-004,2.251092344522476E-001,-9.405620694160461E-001,-1.778200566768646E-001,
3.032666666666667E+009,1.234548073261976E-002,1.833796948194504E-001,-9.526826143264771E-001,-1.518041193485260E-001,1.234548073261976E-002,1.833796948194504E-001,-9.526826143264771E-001,-1.518041193485260E-001,
3.041033333333334E+009,9.062261087819934E-004,1.462434977293015E-001,-9.631320834159851E-001,-1.222063899040222E-001,9.062261087819934E-004,1.462434977293015E-001,-9.631320834159851E-001,-1.222063899040222E-001,
3.049400000000000E+009,-2.927041612565517E-002,1.280005127191544E-001,-9.672716856002808E-001,-8.225321769714356E-002,-2.927041612565517E-002,1.280005127191544E-001,-9.672716856002808E-001,-8.225321769714356E-002,
3.057766666666667E+009,-6.485402584075928E-002,1.346583664417267E-001,-9.709423184394836E-001,-6.396583467721939E-002,-6.485402584075928E-002,1.346583664417267E-001,-9.709423184394836E-001,-6.396583467721939E-002,
3.066133333333334E+009,-9.357748180627823E-002,1.637247949838638E-001,-9.584426283836365E-001,-2.355407737195492E-002,-9.357748180627823E-002,1.637247949838638E-001,-9.584426283836365E-001,-2.355407737195492E-002,
3.074500000000000E+009,-1.021748855710030E-001,2.081097066402435E-001,-9.548968672752380E-001,2.884776797145605E-003,-1.021748855710030E-001,2.081097066402435E-001,-9.548968672752380E-001,2.884776797145605E-003,
3.082866666666667E+009,-8.737772703170776E-002,2.511618435382843E-001,-9.453957676887512E-001,1.818230189383030E-002,-8.737772703170776E-002,2.511618435382843E-001,-9.453957676887512E-001,1.818230189383030E-002,
3.091233333333334E+009,-5.262641608715057E-002,2.842756509780884E-001,-9.386885166168213E-001,3.996940329670906E-002,-5.262641608715057E-002,2.842756509780884E-001,-9.386885166168213E-001,3.996940329670906E-002,
3.099600000000000E+009,-6.847585085779429E-003,2.928848862648010E-001,-9.352557659149170E-001,4.896796122193337E-002,-6.847585085779429E-003,2.928848862648010E-001,-9.352557659149170E-001,4.896796122193337E-002,
3.107966666666667E+009,4.083357006311417E-002,2.755157053470612E-001,-9.424215555191040E-001,6.074348464608192E-002,4.083357006311417E-002,2.755157053470612E-001,-9.424215555191040E-001,6.074348464608192E-002,
3.116333333333334E+009,7.565449923276901E-002,2.369098067283630E-001,-9.477928876876831E-001,8.665229380130768E-002,7.565449923276901E-002,2.369098067283630E-001,-9.477928876876831E-001,8.665229380130768E-002,
3.124700000000000E+009,8.532224595546722E-002,1.856329143047333E-001,-9.574802517890930E-001,1.053556203842163E-001,8.532224595546722E-002,1.856329143047333E-001,-9.574802517890930E-001,1.053556203842163E-001,
3.133066666666667E+009,6.998030096292496E-002,1.384166628122330E-001,-9.640636444091797E-001,1.415864080190659E-001,6.998030096292496E-002,1.384166628122330E-001,-9.640636444091797E-001,1.415864080190659E-001,
3.141433333333334E+009,3.497824817895889E-002,1.094342768192291E-001,-9.618358612060547E-001,1.752456575632095E-001,3.497824817895889E-002,1.094342768192291E-001,-9.618358612060547E-001,1.752456575632095E-001,
3.149800000000000E+009,-1.100813131779432E-002,1.111876443028450E-001,-9.553235769271851E-001,2.154168933629990E-001,-1.100813131779432E-002,1.111876443028450E-001,-9.553235769271851E-001,2.154168933629990E-001,
3.158166666666667E+009,-4.663768038153648E-002,1.414308100938797E-001,-9.358394742012024E-001,2.470646202564240E-001,-4.663768038153648E-002,1.414308100938797E-001,-9.358394742012024E-001,2.470646202564240E-001,
3.166533333333334E+009,-5.919738858938217E-002,1.891102343797684E-001,-9.220449328422546E-001,2.700648307800293E-001,-5.919738858938217E-002,1.891102343797684E-001,-9.220449328422546E-001,2.700648307800293E-001,
3.174900000000000E+009,-4.696872457861900E-002,2.390342056751251E-001,-9.040507078170776E-001,2.887448668479919E-001,-4.696872457861900E-002,2.390342056751251E-001,-9.040507078170776E-001,2.887448668479919E-001,
3.183266666666667E+009,-1.026064716279507E-002,2.760865688323975E-001,-8.891118764877319E-001,3.020080029964447E-001,-1.026064716279507E-002,2.760865688323975E-001,-8.891118764877319E-001,3.020080029964447E-001,
3.191633333333334E+009,3.757189959287643E-002,2.874572575092316E-001,-8.792455792427063E-001,3.120693564414978E-001,3.757189959287643E-002,2.874572575092316E-001,-8.792455792427063E-001,3.120693564414978E-001,
3.200000000000000E+009,8.521952480077744E-002,2.705881297588348E-001,-8.811918497085571E-001,3.221740424633026E-001,8.521952480077744E-002,2.705881297588348E-001,-8.811918497085571E-001,3.221740424633026E-001,
