% Version 1.00
%
%freq[Hz],re:Trc1_S11,im:Trc1_S11,re:Trc2_S21,im:Trc2_S21,re:Trc3_S11,im:Trc3_S11,re:Trc4_S21,im:Trc4_S21,
6.900000000000000E+008,-9.225211292505264E-002,2.912381198257208E-003,-4.502435326576233E-001,-8.540229797363281E-001,-9.225211292505264E-002,2.912381198257208E-003,-4.502435326576233E-001,-8.540229797363281E-001,
6.983666666666666E+008,-8.531676977872849E-002,5.558742675930262E-003,-4.699035882949829E-001,-8.368501067161560E-001,-8.531676977872849E-002,5.558742675930262E-003,-4.699035882949829E-001,-8.368501067161560E-001,
7.067333333333334E+008,-7.988129556179047E-002,4.397302400320768E-003,-4.979849159717560E-001,-8.121078014373779E-001,-7.988129556179047E-002,4.397302400320768E-003,-4.979849159717560E-001,-8.121078014373779E-001,
7.151000000000000E+008,-7.912476360797882E-002,-2.622285624966025E-003,-5.071459412574768E-001,-8.048919439315796E-001,-7.912476360797882E-002,-2.622285624966025E-003,-5.071459412574768E-001,-8.048919439315796E-001,
7.234666666666666E+008,-7.898800820112228E-002,-6.410050671547651E-003,-5.467554926872253E-001,-7.973984479904175E-001,-7.898800820112228E-002,-6.410050671547651E-003,-5.467554926872253E-001,-7.973984479904175E-001,
7.318333333333334E+008,-8.607599139213562E-002,-8.630539290606976E-003,-5.524033904075623E-001,-7.913655042648315E-001,-8.607599139213562E-002,-8.630539290606976E-003,-5.524033904075623E-001,-7.913655042648315E-001,
7.402000000000000E+008,-9.348656982183456E-002,-5.931206513196230E-003,-5.804721117019653E-001,-7.644405364990234E-001,-9.348656982183456E-002,-5.931206513196230E-003,-5.804721117019653E-001,-7.644405364990234E-001,
7.485666666666666E+008,-9.865926951169968E-002,-9.114235581364483E-006,-6.056853532791138E-001,-7.334343194961548E-001,-9.865926951169968E-002,-9.114235581364483E-006,-6.056853532791138E-001,-7.334343194961548E-001,
7.569333333333334E+008,-9.954490512609482E-002,1.023660600185394E-002,-6.231372356414795E-001,-7.339397072792053E-001,-9.954490512609482E-002,1.023660600185394E-002,-6.231372356414795E-001,-7.339397072792053E-001,
7.653000000000000E+008,-9.682521969079971E-002,1.968409307301045E-002,-6.302079558372498E-001,-7.310742139816284E-001,-9.682521969079971E-002,1.968409307301045E-002,-6.302079558372498E-001,-7.310742139816284E-001,
7.736666666666666E+008,-8.984076976776123E-002,3.023840300738812E-002,-6.545046567916870E-001,-7.233086824417114E-001,-8.984076976776123E-002,3.023840300738812E-002,-6.545046567916870E-001,-7.233086824417114E-001,
7.820333333333334E+008,-8.321166783571243E-002,3.581294417381287E-002,-6.805819869041443E-001,-6.998850703239441E-001,-8.321166783571243E-002,3.581294417381287E-002,-6.805819869041443E-001,-6.998850703239441E-001,
7.904000000000000E+008,-7.324457168579102E-002,3.588731959462166E-002,-6.962030529975891E-001,-6.791463494300842E-001,-7.324457168579102E-002,3.588731959462166E-002,-6.962030529975891E-001,-6.791463494300842E-001,
7.987666666666666E+008,-6.609281897544861E-002,3.349418193101883E-002,-7.122622132301331E-001,-6.585550904273987E-001,-6.609281897544861E-002,3.349418193101883E-002,-7.122622132301331E-001,-6.585550904273987E-001,
8.071333333333334E+008,-6.538359820842743E-002,3.008687868714333E-002,-7.221197485923767E-001,-6.468346118927002E-001,-6.538359820842743E-002,3.008687868714333E-002,-7.221197485923767E-001,-6.468346118927002E-001,
8.155000000000000E+008,-6.764378398656845E-002,2.404489554464817E-002,-7.344924211502075E-001,-6.010668873786926E-001,-6.764378398656845E-002,2.404489554464817E-002,-7.344924211502075E-001,-6.010668873786926E-001,
8.238666666666666E+008,-7.251079380512238E-002,2.219336666166782E-002,-7.659208178520203E-001,-6.052687764167786E-001,-7.251079380512238E-002,2.219336666166782E-002,-7.659208178520203E-001,-6.052687764167786E-001,
8.322333333333334E+008,-8.001329749822617E-002,2.439505793154240E-002,-7.790445089340210E-001,-5.811858773231506E-001,-8.001329749822617E-002,2.439505793154240E-002,-7.790445089340210E-001,-5.811858773231506E-001,
8.406000000000000E+008,-8.448333293199539E-002,2.851847559213638E-002,-7.935555577278137E-001,-5.651221275329590E-001,-8.448333293199539E-002,2.851847559213638E-002,-7.935555577278137E-001,-5.651221275329590E-001,
8.489666666666668E+008,-8.562337607145309E-002,3.678200393915176E-002,-8.141980767250061E-001,-5.397533178329468E-001,-8.562337607145309E-002,3.678200393915176E-002,-8.141980767250061E-001,-5.397533178329468E-001,
8.573333333333334E+008,-8.214967697858810E-002,4.577590152621269E-002,-8.169549703598023E-001,-5.226858258247376E-001,-8.214967697858810E-002,4.577590152621269E-002,-8.169549703598023E-001,-5.226858258247376E-001,
8.657000000000000E+008,-7.588867098093033E-002,5.524608120322228E-002,-8.384903073310852E-001,-4.964241981506348E-001,-7.588867098093033E-002,5.524608120322228E-002,-8.384903073310852E-001,-4.964241981506348E-001,
8.740666666666668E+008,-6.757483631372452E-002,6.185247749090195E-002,-8.328089118003845E-001,-4.774598479270935E-001,-6.757483631372452E-002,6.185247749090195E-002,-8.328089118003845E-001,-4.774598479270935E-001,
8.824333333333334E+008,-5.788461863994598E-002,6.207230314612389E-002,-8.651134967803955E-001,-4.489530622959137E-001,-5.788461863994598E-002,6.207230314612389E-002,-8.651134967803955E-001,-4.489530622959137E-001,
8.908000000000000E+008,-5.048122256994247E-002,6.409710645675659E-002,-8.771470785140991E-001,-4.411770999431610E-001,-5.048122256994247E-002,6.409710645675659E-002,-8.771470785140991E-001,-4.411770999431610E-001,
8.991666666666668E+008,-4.662444815039635E-002,5.811368301510811E-002,-8.894205689430237E-001,-4.144001901149750E-001,-4.662444815039635E-002,5.811368301510811E-002,-8.894205689430237E-001,-4.144001901149750E-001,
9.075333333333334E+008,-4.531121999025345E-002,5.426545441150665E-002,-8.794375658035278E-001,-3.868747949600220E-001,-4.531121999025345E-002,5.426545441150665E-002,-8.794375658035278E-001,-3.868747949600220E-001,
9.159000000000000E+008,-4.754803329706192E-002,5.092615261673927E-002,-8.983513116836548E-001,-3.776634037494659E-001,-4.754803329706192E-002,5.092615261673927E-002,-8.983513116836548E-001,-3.776634037494659E-001,
9.242666666666668E+008,-5.142689123749733E-002,4.737783223390579E-002,-9.075397849082947E-001,-3.508575260639191E-001,-5.142689123749733E-002,4.737783223390579E-002,-9.075397849082947E-001,-3.508575260639191E-001,
9.326333333333334E+008,-5.533290281891823E-002,4.995688796043396E-002,-9.129179716110230E-001,-3.196287453174591E-001,-5.533290281891823E-002,4.995688796043396E-002,-9.129179716110230E-001,-3.196287453174591E-001,
9.410000000000000E+008,-6.002917513251305E-002,5.615648254752159E-002,-9.195800423622131E-001,-2.923336029052734E-001,-6.002917513251305E-002,5.615648254752159E-002,-9.195800423622131E-001,-2.923336029052734E-001,
9.493666666666668E+008,-6.144449114799500E-002,6.431720405817032E-002,-9.288099408149719E-001,-2.847213745117188E-001,-6.144449114799500E-002,6.431720405817032E-002,-9.288099408149719E-001,-2.847213745117188E-001,
9.577333333333334E+008,-5.595731735229492E-002,7.272791117429733E-002,-9.539283514022827E-001,-2.423786222934723E-001,-5.595731735229492E-002,7.272791117429733E-002,-9.539283514022827E-001,-2.423786222934723E-001,
9.661000000000000E+008,-4.804845154285431E-002,8.076050877571106E-002,-9.421439766883850E-001,-2.287974208593369E-001,-4.804845154285431E-002,8.076050877571106E-002,-9.421439766883850E-001,-2.287974208593369E-001,
9.744666666666668E+008,-3.835246711969376E-002,8.644569665193558E-002,-9.559989571571350E-001,-1.986359357833862E-001,-3.835246711969376E-002,8.644569665193558E-002,-9.559989571571350E-001,-1.986359357833862E-001,
9.828333333333334E+008,-2.395441383123398E-002,8.631707727909088E-002,-9.503276348114014E-001,-1.748152822256088E-001,-2.395441383123398E-002,8.631707727909088E-002,-9.503276348114014E-001,-1.748152822256088E-001,
9.912000000000000E+008,-1.359296031296253E-002,8.391766995191574E-002,-9.593741297721863E-001,-1.624612957239151E-001,-1.359296031296253E-002,8.391766995191574E-002,-9.593741297721863E-001,-1.624612957239151E-001,
9.995666666666668E+008,-7.366747129708529E-003,7.603501528501511E-002,-9.662021994590759E-001,-1.254448890686035E-001,-7.366747129708529E-003,7.603501528501511E-002,-9.662021994590759E-001,-1.254448890686035E-001,
1.007933333333333E+009,-6.441805511713028E-003,6.857588142156601E-002,-9.715163707733154E-001,-1.085023134946823E-001,-6.441805511713028E-003,6.857588142156601E-002,-9.715163707733154E-001,-1.085023134946823E-001,
1.016300000000000E+009,-1.137800514698029E-002,6.071006506681442E-002,-9.739642143249512E-001,-8.111841976642609E-002,-1.137800514698029E-002,6.071006506681442E-002,-9.739642143249512E-001,-8.111841976642609E-002,
1.024666666666667E+009,-1.853164471685886E-002,5.954625457525253E-002,-9.755557179450989E-001,-6.044011563062668E-002,-1.853164471685886E-002,5.954625457525253E-002,-9.755557179450989E-001,-6.044011563062668E-002,
1.033033333333333E+009,-2.493985928595066E-002,6.061146035790443E-002,-9.559614658355713E-001,-2.134811505675316E-002,-2.493985928595066E-002,6.061146035790443E-002,-9.559614658355713E-001,-2.134811505675316E-002,
1.041400000000000E+009,-2.847241051495075E-002,6.686950474977493E-002,-9.619295597076416E-001,3.483377222437412E-004,-2.847241051495075E-002,6.686950474977493E-002,-9.619295597076416E-001,3.483377222437412E-004,
1.049766666666667E+009,-2.935609593987465E-002,7.527359575033188E-002,-9.721191525459290E-001,2.120835520327091E-002,-2.935609593987465E-002,7.527359575033188E-002,-9.721191525459290E-001,2.120835520327091E-002,
1.058133333333333E+009,-2.079319767653942E-002,8.519273251295090E-002,-9.677979350090027E-001,4.457904025912285E-002,-2.079319767653942E-002,8.519273251295090E-002,-9.677979350090027E-001,4.457904025912285E-002,
1.066500000000000E+009,-7.807662710547447E-003,9.011008590459824E-002,-9.539656043052673E-001,7.386568933725357E-002,-7.807662710547447E-003,9.011008590459824E-002,-9.539656043052673E-001,7.386568933725357E-002,
1.074866666666667E+009,4.999726545065641E-003,8.829918503761292E-002,-9.673680663108826E-001,1.057677194476128E-001,4.999726545065641E-003,8.829918503761292E-002,-9.673680663108826E-001,1.057677194476128E-001,
1.083233333333334E+009,1.834671758115292E-002,8.492261171340942E-002,-9.614346623420715E-001,1.194392740726471E-001,1.834671758115292E-002,8.492261171340942E-002,-9.614346623420715E-001,1.194392740726471E-001,
1.091600000000000E+009,2.451207861304283E-002,7.358036935329437E-002,-9.554650187492371E-001,1.549611836671829E-001,2.451207861304283E-002,7.358036935329437E-002,-9.554650187492371E-001,1.549611836671829E-001,
1.099966666666667E+009,2.772473357617855E-002,6.163126602768898E-002,-9.522174596786499E-001,1.714133769273758E-001,2.772473357617855E-002,6.163126602768898E-002,-9.522174596786499E-001,1.714133769273758E-001,
1.108333333333334E+009,2.107774652540684E-002,5.101320147514343E-002,-9.638020992279053E-001,1.924759894609451E-001,2.107774652540684E-002,5.101320147514343E-002,-9.638020992279053E-001,1.924759894609451E-001,
1.116700000000000E+009,1.008535735309124E-002,5.127996951341629E-002,-9.518338441848755E-001,2.245106548070908E-001,1.008535735309124E-002,5.127996951341629E-002,-9.518338441848755E-001,2.245106548070908E-001,
1.125066666666667E+009,-9.155654115602374E-004,5.190959200263023E-002,-9.363737106323242E-001,2.471857517957687E-001,-9.155654115602374E-004,5.190959200263023E-002,-9.363737106323242E-001,2.471857517957687E-001,
1.133433333333334E+009,-1.107142772525549E-002,6.285432726144791E-002,-9.325970411300659E-001,2.653779685497284E-001,-1.107142772525549E-002,6.285432726144791E-002,-9.325970411300659E-001,2.653779685497284E-001,
1.141800000000000E+009,-1.014268770813942E-002,7.583677023649216E-002,-9.204097986221314E-001,2.931139767169952E-001,-1.014268770813942E-002,7.583677023649216E-002,-9.204097986221314E-001,2.931139767169952E-001,
1.150166666666667E+009,-3.546828171238303E-003,8.798439055681229E-002,-9.188021421432495E-001,3.200404047966003E-001,-3.546828171238303E-003,8.798439055681229E-002,-9.188021421432495E-001,3.200404047966003E-001,
1.158533333333334E+009,1.408386789262295E-002,9.617725759744644E-002,-9.081500172615051E-001,3.435968756675720E-001,1.408386789262295E-002,9.617725759744644E-002,-9.081500172615051E-001,3.435968756675720E-001,
1.166900000000000E+009,3.393318876624107E-002,9.609755128622055E-002,-8.991661667823792E-001,3.686545789241791E-001,3.393318876624107E-002,9.609755128622055E-002,-8.991661667823792E-001,3.686545789241791E-001,
1.175266666666667E+009,5.070136487483978E-002,8.755950629711151E-002,-8.848449587821960E-001,3.813605308532715E-001,5.070136487483978E-002,8.755950629711151E-002,-8.848449587821960E-001,3.813605308532715E-001,
1.183633333333334E+009,6.498617678880692E-002,7.274869829416275E-002,-8.763731718063355E-001,4.121779203414917E-001,6.498617678880692E-002,7.274869829416275E-002,-8.763731718063355E-001,4.121779203414917E-001,
1.192000000000000E+009,6.836502999067307E-002,5.526744946837425E-002,-8.738316893577576E-001,4.398670196533203E-001,6.836502999067307E-002,5.526744946837425E-002,-8.738316893577576E-001,4.398670196533203E-001,
1.200366666666667E+009,6.024597957730293E-002,3.748656809329987E-002,-8.586350083351135E-001,4.580833315849304E-001,6.024597957730293E-002,3.748656809329987E-002,-8.586350083351135E-001,4.580833315849304E-001,
1.208733333333334E+009,4.459578543901444E-002,2.801683358848095E-002,-8.541310429573059E-001,4.847531914710999E-001,4.459578543901444E-002,2.801683358848095E-002,-8.541310429573059E-001,4.847531914710999E-001,
1.217100000000000E+009,2.725771628320217E-002,2.919613197445869E-002,-8.214944601058960E-001,5.019355416297913E-001,2.725771628320217E-002,2.919613197445869E-002,-8.214944601058960E-001,5.019355416297913E-001,
1.225466666666667E+009,1.540463510900736E-002,3.958962112665176E-002,-8.258045315742493E-001,5.266464948654175E-001,1.540463510900736E-002,3.958962112665176E-002,-8.258045315742493E-001,5.266464948654175E-001,
1.233833333333334E+009,1.379422936588526E-002,5.405184626579285E-002,-8.070693016052246E-001,5.468282699584961E-001,1.379422936588526E-002,5.405184626579285E-002,-8.070693016052246E-001,5.468282699584961E-001,
1.242200000000000E+009,1.932717114686966E-002,6.845486909151077E-002,-7.795681357383728E-001,5.652195811271668E-001,1.932717114686966E-002,6.845486909151077E-002,-7.795681357383728E-001,5.652195811271668E-001,
1.250566666666667E+009,3.427805006504059E-002,7.870212197303772E-002,-7.841253280639648E-001,5.940925478935242E-001,3.427805006504059E-002,7.870212197303772E-002,-7.841253280639648E-001,5.940925478935242E-001,
1.258933333333334E+009,5.531158670783043E-002,7.975353300571442E-002,-7.642384171485901E-001,6.013303399085999E-001,5.531158670783043E-002,7.975353300571442E-002,-7.642384171485901E-001,6.013303399085999E-001,
1.267300000000000E+009,7.442401349544525E-002,6.822295486927033E-002,-7.402144670486450E-001,6.220906376838684E-001,7.442401349544525E-002,6.822295486927033E-002,-7.402144670486450E-001,6.220906376838684E-001,
1.275666666666667E+009,8.659841865301132E-002,5.169983580708504E-002,-7.392206192016602E-001,6.294038295745850E-001,8.659841865301132E-002,5.169983580708504E-002,-7.392206192016602E-001,6.294038295745850E-001,
1.284033333333334E+009,8.964685350656509E-002,2.905918285250664E-002,-7.102465629577637E-001,6.802396774291992E-001,8.964685350656509E-002,2.905918285250664E-002,-7.102465629577637E-001,6.802396774291992E-001,
1.292400000000000E+009,7.928073406219482E-002,1.026393845677376E-002,-7.043871879577637E-001,6.793651580810547E-001,7.928073406219482E-002,1.026393845677376E-002,-7.043871879577637E-001,6.793651580810547E-001,
1.300766666666667E+009,6.209389120340347E-002,1.468254602514207E-003,-6.864991784095764E-001,6.965876221656799E-001,6.209389120340347E-002,1.468254602514207E-003,-6.864991784095764E-001,6.965876221656799E-001,
1.309133333333334E+009,4.315876588225365E-002,2.661045407876372E-003,-6.706486344337463E-001,7.262462377548218E-001,4.315876588225365E-002,2.661045407876372E-003,-6.706486344337463E-001,7.262462377548218E-001,
1.317500000000000E+009,2.864510565996170E-002,1.363380905240774E-002,-6.407858729362488E-001,7.508494853973389E-001,2.864510565996170E-002,1.363380905240774E-002,-6.407858729362488E-001,7.508494853973389E-001,
1.325866666666667E+009,2.372871339321137E-002,2.917442098259926E-002,-6.243878602981567E-001,7.497753500938416E-001,2.372871339321137E-002,2.917442098259926E-002,-6.243878602981567E-001,7.497753500938416E-001,
1.334233333333334E+009,2.968293242156506E-002,4.714433476328850E-002,-6.013426780700684E-001,7.630028128623962E-001,2.968293242156506E-002,4.714433476328850E-002,-6.013426780700684E-001,7.630028128623962E-001,
1.342600000000000E+009,4.638809338212013E-002,5.293401330709457E-002,-5.907239913940430E-001,7.806445956230164E-001,4.638809338212013E-002,5.293401330709457E-002,-5.907239913940430E-001,7.806445956230164E-001,
1.350966666666667E+009,6.441656500101090E-002,5.188757553696632E-002,-5.607356429100037E-001,8.001750111579895E-001,6.441656500101090E-002,5.188757553696632E-002,-5.607356429100037E-001,8.001750111579895E-001,
1.359333333333334E+009,8.121764659881592E-002,3.994772210717201E-002,-5.439152717590332E-001,8.069264292716980E-001,8.121764659881592E-002,3.994772210717201E-002,-5.439152717590332E-001,8.069264292716980E-001,
1.367700000000000E+009,8.908972144126892E-002,1.872454211115837E-002,-5.256811380386353E-001,8.209278583526611E-001,8.908972144126892E-002,1.872454211115837E-002,-5.256811380386353E-001,8.209278583526611E-001,
1.376066666666667E+009,8.497797697782517E-002,-5.104032810777426E-003,-4.994496107101440E-001,8.328018188476563E-001,8.497797697782517E-002,-5.104032810777426E-003,-4.994496107101440E-001,8.328018188476563E-001,
1.384433333333334E+009,7.076828181743622E-002,-1.959615573287010E-002,-4.902586936950684E-001,8.433388471603394E-001,7.076828181743622E-002,-1.959615573287010E-002,-4.902586936950684E-001,8.433388471603394E-001,
1.392800000000000E+009,4.838711395859718E-002,-2.414541132748127E-002,-4.681063890457153E-001,8.515680432319641E-001,4.838711395859718E-002,-2.414541132748127E-002,-4.681063890457153E-001,8.515680432319641E-001,
1.401166666666667E+009,3.082931973040104E-002,-1.745271682739258E-002,-4.355365633964539E-001,8.797039985656738E-001,3.082931973040104E-002,-1.745271682739258E-002,-4.355365633964539E-001,8.797039985656738E-001,
1.409533333333334E+009,1.790702342987061E-002,9.284996776841581E-004,-4.141254723072052E-001,8.898305296897888E-001,1.790702342987061E-002,9.284996776841581E-004,-4.141254723072052E-001,8.898305296897888E-001,
1.417900000000000E+009,1.608148962259293E-002,2.159580960869789E-002,-3.732227683067322E-001,8.854936361312866E-001,1.608148962259293E-002,2.159580960869789E-002,-3.732227683067322E-001,8.854936361312866E-001,
1.426266666666667E+009,2.632257156074047E-002,4.017224162817001E-002,-3.694302737712860E-001,9.150587320327759E-001,2.632257156074047E-002,4.017224162817001E-002,-3.694302737712860E-001,9.150587320327759E-001,
1.434633333333334E+009,4.435645043849945E-002,4.737733677029610E-002,-3.421948850154877E-001,9.079113006591797E-001,4.435645043849945E-002,4.737733677029610E-002,-3.421948850154877E-001,9.079113006591797E-001,
1.443000000000000E+009,6.682851165533066E-002,4.507144168019295E-002,-3.146015107631683E-001,9.209133982658386E-001,6.682851165533066E-002,4.507144168019295E-002,-3.146015107631683E-001,9.209133982658386E-001,
1.451366666666667E+009,8.314514160156250E-002,2.897139079868794E-002,-2.953208684921265E-001,9.274393320083618E-001,8.314514160156250E-002,2.897139079868794E-002,-2.953208684921265E-001,9.274393320083618E-001,
1.459733333333334E+009,9.027072042226791E-002,7.971911691129208E-003,-2.840987145900726E-001,9.323668479919434E-001,9.027072042226791E-002,7.971911691129208E-003,-2.840987145900726E-001,9.323668479919434E-001,
1.468100000000000E+009,8.532827347517014E-002,-1.386221405118704E-002,-2.468906342983246E-001,9.390633106231690E-001,8.532827347517014E-002,-1.386221405118704E-002,-2.468906342983246E-001,9.390633106231690E-001,
1.476466666666667E+009,7.002989202737808E-002,-2.974133566021919E-002,-2.269518971443176E-001,9.551870226860046E-001,7.002989202737808E-002,-2.974133566021919E-002,-2.269518971443176E-001,9.551870226860046E-001,
1.484833333333334E+009,4.855654016137123E-002,-3.402327373623848E-002,-1.933572888374329E-001,9.568099379539490E-001,4.855654016137123E-002,-3.402327373623848E-002,-1.933572888374329E-001,9.568099379539490E-001,
1.493200000000000E+009,3.117788769304752E-002,-2.584775537252426E-002,-1.780031025409699E-001,9.596652984619141E-001,3.117788769304752E-002,-2.584775537252426E-002,-1.780031025409699E-001,9.596652984619141E-001,
1.501566666666667E+009,2.050838805735111E-002,-8.023928850889206E-003,-1.473087668418884E-001,9.621319174766541E-001,2.050838805735111E-002,-8.023928850889206E-003,-1.473087668418884E-001,9.621319174766541E-001,
1.509933333333334E+009,2.014661021530628E-002,1.328171882778406E-002,-1.318124532699585E-001,9.686287641525269E-001,2.014661021530628E-002,1.328171882778406E-002,-1.318124532699585E-001,9.686287641525269E-001,
1.518300000000000E+009,3.412814438343048E-002,2.983379177749157E-002,-1.045316159725189E-001,9.758353233337402E-001,3.412814438343048E-002,2.983379177749157E-002,-1.045316159725189E-001,9.758353233337402E-001,
1.526666666666667E+009,5.354046821594238E-002,3.661208599805832E-002,-7.049954682588577E-002,9.699448943138123E-001,5.354046821594238E-002,3.661208599805832E-002,-7.049954682588577E-002,9.699448943138123E-001,
1.535033333333334E+009,7.366578280925751E-002,3.306975588202477E-002,-5.169751495122910E-002,9.801350831985474E-001,7.366578280925751E-002,3.306975588202477E-002,-5.169751495122910E-002,9.801350831985474E-001,
1.543400000000000E+009,8.789907395839691E-002,1.675940304994583E-002,-3.158973902463913E-002,9.724383950233460E-001,8.789907395839691E-002,1.675940304994583E-002,-3.158973902463913E-002,9.724383950233460E-001,
1.551766666666667E+009,9.070212393999100E-002,-5.968555342406035E-003,-7.873825728893280E-003,9.663200974464417E-001,9.070212393999100E-002,-5.968555342406035E-003,-7.873825728893280E-003,9.663200974464417E-001,
1.560133333333334E+009,8.484172075986862E-002,-2.725585177540779E-002,1.567737944424152E-002,9.753428697586060E-001,8.484172075986862E-002,-2.725585177540779E-002,1.567737944424152E-002,9.753428697586060E-001,
1.568500000000000E+009,7.061627507209778E-002,-4.132496565580368E-002,3.081230260431767E-002,9.798463582992554E-001,7.061627507209778E-002,-4.132496565580368E-002,3.081230260431767E-002,9.798463582992554E-001,
1.576866666666667E+009,5.066622421145439E-002,-4.384835064411163E-002,7.404515147209168E-002,9.715029001235962E-001,5.066622421145439E-002,-4.384835064411163E-002,7.404515147209168E-002,9.715029001235962E-001,
1.585233333333334E+009,3.666261583566666E-002,-3.636335954070091E-002,8.921358734369278E-002,9.713694453239441E-001,3.666261583566666E-002,-3.636335954070091E-002,8.921358734369278E-002,9.713694453239441E-001,
1.593600000000000E+009,2.788614481687546E-002,-2.231975831091404E-002,1.194915845990181E-001,9.659526944160461E-001,2.788614481687546E-002,-2.231975831091404E-002,1.194915845990181E-001,9.659526944160461E-001,
1.601966666666667E+009,2.952228300273418E-002,-3.680125344544649E-003,1.379430592060089E-001,9.642342329025269E-001,2.952228300273418E-002,-3.680125344544649E-003,1.379430592060089E-001,9.642342329025269E-001,
1.610333333333334E+009,4.101642221212387E-002,9.124864824116230E-003,1.688441634178162E-001,9.595738053321838E-001,4.101642221212387E-002,9.124864824116230E-003,1.688441634178162E-001,9.595738053321838E-001,
1.618700000000000E+009,5.853961035609245E-002,1.337154582142830E-002,1.945941150188446E-001,9.547718167304993E-001,5.853961035609245E-002,1.337154582142830E-002,1.945941150188446E-001,9.547718167304993E-001,
1.627066666666667E+009,7.374010980129242E-002,7.047013845294714E-003,2.180112749338150E-001,9.467322826385498E-001,7.374010980129242E-002,7.047013845294714E-003,2.180112749338150E-001,9.467322826385498E-001,
1.635433333333334E+009,8.288226276636124E-002,-4.867380950599909E-003,2.431295663118362E-001,9.486811161041260E-001,8.288226276636124E-002,-4.867380950599909E-003,2.431295663118362E-001,9.486811161041260E-001,
1.643800000000000E+009,8.408612757921219E-002,-2.407617866992950E-002,2.566719055175781E-001,9.387985467910767E-001,8.408612757921219E-002,-2.407617866992950E-002,2.566719055175781E-001,9.387985467910767E-001,
1.652166666666667E+009,7.574292272329330E-002,-4.050313308835030E-002,2.928288280963898E-001,9.306323528289795E-001,7.574292272329330E-002,-4.050313308835030E-002,2.928288280963898E-001,9.306323528289795E-001,
1.660533333333334E+009,6.186849996447563E-002,-4.972711950540543E-002,3.095119893550873E-001,9.277677536010742E-001,6.186849996447563E-002,-4.972711950540543E-002,3.095119893550873E-001,9.277677536010742E-001,
1.668900000000000E+009,4.581792280077934E-002,-4.906089231371880E-002,3.321242332458496E-001,9.126078486442566E-001,4.581792280077934E-002,-4.906089231371880E-002,3.321242332458496E-001,9.126078486442566E-001,
1.677266666666667E+009,3.243894129991531E-002,-4.216255992650986E-002,3.722854256629944E-001,9.058738946914673E-001,3.243894129991531E-002,-4.216255992650986E-002,3.722854256629944E-001,9.058738946914673E-001,
1.685633333333334E+009,2.927849255502224E-002,-2.790588885545731E-002,3.884084820747376E-001,8.984466195106506E-001,2.927849255502224E-002,-2.790588885545731E-002,3.884084820747376E-001,8.984466195106506E-001,
1.694000000000000E+009,3.191933408379555E-002,-1.516756601631641E-002,4.049504399299622E-001,8.843103051185608E-001,3.191933408379555E-002,-1.516756601631641E-002,4.049504399299622E-001,8.843103051185608E-001,
1.702366666666667E+009,4.339245706796646E-002,-3.528875065967441E-003,4.277211725711823E-001,8.776736259460449E-001,4.339245706796646E-002,-3.528875065967441E-003,4.277211725711823E-001,8.776736259460449E-001,
1.710733333333334E+009,5.978166311979294E-002,4.064007043780293E-006,4.476091563701630E-001,8.598986864089966E-001,5.978166311979294E-002,4.064007043780293E-006,4.476091563701630E-001,8.598986864089966E-001,
1.719100000000000E+009,7.509646564722061E-002,-7.260372396558523E-003,4.755232334136963E-001,8.461381793022156E-001,7.509646564722061E-002,-7.260372396558523E-003,4.755232334136963E-001,8.461381793022156E-001,
1.727466666666667E+009,8.493609726428986E-002,-2.069506794214249E-002,4.910178482532501E-001,8.398824334144592E-001,8.493609726428986E-002,-2.069506794214249E-002,4.910178482532501E-001,8.398824334144592E-001,
1.735833333333334E+009,8.639362454414368E-002,-3.743089362978935E-002,5.087509155273438E-001,8.257479071617127E-001,8.639362454414368E-002,-3.743089362978935E-002,5.087509155273438E-001,8.257479071617127E-001,
1.744200000000000E+009,7.915934175252914E-002,-5.526286363601685E-002,5.371530055999756E-001,8.039465546607971E-001,7.915934175252914E-002,-5.526286363601685E-002,5.371530055999756E-001,8.039465546607971E-001,
1.752566666666667E+009,6.707102805376053E-002,-6.774105876684189E-002,5.668262243270874E-001,7.977790236473084E-001,6.707102805376053E-002,-6.774105876684189E-002,5.668262243270874E-001,7.977790236473084E-001,
1.760933333333334E+009,5.118976533412933E-002,-7.353241741657257E-002,5.745227932929993E-001,7.850763201713562E-001,5.118976533412933E-002,-7.353241741657257E-002,5.745227932929993E-001,7.850763201713562E-001,
1.769300000000000E+009,3.636467829346657E-002,-7.110318541526794E-002,5.972737073898315E-001,7.773184776306152E-001,3.636467829346657E-002,-7.110318541526794E-002,5.972737073898315E-001,7.773184776306152E-001,
1.777666666666667E+009,2.658548392355442E-002,-6.117028370499611E-002,6.134993433952332E-001,7.668057680130005E-001,2.658548392355442E-002,-6.117028370499611E-002,6.134993433952332E-001,7.668057680130005E-001,
1.786033333333334E+009,2.417770586907864E-002,-5.080519616603851E-002,6.292128562927246E-001,7.366333603858948E-001,2.417770586907864E-002,-5.080519616603851E-002,6.292128562927246E-001,7.366333603858948E-001,
1.794400000000000E+009,2.964081615209580E-002,-3.805705159902573E-002,6.532082557678223E-001,7.219663858413696E-001,2.964081615209580E-002,-3.805705159902573E-002,6.532082557678223E-001,7.219663858413696E-001,
1.802766666666667E+009,3.668797761201859E-002,-3.223118931055069E-002,6.730437278747559E-001,7.043035626411438E-001,3.668797761201859E-002,-3.223118931055069E-002,6.730437278747559E-001,7.043035626411438E-001,
1.811133333333334E+009,4.666607826948166E-002,-3.059550747275353E-002,6.977084279060364E-001,6.867574453353882E-001,4.666607826948166E-002,-3.059550747275353E-002,6.977084279060364E-001,6.867574453353882E-001,
1.819500000000000E+009,5.617704614996910E-002,-3.380136936903000E-002,7.076188921928406E-001,6.591399312019348E-001,5.617704614996910E-002,-3.380136936903000E-002,7.076188921928406E-001,6.591399312019348E-001,
1.827866666666667E+009,6.217615678906441E-002,-4.269794002175331E-002,7.269266247749329E-001,6.496037244796753E-001,6.217615678906441E-002,-4.269794002175331E-002,7.269266247749329E-001,6.496037244796753E-001,
1.836233333333334E+009,6.008615344762802E-002,-5.415958166122437E-002,7.394528388977051E-001,6.339006423950195E-001,6.008615344762802E-002,-5.415958166122437E-002,7.394528388977051E-001,6.339006423950195E-001,
1.844600000000000E+009,5.349073559045792E-002,-6.348234415054321E-002,7.562364935874939E-001,6.271466016769409E-001,5.349073559045792E-002,-6.348234415054321E-002,7.562364935874939E-001,6.271466016769409E-001,
1.852966666666667E+009,4.464362934231758E-002,-6.894688308238983E-002,7.669146060943604E-001,5.918183326721191E-001,4.464362934231758E-002,-6.894688308238983E-002,7.669146060943604E-001,5.918183326721191E-001,
1.861333333333334E+009,3.530208021402359E-002,-7.212066650390625E-002,7.908905148506165E-001,5.733787417411804E-001,3.530208021402359E-002,-7.212066650390625E-002,7.908905148506165E-001,5.733787417411804E-001,
1.869700000000000E+009,2.734569832682610E-002,-6.696411967277527E-002,8.064531087875366E-001,5.551154613494873E-001,2.734569832682610E-002,-6.696411967277527E-002,8.064531087875366E-001,5.551154613494873E-001,
1.878066666666667E+009,2.407566085457802E-002,-6.123074516654015E-002,8.178943991661072E-001,5.399546623229981E-001,2.407566085457802E-002,-6.123074516654015E-002,8.178943991661072E-001,5.399546623229981E-001,
1.886433333333334E+009,2.526250109076500E-002,-5.346585810184479E-002,8.376547694206238E-001,5.140703320503235E-001,2.526250109076500E-002,-5.346585810184479E-002,8.376547694206238E-001,5.140703320503235E-001,
1.894800000000000E+009,3.292636200785637E-002,-4.778977483510971E-002,8.499638438224793E-001,4.941160380840302E-001,3.292636200785637E-002,-4.778977483510971E-002,8.499638438224793E-001,4.941160380840302E-001,
1.903166666666667E+009,4.143496602773666E-002,-4.385470971465111E-002,8.582957386970520E-001,4.635022580623627E-001,4.143496602773666E-002,-4.385470971465111E-002,8.582957386970520E-001,4.635022580623627E-001,
1.911533333333334E+009,5.066873878240585E-002,-4.839029163122177E-002,8.680772185325623E-001,4.377260208129883E-001,5.066873878240585E-002,-4.839029163122177E-002,8.680772185325623E-001,4.377260208129883E-001,
1.919900000000000E+009,5.736716091632843E-002,-5.676428973674774E-002,8.844336271286011E-001,4.230261445045471E-001,5.736716091632843E-002,-5.676428973674774E-002,8.844336271286011E-001,4.230261445045471E-001,
1.928266666666667E+009,6.024907529354096E-002,-6.727877259254456E-002,8.821374773979187E-001,3.859546482563019E-001,6.024907529354096E-002,-6.727877259254456E-002,8.821374773979187E-001,3.859546482563019E-001,
1.936633333333334E+009,5.519567057490349E-002,-7.945027202367783E-002,8.998984694480896E-001,3.764402568340302E-001,5.519567057490349E-002,-7.945027202367783E-002,8.998984694480896E-001,3.764402568340302E-001,
1.945000000000000E+009,4.508706182241440E-002,-8.910637348890305E-002,9.113951921463013E-001,3.525829613208771E-001,4.508706182241440E-002,-8.910637348890305E-002,9.113951921463013E-001,3.525829613208771E-001,
1.953366666666667E+009,3.329306840896606E-002,-9.558208286762238E-002,9.147367477416992E-001,3.302186727523804E-001,3.329306840896606E-002,-9.558208286762238E-002,9.147367477416992E-001,3.302186727523804E-001,
1.961733333333334E+009,1.868499070405960E-002,-9.362907707691193E-002,9.293634891510010E-001,3.080824315547943E-001,1.868499070405960E-002,-9.362907707691193E-002,9.293634891510010E-001,3.080824315547943E-001,
1.970100000000000E+009,7.104554679244757E-003,-8.741669356822968E-002,9.278234243392944E-001,2.862334549427033E-001,7.104554679244757E-003,-8.741669356822968E-002,9.278234243392944E-001,2.862334549427033E-001,
1.978466666666667E+009,3.318884875625372E-003,-7.589929550886154E-002,9.411129355430603E-001,2.542990744113922E-001,3.318884875625372E-003,-7.589929550886154E-002,9.411129355430603E-001,2.542990744113922E-001,
1.986833333333334E+009,5.855077877640724E-003,-6.516692787408829E-002,9.448243975639343E-001,2.372488081455231E-001,5.855077877640724E-003,-6.516692787408829E-002,9.448243975639343E-001,2.372488081455231E-001,
1.995200000000000E+009,1.706850901246071E-002,-5.766188353300095E-002,9.477921724319458E-001,2.200132459402084E-001,1.706850901246071E-002,-5.766188353300095E-002,9.477921724319458E-001,2.200132459402084E-001,
2.003566666666667E+009,3.097496181726456E-002,-5.597782135009766E-002,9.543422460556030E-001,1.834796667098999E-001,3.097496181726456E-002,-5.597782135009766E-002,9.543422460556030E-001,1.834796667098999E-001,
2.011933333333334E+009,4.360964894294739E-002,-6.410706043243408E-002,9.666438698768616E-001,1.576861441135407E-001,4.360964894294739E-002,-6.410706043243408E-002,9.666438698768616E-001,1.576861441135407E-001,
2.020300000000000E+009,5.152206495404244E-002,-7.478154450654984E-002,9.666847586631775E-001,1.250298619270325E-001,5.152206495404244E-002,-7.478154450654984E-002,9.666847586631775E-001,1.250298619270325E-001,
2.028666666666667E+009,5.092863738536835E-002,-9.089415520429611E-002,9.691228270530701E-001,1.101451739668846E-001,5.092863738536835E-002,-9.089415520429611E-002,9.691228270530701E-001,1.101451739668846E-001,
2.037033333333334E+009,4.173329472541809E-002,-1.074489876627922E-001,9.713532328605652E-001,8.114426583051682E-002,4.173329472541809E-002,-1.074489876627922E-001,9.713532328605652E-001,8.114426583051682E-002,
2.045400000000000E+009,2.594055980443955E-002,-1.171993911266327E-001,9.683906435966492E-001,6.209966912865639E-002,2.594055980443955E-002,-1.171993911266327E-001,9.683906435966492E-001,6.209966912865639E-002,
2.053766666666667E+009,6.991488859057427E-003,-1.189161241054535E-001,9.721407294273377E-001,3.975459188222885E-002,6.991488859057427E-003,-1.189161241054535E-001,9.721407294273377E-001,3.975459188222885E-002,
2.062133333333334E+009,-8.500728756189346E-003,-1.129572615027428E-001,9.767058491706848E-001,1.223361957818270E-002,-8.500728756189346E-003,-1.129572615027428E-001,9.767058491706848E-001,1.223361957818270E-002,
2.070500000000000E+009,-1.699185930192471E-002,-9.877743571996689E-002,9.772613644599915E-001,-1.554785296320915E-002,-1.699185930192471E-002,-9.877743571996689E-002,9.772613644599915E-001,-1.554785296320915E-002,
2.078866666666667E+009,-1.576558873057365E-002,-8.339485526084900E-002,9.739630222320557E-001,-3.552281111478806E-002,-1.576558873057365E-002,-8.339485526084900E-002,9.739630222320557E-001,-3.552281111478806E-002,
2.087233333333334E+009,-5.035371985286474E-003,-7.485222816467285E-002,9.759478569030762E-001,-7.032220065593720E-002,-5.035371985286474E-003,-7.485222816467285E-002,9.759478569030762E-001,-7.032220065593720E-002,
2.095600000000000E+009,1.105271186679602E-002,-7.026313990354538E-002,9.789075255393982E-001,-9.103354066610336E-002,1.105271186679602E-002,-7.026313990354538E-002,9.789075255393982E-001,-9.103354066610336E-002,
2.103966666666667E+009,2.643458172678947E-002,-7.938273996114731E-002,9.758762121200562E-001,-1.187208294868469E-001,2.643458172678947E-002,-7.938273996114731E-002,9.758762121200562E-001,-1.187208294868469E-001,
2.112333333333334E+009,3.558756783604622E-002,-9.547881782054901E-002,9.616351127624512E-001,-1.402312219142914E-001,3.558756783604622E-002,-9.547881782054901E-002,9.616351127624512E-001,-1.402312219142914E-001,
2.120700000000000E+009,3.508919477462769E-002,-1.190488636493683E-001,9.594070911407471E-001,-1.709379255771637E-001,3.508919477462769E-002,-1.190488636493683E-001,9.594070911407471E-001,-1.709379255771637E-001,
2.129066666666667E+009,2.170554734766483E-002,-1.361731439828873E-001,9.647188782691956E-001,-1.989194303750992E-001,2.170554734766483E-002,-1.361731439828873E-001,9.647188782691956E-001,-1.989194303750992E-001,
2.137433333333334E+009,-1.207168912515044E-003,-1.479927301406860E-001,9.480861425399780E-001,-2.159487307071686E-001,-1.207168912515044E-003,-1.479927301406860E-001,9.480861425399780E-001,-2.159487307071686E-001,
2.145800000000000E+009,-2.898528799414635E-002,-1.474962383508682E-001,9.443558454513550E-001,-2.399503290653229E-001,-2.898528799414635E-002,-1.474962383508682E-001,9.443558454513550E-001,-2.399503290653229E-001,
2.154166666666667E+009,-5.146848782896996E-002,-1.361830234527588E-001,9.383113384246826E-001,-2.579435408115387E-001,-5.146848782896996E-002,-1.361830234527588E-001,9.383113384246826E-001,-2.579435408115387E-001,
2.162533333333334E+009,-6.413848698139191E-002,-1.145858243107796E-001,9.188058376312256E-001,-2.825596332550049E-001,-6.413848698139191E-002,-1.145858243107796E-001,9.188058376312256E-001,-2.825596332550049E-001,
2.170900000000000E+009,-6.304496526718140E-002,-9.286049008369446E-002,9.264359474182129E-001,-3.118035793304443E-001,-6.304496526718140E-002,-9.286049008369446E-002,9.264359474182129E-001,-3.118035793304443E-001,
2.179266666666667E+009,-4.979601502418518E-002,-7.804094254970551E-002,9.163703322410584E-001,-3.289411962032318E-001,-4.979601502418518E-002,-7.804094254970551E-002,9.163703322410584E-001,-3.289411962032318E-001,
2.187633333333334E+009,-3.014783374965191E-002,-7.247515767812729E-002,9.125671386718750E-001,-3.602576553821564E-001,-3.014783374965191E-002,-7.247515767812729E-002,9.125671386718750E-001,-3.602576553821564E-001,
2.196000000000000E+009,-8.851579390466213E-003,-8.149757981300354E-002,8.935027122497559E-001,-3.824841976165772E-001,-8.851579390466213E-003,-8.149757981300354E-002,8.935027122497559E-001,-3.824841976165772E-001,
2.204366666666667E+009,3.683869028463960E-003,-1.023464053869247E-001,8.854897618293762E-001,-4.066560864448547E-001,3.683869028463960E-003,-1.023464053869247E-001,8.854897618293762E-001,-4.066560864448547E-001,
2.212733333333334E+009,3.287369385361671E-003,-1.276194304227829E-001,8.724027276039124E-001,-4.378640651702881E-001,3.287369385361671E-003,-1.276194304227829E-001,8.724027276039124E-001,-4.378640651702881E-001,
2.221100000000000E+009,-1.299531664699316E-002,-1.476090401411057E-001,8.500394225120544E-001,-4.492007493972778E-001,-1.299531664699316E-002,-1.476090401411057E-001,8.500394225120544E-001,-4.492007493972778E-001,
2.229466666666667E+009,-3.764347359538078E-002,-1.590854972600937E-001,8.423857688903809E-001,-4.606420099735260E-001,-3.764347359538078E-002,-1.590854972600937E-001,8.423857688903809E-001,-4.606420099735260E-001,
2.237833333333334E+009,-6.829503923654556E-002,-1.550734490156174E-001,8.346719145774841E-001,-4.880484640598297E-001,-6.829503923654556E-002,-1.550734490156174E-001,8.346719145774841E-001,-4.880484640598297E-001,
2.246200000000000E+009,-9.418930858373642E-002,-1.390446275472641E-001,8.224118947982788E-001,-5.080847740173340E-001,-9.418930858373642E-002,-1.390446275472641E-001,8.224118947982788E-001,-5.080847740173340E-001,
2.254566666666667E+009,-1.059302762150765E-001,-1.127216964960098E-001,8.124228119850159E-001,-5.247051715850830E-001,-1.059302762150765E-001,-1.127216964960098E-001,8.124228119850159E-001,-5.247051715850830E-001,
2.262933333333334E+009,-1.061221063137054E-001,-8.818176388740540E-002,7.998821735382080E-001,-5.474259257316589E-001,-1.061221063137054E-001,-8.818176388740540E-002,7.998821735382080E-001,-5.474259257316589E-001,
2.271300000000000E+009,-9.190883487462997E-002,-6.892739236354828E-002,7.825320959091187E-001,-5.672727823257446E-001,-9.190883487462997E-002,-6.892739236354828E-002,7.825320959091187E-001,-5.672727823257446E-001,
2.279666666666667E+009,-6.896623969078064E-002,-6.552959978580475E-002,7.722920179367065E-001,-5.872675776481628E-001,-6.896623969078064E-002,-6.552959978580475E-002,7.722920179367065E-001,-5.872675776481628E-001,
2.288033333333334E+009,-4.900219663977623E-002,-7.582212984561920E-002,7.548919320106506E-001,-6.192191243171692E-001,-4.900219663977623E-002,-7.582212984561920E-002,7.548919320106506E-001,-6.192191243171692E-001,
2.296400000000000E+009,-3.797646239399910E-002,-9.785123914480209E-002,7.341462969779968E-001,-6.381855010986328E-001,-3.797646239399910E-002,-9.785123914480209E-002,7.341462969779968E-001,-6.381855010986328E-001,
2.304766666666667E+009,-4.273617640137672E-002,-1.232749223709106E-001,7.194200754165649E-001,-6.449401974678040E-001,-4.273617640137672E-002,-1.232749223709106E-001,7.194200754165649E-001,-6.449401974678040E-001,
2.313133333333334E+009,-6.338793784379959E-002,-1.404968202114105E-001,6.921079754829407E-001,-6.798259615898132E-001,-6.338793784379959E-002,-1.404968202114105E-001,6.921079754829407E-001,-6.798259615898132E-001,
2.321500000000000E+009,-8.844825625419617E-002,-1.440245360136032E-001,6.807712316513062E-001,-6.824928522109985E-001,-8.844825625419617E-002,-1.440245360136032E-001,6.807712316513062E-001,-6.824928522109985E-001,
2.329866666666667E+009,-1.157955378293991E-001,-1.322278678417206E-001,6.691434383392334E-001,-7.024284601211548E-001,-1.157955378293991E-001,-1.322278678417206E-001,6.691434383392334E-001,-7.024284601211548E-001,
2.338233333333334E+009,-1.358710825443268E-001,-1.102837100625038E-001,6.429123282432556E-001,-7.177654504776001E-001,-1.358710825443268E-001,-1.102837100625038E-001,6.429123282432556E-001,-7.177654504776001E-001,
2.346600000000000E+009,-1.411671340465546E-001,-7.948089390993118E-002,6.252887845039368E-001,-7.355214953422546E-001,-1.411671340465546E-001,-7.948089390993118E-002,6.252887845039368E-001,-7.355214953422546E-001,
2.354966666666667E+009,-1.291225850582123E-001,-5.540283024311066E-002,6.180260777473450E-001,-7.478643655776978E-001,-1.291225850582123E-001,-5.540283024311066E-002,6.180260777473450E-001,-7.478643655776978E-001,
2.363333333333334E+009,-1.083356738090515E-001,-4.472069442272186E-002,6.010859012603760E-001,-7.663664221763611E-001,-1.083356738090515E-001,-4.472069442272186E-002,6.010859012603760E-001,-7.663664221763611E-001,
2.371700000000000E+009,-8.039229363203049E-002,-4.839067161083221E-002,5.816999673843384E-001,-7.877273559570313E-001,-8.039229363203049E-002,-4.839067161083221E-002,5.816999673843384E-001,-7.877273559570313E-001,
2.380066666666667E+009,-6.226163730025291E-002,-7.150944322347641E-002,5.496870875358582E-001,-8.046814799308777E-001,-6.226163730025291E-002,-7.150944322347641E-002,5.496870875358582E-001,-8.046814799308777E-001,
2.388433333333334E+009,-6.041079759597778E-002,-1.026105359196663E-001,5.290528535842896E-001,-8.085410594940186E-001,-6.041079759597778E-002,-1.026105359196663E-001,5.290528535842896E-001,-8.085410594940186E-001,
2.396800000000000E+009,-7.745401561260223E-002,-1.329663991928101E-001,4.958625733852387E-001,-8.300336003303528E-001,-7.745401561260223E-002,-1.329663991928101E-001,4.958625733852387E-001,-8.300336003303528E-001,
2.405166666666667E+009,-1.084434017539024E-001,-1.523265391588211E-001,4.772022366523743E-001,-8.392775654792786E-001,-1.084434017539024E-001,-1.523265391588211E-001,4.772022366523743E-001,-8.392775654792786E-001,
2.413533333333334E+009,-1.492218822240830E-001,-1.494127660989761E-001,4.503115713596344E-001,-8.444985747337341E-001,-1.492218822240830E-001,-1.494127660989761E-001,4.503115713596344E-001,-8.444985747337341E-001,
2.421900000000000E+009,-1.867316812276840E-001,-1.289116144180298E-001,4.376499950885773E-001,-8.532038927078247E-001,-1.867316812276840E-001,-1.289116144180298E-001,4.376499950885773E-001,-8.532038927078247E-001,
2.430266666666667E+009,-2.078444063663483E-001,-9.351030737161636E-002,4.214877486228943E-001,-8.629873991012573E-001,-2.078444063663483E-001,-9.351030737161636E-002,4.214877486228943E-001,-8.629873991012573E-001,
2.438633333333334E+009,-2.148101627826691E-001,-4.936435818672180E-002,4.034541845321655E-001,-8.715355992317200E-001,-2.148101627826691E-001,-4.936435818672180E-002,4.034541845321655E-001,-8.715355992317200E-001,
2.447000000000000E+009,-1.994377225637436E-001,-1.004426740109921E-002,3.818618059158325E-001,-8.870795965194702E-001,-1.994377225637436E-001,-1.004426740109921E-002,3.818618059158325E-001,-8.870795965194702E-001,
2.455366666666667E+009,-1.688566356897354E-001,1.256996858865023E-002,3.627195358276367E-001,-8.951921463012695E-001,-1.688566356897354E-001,1.256996858865023E-002,3.627195358276367E-001,-8.951921463012695E-001,
2.463733333333334E+009,-1.346284747123718E-001,1.615141145884991E-002,3.419032096862793E-001,-9.132897853851318E-001,-1.346284747123718E-001,1.615141145884991E-002,3.419032096862793E-001,-9.132897853851318E-001,
2.472100000000000E+009,-1.075003147125244E-001,-2.256100764498115E-003,3.132485747337341E-001,-9.245270490646362E-001,-1.075003147125244E-001,-2.256100764498115E-003,3.132485747337341E-001,-9.245270490646362E-001,
2.480466666666667E+009,-9.654236584901810E-002,-3.293740376830101E-002,2.808495163917542E-001,-9.280169606208801E-001,-9.654236584901810E-002,-3.293740376830101E-002,2.808495163917542E-001,-9.280169606208801E-001,
2.488833333333334E+009,-1.063042283058167E-001,-6.482475250959396E-002,2.575653195381165E-001,-9.366923570632935E-001,-1.063042283058167E-001,-6.482475250959396E-002,2.575653195381165E-001,-9.366923570632935E-001,
2.497200000000000E+009,-1.289338171482086E-001,-8.405340462923050E-002,2.273480594158173E-001,-9.417391419410706E-001,-1.289338171482086E-001,-8.405340462923050E-002,2.273480594158173E-001,-9.417391419410706E-001,
2.505566666666667E+009,-1.660720705986023E-001,-8.592431247234345E-002,1.963834464550018E-001,-9.450108408927918E-001,-1.660720705986023E-001,-8.592431247234345E-002,1.963834464550018E-001,-9.450108408927918E-001,
2.513933333333334E+009,-1.954994201660156E-001,-6.706959009170532E-002,1.783369630575180E-001,-9.420661330223084E-001,-1.954994201660156E-001,-6.706959009170532E-002,1.783369630575180E-001,-9.420661330223084E-001,
2.522300000000000E+009,-2.130199074745178E-001,-3.705558553338051E-002,1.543628722429276E-001,-9.453479647636414E-001,-2.130199074745178E-001,-3.705558553338051E-002,1.543628722429276E-001,-9.453479647636414E-001,
2.530666666666667E+009,-2.124746590852737E-001,1.452046446502209E-003,1.326753050088882E-001,-9.536880254745483E-001,-2.124746590852737E-001,1.452046446502209E-003,1.326753050088882E-001,-9.536880254745483E-001,
2.539033333333334E+009,-1.948394924402237E-001,3.391077369451523E-002,1.121000647544861E-001,-9.533186554908752E-001,-1.948394924402237E-001,3.391077369451523E-002,1.121000647544861E-001,-9.533186554908752E-001,
2.547400000000000E+009,-1.660980582237244E-001,5.288116261363030E-002,9.545226395130158E-002,-9.657515287399292E-001,-1.660980582237244E-001,5.288116261363030E-002,9.545226395130158E-002,-9.657515287399292E-001,
2.555766666666667E+009,-1.325249373912811E-001,5.259131640195847E-002,6.763859838247299E-002,-9.725179672241211E-001,-1.325249373912811E-001,5.259131640195847E-002,6.763859838247299E-002,-9.725179672241211E-001,
2.564133333333334E+009,-1.106092631816864E-001,3.186066448688507E-002,3.864947706460953E-002,-9.716792106628418E-001,-1.106092631816864E-001,3.186066448688507E-002,3.864947706460953E-002,-9.716792106628418E-001,
2.572500000000000E+009,-1.056248694658279E-001,1.742823282256723E-003,9.995413944125176E-003,-9.699934124946594E-001,-1.056248694658279E-001,1.742823282256723E-003,9.995413944125176E-003,-9.699934124946594E-001,
2.580866666666667E+009,-1.193132847547531E-001,-2.655875310301781E-002,-1.975723728537560E-002,-9.711114764213562E-001,-1.193132847547531E-001,-2.655875310301781E-002,-1.975723728537560E-002,-9.711114764213562E-001,
2.589233333333334E+009,-1.504490822553635E-001,-4.295707866549492E-002,-5.164873227477074E-002,-9.620896577835083E-001,-1.504490822553635E-001,-4.295707866549492E-002,-5.164873227477074E-002,-9.620896577835083E-001,
2.597600000000000E+009,-1.850600838661194E-001,-4.204951971769333E-002,-7.796300947666168E-002,-9.582456350326538E-001,-1.850600838661194E-001,-4.204951971769333E-002,-7.796300947666168E-002,-9.582456350326538E-001,
2.605966666666667E+009,-2.149742245674133E-001,-1.972929388284683E-002,-9.158042818307877E-002,-9.589397907257080E-001,-2.149742245674133E-001,-1.972929388284683E-002,-9.158042818307877E-002,-9.589397907257080E-001,
2.614333333333334E+009,-2.298159450292587E-001,1.301714405417442E-002,-1.136601194739342E-001,-9.476108551025391E-001,-2.298159450292587E-001,1.301714405417442E-002,-1.136601194739342E-001,-9.476108551025391E-001,
2.622700000000000E+009,-2.262248247861862E-001,5.370119959115982E-002,-1.323510706424713E-001,-9.421855807304382E-001,-2.262248247861862E-001,5.370119959115982E-002,-1.323510706424713E-001,-9.421855807304382E-001,
2.631066666666667E+009,-2.055852562189102E-001,8.774676918983460E-002,-1.539982557296753E-001,-9.511316418647766E-001,-2.055852562189102E-001,8.774676918983460E-002,-1.539982557296753E-001,-9.511316418647766E-001,
2.639433333333334E+009,-1.727545708417893E-001,1.058638766407967E-001,-1.748686283826828E-001,-9.425383806228638E-001,-1.727545708417893E-001,1.058638766407967E-001,-1.748686283826828E-001,-9.425383806228638E-001,
2.647800000000000E+009,-1.371491402387619E-001,1.060338839888573E-001,-2.009478509426117E-001,-9.440520405769348E-001,-1.371491402387619E-001,1.060338839888573E-001,-2.009478509426117E-001,-9.440520405769348E-001,
2.656166666666667E+009,-1.135969236493111E-001,8.769771456718445E-002,-2.261409461498261E-001,-9.468398690223694E-001,-1.135969236493111E-001,8.769771456718445E-002,-2.261409461498261E-001,-9.468398690223694E-001,
2.664533333333334E+009,-1.066342890262604E-001,6.028429046273232E-002,-2.606700062751770E-001,-9.320569038391113E-001,-1.066342890262604E-001,6.028429046273232E-002,-2.606700062751770E-001,-9.320569038391113E-001,
2.672900000000000E+009,-1.187776848673821E-001,3.296720236539841E-002,-2.826292812824249E-001,-9.257038235664368E-001,-1.187776848673821E-001,3.296720236539841E-002,-2.826292812824249E-001,-9.257038235664368E-001,
2.681266666666667E+009,-1.462143212556839E-001,1.920761354267597E-002,-3.097402751445770E-001,-9.143868088722229E-001,-1.462143212556839E-001,1.920761354267597E-002,-3.097402751445770E-001,-9.143868088722229E-001,
2.689633333333334E+009,-1.803153753280640E-001,2.277222275733948E-002,-3.334048092365265E-001,-9.026160240173340E-001,-1.803153753280640E-001,2.277222275733948E-002,-3.334048092365265E-001,-9.026160240173340E-001,
2.698000000000000E+009,-2.058161497116089E-001,4.394834116101265E-002,-3.473210334777832E-001,-8.890873789787293E-001,-2.058161497116089E-001,4.394834116101265E-002,-3.473210334777832E-001,-8.890873789787293E-001,
2.706366666666667E+009,-2.166250795125961E-001,7.798060029745102E-002,-3.702241480350494E-001,-8.737781643867493E-001,-2.166250795125961E-001,7.798060029745102E-002,-3.702241480350494E-001,-8.737781643867493E-001,
2.714733333333334E+009,-2.099365741014481E-001,1.135749965906143E-001,-3.828155696392059E-001,-8.716756105422974E-001,-2.099365741014481E-001,1.135749965906143E-001,-3.828155696392059E-001,-8.716756105422974E-001,
2.723100000000000E+009,-1.846723407506943E-001,1.455476135015488E-001,-4.033532440662384E-001,-8.607025742530823E-001,-1.846723407506943E-001,1.455476135015488E-001,-4.033532440662384E-001,-8.607025742530823E-001,
2.731466666666667E+009,-1.476199030876160E-001,1.623279005289078E-001,-4.260052740573883E-001,-8.575046658515930E-001,-1.476199030876160E-001,1.623279005289078E-001,-4.260052740573883E-001,-8.575046658515930E-001,
2.739833333333334E+009,-1.107279360294342E-001,1.597710549831390E-001,-4.469189047813416E-001,-8.476082682609558E-001,-1.107279360294342E-001,1.597710549831390E-001,-4.469189047813416E-001,-8.476082682609558E-001,
2.748200000000000E+009,-8.419036120176315E-002,1.415020227432251E-001,-4.727185070514679E-001,-8.413360118865967E-001,-8.419036120176315E-002,1.415020227432251E-001,-4.727185070514679E-001,-8.413360118865967E-001,
2.756566666666667E+009,-7.479646056890488E-002,1.125010550022125E-001,-4.984371364116669E-001,-8.329262733459473E-001,-7.479646056890488E-002,1.125010550022125E-001,-4.984371364116669E-001,-8.329262733459473E-001,
2.764933333333334E+009,-8.397545665502548E-002,8.478848636150360E-002,-5.339103341102600E-001,-8.228224515914917E-001,-8.397545665502548E-002,8.478848636150360E-002,-5.339103341102600E-001,-8.228224515914917E-001,
2.773300000000000E+009,-1.085838451981545E-001,6.678247451782227E-002,-5.509697794914246E-001,-8.009299635887146E-001,-1.085838451981545E-001,6.678247451782227E-002,-5.509697794914246E-001,-8.009299635887146E-001,
2.781666666666667E+009,-1.435384452342987E-001,6.963588297367096E-002,-5.672304630279541E-001,-7.801939249038696E-001,-1.435384452342987E-001,6.963588297367096E-002,-5.672304630279541E-001,-7.801939249038696E-001,
2.790033333333334E+009,-1.696232259273529E-001,8.784089982509613E-002,-5.840699076652527E-001,-7.649539113044739E-001,-1.696232259273529E-001,8.784089982509613E-002,-5.840699076652527E-001,-7.649539113044739E-001,
2.798400000000000E+009,-1.829183399677277E-001,1.201981008052826E-001,-6.018934249877930E-001,-7.497362494468689E-001,-1.829183399677277E-001,1.201981008052826E-001,-6.018934249877930E-001,-7.497362494468689E-001,
2.806766666666667E+009,-1.740565299987793E-001,1.559727042913437E-001,-6.140325665473938E-001,-7.234895229339600E-001,-1.740565299987793E-001,1.559727042913437E-001,-6.140325665473938E-001,-7.234895229339600E-001,
2.815133333333334E+009,-1.502361595630646E-001,1.826215684413910E-001,-6.278739571571350E-001,-7.161423563957214E-001,-1.502361595630646E-001,1.826215684413910E-001,-6.278739571571350E-001,-7.161423563957214E-001,
2.823500000000000E+009,-1.139427945017815E-001,1.973412781953812E-001,-6.444557309150696E-001,-7.065929174423218E-001,-1.139427945017815E-001,1.973412781953812E-001,-6.444557309150696E-001,-7.065929174423218E-001,
2.831866666666667E+009,-7.609927654266357E-002,1.921827346086502E-001,-6.614365577697754E-001,-6.930274963378906E-001,-7.609927654266357E-002,1.921827346086502E-001,-6.614365577697754E-001,-6.930274963378906E-001,
2.840233333333334E+009,-4.707192257046700E-002,1.726602166891098E-001,-6.877396106719971E-001,-6.798434853553772E-001,-4.707192257046700E-002,1.726602166891098E-001,-6.877396106719971E-001,-6.798434853553772E-001,
2.848600000000000E+009,-3.571370616555214E-002,1.437254250049591E-001,-7.044430971145630E-001,-6.610510349273682E-001,-3.571370616555214E-002,1.437254250049591E-001,-7.044430971145630E-001,-6.610510349273682E-001,
2.856966666666667E+009,-4.400697723031044E-002,1.156298667192459E-001,-7.268734574317932E-001,-6.447554230690002E-001,-4.400697723031044E-002,1.156298667192459E-001,-7.268734574317932E-001,-6.447554230690002E-001,
2.865333333333334E+009,-7.036560773849487E-002,9.825594723224640E-002,-7.483200430870056E-001,-6.254285573959351E-001,-7.036560773849487E-002,9.825594723224640E-002,-7.483200430870056E-001,-6.254285573959351E-001,
2.873700000000000E+009,-1.044156849384308E-001,9.948398917913437E-002,-7.653172016143799E-001,-5.923484563827515E-001,-1.044156849384308E-001,9.948398917913437E-002,-7.653172016143799E-001,-5.923484563827515E-001,
2.882066666666667E+009,-1.318494975566864E-001,1.194792166352272E-001,-7.735608220100403E-001,-5.640153884887695E-001,-1.318494975566864E-001,1.194792166352272E-001,-7.735608220100403E-001,-5.640153884887695E-001,
2.890433333333334E+009,-1.456446349620819E-001,1.534316092729569E-001,-7.832966446876526E-001,-5.460907816886902E-001,-1.456446349620819E-001,1.534316092729569E-001,-7.832966446876526E-001,-5.460907816886902E-001,
2.898800000000000E+009,-1.380904167890549E-001,1.908466517925263E-001,-7.903119921684265E-001,-5.291457772254944E-001,-1.380904167890549E-001,1.908466517925263E-001,-7.903119921684265E-001,-5.291457772254944E-001,
2.907166666666667E+009,-1.111983358860016E-001,2.185514420270920E-001,-7.949433326721191E-001,-5.144147276878357E-001,-1.111983358860016E-001,2.185514420270920E-001,-7.949433326721191E-001,-5.144147276878357E-001,
2.915533333333334E+009,-7.120688259601593E-002,2.328673601150513E-001,-8.083772659301758E-001,-4.952861070632935E-001,-7.120688259601593E-002,2.328673601150513E-001,-8.083772659301758E-001,-4.952861070632935E-001,
2.923900000000000E+009,-3.116983361542225E-002,2.269283682107925E-001,-8.209180235862732E-001,-4.863339960575104E-001,-3.116983361542225E-002,2.269283682107925E-001,-8.209180235862732E-001,-4.863339960575104E-001,
2.932266666666667E+009,1.562724006362259E-003,2.050380557775497E-001,-8.356862068176270E-001,-4.722070991992950E-001,1.562724006362259E-003,2.050380557775497E-001,-8.356862068176270E-001,-4.722070991992950E-001,
2.940633333333334E+009,1.607128046452999E-002,1.711219549179077E-001,-8.546785712242127E-001,-4.466068744659424E-001,1.607128046452999E-002,1.711219549179077E-001,-8.546785712242127E-001,-4.466068744659424E-001,
2.949000000000000E+009,9.474126622080803E-003,1.366093903779984E-001,-8.761324882507324E-001,-4.185093045234680E-001,9.474126622080803E-003,1.366093903779984E-001,-8.761324882507324E-001,-4.185093045234680E-001,
2.957366666666667E+009,-1.543975342065096E-002,1.158958449959755E-001,-8.875322341918945E-001,-3.986091017723084E-001,-1.543975342065096E-002,1.158958449959755E-001,-8.875322341918945E-001,-3.986091017723084E-001,
2.965733333333334E+009,-5.090612918138504E-002,1.146882474422455E-001,-9.022511839866638E-001,-3.644559979438782E-001,-5.090612918138504E-002,1.146882474422455E-001,-9.022511839866638E-001,-3.644559979438782E-001,
2.974100000000000E+009,-8.111697435379028E-002,1.360188573598862E-001,-9.092265367507935E-001,-3.315061032772064E-001,-8.111697435379028E-002,1.360188573598862E-001,-9.092265367507935E-001,-3.315061032772064E-001,
2.982466666666667E+009,-9.491673111915588E-002,1.709333658218384E-001,-9.115649461746216E-001,-3.040600717067719E-001,-9.491673111915588E-002,1.709333658218384E-001,-9.115649461746216E-001,-3.040600717067719E-001,
2.990833333333334E+009,-8.931954950094223E-002,2.084264606237412E-001,-9.074046015739441E-001,-2.883266210556030E-001,-8.931954950094223E-002,2.084264606237412E-001,-9.074046015739441E-001,-2.883266210556030E-001,
2.999200000000000E+009,-6.189475581049919E-002,2.387755513191223E-001,-9.107890725135803E-001,-2.677876949310303E-001,-6.189475581049919E-002,2.387755513191223E-001,-9.107890725135803E-001,-2.677876949310303E-001,
3.007566666666667E+009,-2.118744328618050E-002,2.517557442188263E-001,-9.150121212005615E-001,-2.504616975784302E-001,-2.118744328618050E-002,2.517557442188263E-001,-9.150121212005615E-001,-2.504616975784302E-001,
3.015933333333334E+009,2.332154847681522E-002,2.424759566783905E-001,-9.186728596687317E-001,-2.367725372314453E-001,2.332154847681522E-002,2.424759566783905E-001,-9.186728596687317E-001,-2.367725372314453E-001,
3.024300000000000E+009,5.662300437688828E-002,2.161587774753571E-001,-9.281852841377258E-001,-2.196476906538010E-001,5.662300437688828E-002,2.161587774753571E-001,-9.281852841377258E-001,-2.196476906538010E-001,
3.032666666666667E+009,7.294536381959915E-002,1.760795414447784E-001,-9.413543343544006E-001,-1.954406052827835E-001,7.294536381959915E-002,1.760795414447784E-001,-9.413543343544006E-001,-1.954406052827835E-001,
3.041033333333334E+009,6.431353092193604E-002,1.369085609912872E-001,-9.531668424606323E-001,-1.694427430629730E-001,6.431353092193604E-002,1.369085609912872E-001,-9.531668424606323E-001,-1.694427430629730E-001,
3.049400000000000E+009,3.502942621707916E-002,1.135007143020630E-001,-9.622365236282349E-001,-1.338007152080536E-001,3.502942621707916E-002,1.135007143020630E-001,-9.622365236282349E-001,-1.338007152080536E-001,
3.057766666666667E+009,-2.770098391920328E-003,1.120215728878975E-001,-9.699444174766541E-001,-1.163941323757172E-001,-2.770098391920328E-003,1.120215728878975E-001,-9.699444174766541E-001,-1.163941323757172E-001,
3.066133333333334E+009,-3.762775659561157E-002,1.342995911836624E-001,-9.640133380889893E-001,-7.464929670095444E-002,-3.762775659561157E-002,1.342995911836624E-001,-9.640133380889893E-001,-7.464929670095444E-002,
3.074500000000000E+009,-5.252792313694954E-002,1.741920858621597E-001,-9.635878205299377E-001,-4.671704769134522E-002,-5.252792313694954E-002,1.741920858621597E-001,-9.635878205299377E-001,-4.671704769134522E-002,
3.082866666666667E+009,-4.296852275729179E-002,2.169912010431290E-001,-9.532060623168945E-001,-2.282063104212284E-002,-4.296852275729179E-002,2.169912010431290E-001,-9.532060623168945E-001,-2.282063104212284E-002,
3.091233333333334E+009,-1.094655599445105E-002,2.515480816364288E-001,-9.466759562492371E-001,3.487922949716449E-004,-1.094655599445105E-002,2.515480816364288E-001,-9.466759562492371E-001,3.487922949716449E-004,
3.099600000000000E+009,3.627744689583778E-002,2.630570232868195E-001,-9.398542642593384E-001,1.503995340317488E-002,3.627744689583778E-002,2.630570232868195E-001,-9.398542642593384E-001,1.503995340317488E-002,
3.107966666666667E+009,8.739836513996124E-002,2.499626129865646E-001,-9.439347386360169E-001,2.620772272348404E-002,8.739836513996124E-002,2.499626129865646E-001,-9.439347386360169E-001,2.620772272348404E-002,
3.116333333333334E+009,1.270554065704346E-001,2.148467004299164E-001,-9.487870335578919E-001,4.378763586282730E-002,1.270554065704346E-001,2.148467004299164E-001,-9.487870335578919E-001,4.378763586282730E-002,
3.124700000000000E+009,1.427528560161591E-001,1.653123199939728E-001,-9.572195410728455E-001,6.118143722414970E-002,1.427528560161591E-001,1.653123199939728E-001,-9.572195410728455E-001,6.118143722414970E-002,
3.133066666666667E+009,1.329812854528427E-001,1.172412633895874E-001,-9.639571905136108E-001,9.329544752836227E-002,1.329812854528427E-001,1.172412633895874E-001,-9.639571905136108E-001,9.329544752836227E-002,
3.141433333333334E+009,1.001921892166138E-001,8.220210671424866E-002,-9.672045707702637E-001,1.231669336557388E-001,1.001921892166138E-001,8.220210671424866E-002,-9.672045707702637E-001,1.231669336557388E-001,
3.149800000000000E+009,5.260585248470306E-002,7.546859234571457E-002,-9.668616652488709E-001,1.633075773715973E-001,5.260585248470306E-002,7.546859234571457E-002,-9.668616652488709E-001,1.633075773715973E-001,
3.158166666666667E+009,1.016638614237309E-002,9.856335818767548E-002,-9.531958699226379E-001,1.957097351551056E-001,1.016638614237309E-002,9.856335818767548E-002,-9.531958699226379E-001,1.957097351551056E-001,
3.166533333333334E+009,-1.159604825079441E-002,1.426469832658768E-001,-9.440964460372925E-001,2.230468839406967E-001,-1.159604825079441E-002,1.426469832658768E-001,-9.440964460372925E-001,2.230468839406967E-001,
3.174900000000000E+009,-6.942454259842634E-003,1.921779364347458E-001,-9.280715584754944E-001,2.449644953012466E-001,-6.942454259842634E-003,1.921779364347458E-001,-9.280715584754944E-001,2.449644953012466E-001,
3.183266666666667E+009,2.545336820185185E-002,2.320314943790436E-001,-9.115436673164368E-001,2.650168538093567E-001,2.545336820185185E-002,2.320314943790436E-001,-9.115436673164368E-001,2.650168538093567E-001,
3.191633333333334E+009,7.415512949228287E-002,2.469729632139206E-001,-8.982132077217102E-001,2.771516144275665E-001,7.415512949228287E-002,2.469729632139206E-001,-8.982132077217102E-001,2.771516144275665E-001,
3.200000000000000E+009,1.245067119598389E-001,2.328990995883942E-001,-8.937880992889404E-001,2.887475490570068E-001,1.245067119598389E-001,2.328990995883942E-001,-8.937880992889404E-001,2.887475490570068E-001,
