% Version 1.00
%
%freq[Hz],re:Trc1_S11,im:Trc1_S11,re:Trc2_S21,im:Trc2_S21,re:Trc3_S11,im:Trc3_S11,re:Trc4_S21,im:Trc4_S21,
6.900000000000000E+008,-6.846790760755539E-002,2.149133011698723E-002,-4.613612294197083E-001,-8.680585622787476E-001,-6.846790760755539E-002,2.149133011698723E-002,-4.613612294197083E-001,-8.680585622787476E-001,
6.983666666666666E+008,-6.039261072874069E-002,2.280952967703342E-002,-4.788307845592499E-001,-8.536995053291321E-001,-6.039261072874069E-002,2.280952967703342E-002,-4.788307845592499E-001,-8.536995053291321E-001,
7.067333333333334E+008,-5.362544953823090E-002,2.080820314586163E-002,-5.092419981956482E-001,-8.265769481658936E-001,-5.362544953823090E-002,2.080820314586163E-002,-5.092419981956482E-001,-8.265769481658936E-001,
7.151000000000000E+008,-5.271944776177406E-002,1.364376209676266E-002,-5.179470777511597E-001,-8.217967748641968E-001,-5.271944776177406E-002,1.364376209676266E-002,-5.179470777511597E-001,-8.217967748641968E-001,
7.234666666666666E+008,-5.228959023952484E-002,8.943758904933929E-003,-5.616520047187805E-001,-8.070013523101807E-001,-5.228959023952484E-002,8.943758904933929E-003,-5.616520047187805E-001,-8.070013523101807E-001,
7.318333333333334E+008,-5.885323882102966E-002,5.599021911621094E-003,-5.655946135520935E-001,-8.074878454208374E-001,-5.885323882102966E-002,5.599021911621094E-003,-5.655946135520935E-001,-8.074878454208374E-001,
7.402000000000000E+008,-6.577220559120178E-002,7.967035286128521E-003,-5.982753038406372E-001,-7.809457778930664E-001,-6.577220559120178E-002,7.967035286128521E-003,-5.982753038406372E-001,-7.809457778930664E-001,
7.485666666666666E+008,-6.977709382772446E-002,1.336303167045116E-002,-6.178232431411743E-001,-7.446855902671814E-001,-6.977709382772446E-002,1.336303167045116E-002,-6.178232431411743E-001,-7.446855902671814E-001,
7.569333333333334E+008,-7.048023492097855E-002,2.260904014110565E-002,-6.378473639488220E-001,-7.456633448600769E-001,-7.048023492097855E-002,2.260904014110565E-002,-6.378473639488220E-001,-7.456633448600769E-001,
7.653000000000000E+008,-6.668631732463837E-002,3.140756860375404E-002,-6.406236290931702E-001,-7.441985607147217E-001,-6.668631732463837E-002,3.140756860375404E-002,-6.406236290931702E-001,-7.441985607147217E-001,
7.736666666666666E+008,-5.840357020497322E-002,4.102866724133492E-002,-6.698511242866516E-001,-7.316452860832214E-001,-5.840357020497322E-002,4.102866724133492E-002,-6.698511242866516E-001,-7.316452860832214E-001,
7.820333333333334E+008,-5.127375572919846E-002,4.543209820985794E-002,-6.933084130287170E-001,-7.095723152160645E-001,-5.127375572919846E-002,4.543209820985794E-002,-6.933084130287170E-001,-7.095723152160645E-001,
7.904000000000000E+008,-4.070085659623146E-002,4.432916268706322E-002,-7.076243162155151E-001,-6.854037642478943E-001,-4.070085659623146E-002,4.432916268706322E-002,-7.076243162155151E-001,-6.854037642478943E-001,
7.987666666666666E+008,-3.311090916395187E-002,4.110242426395416E-002,-7.208648920059204E-001,-6.718949079513550E-001,-3.311090916395187E-002,4.110242426395416E-002,-7.208648920059204E-001,-6.718949079513550E-001,
8.071333333333334E+008,-3.159905970096588E-002,3.670609742403030E-002,-7.370327115058899E-001,-6.516358852386475E-001,-3.159905970096588E-002,3.670609742403030E-002,-7.370327115058899E-001,-6.516358852386475E-001,
8.155000000000000E+008,-3.411253914237022E-002,2.985817193984985E-002,-7.489216327667236E-001,-6.104103922843933E-001,-3.411253914237022E-002,2.985817193984985E-002,-7.489216327667236E-001,-6.104103922843933E-001,
8.238666666666666E+008,-3.825843334197998E-002,2.679435908794403E-002,-7.822899222373962E-001,-6.167691349983215E-001,-3.825843334197998E-002,2.679435908794403E-002,-7.822899222373962E-001,-6.167691349983215E-001,
8.322333333333334E+008,-4.592049866914749E-002,2.918246202170849E-002,-7.947555780410767E-001,-5.868301987648010E-001,-4.592049866914749E-002,2.918246202170849E-002,-7.947555780410767E-001,-5.868301987648010E-001,
8.406000000000000E+008,-5.006333068013191E-002,3.208809345960617E-002,-8.046192526817322E-001,-5.747156739234924E-001,-5.006333068013191E-002,3.208809345960617E-002,-8.046192526817322E-001,-5.747156739234924E-001,
8.489666666666668E+008,-4.987447708845139E-002,3.927348554134369E-002,-8.281289339065552E-001,-5.472716093063355E-001,-4.987447708845139E-002,3.927348554134369E-002,-8.281289339065552E-001,-5.472716093063355E-001,
8.573333333333334E+008,-4.622547328472138E-002,4.658159986138344E-002,-8.331891298294067E-001,-5.306571722030640E-001,-4.622547328472138E-002,4.658159986138344E-002,-8.331891298294067E-001,-5.306571722030640E-001,
8.657000000000000E+008,-3.928340971469879E-002,5.563632026314735E-002,-8.534536361694336E-001,-5.014852881431580E-001,-3.928340971469879E-002,5.563632026314735E-002,-8.534536361694336E-001,-5.014852881431580E-001,
8.740666666666668E+008,-3.055981919169426E-002,6.058081984519959E-002,-8.483238816261292E-001,-4.838902354240418E-001,-3.055981919169426E-002,6.058081984519959E-002,-8.483238816261292E-001,-4.838902354240418E-001,
8.824333333333334E+008,-2.086987718939781E-002,5.975348129868507E-002,-8.793810009956360E-001,-4.522330164909363E-001,-2.086987718939781E-002,5.975348129868507E-002,-8.793810009956360E-001,-4.522330164909363E-001,
8.908000000000000E+008,-1.227089390158653E-002,6.004767492413521E-002,-8.918185234069824E-001,-4.468211531639099E-001,-1.227089390158653E-002,6.004767492413521E-002,-8.918185234069824E-001,-4.468211531639099E-001,
8.991666666666668E+008,-8.376927115023136E-003,5.305748432874680E-002,-9.034551382064819E-001,-4.179855883121491E-001,-8.376927115023136E-003,5.305748432874680E-002,-9.034551382064819E-001,-4.179855883121491E-001,
9.075333333333334E+008,-7.426655385643244E-003,4.868159443140030E-002,-8.983438014984131E-001,-3.950268626213074E-001,-7.426655385643244E-003,4.868159443140030E-002,-8.983438014984131E-001,-3.950268626213074E-001,
9.159000000000000E+008,-9.401284158229828E-003,4.336892813444138E-002,-9.108226895332336E-001,-3.825736343860626E-001,-9.401284158229828E-003,4.336892813444138E-002,-9.108226895332336E-001,-3.825736343860626E-001,
9.242666666666668E+008,-1.340850628912449E-002,3.894379734992981E-002,-9.244970679283142E-001,-3.565129339694977E-001,-1.340850628912449E-002,3.894379734992981E-002,-9.244970679283142E-001,-3.565129339694977E-001,
9.326333333333334E+008,-1.731432415544987E-002,4.012472182512283E-002,-9.280105829238892E-001,-3.254370987415314E-001,-1.731432415544987E-002,4.012472182512283E-002,-9.280105829238892E-001,-3.254370987415314E-001,
9.410000000000000E+008,-2.209936268627644E-002,4.548187926411629E-002,-9.353610873222351E-001,-2.928124666213989E-001,-2.209936268627644E-002,4.548187926411629E-002,-9.353610873222351E-001,-2.928124666213989E-001,
9.493666666666668E+008,-2.324014715850353E-002,5.189074948430061E-002,-9.433571696281433E-001,-2.874781191349030E-001,-2.324014715850353E-002,5.189074948430061E-002,-9.433571696281433E-001,-2.874781191349030E-001,
9.577333333333334E+008,-1.824534498155117E-002,6.004873663187027E-002,-9.689072966575623E-001,-2.443715035915375E-001,-1.824534498155117E-002,6.004873663187027E-002,-9.689072966575623E-001,-2.443715035915375E-001,
9.661000000000000E+008,-9.788537397980690E-003,6.635767221450806E-002,-9.556445479393005E-001,-2.281232029199600E-001,-9.788537397980690E-003,6.635767221450806E-002,-9.556445479393005E-001,-2.281232029199600E-001,
9.744666666666668E+008,2.119426935678348E-004,7.048252969980240E-002,-9.654986262321472E-001,-1.958127468824387E-001,2.119426935678348E-004,7.048252969980240E-002,-9.654986262321472E-001,-1.958127468824387E-001,
9.828333333333334E+008,1.440183445811272E-002,6.862249225378037E-002,-9.650579690933228E-001,-1.715104430913925E-001,1.440183445811272E-002,6.862249225378037E-002,-9.650579690933228E-001,-1.715104430913925E-001,
9.912000000000000E+008,2.453890815377235E-002,6.547036767005920E-002,-9.753202199935913E-001,-1.596861183643341E-001,2.453890815377235E-002,6.547036767005920E-002,-9.753202199935913E-001,-1.596861183643341E-001,
9.995666666666668E+008,3.012843802571297E-002,5.575206503272057E-002,-9.794218540191650E-001,-1.253327578306198E-001,3.012843802571297E-002,5.575206503272057E-002,-9.794218540191650E-001,-1.253327578306198E-001,
1.007933333333333E+009,3.107653185725212E-002,4.691814631223679E-002,-9.847456812858582E-001,-1.056165322661400E-001,3.107653185725212E-002,4.691814631223679E-002,-9.847456812858582E-001,-1.056165322661400E-001,
1.016300000000000E+009,2.542130276560783E-002,3.732897713780403E-002,-9.843227863311768E-001,-7.909806072711945E-002,2.542130276560783E-002,3.732897713780403E-002,-9.843227863311768E-001,-7.909806072711945E-002,
1.024666666666667E+009,1.809365302324295E-002,3.567231446504593E-002,-9.889913201332092E-001,-5.936709418892860E-002,1.809365302324295E-002,3.567231446504593E-002,-9.889913201332092E-001,-5.936709418892860E-002,
1.033033333333333E+009,1.087305415421724E-002,3.540448099374771E-002,-9.688879251480103E-001,-1.957580447196960E-002,1.087305415421724E-002,3.540448099374771E-002,-9.688879251480103E-001,-1.957580447196960E-002,
1.041400000000000E+009,6.738474126905203E-003,4.071801528334618E-002,-9.752048850059509E-001,3.863947058562189E-004,6.738474126905203E-003,4.071801528334618E-002,-9.752048850059509E-001,3.863947058562189E-004,
1.049766666666667E+009,5.744768772274256E-003,4.814466089010239E-002,-9.882676005363464E-001,2.340118028223515E-002,5.744768772274256E-003,4.814466089010239E-002,-9.882676005363464E-001,2.340118028223515E-002,
1.058133333333333E+009,1.349379308521748E-002,5.666243657469750E-002,-9.820241332054138E-001,4.838671907782555E-002,1.349379308521748E-002,5.666243657469750E-002,-9.820241332054138E-001,4.838671907782555E-002,
1.066500000000000E+009,2.610326744616032E-002,6.052727624773979E-002,-9.662156105041504E-001,7.642826437950134E-002,2.610326744616032E-002,6.052727624773979E-002,-9.662156105041504E-001,7.642826437950134E-002,
1.074866666666667E+009,3.900754079222679E-002,5.681098252534866E-002,-9.810612797737122E-001,1.082509830594063E-001,3.900754079222679E-002,5.681098252534866E-002,-9.810612797737122E-001,1.082509830594063E-001,
1.083233333333334E+009,5.202841013669968E-002,5.206252634525299E-002,-9.741690754890442E-001,1.236668229103088E-001,5.202841013669968E-002,5.206252634525299E-002,-9.741690754890442E-001,1.236668229103088E-001,
1.091600000000000E+009,5.765434727072716E-002,3.911094367504120E-002,-9.685881137847900E-001,1.581604778766632E-001,5.765434727072716E-002,3.911094367504120E-002,-9.685881137847900E-001,1.581604778766632E-001,
1.099966666666667E+009,6.001968309283257E-002,2.555419318377972E-002,-9.621804356575012E-001,1.750458329916000E-001,6.001968309283257E-002,2.555419318377972E-002,-9.621804356575012E-001,1.750458329916000E-001,
1.108333333333334E+009,5.245371162891388E-002,1.467090100049973E-002,-9.774916172027588E-001,1.976435780525208E-001,5.245371162891388E-002,1.467090100049973E-002,-9.774916172027588E-001,1.976435780525208E-001,
1.116700000000000E+009,4.021400213241577E-002,1.308180484920740E-002,-9.610376358032227E-001,2.293174266815186E-001,4.021400213241577E-002,1.308180484920740E-002,-9.610376358032227E-001,2.293174266815186E-001,
1.125066666666667E+009,2.776133641600609E-002,1.266375277191401E-002,-9.474539756774902E-001,2.516017556190491E-001,2.776133641600609E-002,1.266375277191401E-002,-9.474539756774902E-001,2.516017556190491E-001,
1.133433333333334E+009,1.661830209195614E-002,2.361161634325981E-002,-9.436172246932983E-001,2.719388008117676E-001,1.661830209195614E-002,2.361161634325981E-002,-9.436172246932983E-001,2.719388008117676E-001,
1.141800000000000E+009,1.679998449981213E-002,3.541561588644981E-002,-9.315373301506043E-001,2.956371605396271E-001,1.679998449981213E-002,3.541561588644981E-002,-9.315373301506043E-001,2.956371605396271E-001,
1.150166666666667E+009,2.203229628503323E-002,4.764854907989502E-002,-9.290044903755188E-001,3.279589116573334E-001,2.203229628503323E-002,4.764854907989502E-002,-9.290044903755188E-001,3.279589116573334E-001,
1.158533333333334E+009,3.939447551965714E-002,5.396181717514992E-002,-9.189473390579224E-001,3.499940335750580E-001,3.939447551965714E-002,5.396181717514992E-002,-9.189473390579224E-001,3.499940335750580E-001,
1.166900000000000E+009,5.815927684307098E-002,5.242582410573959E-002,-9.125546216964722E-001,3.776653409004211E-001,5.815927684307098E-002,5.242582410573959E-002,-9.125546216964722E-001,3.776653409004211E-001,
1.175266666666667E+009,7.473814487457275E-002,4.192914813756943E-002,-8.948627114295960E-001,3.938715457916260E-001,7.473814487457275E-002,4.192914813756943E-002,-8.948627114295960E-001,3.938715457916260E-001,
1.183633333333334E+009,8.779641985893250E-002,2.558607049286366E-002,-8.885667324066162E-001,4.221439659595490E-001,8.779641985893250E-002,2.558607049286366E-002,-8.885667324066162E-001,4.221439659595490E-001,
1.192000000000000E+009,9.002628177404404E-002,7.058304734528065E-003,-8.815344572067261E-001,4.461140930652618E-001,9.002628177404404E-002,7.058304734528065E-003,-8.815344572067261E-001,4.461140930652618E-001,
1.200366666666667E+009,8.087304234504700E-002,-1.170420553535223E-002,-8.659547567367554E-001,4.631922841072083E-001,8.087304234504700E-002,-1.170420553535223E-002,-8.659547567367554E-001,4.631922841072083E-001,
1.208733333333334E+009,6.328369677066803E-002,-2.141958847641945E-002,-8.642613291740418E-001,4.927092194557190E-001,6.328369677066803E-002,-2.141958847641945E-002,-8.642613291740418E-001,4.927092194557190E-001,
1.217100000000000E+009,4.471215978264809E-002,-2.084196545183659E-002,-8.364738821983337E-001,5.053473114967346E-001,4.471215978264809E-002,-2.084196545183659E-002,-8.364738821983337E-001,5.053473114967346E-001,
1.225466666666667E+009,3.277250379323959E-002,-1.147297583520412E-002,-8.351638913154602E-001,5.351060032844544E-001,3.277250379323959E-002,-1.147297583520412E-002,-8.351638913154602E-001,5.351060032844544E-001,
1.233833333333334E+009,2.868353575468063E-002,2.844233298674226E-003,-8.169139623641968E-001,5.534812211990356E-001,2.868353575468063E-002,2.844233298674226E-003,-8.169139623641968E-001,5.534812211990356E-001,
1.242200000000000E+009,3.347990289330483E-002,1.687067374587059E-002,-7.885679602622986E-001,5.724011063575745E-001,3.347990289330483E-002,1.687067374587059E-002,-7.885679602622986E-001,5.724011063575745E-001,
1.250566666666667E+009,4.696715250611305E-002,2.560066431760788E-002,-7.947150468826294E-001,6.021517515182495E-001,4.696715250611305E-002,2.560066431760788E-002,-7.947150468826294E-001,6.021517515182495E-001,
1.258933333333334E+009,6.679321080446243E-002,2.543239854276180E-002,-7.715854644775391E-001,6.124683618545532E-001,6.679321080446243E-002,2.543239854276180E-002,-7.715854644775391E-001,6.124683618545532E-001,
1.267300000000000E+009,8.398178964853287E-002,1.247513107955456E-002,-7.485468983650208E-001,6.308785080909729E-001,8.398178964853287E-002,1.247513107955456E-002,-7.485468983650208E-001,6.308785080909729E-001,
1.275666666666667E+009,9.448032826185226E-002,-6.367598660290241E-003,-7.429328560829163E-001,6.359294652938843E-001,9.448032826185226E-002,-6.367598660290241E-003,-7.429328560829163E-001,6.359294652938843E-001,
1.284033333333334E+009,9.605667740106583E-002,-3.006838820874691E-002,-7.154082655906677E-001,6.856791377067566E-001,9.605667740106583E-002,-3.006838820874691E-002,-7.154082655906677E-001,6.856791377067566E-001,
1.292400000000000E+009,8.358619362115860E-002,-4.984428733587265E-002,-7.069565057754517E-001,6.863781213760376E-001,8.358619362115860E-002,-4.984428733587265E-002,-7.069565057754517E-001,6.863781213760376E-001,
1.300766666666667E+009,6.508594751358032E-002,-5.900335684418678E-002,-6.923027038574219E-001,7.030151486396790E-001,6.508594751358032E-002,-5.900335684418678E-002,-6.923027038574219E-001,7.030151486396790E-001,
1.309133333333334E+009,4.433878883719444E-002,-5.776245146989822E-002,-6.785493493080139E-001,7.320597767829895E-001,4.433878883719444E-002,-5.776245146989822E-002,-6.785493493080139E-001,7.320597767829895E-001,
1.317500000000000E+009,2.855935506522656E-002,-4.674444347620010E-002,-6.472362875938416E-001,7.555773854255676E-001,2.855935506522656E-002,-4.674444347620010E-002,-6.472362875938416E-001,7.555773854255676E-001,
1.325866666666667E+009,2.187071926891804E-002,-3.127497062087059E-002,-6.321132183074951E-001,7.562158107757568E-001,2.187071926891804E-002,-3.127497062087059E-002,-6.321132183074951E-001,7.562158107757568E-001,
1.334233333333334E+009,2.670464664697647E-002,-1.340160518884659E-002,-6.099840998649597E-001,7.705836296081543E-001,2.670464664697647E-002,-1.340160518884659E-002,-6.099840998649597E-001,7.705836296081543E-001,
1.342600000000000E+009,4.153377562761307E-002,-7.766759488731623E-003,-5.965131521224976E-001,7.875247597694397E-001,4.153377562761307E-002,-7.766759488731623E-003,-5.965131521224976E-001,7.875247597694397E-001,
1.350966666666667E+009,5.835748463869095E-002,-1.011311542242765E-002,-5.686929225921631E-001,8.146150708198547E-001,5.835748463869095E-002,-1.011311542242765E-002,-5.686929225921631E-001,8.146150708198547E-001,
1.359333333333334E+009,7.251230627298355E-002,-2.326241321861744E-002,-5.490286350250244E-001,8.176182508468628E-001,7.251230627298355E-002,-2.326241321861744E-002,-5.490286350250244E-001,8.176182508468628E-001,
1.367700000000000E+009,7.846421003341675E-002,-4.509465396404266E-002,-5.300198197364807E-001,8.285442590713501E-001,7.846421003341675E-002,-4.509465396404266E-002,-5.300198197364807E-001,8.285442590713501E-001,
1.376066666666667E+009,7.206358760595322E-002,-6.923454999923706E-002,-5.045497417449951E-001,8.395372033119202E-001,7.206358760595322E-002,-6.923454999923706E-002,-5.045497417449951E-001,8.395372033119202E-001,
1.384433333333334E+009,5.617335066199303E-002,-8.427476137876511E-002,-4.976895749568939E-001,8.540573120117188E-001,5.617335066199303E-002,-8.427476137876511E-002,-4.976895749568939E-001,8.540573120117188E-001,
1.392800000000000E+009,3.102245554327965E-002,-8.869791030883789E-002,-4.712324738502502E-001,8.571348786354065E-001,3.102245554327965E-002,-8.869791030883789E-002,-4.712324738502502E-001,8.571348786354065E-001,
1.401166666666667E+009,1.225205417722464E-002,-8.228996396064758E-002,-4.415158629417419E-001,8.844076395034790E-001,1.225205417722464E-002,-8.228996396064758E-002,-4.415158629417419E-001,8.844076395034790E-001,
1.409533333333334E+009,-1.575495814904571E-003,-6.312577426433563E-002,-4.206999242305756E-001,8.940083384513855E-001,-1.575495814904571E-003,-6.312577426433563E-002,-4.206999242305756E-001,8.940083384513855E-001,
1.417900000000000E+009,-5.190188530832529E-003,-4.282414913177490E-002,-3.818045556545258E-001,8.912453651428223E-001,-5.190188530832529E-003,-4.282414913177490E-002,-3.818045556545258E-001,8.912453651428223E-001,
1.426266666666667E+009,2.841504756361246E-003,-2.398890256881714E-002,-3.779588639736176E-001,9.199510812759399E-001,2.841504756361246E-003,-2.398890256881714E-002,-3.779588639736176E-001,9.199510812759399E-001,
1.434633333333334E+009,2.001022174954414E-002,-1.627017557621002E-002,-3.468541502952576E-001,9.159422516822815E-001,2.001022174954414E-002,-1.627017557621002E-002,-3.468541502952576E-001,9.159422516822815E-001,
1.443000000000000E+009,4.072675853967667E-002,-1.860353909432888E-002,-3.199326694011688E-001,9.307249188423157E-001,4.072675853967667E-002,-1.860353909432888E-002,-3.199326694011688E-001,9.307249188423157E-001,
1.451366666666667E+009,5.481178313493729E-002,-3.470868244767189E-002,-2.988193929195404E-001,9.360607862472534E-001,5.481178313493729E-002,-3.470868244767189E-002,-2.988193929195404E-001,9.360607862472534E-001,
1.459733333333334E+009,5.790667608380318E-002,-5.667296797037125E-002,-2.796717882156372E-001,9.409589171409607E-001,5.790667608380318E-002,-5.667296797037125E-002,-2.796717882156372E-001,9.409589171409607E-001,
1.468100000000000E+009,5.040408670902252E-002,-7.867837697267532E-002,-2.468386143445969E-001,9.485801458358765E-001,5.040408670902252E-002,-7.867837697267532E-002,-2.468386143445969E-001,9.485801458358765E-001,
1.476466666666667E+009,3.224914893507958E-002,-9.375157952308655E-002,-2.284312993288040E-001,9.609444141387940E-001,3.224914893507958E-002,-9.375157952308655E-002,-2.284312993288040E-001,9.609444141387940E-001,
1.484833333333334E+009,8.861699141561985E-003,-9.752915799617767E-002,-1.983858495950699E-001,9.653697013854981E-001,8.861699141561985E-003,-9.752915799617767E-002,-1.983858495950699E-001,9.653697013854981E-001,
1.493200000000000E+009,-1.028012670576572E-002,-8.896111696958542E-002,-1.805485337972641E-001,9.640302658081055E-001,-1.028012670576572E-002,-8.896111696958542E-002,-1.805485337972641E-001,9.640302658081055E-001,
1.501566666666667E+009,-2.271254174411297E-002,-7.073120772838593E-002,-1.532440185546875E-001,9.687406420707703E-001,-2.271254174411297E-002,-7.073120772838593E-002,-1.532440185546875E-001,9.687406420707703E-001,
1.509933333333334E+009,-2.492423169314861E-002,-4.868470132350922E-002,-1.376042664051056E-001,9.751101136207581E-001,-2.492423169314861E-002,-4.868470132350922E-002,-1.376042664051056E-001,9.751101136207581E-001,
1.518300000000000E+009,-1.233318354934454E-002,-3.123785741627216E-002,-1.121351122856140E-001,9.837555289268494E-001,-1.233318354934454E-002,-3.123785741627216E-002,-1.121351122856140E-001,9.837555289268494E-001,
1.526666666666667E+009,5.648811813443899E-003,-2.297314256429672E-002,-7.732052356004715E-002,9.800703525543213E-001,5.648811813443899E-003,-2.297314256429672E-002,-7.732052356004715E-002,9.800703525543213E-001,
1.535033333333334E+009,2.442342042922974E-002,-2.649611420929432E-002,-5.481340363621712E-002,9.893659949302673E-001,2.442342042922974E-002,-2.649611420929432E-002,-5.481340363621712E-002,9.893659949302673E-001,
1.543400000000000E+009,3.626705706119537E-002,-4.167569428682327E-002,-3.053310886025429E-002,9.844215512275696E-001,3.626705706119537E-002,-4.167569428682327E-002,-3.053310886025429E-002,9.844215512275696E-001,
1.551766666666667E+009,3.631969913840294E-002,-6.342887878417969E-002,-5.793766584247351E-003,9.771869778633118E-001,3.631969913840294E-002,-6.342887878417969E-002,-5.793766584247351E-003,9.771869778633118E-001,
1.560133333333334E+009,2.827985957264900E-002,-8.353587239980698E-002,1.638134196400642E-002,9.838702678680420E-001,2.827985957264900E-002,-8.353587239980698E-002,1.638134196400642E-002,9.838702678680420E-001,
1.568500000000000E+009,1.026983000338078E-002,-9.714324772357941E-002,3.634751588106155E-002,9.868090152740479E-001,1.026983000338078E-002,-9.714324772357941E-002,3.634751588106155E-002,9.868090152740479E-001,
1.576866666666667E+009,-1.159443892538548E-002,-9.727720171213150E-002,7.583125680685043E-002,9.766705036163330E-001,-1.159443892538548E-002,-9.727720171213150E-002,7.583125680685043E-002,9.766705036163330E-001,
1.585233333333334E+009,-2.800644002854824E-002,-8.887761831283569E-002,8.945842087268829E-002,9.757909774780273E-001,-2.800644002854824E-002,-8.887761831283569E-002,8.945842087268829E-002,9.757909774780273E-001,
1.593600000000000E+009,-3.818859532475472E-002,-7.333886623382568E-002,1.169430837035179E-001,9.690659642219544E-001,-3.818859532475472E-002,-7.333886623382568E-002,1.169430837035179E-001,9.690659642219544E-001,
1.601966666666667E+009,-3.794555738568306E-002,-5.389045178890228E-002,1.359268426895142E-001,9.700984954833984E-001,-3.794555738568306E-002,-5.389045178890228E-002,1.359268426895142E-001,9.700984954833984E-001,
1.610333333333334E+009,-2.844302169978619E-002,-4.015971347689629E-002,1.661143153905869E-001,9.674412608146668E-001,-2.844302169978619E-002,-4.015971347689629E-002,1.661143153905869E-001,9.674412608146668E-001,
1.618700000000000E+009,-1.208997890353203E-002,-3.535949066281319E-002,1.960045397281647E-001,9.639076590538025E-001,-1.208997890353203E-002,-3.535949066281319E-002,1.960045397281647E-001,9.639076590538025E-001,
1.627066666666667E+009,1.614629407413304E-003,-3.999804332852364E-002,2.153178602457047E-001,9.587869048118591E-001,1.614629407413304E-003,-3.999804332852364E-002,2.153178602457047E-001,9.587869048118591E-001,
1.635433333333334E+009,9.185452945530415E-003,-5.136236175894737E-002,2.458679974079132E-001,9.583749175071716E-001,9.185452945530415E-003,-5.136236175894737E-002,2.458679974079132E-001,9.583749175071716E-001,
1.643800000000000E+009,8.018385618925095E-003,-6.924200057983398E-002,2.601895630359650E-001,9.462489485740662E-001,8.018385618925095E-003,-6.924200057983398E-002,2.601895630359650E-001,9.462489485740662E-001,
1.652166666666667E+009,-3.633134299889207E-003,-8.327635377645493E-002,2.966006994247437E-001,9.354858398437500E-001,-3.633134299889207E-003,-8.327635377645493E-002,2.966006994247437E-001,9.354858398437500E-001,
1.660533333333334E+009,-2.004650235176086E-002,-9.027305245399475E-002,3.127203583717346E-001,9.299080371856690E-001,-2.004650235176086E-002,-9.027305245399475E-002,3.127203583717346E-001,9.299080371856690E-001,
1.668900000000000E+009,-3.822474926710129E-002,-8.721662312746048E-002,3.323133885860443E-001,9.176012277603149E-001,-3.822474926710129E-002,-8.721662312746048E-002,3.323133885860443E-001,9.176012277603149E-001,
1.677266666666667E+009,-5.297964066267014E-002,-7.774921506643295E-002,3.706059157848358E-001,9.094943404197693E-001,-5.297964066267014E-002,-7.774921506643295E-002,3.706059157848358E-001,9.094943404197693E-001,
1.685633333333334E+009,-5.836379155516625E-002,-6.123268231749535E-002,3.865985870361328E-001,9.041621088981628E-001,-5.836379155516625E-002,-6.123268231749535E-002,3.865985870361328E-001,9.041621088981628E-001,
1.694000000000000E+009,-5.685694515705109E-002,-4.674062505364418E-002,4.041365981101990E-001,8.941033482551575E-001,-5.685694515705109E-002,-4.674062505364418E-002,4.041365981101990E-001,8.941033482551575E-001,
1.702366666666667E+009,-4.673653841018677E-002,-3.306246921420097E-002,4.244119822978973E-001,8.844643831253052E-001,-4.673653841018677E-002,-3.306246921420097E-002,4.244119822978973E-001,8.844643831253052E-001,
1.710733333333334E+009,-3.145209699869156E-002,-2.923812530934811E-002,4.462240338325501E-001,8.710919618606567E-001,-3.145209699869156E-002,-2.923812530934811E-002,4.462240338325501E-001,8.710919618606567E-001,
1.719100000000000E+009,-1.756920106709003E-002,-3.399183601140976E-002,4.754627645015717E-001,8.566790223121643E-001,-1.756920106709003E-002,-3.399183601140976E-002,4.754627645015717E-001,8.566790223121643E-001,
1.727466666666667E+009,-9.215905331075192E-003,-4.529934749007225E-002,4.955183267593384E-001,8.482139706611633E-001,-9.215905331075192E-003,-4.529934749007225E-002,4.955183267593384E-001,8.482139706611633E-001,
1.735833333333334E+009,-9.100827388465405E-003,-6.026460230350494E-002,5.117179751396179E-001,8.356464505195618E-001,-9.100827388465405E-003,-6.026460230350494E-002,5.117179751396179E-001,8.356464505195618E-001,
1.744200000000000E+009,-1.845096610486507E-002,-7.635319232940674E-002,5.407261252403259E-001,8.106047511100769E-001,-1.845096610486507E-002,-7.635319232940674E-002,5.407261252403259E-001,8.106047511100769E-001,
1.752566666666667E+009,-3.330769762396812E-002,-8.424101024866104E-002,5.693455338478088E-001,8.028357028961182E-001,-3.330769762396812E-002,-8.424101024866104E-002,5.693455338478088E-001,8.028357028961182E-001,
1.760933333333334E+009,-5.088805779814720E-002,-8.745301514863968E-002,5.771767497062683E-001,7.897632122039795E-001,-5.088805779814720E-002,-8.745301514863968E-002,5.771767497062683E-001,7.897632122039795E-001,
1.769300000000000E+009,-6.756874918937683E-002,-8.181122690439224E-002,6.006295084953308E-001,7.779462933540344E-001,-6.756874918937683E-002,-8.181122690439224E-002,6.006295084953308E-001,7.779462933540344E-001,
1.777666666666667E+009,-7.751882076263428E-002,-6.853966414928436E-002,6.164963841438294E-001,7.677845358848572E-001,-7.751882076263428E-002,-6.853966414928436E-002,6.164963841438294E-001,7.677845358848572E-001,
1.786033333333334E+009,-8.127836883068085E-002,-5.635924637317658E-002,6.289735436439514E-001,7.404997348785400E-001,-8.127836883068085E-002,-5.635924637317658E-002,6.289735436439514E-001,7.404997348785400E-001,
1.794400000000000E+009,-7.677142322063446E-002,-4.121099039912224E-002,6.516534090042114E-001,7.275813221931458E-001,-7.677142322063446E-002,-4.121099039912224E-002,6.516534090042114E-001,7.275813221931458E-001,
1.802766666666667E+009,-7.099792361259460E-002,-3.250746056437492E-002,6.686749458312988E-001,7.094615697860718E-001,-7.099792361259460E-002,-3.250746056437492E-002,6.686749458312988E-001,7.094615697860718E-001,
1.811133333333334E+009,-6.022162362933159E-002,-2.878785878419876E-002,6.951401829719544E-001,6.932013630867004E-001,-6.022162362933159E-002,-2.878785878419876E-002,6.951401829719544E-001,6.932013630867004E-001,
1.819500000000000E+009,-5.245232209563255E-002,-3.027338534593582E-002,7.104608416557312E-001,6.686532497406006E-001,-5.245232209563255E-002,-3.027338534593582E-002,7.104608416557312E-001,6.686532497406006E-001,
1.827866666666667E+009,-4.751912876963615E-002,-3.644677624106407E-002,7.324262261390686E-001,6.590912342071533E-001,-4.751912876963615E-002,-3.644677624106407E-002,7.324262261390686E-001,6.590912342071533E-001,
1.836233333333334E+009,-5.007633566856384E-002,-4.408884420990944E-002,7.448018789291382E-001,6.396750807762146E-001,-5.007633566856384E-002,-4.408884420990944E-002,7.448018789291382E-001,6.396750807762146E-001,
1.844600000000000E+009,-5.775067955255508E-002,-5.018859356641769E-002,7.599081397056580E-001,6.317464113235474E-001,-5.775067955255508E-002,-5.018859356641769E-002,7.599081397056580E-001,6.317464113235474E-001,
1.852966666666667E+009,-6.722558289766312E-002,-5.273465067148209E-002,7.706539630889893E-001,5.979036092758179E-001,-6.722558289766312E-002,-5.273465067148209E-002,7.706539630889893E-001,5.979036092758179E-001,
1.861333333333334E+009,-7.754565030336380E-002,-5.087940022349358E-002,7.934569716453552E-001,5.762096047401428E-001,-7.754565030336380E-002,-5.087940022349358E-002,7.934569716453552E-001,5.762096047401428E-001,
1.869700000000000E+009,-8.598379790782929E-002,-4.268513247370720E-002,8.077497482299805E-001,5.589550733566284E-001,-8.598379790782929E-002,-4.268513247370720E-002,8.077497482299805E-001,5.589550733566284E-001,
1.878066666666667E+009,-9.048405289649963E-002,-3.379968926310539E-002,8.196179866790772E-001,5.479893088340759E-001,-9.048405289649963E-002,-3.379968926310539E-002,8.196179866790772E-001,5.479893088340759E-001,
1.886433333333334E+009,-8.943653851747513E-002,-2.304450422525406E-002,8.371123671531677E-001,5.209892988204956E-001,-8.943653851747513E-002,-2.304450422525406E-002,8.371123671531677E-001,5.209892988204956E-001,
1.894800000000000E+009,-8.185189217329025E-002,-1.430203765630722E-002,8.481484651565552E-001,5.019726753234863E-001,-8.185189217329025E-002,-1.430203765630722E-002,8.481484651565552E-001,5.019726753234863E-001,
1.903166666666667E+009,-7.302250713109970E-002,-8.091083727777004E-003,8.632151484489441E-001,4.753104448318481E-001,-7.302250713109970E-002,-8.091083727777004E-003,8.632151484489441E-001,4.753104448318481E-001,
1.911533333333334E+009,-6.382468342781067E-002,-9.468248113989830E-003,8.718911409378052E-001,4.462197422981262E-001,-6.382468342781067E-002,-9.468248113989830E-003,8.718911409378052E-001,4.462197422981262E-001,
1.919900000000000E+009,-5.630546063184738E-002,-1.347942370921373E-002,8.878557682037354E-001,4.329217076301575E-001,-5.630546063184738E-002,-1.347942370921373E-002,8.878557682037354E-001,4.329217076301575E-001,
1.928266666666667E+009,-5.350042134523392E-002,-2.159875817596912E-002,8.870944380760193E-001,3.956550955772400E-001,-5.350042134523392E-002,-2.159875817596912E-002,8.870944380760193E-001,3.956550955772400E-001,
1.936633333333334E+009,-5.889868736267090E-002,-2.977746911346912E-002,9.075020551681519E-001,3.840157985687256E-001,-5.889868736267090E-002,-2.977746911346912E-002,9.075020551681519E-001,3.840157985687256E-001,
1.945000000000000E+009,-6.841448694467545E-002,-3.536812961101532E-002,9.186300635337830E-001,3.542478978633881E-001,-6.841448694467545E-002,-3.536812961101532E-002,9.186300635337830E-001,3.542478978633881E-001,
1.953366666666667E+009,-8.025447279214859E-002,-3.757286444306374E-002,9.199334383010864E-001,3.348818123340607E-001,-8.025447279214859E-002,-3.757286444306374E-002,9.199334383010864E-001,3.348818123340607E-001,
1.961733333333334E+009,-9.424425661563873E-002,-3.106434084475040E-002,9.342505335807800E-001,3.124710023403168E-001,-9.424425661563873E-002,-3.106434084475040E-002,9.342505335807800E-001,3.124710023403168E-001,
1.970100000000000E+009,-1.045392453670502E-001,-2.200510539114475E-002,9.311060309410095E-001,2.896398603916168E-001,-1.045392453670502E-001,-2.200510539114475E-002,9.311060309410095E-001,2.896398603916168E-001,
1.978466666666667E+009,-1.086446046829224E-001,-6.561450660228729E-003,9.436149001121521E-001,2.585564553737640E-001,-1.086446046829224E-001,-6.561450660228729E-003,9.436149001121521E-001,2.585564553737640E-001,
1.986833333333334E+009,-1.051395311951637E-001,7.004383951425552E-003,9.456239342689514E-001,2.427794933319092E-001,-1.051395311951637E-001,7.004383951425552E-003,9.456239342689514E-001,2.427794933319092E-001,
1.995200000000000E+009,-9.320103377103806E-002,1.754798181355000E-002,9.487369060516357E-001,2.276226282119751E-001,-9.320103377103806E-002,1.754798181355000E-002,9.487369060516357E-001,2.276226282119751E-001,
2.003566666666667E+009,-7.799565792083740E-002,2.237566187977791E-002,9.578987956047058E-001,1.965824365615845E-001,-7.799565792083740E-002,2.237566187977791E-002,9.578987956047058E-001,1.965824365615845E-001,
2.011933333333334E+009,-6.393119692802429E-002,1.845060102641583E-002,9.716020226478577E-001,1.709233522415161E-001,-6.393119692802429E-002,1.845060102641583E-002,9.716020226478577E-001,1.709233522415161E-001,
2.020300000000000E+009,-5.372352525591850E-002,9.522200562059879E-003,9.749160408973694E-001,1.354111135005951E-001,-5.372352525591850E-002,9.522200562059879E-003,9.749160408973694E-001,1.354111135005951E-001,
2.028666666666667E+009,-5.318620055913925E-002,-2.915552351623774E-003,9.790828227996826E-001,1.186005175113678E-001,-5.318620055913925E-002,-2.915552351623774E-003,9.790828227996826E-001,1.186005175113678E-001,
2.037033333333334E+009,-6.011553481221199E-002,-1.550661306828260E-002,9.828006029129028E-001,9.098437428474426E-002,-6.011553481221199E-002,-1.550661306828260E-002,9.828006029129028E-001,9.098437428474426E-002,
2.045400000000000E+009,-7.454742491245270E-002,-2.149472199380398E-002,9.812290668487549E-001,6.860740482807159E-002,-7.454742491245270E-002,-2.149472199380398E-002,9.812290668487549E-001,6.860740482807159E-002,
2.053766666666667E+009,-9.211227297782898E-002,-1.819017902016640E-002,9.796248078346252E-001,4.094244167208672E-002,-9.211227297782898E-002,-1.819017902016640E-002,9.796248078346252E-001,4.094244167208672E-002,
2.062133333333334E+009,-1.070161908864975E-001,-9.028607979416847E-003,9.817664623260498E-001,1.426226459443569E-002,-1.070161908864975E-001,-9.028607979416847E-003,9.817664623260498E-001,1.426226459443569E-002,
2.070500000000000E+009,-1.137761473655701E-001,1.027517206966877E-002,9.803643226623535E-001,-1.182767469435930E-002,-1.137761473655701E-001,1.027517206966877E-002,9.803643226623535E-001,-1.182767469435930E-002,
2.078866666666667E+009,-1.111228391528130E-001,2.823773957788944E-002,9.754269719123840E-001,-2.965116687119007E-002,-1.111228391528130E-001,2.823773957788944E-002,9.754269719123840E-001,-2.965116687119007E-002,
2.087233333333334E+009,-9.776173532009125E-002,3.936458006501198E-002,9.784396290779114E-001,-6.202141195535660E-002,-9.776173532009125E-002,3.936458006501198E-002,9.784396290779114E-001,-6.202141195535660E-002,
2.095600000000000E+009,-7.975306361913681E-002,4.642540961503983E-002,9.828184843063355E-001,-8.107049018144608E-002,-7.975306361913681E-002,4.642540961503983E-002,9.828184843063355E-001,-8.107049018144608E-002,
2.103966666666667E+009,-6.128817051649094E-002,4.086969420313835E-002,9.845326542854309E-001,-1.071158945560455E-001,-6.128817051649094E-002,4.086969420313835E-002,9.845326542854309E-001,-1.071158945560455E-001,
2.112333333333334E+009,-4.917507991194725E-002,2.680058032274246E-002,9.752849340438843E-001,-1.272953450679779E-001,-4.917507991194725E-002,2.680058032274246E-002,9.752849340438843E-001,-1.272953450679779E-001,
2.120700000000000E+009,-4.637310281395912E-002,6.303390488028526E-003,9.739553928375244E-001,-1.615941524505615E-001,-4.637310281395912E-002,6.303390488028526E-003,9.739553928375244E-001,-1.615941524505615E-001,
2.129066666666667E+009,-5.693978816270828E-002,-7.565597072243691E-003,9.793736338615418E-001,-1.944563686847687E-001,-5.693978816270828E-002,-7.565597072243691E-003,9.793736338615418E-001,-1.944563686847687E-001,
2.137433333333334E+009,-7.644154131412506E-002,-1.518135424703360E-002,9.595966339111328E-001,-2.162451446056366E-001,-7.644154131412506E-002,-1.518135424703360E-002,9.595966339111328E-001,-2.162451446056366E-001,
2.145800000000000E+009,-1.018601357936859E-001,-1.142063457518816E-002,9.558297991752625E-001,-2.416523694992065E-001,-1.018601357936859E-001,-1.142063457518816E-002,9.558297991752625E-001,-2.416523694992065E-001,
2.154166666666667E+009,-1.203919053077698E-001,4.211544059216976E-003,9.454330801963806E-001,-2.594428956508637E-001,-1.203919053077698E-001,4.211544059216976E-003,9.454330801963806E-001,-2.594428956508637E-001,
2.162533333333334E+009,-1.289386153221130E-001,2.996502630412579E-002,9.226105213165283E-001,-2.835839688777924E-001,-1.289386153221130E-001,2.996502630412579E-002,9.226105213165283E-001,-2.835839688777924E-001,
2.170900000000000E+009,-1.260947436094284E-001,5.409596115350723E-002,9.284702539443970E-001,-3.074421882629395E-001,-1.260947436094284E-001,5.409596115350723E-002,9.284702539443970E-001,-3.074421882629395E-001,
2.179266666666667E+009,-1.089327558875084E-001,7.253471761941910E-002,9.163327217102051E-001,-3.208805918693543E-001,-1.089327558875084E-001,7.253471761941910E-002,9.163327217102051E-001,-3.208805918693543E-001,
2.187633333333334E+009,-8.627454191446304E-002,7.949511706829071E-002,9.171162843704224E-001,-3.493344187736511E-001,-8.627454191446304E-002,7.949511706829071E-002,9.171162843704224E-001,-3.493344187736511E-001,
2.196000000000000E+009,-6.174830719828606E-002,7.269100844860077E-002,9.023256301879883E-001,-3.715833723545075E-001,-6.174830719828606E-002,7.269100844860077E-002,9.023256301879883E-001,-3.715833723545075E-001,
2.204366666666667E+009,-4.623834788799286E-002,5.410710349678993E-002,8.987529873847961E-001,-3.953106701374054E-001,-4.623834788799286E-002,5.410710349678993E-002,8.987529873847961E-001,-3.953106701374054E-001,
2.212733333333334E+009,-4.278607666492462E-002,2.996327169239521E-002,8.853277564048767E-001,-4.325413405895233E-001,-4.278607666492462E-002,2.996327169239521E-002,8.853277564048767E-001,-4.325413405895233E-001,
2.221100000000000E+009,-5.329643934965134E-002,1.121693290770054E-002,8.691649436950684E-001,-4.462328851222992E-001,-5.329643934965134E-002,1.121693290770054E-002,8.691649436950684E-001,-4.462328851222992E-001,
2.229466666666667E+009,-7.485483586788178E-002,1.316301175393164E-003,8.586440682411194E-001,-4.634473919868469E-001,-7.485483586788178E-002,1.316301175393164E-003,8.586440682411194E-001,-4.634473919868469E-001,
2.237833333333334E+009,-1.007298901677132E-001,9.517723694443703E-003,8.472321629524231E-001,-4.936842918395996E-001,-1.007298901677132E-001,9.517723694443703E-003,8.472321629524231E-001,-4.936842918395996E-001,
2.246200000000000E+009,-1.216178312897682E-001,2.837924845516682E-002,8.295854926109314E-001,-5.123750567436218E-001,-1.216178312897682E-001,2.837924845516682E-002,8.295854926109314E-001,-5.123750567436218E-001,
2.254566666666667E+009,-1.281546950340271E-001,5.793244764208794E-002,8.181986808776856E-001,-5.307369232177734E-001,-1.281546950340271E-001,5.793244764208794E-002,8.181986808776856E-001,-5.307369232177734E-001,
2.262933333333334E+009,-1.228827834129334E-001,8.417799323797226E-002,8.010842800140381E-001,-5.459560155868530E-001,-1.228827834129334E-001,8.417799323797226E-002,8.010842800140381E-001,-5.459560155868530E-001,
2.271300000000000E+009,-1.044007539749146E-001,1.065573692321777E-001,7.851629853248596E-001,-5.622447133064270E-001,-1.044007539749146E-001,1.065573692321777E-001,7.851629853248596E-001,-5.622447133064270E-001,
2.279666666666667E+009,-7.807389646768570E-002,1.105975583195686E-001,7.763975262641907E-001,-5.817103981971741E-001,-7.807389646768570E-002,1.105975583195686E-001,7.763975262641907E-001,-5.817103981971741E-001,
2.288033333333334E+009,-5.529636144638062E-002,1.015368923544884E-001,7.659070491790772E-001,-6.098858118057251E-001,-5.529636144638062E-002,1.015368923544884E-001,7.659070491790772E-001,-6.098858118057251E-001,
2.296400000000000E+009,-4.006296768784523E-002,8.018193393945694E-002,7.495067715644836E-001,-6.296042203903198E-001,-4.006296768784523E-002,8.018193393945694E-002,7.495067715644836E-001,-6.296042203903198E-001,
2.304766666666667E+009,-4.065044224262238E-002,5.537599697709084E-002,7.367528676986694E-001,-6.399885416030884E-001,-4.065044224262238E-002,5.537599697709084E-002,7.367528676986694E-001,-6.399885416030884E-001,
2.313133333333334E+009,-5.560917034745216E-002,3.860660269856453E-002,7.137564420700073E-001,-6.781600117683411E-001,-5.560917034745216E-002,3.860660269856453E-002,7.137564420700073E-001,-6.781600117683411E-001,
2.321500000000000E+009,-7.666045427322388E-002,3.440863266587257E-002,6.949347257614136E-001,-6.895100474357605E-001,-7.666045427322388E-002,3.440863266587257E-002,6.949347257614136E-001,-6.895100474357605E-001,
2.329866666666667E+009,-9.786114096641541E-002,4.665300622582436E-002,6.808561682701111E-001,-7.086420655250549E-001,-9.786114096641541E-002,4.665300622582436E-002,6.808561682701111E-001,-7.086420655250549E-001,
2.338233333333334E+009,-1.117219924926758E-001,7.048688828945160E-002,6.490364074707031E-001,-7.261583209037781E-001,-1.117219924926758E-001,7.048688828945160E-002,6.490364074707031E-001,-7.261583209037781E-001,
2.346600000000000E+009,-1.104442626237869E-001,1.028782054781914E-001,6.284022927284241E-001,-7.389528751373291E-001,-1.104442626237869E-001,1.028782054781914E-001,6.284022927284241E-001,-7.389528751373291E-001,
2.354966666666667E+009,-9.302181005477905E-002,1.281623691320419E-001,6.204224824905396E-001,-7.450587153434753E-001,-9.302181005477905E-002,1.281623691320419E-001,6.204224824905396E-001,-7.450587153434753E-001,
2.363333333333334E+009,-6.594461202621460E-002,1.400099545717239E-001,6.049351096153259E-001,-7.588919401168823E-001,-6.594461202621460E-002,1.400099545717239E-001,6.049351096153259E-001,-7.588919401168823E-001,
2.371700000000000E+009,-3.411129117012024E-002,1.355363726615906E-001,5.909086465835571E-001,-7.764261364936829E-001,-3.411129117012024E-002,1.355363726615906E-001,5.909086465835571E-001,-7.764261364936829E-001,
2.380066666666667E+009,-1.112507656216621E-002,1.134298816323280E-001,5.674110651016235E-001,-7.920589447021484E-001,-1.112507656216621E-002,1.134298816323280E-001,5.674110651016235E-001,-7.920589447021484E-001,
2.388433333333334E+009,-4.588782321661711E-003,8.270904421806335E-002,5.507950186729431E-001,-8.028921484947205E-001,-4.588782321661711E-003,8.270904421806335E-002,5.507950186729431E-001,-8.028921484947205E-001,
2.396800000000000E+009,-1.658488623797894E-002,5.015304684638977E-002,5.187957286834717E-001,-8.306073546409607E-001,-1.658488623797894E-002,5.015304684638977E-002,5.187957286834717E-001,-8.306073546409607E-001,
2.405166666666667E+009,-4.416106641292572E-002,2.940440364181995E-002,4.990605711936951E-001,-8.479431867599487E-001,-4.416106641292572E-002,2.940440364181995E-002,4.990605711936951E-001,-8.479431867599487E-001,
2.413533333333334E+009,-7.896990329027176E-002,2.829306386411190E-002,4.703049361705780E-001,-8.585121035575867E-001,-7.896990329027176E-002,2.829306386411190E-002,4.703049361705780E-001,-8.585121035575867E-001,
2.421900000000000E+009,-1.112674176692963E-001,4.821237921714783E-002,4.516904354095459E-001,-8.692102432250977E-001,-1.112674176692963E-001,4.821237921714783E-002,4.516904354095459E-001,-8.692102432250977E-001,
2.430266666666667E+009,-1.281432062387466E-001,8.452424407005310E-002,4.232960343360901E-001,-8.788135647773743E-001,-1.281432062387466E-001,8.452424407005310E-002,4.232960343360901E-001,-8.788135647773743E-001,
2.438633333333334E+009,-1.265698224306107E-001,1.283293664455414E-001,3.992640674114227E-001,-8.842499256134033E-001,-1.265698224306107E-001,1.283293664455414E-001,3.992640674114227E-001,-8.842499256134033E-001,
2.447000000000000E+009,-1.033179685473442E-001,1.652827709913254E-001,3.767406046390533E-001,-8.913410305976868E-001,-1.033179685473442E-001,1.652827709913254E-001,3.767406046390533E-001,-8.913410305976868E-001,
2.455366666666667E+009,-6.716490536928177E-002,1.859915256500244E-001,3.595476150512695E-001,-8.963994979858398E-001,-6.716490536928177E-002,1.859915256500244E-001,3.595476150512695E-001,-8.963994979858398E-001,
2.463733333333334E+009,-2.822179906070232E-002,1.881813853979111E-001,3.442432880401611E-001,-9.054364562034607E-001,-2.822179906070232E-002,1.881813853979111E-001,3.442432880401611E-001,-9.054364562034607E-001,
2.472100000000000E+009,4.143485333770514E-003,1.692831665277481E-001,3.220064938068390E-001,-9.130675196647644E-001,4.143485333770514E-003,1.692831665277481E-001,3.220064938068390E-001,-9.130675196647644E-001,
2.480466666666667E+009,1.955612376332283E-002,1.388586908578873E-001,2.960281372070313E-001,-9.209956526756287E-001,1.955612376332283E-002,1.388586908578873E-001,2.960281372070313E-001,-9.209956526756287E-001,
2.488833333333334E+009,1.492102816700935E-002,1.041710078716278E-001,2.800455987453461E-001,-9.333319664001465E-001,1.492102816700935E-002,1.041710078716278E-001,2.800455987453461E-001,-9.333319664001465E-001,
2.497200000000000E+009,-4.537346772849560E-003,8.118073642253876E-002,2.496096938848496E-001,-9.492941498756409E-001,-4.537346772849560E-003,8.118073642253876E-002,2.496096938848496E-001,-9.492941498756409E-001,
2.505566666666667E+009,-3.532039374113083E-002,7.446406781673431E-002,2.168716788291931E-001,-9.561941027641296E-001,-3.532039374113083E-002,7.446406781673431E-002,2.168716788291931E-001,-9.561941027641296E-001,
2.513933333333334E+009,-6.067506223917007E-002,9.018944203853607E-002,1.915386617183685E-001,-9.572321176528931E-001,-6.067506223917007E-002,9.018944203853607E-002,1.915386617183685E-001,-9.572321176528931E-001,
2.522300000000000E+009,-7.427334785461426E-002,1.182826980948448E-001,1.576086580753326E-001,-9.601943492889404E-001,-7.427334785461426E-002,1.182826980948448E-001,1.576086580753326E-001,-9.601943492889404E-001,
2.530666666666667E+009,-6.768468767404556E-002,1.524885892868042E-001,1.301495730876923E-001,-9.607468843460083E-001,-6.768468767404556E-002,1.524885892868042E-001,1.301495730876923E-001,-9.607468843460083E-001,
2.539033333333334E+009,-4.394409433007240E-002,1.806012541055679E-001,1.120084598660469E-001,-9.568108916282654E-001,-4.394409433007240E-002,1.806012541055679E-001,1.120084598660469E-001,-9.568108916282654E-001,
2.547400000000000E+009,-7.843103259801865E-003,1.946308016777039E-001,9.616380184888840E-002,-9.609661698341370E-001,-7.843103259801865E-003,1.946308016777039E-001,9.616380184888840E-002,-9.609661698341370E-001,
2.555766666666667E+009,3.048106469213963E-002,1.909031867980957E-001,7.243468612432480E-002,-9.646469354629517E-001,3.048106469213963E-002,1.909031867980957E-001,7.243468612432480E-002,-9.646469354629517E-001,
2.564133333333334E+009,5.650516599416733E-002,1.679471284151077E-001,5.327919870615006E-002,-9.616277813911438E-001,5.650516599416733E-002,1.679471284151077E-001,5.327919870615006E-002,-9.616277813911438E-001,
2.572500000000000E+009,6.642161309719086E-002,1.364208161830902E-001,2.983075380325317E-002,-9.650731086730957E-001,6.642161309719086E-002,1.364208161830902E-001,2.983075380325317E-002,-9.650731086730957E-001,
2.580866666666667E+009,5.736150592565537E-002,1.031675115227699E-001,6.973714567720890E-003,-9.752774834632874E-001,5.736150592565537E-002,1.031675115227699E-001,6.973714567720890E-003,-9.752774834632874E-001,
2.589233333333334E+009,3.036279603838921E-002,8.268515765666962E-002,-2.337707020342350E-002,-9.751642346382141E-001,3.036279603838921E-002,8.268515765666962E-002,-2.337707020342350E-002,-9.751642346382141E-001,
2.597600000000000E+009,-1.568385050632060E-003,7.892115414142609E-002,-5.782769620418549E-002,-9.780550599098206E-001,-1.568385050632060E-003,7.892115414142609E-002,-5.782769620418549E-002,-9.780550599098206E-001,
2.605966666666667E+009,-2.922104485332966E-002,9.708620607852936E-002,-7.726574689149857E-002,-9.798377156257629E-001,-2.922104485332966E-002,9.708620607852936E-002,-7.726574689149857E-002,-9.798377156257629E-001,
2.614333333333334E+009,-4.124443233013153E-002,1.260959357023239E-001,-1.111201718449593E-001,-9.676535725593567E-001,-4.124443233013153E-002,1.260959357023239E-001,-1.111201718449593E-001,-9.676535725593567E-001,
2.622700000000000E+009,-3.288711234927177E-002,1.601329296827316E-001,-1.344270110130310E-001,-9.535327553749085E-001,-3.288711234927177E-002,1.601329296827316E-001,-1.344270110130310E-001,-9.535327553749085E-001,
2.631066666666667E+009,-7.170818280428648E-003,1.879443228244782E-001,-1.576568335294724E-001,-9.582831859588623E-001,-7.170818280428648E-003,1.879443228244782E-001,-1.576568335294724E-001,-9.582831859588623E-001,
2.639433333333334E+009,3.071872703731060E-002,1.986150890588760E-001,-1.766229867935181E-001,-9.411950111389160E-001,3.071872703731060E-002,1.986150890588760E-001,-1.766229867935181E-001,-9.411950111389160E-001,
2.647800000000000E+009,7.001759856939316E-002,1.924291104078293E-001,-1.965285837650299E-001,-9.376118183135986E-001,7.001759856939316E-002,1.924291104078293E-001,-1.965285837650299E-001,-9.376118183135986E-001,
2.656166666666667E+009,9.799113869667053E-002,1.693678498268127E-001,-2.150971889495850E-001,-9.406757354736328E-001,9.799113869667053E-002,1.693678498268127E-001,-2.150971889495850E-001,-9.406757354736328E-001,
2.664533333333334E+009,1.082418635487557E-001,1.365725398063660E-001,-2.399974912405014E-001,-9.271939992904663E-001,1.082418635487557E-001,1.365725398063660E-001,-2.399974912405014E-001,-9.271939992904663E-001,
2.672900000000000E+009,1.000629886984825E-001,1.061236336827278E-001,-2.611497044563294E-001,-9.308359622955322E-001,1.000629886984825E-001,1.061236336827278E-001,-2.611497044563294E-001,-9.308359622955322E-001,
2.681266666666667E+009,7.627869397401810E-002,8.634518086910248E-002,-2.883349657058716E-001,-9.266141653060913E-001,7.627869397401810E-002,8.634518086910248E-002,-2.883349657058716E-001,-9.266141653060913E-001,
2.689633333333334E+009,4.477523267269135E-002,8.401861041784287E-002,-3.162451386451721E-001,-9.250338673591614E-001,4.477523267269135E-002,8.401861041784287E-002,-3.162451386451721E-001,-9.250338673591614E-001,
2.698000000000000E+009,1.911918446421623E-002,9.971483051776886E-002,-3.373301923274994E-001,-9.113893508911133E-001,1.911918446421623E-002,9.971483051776886E-002,-3.373301923274994E-001,-9.113893508911133E-001,
2.706366666666667E+009,9.394864551723003E-003,1.283470392227173E-001,-3.695530891418457E-001,-8.939865827560425E-001,9.394864551723003E-003,1.283470392227173E-001,-3.695530891418457E-001,-8.939865827560425E-001,
2.714733333333334E+009,1.786009781062603E-002,1.597971916198731E-001,-3.902723789215088E-001,-8.873430490493774E-001,1.786009781062603E-002,1.597971916198731E-001,-3.902723789215088E-001,-8.873430490493774E-001,
2.723100000000000E+009,4.612964019179344E-002,1.830813288688660E-001,-4.098779857158661E-001,-8.661745786666870E-001,4.612964019179344E-002,1.830813288688660E-001,-4.098779857158661E-001,-8.661745786666870E-001,
2.731466666666667E+009,8.502135425806046E-002,1.916542500257492E-001,-4.312365949153900E-001,-8.559553027153015E-001,8.502135425806046E-002,1.916542500257492E-001,-4.312365949153900E-001,-8.559553027153015E-001,
2.739833333333334E+009,1.234428137540817E-001,1.797621250152588E-001,-4.449248611927033E-001,-8.407657742500305E-001,1.234428137540817E-001,1.797621250152588E-001,-4.449248611927033E-001,-8.407657742500305E-001,
2.748200000000000E+009,1.520437151193619E-001,1.545706987380981E-001,-4.624738991260529E-001,-8.328160643577576E-001,1.520437151193619E-001,1.545706987380981E-001,-4.624738991260529E-001,-8.328160643577576E-001,
2.756566666666667E+009,1.635037511587143E-001,1.195440590381622E-001,-4.812095165252686E-001,-8.270709514617920E-001,1.635037511587143E-001,1.195440590381622E-001,-4.812095165252686E-001,-8.270709514617920E-001,
2.764933333333334E+009,1.571935564279556E-001,8.541762828826904E-002,-5.122511386871338E-001,-8.236736059188843E-001,1.571935564279556E-001,8.541762828826904E-002,-5.122511386871338E-001,-8.236736059188843E-001,
2.773300000000000E+009,1.340624839067459E-001,6.163418665528297E-002,-5.261200070381165E-001,-8.100690245628357E-001,1.340624839067459E-001,6.163418665528297E-002,-5.261200070381165E-001,-8.100690245628357E-001,
2.781666666666667E+009,1.024750247597694E-001,5.726668611168861E-002,-5.499330163002014E-001,-7.995014190673828E-001,1.024750247597694E-001,5.726668611168861E-002,-5.499330163002014E-001,-7.995014190673828E-001,
2.790033333333334E+009,7.420321553945541E-002,6.955681741237640E-002,-5.769701004028320E-001,-7.871236205101013E-001,7.420321553945541E-002,6.955681741237640E-002,-5.769701004028320E-001,-7.871236205101013E-001,
2.798400000000000E+009,6.003005802631378E-002,9.587623924016953E-002,-5.998893380165100E-001,-7.724845409393311E-001,6.003005802631378E-002,9.587623924016953E-002,-5.998893380165100E-001,-7.724845409393311E-001,
2.806766666666667E+009,6.783744692802429E-002,1.255023926496506E-001,-6.194094419479370E-001,-7.464117407798767E-001,6.783744692802429E-002,1.255023926496506E-001,-6.194094419479370E-001,-7.464117407798767E-001,
2.815133333333334E+009,8.998709917068481E-002,1.459214687347412E-001,-6.360677480697632E-001,-7.292329072952271E-001,8.998709917068481E-002,1.459214687347412E-001,-6.360677480697632E-001,-7.292329072952271E-001,
2.823500000000000E+009,1.275207698345184E-001,1.522931903600693E-001,-6.529041528701782E-001,-7.082113027572632E-001,1.275207698345184E-001,1.522931903600693E-001,-6.529041528701782E-001,-7.082113027572632E-001,
2.831866666666667E+009,1.628045290708542E-001,1.392810195684433E-001,-6.618596911430359E-001,-6.898356676101685E-001,1.628045290708542E-001,1.392810195684433E-001,-6.618596911430359E-001,-6.898356676101685E-001,
2.840233333333334E+009,1.906125843524933E-001,1.107531264424324E-001,-6.804180145263672E-001,-6.778577566146851E-001,1.906125843524933E-001,1.107531264424324E-001,-6.804180145263672E-001,-6.778577566146851E-001,
2.848600000000000E+009,2.021297067403793E-001,7.339226454496384E-002,-6.880877017974854E-001,-6.609094738960266E-001,2.021297067403793E-001,7.339226454496384E-002,-6.880877017974854E-001,-6.609094738960266E-001,
2.856966666666667E+009,1.949755102396011E-001,3.817522525787354E-002,-7.057902216911316E-001,-6.477940678596497E-001,1.949755102396011E-001,3.817522525787354E-002,-7.057902216911316E-001,-6.477940678596497E-001,
2.865333333333334E+009,1.700257658958435E-001,1.229357533156872E-002,-7.245888710021973E-001,-6.374621987342835E-001,1.700257658958435E-001,1.229357533156872E-002,-7.245888710021973E-001,-6.374621987342835E-001,
2.873700000000000E+009,1.356356739997864E-001,6.288163829594851E-003,-7.473188042640686E-001,-6.148397922515869E-001,1.356356739997864E-001,6.288163829594851E-003,-7.473188042640686E-001,-6.148397922515869E-001,
2.882066666666667E+009,1.053447872400284E-001,1.959582976996899E-002,-7.640643119812012E-001,-5.918774604797363E-001,1.053447872400284E-001,1.959582976996899E-002,-7.640643119812012E-001,-5.918774604797363E-001,
2.890433333333334E+009,8.826755732297897E-002,4.744116961956024E-002,-7.846772074699402E-001,-5.722635388374329E-001,8.826755732297897E-002,4.744116961956024E-002,-7.846772074699402E-001,-5.722635388374329E-001,
2.898800000000000E+009,9.208144247531891E-002,7.980913668870926E-002,-7.988877296447754E-001,-5.529178380966187E-001,9.208144247531891E-002,7.980913668870926E-002,-7.988877296447754E-001,-5.529178380966187E-001,
2.907166666666667E+009,1.146093159914017E-001,1.026334092020989E-001,-8.071533441543579E-001,-5.322263836860657E-001,1.146093159914017E-001,1.026334092020989E-001,-8.071533441543579E-001,-5.322263836860657E-001,
2.915533333333334E+009,1.526193618774414E-001,1.094245910644531E-001,-8.202957510948181E-001,-4.998766183853149E-001,1.526193618774414E-001,1.094245910644531E-001,-8.202957510948181E-001,-4.998766183853149E-001,
2.923900000000000E+009,1.874055564403534E-001,9.706616401672363E-002,-8.252906799316406E-001,-4.845209419727325E-001,1.874055564403534E-001,9.706616401672363E-002,-8.252906799316406E-001,-4.845209419727325E-001,
2.932266666666667E+009,2.161705791950226E-001,6.750112771987915E-002,-8.328168392181397E-001,-4.644964337348938E-001,2.161705791950226E-001,6.750112771987915E-002,-8.328168392181397E-001,-4.644964337348938E-001,
2.940633333333334E+009,2.259805053472519E-001,2.604028210043907E-002,-8.391405940055847E-001,-4.426909685134888E-001,2.259805053472519E-001,2.604028210043907E-002,-8.391405940055847E-001,-4.426909685134888E-001,
2.949000000000000E+009,2.168692797422409E-001,-1.492781378328800E-002,-8.558923602104187E-001,-4.239738881587982E-001,2.168692797422409E-001,-1.492781378328800E-002,-8.558923602104187E-001,-4.239738881587982E-001,
2.957366666666667E+009,1.903210878372192E-001,-4.392692446708679E-002,-8.672230839729309E-001,-4.133465886116028E-001,1.903210878372192E-001,-4.392692446708679E-002,-8.672230839729309E-001,-4.133465886116028E-001,
2.965733333333334E+009,1.532226651906967E-001,-5.343916267156601E-002,-8.831314444541931E-001,-3.921589851379395E-001,1.532226651906967E-001,-5.343916267156601E-002,-8.831314444541931E-001,-3.921589851379395E-001,
2.974100000000000E+009,1.197567358613014E-001,-4.251949116587639E-002,-9.004797339439392E-001,-3.626310825347900E-001,1.197567358613014E-001,-4.251949116587639E-002,-9.004797339439392E-001,-3.626310825347900E-001,
2.982466666666667E+009,9.917281568050385E-002,-1.329225860536099E-002,-9.148880839347839E-001,-3.375255465507507E-001,9.917281568050385E-002,-1.329225860536099E-002,-9.148880839347839E-001,-3.375255465507507E-001,
2.990833333333334E+009,9.992914646863937E-002,2.081016823649406E-002,-9.188519716262817E-001,-3.145891427993774E-001,9.992914646863937E-002,2.081016823649406E-002,-9.188519716262817E-001,-3.145891427993774E-001,
2.999200000000000E+009,1.226113289594650E-001,4.796747863292694E-002,-9.290970563888550E-001,-2.849655449390411E-001,1.226113289594650E-001,4.796747863292694E-002,-9.290970563888550E-001,-2.849655449390411E-001,
3.007566666666667E+009,1.588577032089233E-001,5.735240504145622E-002,-9.322371482849121E-001,-2.557797431945801E-001,1.588577032089233E-001,5.735240504145622E-002,-9.322371482849121E-001,-2.557797431945801E-001,
3.015933333333334E+009,1.971583515405655E-001,4.319747537374497E-002,-9.286202192306519E-001,-2.344825118780136E-001,1.971583515405655E-001,4.319747537374497E-002,-9.286202192306519E-001,-2.344825118780136E-001,
3.024300000000000E+009,2.248015254735947E-001,9.873765520751476E-003,-9.315853118896484E-001,-2.140865474939346E-001,2.248015254735947E-001,9.873765520751476E-003,-9.315853118896484E-001,-2.140865474939346E-001,
3.032666666666667E+009,2.338392287492752E-001,-3.503818809986115E-002,-9.324830770492554E-001,-1.937605589628220E-001,2.338392287492752E-001,-3.503818809986115E-002,-9.324830770492554E-001,-1.937605589628220E-001,
3.041033333333334E+009,2.189636528491974E-001,-7.820643484592438E-002,-9.365965127944946E-001,-1.764238625764847E-001,2.189636528491974E-001,-7.820643484592438E-002,-9.365965127944946E-001,-1.764238625764847E-001,
3.049400000000000E+009,1.861252337694168E-001,-1.094776317477226E-001,-9.420506954193115E-001,-1.508046388626099E-001,1.861252337694168E-001,-1.094776317477226E-001,-9.420506954193115E-001,-1.508046388626099E-001,
3.057766666666667E+009,1.439131647348404E-001,-1.193289011716843E-001,-9.535306096076965E-001,-1.452403366565704E-001,1.439131647348404E-001,-1.193289011716843E-001,-9.535306096076965E-001,-1.452403366565704E-001,
3.066133333333334E+009,1.030615568161011E-001,-1.048607006669045E-001,-9.588677883148193E-001,-1.102834567427635E-001,1.030615568161011E-001,-1.048607006669045E-001,-9.588677883148193E-001,-1.102834567427635E-001,
3.074500000000000E+009,7.952679693698883E-002,-7.243960350751877E-002,-9.701698422431946E-001,-8.164699375629425E-002,7.952679693698883E-002,-7.243960350751877E-002,-9.701698422431946E-001,-8.164699375629425E-002,
3.082866666666667E+009,7.855518907308579E-002,-3.223303705453873E-002,-9.751280546188355E-001,-5.453344807028770E-002,7.855518907308579E-002,-3.223303705453873E-002,-9.751280546188355E-001,-5.453344807028770E-002,
3.091233333333334E+009,1.055834516882896E-001,1.618947484530509E-003,-9.730524420738220E-001,-2.093479596078396E-002,1.055834516882896E-001,1.618947484530509E-003,-9.730524420738220E-001,-2.093479596078396E-002,
3.099600000000000E+009,1.470151096582413E-001,1.149772759526968E-002,-9.652215838432312E-001,7.948174141347408E-003,1.470151096582413E-001,1.149772759526968E-002,-9.652215838432312E-001,7.948174141347408E-003,
3.107966666666667E+009,1.914629489183426E-001,-5.946762859821320E-003,-9.608812332153320E-001,3.042938746511936E-002,1.914629489183426E-001,-5.946762859821320E-003,-9.608812332153320E-001,3.042938746511936E-002,
3.116333333333334E+009,2.234140336513519E-001,-4.480185732245445E-002,-9.523310065269470E-001,5.730943009257317E-002,2.234140336513519E-001,-4.480185732245445E-002,-9.523310065269470E-001,5.730943009257317E-002,
3.124700000000000E+009,2.295274436473846E-001,-9.630394726991653E-002,-9.473181962966919E-001,7.228597998619080E-002,2.295274436473846E-001,-9.630394726991653E-002,-9.473181962966919E-001,7.228597998619080E-002,
3.133066666666667E+009,2.140388786792755E-001,-1.463234573602676E-001,-9.462463855743408E-001,9.453400224447250E-002,2.140388786792755E-001,-1.463234573602676E-001,-9.462463855743408E-001,9.453400224447250E-002,
3.141433333333334E+009,1.731867790222168E-001,-1.836107671260834E-001,-9.461500644683838E-001,1.087039038538933E-001,1.731867790222168E-001,-1.836107671260834E-001,-9.461500644683838E-001,1.087039038538933E-001,
3.149800000000000E+009,1.198889613151550E-001,-1.958209872245789E-001,-9.504863023757935E-001,1.318508088588715E-001,1.198889613151550E-001,-1.958209872245789E-001,-9.504863023757935E-001,1.318508088588715E-001,
3.158166666666667E+009,7.016085833311081E-002,-1.802142858505249E-001,-9.480288028717041E-001,1.548753082752228E-001,7.016085833311081E-002,-1.802142858505249E-001,-9.480288028717041E-001,1.548753082752228E-001,
3.166533333333334E+009,3.790337592363358E-002,-1.435411274433136E-001,-9.537155032157898E-001,1.793279051780701E-001,3.790337592363358E-002,-1.435411274433136E-001,-9.537155032157898E-001,1.793279051780701E-001,
3.174900000000000E+009,2.947117015719414E-002,-9.626501053571701E-002,-9.511375427246094E-001,2.105737775564194E-001,2.947117015719414E-002,-9.626501053571701E-002,-9.511375427246094E-001,2.105737775564194E-001,
3.183266666666667E+009,5.198121815919876E-002,-5.411448702216148E-002,-9.417764544487000E-001,2.448393255472183E-001,5.198121815919876E-002,-5.411448702216148E-002,-9.417764544487000E-001,2.448393255472183E-001,
3.191633333333334E+009,9.515929222106934E-002,-3.767022490501404E-002,-9.270702600479126E-001,2.729712724685669E-001,9.515929222106934E-002,-3.767022490501404E-002,-9.270702600479126E-001,2.729712724685669E-001,
3.200000000000000E+009,1.399689614772797E-001,-5.096583813428879E-002,-9.182904958724976E-001,2.949242889881134E-001,1.399689614772797E-001,-5.096583813428879E-002,-9.182904958724976E-001,2.949242889881134E-001,
