% Version 1.00
%
%freq[Hz],re:Trc1_S11,im:Trc1_S11,re:Trc2_S21,im:Trc2_S21,re:Trc3_S11,im:Trc3_S11,re:Trc4_S21,im:Trc4_S21,
6.900000000000000E+008,-5.009314417839050E-002,2.164320088922977E-002,-4.937515854835510E-001,-8.499181866645813E-001,-5.009314417839050E-002,2.164320088922977E-002,-4.937515854835510E-001,-8.499181866645813E-001,
6.983666666666666E+008,-4.295152053236961E-002,2.114765718579292E-002,-5.131372809410095E-001,-8.333317041397095E-001,-4.295152053236961E-002,2.114765718579292E-002,-5.131372809410095E-001,-8.333317041397095E-001,
7.067333333333334E+008,-3.787833079695702E-002,1.798017323017120E-002,-5.430428385734558E-001,-8.112267851829529E-001,-3.787833079695702E-002,1.798017323017120E-002,-5.430428385734558E-001,-8.112267851829529E-001,
7.151000000000000E+008,-3.922724723815918E-002,9.778186678886414E-003,-5.551207065582275E-001,-7.995437383651733E-001,-3.922724723815918E-002,9.778186678886414E-003,-5.551207065582275E-001,-7.995437383651733E-001,
7.234666666666666E+008,-3.950990736484528E-002,3.478188300505281E-003,-5.898267626762390E-001,-7.845225930213928E-001,-3.950990736484528E-002,3.478188300505281E-003,-5.898267626762390E-001,-7.845225930213928E-001,
7.318333333333334E+008,-4.781967774033546E-002,2.443109988234937E-004,-5.997083187103272E-001,-7.816006541252136E-001,-4.781967774033546E-002,2.443109988234937E-004,-5.997083187103272E-001,-7.816006541252136E-001,
7.402000000000000E+008,-5.584845319390297E-002,1.843086094595492E-003,-6.284016966819763E-001,-7.597013115882874E-001,-5.584845319390297E-002,1.843086094595492E-003,-6.284016966819763E-001,-7.597013115882874E-001,
7.485666666666666E+008,-6.163482740521431E-002,6.663995794951916E-003,-6.504527926445007E-001,-7.264313697814941E-001,-6.163482740521431E-002,6.663995794951916E-003,-6.504527926445007E-001,-7.264313697814941E-001,
7.569333333333334E+008,-6.321293860673904E-002,1.587857492268086E-002,-6.681006550788879E-001,-7.240614295005798E-001,-6.321293860673904E-002,1.587857492268086E-002,-6.681006550788879E-001,-7.240614295005798E-001,
7.653000000000000E+008,-6.012811884284020E-002,2.470181323587894E-002,-6.704772114753723E-001,-7.203325629234314E-001,-6.012811884284020E-002,2.470181323587894E-002,-6.704772114753723E-001,-7.203325629234314E-001,
7.736666666666666E+008,-5.310774967074394E-002,3.275553509593010E-002,-6.997362971305847E-001,-7.098355293273926E-001,-5.310774967074394E-002,3.275553509593010E-002,-6.997362971305847E-001,-7.098355293273926E-001,
7.820333333333334E+008,-4.683952778577805E-002,3.652339056134224E-002,-7.198029160499573E-001,-6.895136237144470E-001,-4.683952778577805E-002,3.652339056134224E-002,-7.198029160499573E-001,-6.895136237144470E-001,
7.904000000000000E+008,-3.798930719494820E-002,3.423096984624863E-002,-7.328434586524963E-001,-6.640708446502686E-001,-3.798930719494820E-002,3.423096984624863E-002,-7.328434586524963E-001,-6.640708446502686E-001,
7.987666666666666E+008,-3.130180016160011E-002,3.005496226251125E-002,-7.532089948654175E-001,-6.431545019149780E-001,-3.130180016160011E-002,3.005496226251125E-002,-7.532089948654175E-001,-6.431545019149780E-001,
8.071333333333334E+008,-3.191174194216728E-002,2.546238154172897E-002,-7.646950483322144E-001,-6.311342120170593E-001,-3.191174194216728E-002,2.546238154172897E-002,-7.646950483322144E-001,-6.311342120170593E-001,
8.155000000000000E+008,-3.611126542091370E-002,1.802063360810280E-002,-7.721962332725525E-001,-5.878977179527283E-001,-3.611126542091370E-002,1.802063360810280E-002,-7.721962332725525E-001,-5.878977179527283E-001,
8.238666666666666E+008,-4.235655441880226E-002,1.490778010338545E-002,-8.025637865066528E-001,-5.902669429779053E-001,-4.235655441880226E-002,1.490778010338545E-002,-8.025637865066528E-001,-5.902669429779053E-001,
8.322333333333334E+008,-5.177451670169830E-002,1.682620123028755E-002,-8.148775100708008E-001,-5.620904564857483E-001,-5.177451670169830E-002,1.682620123028755E-002,-8.148775100708008E-001,-5.620904564857483E-001,
8.406000000000000E+008,-5.734066665172577E-002,1.998490467667580E-002,-8.257550001144409E-001,-5.494820475578308E-001,-5.734066665172577E-002,1.998490467667580E-002,-8.257550001144409E-001,-5.494820475578308E-001,
8.489666666666668E+008,-5.909796059131622E-002,2.787753753364086E-002,-8.480761051177979E-001,-5.232079029083252E-001,-5.909796059131622E-002,2.787753753364086E-002,-8.480761051177979E-001,-5.232079029083252E-001,
8.573333333333334E+008,-5.606301873922348E-002,3.527775406837463E-002,-8.528769612312317E-001,-5.060356855392456E-001,-5.606301873922348E-002,3.527775406837463E-002,-8.528769612312317E-001,-5.060356855392456E-001,
8.657000000000000E+008,-5.061645060777664E-002,4.408595338463783E-002,-8.724845051765442E-001,-4.749803841114044E-001,-5.061645060777664E-002,4.408595338463783E-002,-8.724845051765442E-001,-4.749803841114044E-001,
8.740666666666668E+008,-4.307733848690987E-002,4.883876442909241E-002,-8.659564852714539E-001,-4.612069725990295E-001,-4.307733848690987E-002,4.883876442909241E-002,-8.659564852714539E-001,-4.612069725990295E-001,
8.824333333333334E+008,-3.505357727408409E-002,4.803584888577461E-002,-8.967480063438416E-001,-4.245558679103851E-001,-3.505357727408409E-002,4.803584888577461E-002,-8.967480063438416E-001,-4.245558679103851E-001,
8.908000000000000E+008,-2.842938713729382E-002,4.792373254895210E-002,-9.096971750259399E-001,-4.233630299568176E-001,-2.842938713729382E-002,4.792373254895210E-002,-9.096971750259399E-001,-4.233630299568176E-001,
8.991666666666668E+008,-2.601727284491062E-002,4.082064703106880E-002,-9.180967211723328E-001,-3.943539857864380E-001,-2.601727284491062E-002,4.082064703106880E-002,-9.180967211723328E-001,-3.943539857864380E-001,
9.075333333333334E+008,-2.710681036114693E-002,3.644366562366486E-002,-9.088205099105835E-001,-3.687363266944885E-001,-2.710681036114693E-002,3.644366562366486E-002,-9.088205099105835E-001,-3.687363266944885E-001,
9.159000000000000E+008,-3.056902997195721E-002,3.194517642259598E-002,-9.243912100791931E-001,-3.594188094139099E-001,-3.056902997195721E-002,3.194517642259598E-002,-9.243912100791931E-001,-3.594188094139099E-001,
9.242666666666668E+008,-3.663638234138489E-002,2.780443243682385E-002,-9.344032406806946E-001,-3.344852030277252E-001,-3.663638234138489E-002,2.780443243682385E-002,-9.344032406806946E-001,-3.344852030277252E-001,
9.326333333333334E+008,-4.213187843561173E-002,3.026499226689339E-002,-9.395270347595215E-001,-2.989203333854675E-001,-4.213187843561173E-002,3.026499226689339E-002,-9.395270347595215E-001,-2.989203333854675E-001,
9.410000000000000E+008,-4.830934479832649E-002,3.681147843599320E-002,-9.493914842605591E-001,-2.697684466838837E-001,-4.830934479832649E-002,3.681147843599320E-002,-9.493914842605591E-001,-2.697684466838837E-001,
9.493666666666668E+008,-5.047532916069031E-002,4.390182718634605E-002,-9.494991898536682E-001,-2.612022459506989E-001,-5.047532916069031E-002,4.390182718634605E-002,-9.494991898536682E-001,-2.612022459506989E-001,
9.577333333333334E+008,-4.620466381311417E-002,5.226395651698113E-002,-9.773285984992981E-001,-2.193186432123184E-001,-4.620466381311417E-002,5.226395651698113E-002,-9.773285984992981E-001,-2.193186432123184E-001,
9.661000000000000E+008,-3.957513719797134E-002,5.994373559951782E-002,-9.589989781379700E-001,-2.072767913341522E-001,-3.957513719797134E-002,5.994373559951782E-002,-9.589989781379700E-001,-2.072767913341522E-001,
9.744666666666668E+008,-3.065899200737476E-002,6.456328183412552E-002,-9.787706136703491E-001,-1.716327667236328E-001,-3.065899200737476E-002,6.456328183412552E-002,-9.787706136703491E-001,-1.716327667236328E-001,
9.828333333333334E+008,-1.809161715209484E-002,6.317586451768875E-002,-9.737269878387451E-001,-1.491857171058655E-001,-1.809161715209484E-002,6.317586451768875E-002,-9.737269878387451E-001,-1.491857171058655E-001,
9.912000000000000E+008,-8.976442739367485E-003,6.019388884305954E-002,-9.829540848731995E-001,-1.396786868572235E-001,-8.976442739367485E-003,6.019388884305954E-002,-9.829540848731995E-001,-1.396786868572235E-001,
9.995666666666668E+008,-5.399378947913647E-003,5.195816233754158E-002,-9.844949841499329E-001,-1.027018278837204E-001,-5.399378947913647E-003,5.195816233754158E-002,-9.844949841499329E-001,-1.027018278837204E-001,
1.007933333333333E+009,-6.001359317451716E-003,4.387516528367996E-002,-9.931281805038452E-001,-8.210790157318115E-002,-6.001359317451716E-003,4.387516528367996E-002,-9.931281805038452E-001,-8.210790157318115E-002,
1.016300000000000E+009,-1.348632201552391E-002,3.611789643764496E-002,-9.905039668083191E-001,-5.700925737619400E-002,-1.348632201552391E-002,3.611789643764496E-002,-9.905039668083191E-001,-5.700925737619400E-002,
1.024666666666667E+009,-2.175791561603546E-002,3.555530309677124E-002,-9.933422207832336E-001,-3.475436940789223E-002,-2.175791561603546E-002,3.555530309677124E-002,-9.933422207832336E-001,-3.475436940789223E-002,
1.033033333333333E+009,-3.041001595556736E-002,3.722203522920609E-002,-9.731966257095337E-001,3.736444748938084E-003,-3.041001595556736E-002,3.722203522920609E-002,-9.731966257095337E-001,3.736444748938084E-003,
1.041400000000000E+009,-3.565549477934837E-002,4.362313449382782E-002,-9.807687401771545E-001,2.673305198550224E-002,-3.565549477934837E-002,4.362313449382782E-002,-9.807687401771545E-001,2.673305198550224E-002,
1.049766666666667E+009,-3.719640150666237E-002,5.228511244058609E-002,-9.868319034576416E-001,4.692226648330689E-002,-3.719640150666237E-002,5.228511244058609E-002,-9.868319034576416E-001,4.692226648330689E-002,
1.058133333333333E+009,-2.977567538619041E-002,6.234179809689522E-002,-9.819514155387878E-001,7.103517651557922E-002,-2.977567538619041E-002,6.234179809689522E-002,-9.819514155387878E-001,7.103517651557922E-002,
1.066500000000000E+009,-1.867698319256306E-002,6.739320605993271E-002,-9.660502672195435E-001,1.008585542440414E-001,-1.867698319256306E-002,6.739320605993271E-002,-9.660502672195435E-001,1.008585542440414E-001,
1.074866666666667E+009,-6.793825421482325E-003,6.513607501983643E-002,-9.811566472053528E-001,1.309152096509934E-001,-6.793825421482325E-003,6.513607501983643E-002,-9.811566472053528E-001,1.309152096509934E-001,
1.083233333333334E+009,5.257177632302046E-003,6.147694960236549E-002,-9.768397212028503E-001,1.465309262275696E-001,5.257177632302046E-003,6.147694960236549E-002,-9.768397212028503E-001,1.465309262275696E-001,
1.091600000000000E+009,8.989755995571613E-003,5.014273896813393E-002,-9.697378277778626E-001,1.803021579980850E-001,8.989755995571613E-003,5.014273896813393E-002,-9.697378277778626E-001,1.803021579980850E-001,
1.099966666666667E+009,9.654741734266281E-003,3.840091824531555E-002,-9.634955525398254E-001,1.987690925598145E-001,9.654741734266281E-003,3.840091824531555E-002,-9.634955525398254E-001,1.987690925598145E-001,
1.108333333333334E+009,5.253218114376068E-004,2.895617671310902E-002,-9.786881208419800E-001,2.212312668561935E-001,5.253218114376068E-004,2.895617671310902E-002,-9.786881208419800E-001,2.212312668561935E-001,
1.116700000000000E+009,-1.239435467869043E-002,3.037486039102078E-002,-9.579556584358215E-001,2.554557621479034E-001,-1.239435467869043E-002,3.037486039102078E-002,-9.579556584358215E-001,2.554557621479034E-001,
1.125066666666667E+009,-2.575881034135819E-002,3.229793533682823E-002,-9.455431699752808E-001,2.739295661449432E-001,-2.575881034135819E-002,3.229793533682823E-002,-9.455431699752808E-001,2.739295661449432E-001,
1.133433333333334E+009,-3.705639764666557E-002,4.525432363152504E-002,-9.396215081214905E-001,2.924522757530212E-001,-3.705639764666557E-002,4.525432363152504E-002,-9.396215081214905E-001,2.924522757530212E-001,
1.141800000000000E+009,-3.680197522044182E-002,5.944214761257172E-002,-9.282367229461670E-001,3.160019218921661E-001,-3.680197522044182E-002,5.944214761257172E-002,-9.282367229461670E-001,3.160019218921661E-001,
1.150166666666667E+009,-3.085377626121044E-002,7.312027364969254E-002,-9.299407601356506E-001,3.488603830337524E-001,-3.085377626121044E-002,7.312027364969254E-002,-9.299407601356506E-001,3.488603830337524E-001,
1.158533333333334E+009,-1.398910675197840E-002,8.132063597440720E-002,-9.150382876396179E-001,3.673504590988159E-001,-1.398910675197840E-002,8.132063597440720E-002,-9.150382876396179E-001,3.673504590988159E-001,
1.166900000000000E+009,5.432174541056156E-003,8.247247338294983E-002,-9.078208804130554E-001,3.938313722610474E-001,5.432174541056156E-003,8.247247338294983E-002,-9.078208804130554E-001,3.938313722610474E-001,
1.175266666666667E+009,2.103451825678349E-002,7.273565232753754E-002,-8.922752141952515E-001,4.118640124797821E-001,2.103451825678349E-002,7.273565232753754E-002,-8.922752141952515E-001,4.118640124797821E-001,
1.183633333333334E+009,3.353820741176605E-002,5.866648629307747E-002,-8.827003240585327E-001,4.356811344623566E-001,3.353820741176605E-002,5.866648629307747E-002,-8.827003240585327E-001,4.356811344623566E-001,
1.192000000000000E+009,3.418767452239990E-002,4.073367267847061E-002,-8.778830170631409E-001,4.672901928424835E-001,3.418767452239990E-002,4.073367267847061E-002,-8.778830170631409E-001,4.672901928424835E-001,
1.200366666666667E+009,2.486543357372284E-002,2.438433095812798E-002,-8.639867901802063E-001,4.840424060821533E-001,2.486543357372284E-002,2.438433095812798E-002,-8.639867901802063E-001,4.840424060821533E-001,
1.208733333333334E+009,6.288135424256325E-003,1.746857725083828E-002,-8.568137288093567E-001,5.121903419494629E-001,6.288135424256325E-003,1.746857725083828E-002,-8.568137288093567E-001,5.121903419494629E-001,
1.217100000000000E+009,-1.205716375261545E-002,2.051550708711147E-002,-8.269451856613159E-001,5.264309644699097E-001,-1.205716375261545E-002,2.051550708711147E-002,-8.269451856613159E-001,5.264309644699097E-001,
1.225466666666667E+009,-2.555589005351067E-002,3.346229344606400E-002,-8.302692770957947E-001,5.511334538459778E-001,-2.555589005351067E-002,3.346229344606400E-002,-8.302692770957947E-001,5.511334538459778E-001,
1.233833333333334E+009,-2.807899564504623E-002,5.026093497872353E-002,-8.084271550178528E-001,5.703200697898865E-001,-2.807899564504623E-002,5.026093497872353E-002,-8.084271550178528E-001,5.703200697898865E-001,
1.242200000000000E+009,-2.243618294596672E-002,6.614781916141510E-002,-7.781492471694946E-001,5.869923233985901E-001,-2.243618294596672E-002,6.614781916141510E-002,-7.781492471694946E-001,5.869923233985901E-001,
1.250566666666667E+009,-7.928253151476383E-003,7.764390856027603E-002,-7.867980599403381E-001,6.123284101486206E-001,-7.928253151476383E-003,7.764390856027603E-002,-7.867980599403381E-001,6.123284101486206E-001,
1.258933333333334E+009,1.219765096902847E-002,7.979056239128113E-002,-7.653148174285889E-001,6.262305378913879E-001,1.219765096902847E-002,7.979056239128113E-002,-7.653148174285889E-001,6.262305378913879E-001,
1.267300000000000E+009,3.023096546530724E-002,6.893993169069290E-002,-7.421336174011231E-001,6.442342996597290E-001,3.023096546530724E-002,6.893993169069290E-002,-7.421336174011231E-001,6.442342996597290E-001,
1.275666666666667E+009,4.123401641845703E-002,5.289090424776077E-002,-7.372695207595825E-001,6.539689898490906E-001,4.123401641845703E-002,5.289090424776077E-002,-7.372695207595825E-001,6.539689898490906E-001,
1.284033333333334E+009,4.299010708928108E-002,3.118070214986801E-002,-7.066587209701538E-001,7.044677138328552E-001,4.299010708928108E-002,3.118070214986801E-002,-7.066587209701538E-001,7.044677138328552E-001,
1.292400000000000E+009,3.077278658747673E-002,1.358442846685648E-002,-7.034291028976440E-001,7.012012600898743E-001,3.077278658747673E-002,1.358442846685648E-002,-7.034291028976440E-001,7.012012600898743E-001,
1.300766666666667E+009,1.256841979920864E-002,7.179872132837772E-003,-6.824283003807068E-001,7.188218832015991E-001,1.256841979920864E-002,7.179872132837772E-003,-6.824283003807068E-001,7.188218832015991E-001,
1.309133333333334E+009,-7.306641433387995E-003,1.143921166658402E-002,-6.681151986122131E-001,7.477840185165405E-001,-7.306641433387995E-003,1.143921166658402E-002,-6.681151986122131E-001,7.477840185165405E-001,
1.317500000000000E+009,-2.175444550812244E-002,2.507996372878552E-002,-6.358543038368225E-001,7.711006999015808E-001,-2.175444550812244E-002,2.507996372878552E-002,-6.358543038368225E-001,7.711006999015808E-001,
1.325866666666667E+009,-2.683402597904205E-002,4.320895671844482E-002,-6.180759072303772E-001,7.706210017204285E-001,-2.683402597904205E-002,4.320895671844482E-002,-6.180759072303772E-001,7.706210017204285E-001,
1.334233333333334E+009,-2.024430036544800E-002,6.355335563421249E-002,-5.981724262237549E-001,7.810967564582825E-001,-2.024430036544800E-002,6.355335563421249E-002,-5.981724262237549E-001,7.810967564582825E-001,
1.342600000000000E+009,-3.346072975546122E-003,7.117366790771484E-002,-5.871081948280335E-001,7.998883724212647E-001,-3.346072975546122E-003,7.117366790771484E-002,-5.871081948280335E-001,7.998883724212647E-001,
1.350966666666667E+009,1.457264646887779E-002,7.142341881990433E-002,-5.571150779724121E-001,8.211667537689209E-001,1.457264646887779E-002,7.142341881990433E-002,-5.571150779724121E-001,8.211667537689209E-001,
1.359333333333334E+009,3.027100674808025E-002,6.099099293351173E-002,-5.396410822868347E-001,8.308895826339722E-001,3.027100674808025E-002,6.099099293351173E-002,-5.396410822868347E-001,8.308895826339722E-001,
1.367700000000000E+009,3.836871683597565E-002,4.042558744549751E-002,-5.227763652801514E-001,8.399162292480469E-001,3.836871683597565E-002,4.042558744549751E-002,-5.227763652801514E-001,8.399162292480469E-001,
1.376066666666667E+009,3.244290500879288E-002,1.779071055352688E-002,-4.956829249858856E-001,8.535596132278442E-001,3.244290500879288E-002,1.779071055352688E-002,-4.956829249858856E-001,8.535596132278442E-001,
1.384433333333334E+009,1.767089962959290E-002,5.476262420415878E-003,-4.870488941669464E-001,8.664562702178955E-001,1.767089962959290E-002,5.476262420415878E-003,-4.870488941669464E-001,8.664562702178955E-001,
1.392800000000000E+009,-5.665537435561419E-003,3.286200575530529E-003,-4.609040617942810E-001,8.699855804443359E-001,-5.665537435561419E-003,3.286200575530529E-003,-4.609040617942810E-001,8.699855804443359E-001,
1.401166666666667E+009,-2.322175726294518E-002,1.277591101825237E-002,-4.269676506519318E-001,8.985555171966553E-001,-2.322175726294518E-002,1.277591101825237E-002,-4.269676506519318E-001,8.985555171966553E-001,
1.409533333333334E+009,-3.519117832183838E-002,3.410181403160095E-002,-4.040222465991974E-001,9.095444083213806E-001,-3.519117832183838E-002,3.410181403160095E-002,-4.040222465991974E-001,9.095444083213806E-001,
1.417900000000000E+009,-3.656383603811264E-002,5.698597803711891E-002,-3.670183122158051E-001,8.948481082916260E-001,-3.656383603811264E-002,5.698597803711891E-002,-3.670183122158051E-001,8.948481082916260E-001,
1.426266666666667E+009,-2.500285021960735E-002,7.800130546092987E-002,-3.614732325077057E-001,9.271198511123657E-001,-2.500285021960735E-002,7.800130546092987E-002,-3.614732325077057E-001,9.271198511123657E-001,
1.434633333333334E+009,-6.220649927854538E-003,8.688636869192123E-002,-3.339626491069794E-001,9.201785326004028E-001,-6.220649927854538E-003,8.688636869192123E-002,-3.339626491069794E-001,9.201785326004028E-001,
1.443000000000000E+009,1.765746809542179E-002,8.638690412044525E-002,-3.093292713165283E-001,9.347028732299805E-001,1.765746809542179E-002,8.638690412044525E-002,-3.093292713165283E-001,9.347028732299805E-001,
1.451366666666667E+009,3.324098512530327E-002,7.135432213544846E-002,-2.909102439880371E-001,9.429112076759338E-001,3.324098512530327E-002,7.135432213544846E-002,-2.909102439880371E-001,9.429112076759338E-001,
1.459733333333334E+009,4.027729481458664E-002,5.291642621159554E-002,-2.748189568519592E-001,9.455981254577637E-001,4.027729481458664E-002,5.291642621159554E-002,-2.748189568519592E-001,9.455981254577637E-001,
1.468100000000000E+009,3.535255044698715E-002,3.280192241072655E-002,-2.378735989332199E-001,9.555475115776062E-001,3.535255044698715E-002,3.280192241072655E-002,-2.378735989332199E-001,9.555475115776062E-001,
1.476466666666667E+009,1.988188922405243E-002,1.822862960398197E-002,-2.182046025991440E-001,9.717324972152710E-001,1.988188922405243E-002,1.822862960398197E-002,-2.182046025991440E-001,9.717324972152710E-001,
1.484833333333334E+009,-1.596877467818558E-003,1.698301918804646E-002,-1.814049333333969E-001,9.752968549728394E-001,-1.596877467818558E-003,1.698301918804646E-002,-1.814049333333969E-001,9.752968549728394E-001,
1.493200000000000E+009,-1.836554519832134E-002,2.731846645474434E-002,-1.619084179401398E-001,9.715154767036438E-001,-1.836554519832134E-002,2.731846645474434E-002,-1.619084179401398E-001,9.715154767036438E-001,
1.501566666666667E+009,-2.745860442519188E-002,4.874095320701599E-002,-1.331290900707245E-001,9.761313199996948E-001,-2.745860442519188E-002,4.874095320701599E-002,-1.331290900707245E-001,9.761313199996948E-001,
1.509933333333334E+009,-2.646580897271633E-002,7.258383929729462E-002,-1.205750033259392E-001,9.797292947769165E-001,-2.646580897271633E-002,7.258383929729462E-002,-1.205750033259392E-001,9.797292947769165E-001,
1.518300000000000E+009,-1.015848666429520E-002,8.984678238630295E-002,-9.454182535409927E-002,9.842940568923950E-001,-1.015848666429520E-002,8.984678238630295E-002,-9.454182535409927E-002,9.842940568923950E-001,
1.526666666666667E+009,1.122110895812511E-002,9.818626195192337E-002,-6.453542411327362E-002,9.776496887207031E-001,1.122110895812511E-002,9.818626195192337E-002,-6.453542411327362E-002,9.776496887207031E-001,
1.535033333333334E+009,3.332703188061714E-002,9.599851816892624E-002,-3.897326067090035E-002,9.898114800453186E-001,3.332703188061714E-002,9.599851816892624E-002,-3.897326067090035E-002,9.898114800453186E-001,
1.543400000000000E+009,4.842228069901466E-002,8.134403079748154E-002,-2.102073840796948E-002,9.839256405830383E-001,4.842228069901466E-002,8.134403079748154E-002,-2.102073840796948E-002,9.839256405830383E-001,
1.551766666666667E+009,5.209242552518845E-002,5.970028042793274E-002,1.339212874881923E-003,9.832801222801209E-001,5.209242552518845E-002,5.970028042793274E-002,1.339212874881923E-003,9.832801222801209E-001,
1.560133333333334E+009,4.651616513729096E-002,3.968167304992676E-002,2.335669659078121E-002,9.912807941436768E-001,4.651616513729096E-002,3.968167304992676E-002,2.335669659078121E-002,9.912807941436768E-001,
1.568500000000000E+009,3.145589306950569E-002,2.851525321602821E-002,4.304413497447968E-002,9.924112558364868E-001,3.145589306950569E-002,2.851525321602821E-002,4.304413497447968E-002,9.924112558364868E-001,
1.576866666666667E+009,1.282056700438261E-002,2.818755246698856E-002,8.807226270437241E-002,9.811778664588928E-001,1.282056700438261E-002,2.818755246698856E-002,8.807226270437241E-002,9.811778664588928E-001,
1.585233333333334E+009,-6.857949774712324E-004,3.848368301987648E-002,1.017461940646172E-001,9.804684519767761E-001,-6.857949774712324E-004,3.848368301987648E-002,1.017461940646172E-001,9.804684519767761E-001,
1.593600000000000E+009,-7.547941990196705E-003,5.451241135597229E-002,1.303487718105316E-001,9.733706116676331E-001,-7.547941990196705E-003,5.451241135597229E-002,1.303487718105316E-001,9.733706116676331E-001,
1.601966666666667E+009,-3.646586090326309E-003,7.516700774431229E-002,1.532654166221619E-001,9.741514325141907E-001,-3.646586090326309E-003,7.516700774431229E-002,1.532654166221619E-001,9.741514325141907E-001,
1.610333333333334E+009,1.023741904646158E-002,8.863429725170136E-002,1.818331480026245E-001,9.648863077163696E-001,1.023741904646158E-002,8.863429725170136E-002,1.818331480026245E-001,9.648863077163696E-001,
1.618700000000000E+009,2.964890375733376E-002,9.465312212705612E-002,2.069469988346100E-001,9.614904522895813E-001,2.964890375733376E-002,9.465312212705612E-002,2.069469988346100E-001,9.614904522895813E-001,
1.627066666666667E+009,4.727749899029732E-002,8.954787254333496E-002,2.259128838777542E-001,9.514300227165222E-001,4.727749899029732E-002,8.954787254333496E-002,2.259128838777542E-001,9.514300227165222E-001,
1.635433333333334E+009,5.856683477759361E-002,7.799533009529114E-002,2.578195929527283E-001,9.574732780456543E-001,5.856683477759361E-002,7.799533009529114E-002,2.578195929527283E-001,9.574732780456543E-001,
1.643800000000000E+009,6.106709316372871E-002,6.063377857208252E-002,2.680695950984955E-001,9.471354484558106E-001,6.106709316372871E-002,6.063377857208252E-002,2.680695950984955E-001,9.471354484558106E-001,
1.652166666666667E+009,5.445740371942520E-002,4.618611931800842E-002,3.025448024272919E-001,9.366188645362854E-001,5.445740371942520E-002,4.618611931800842E-002,3.025448024272919E-001,9.366188645362854E-001,
1.660533333333334E+009,4.083815217018127E-002,3.854183852672577E-002,3.226932287216187E-001,9.296056032180786E-001,4.083815217018127E-002,3.854183852672577E-002,3.226932287216187E-001,9.296056032180786E-001,
1.668900000000000E+009,2.685000933706760E-002,4.166737571358681E-002,3.435776531696320E-001,9.214448332786560E-001,2.685000933706760E-002,4.166737571358681E-002,3.435776531696320E-001,9.214448332786560E-001,
1.677266666666667E+009,1.578325219452381E-002,5.050745978951454E-002,3.853234648704529E-001,9.104058146476746E-001,1.578325219452381E-002,5.050745978951454E-002,3.853234648704529E-001,9.104058146476746E-001,
1.685633333333334E+009,1.452222000807524E-002,6.622796505689621E-002,4.001906812191010E-001,9.034566283226013E-001,1.452222000807524E-002,6.622796505689621E-002,4.001906812191010E-001,9.034566283226013E-001,
1.694000000000000E+009,1.975665427744389E-002,8.080108463764191E-002,4.176460802555084E-001,8.913089632987976E-001,1.975665427744389E-002,8.080108463764191E-002,4.176460802555084E-001,8.913089632987976E-001,
1.702366666666667E+009,3.445656597614288E-002,9.270785003900528E-002,4.380458593368530E-001,8.816960453987122E-001,3.445656597614288E-002,9.270785003900528E-002,4.380458593368530E-001,8.816960453987122E-001,
1.710733333333334E+009,5.234378948807716E-002,9.603135287761688E-002,4.543923437595367E-001,8.611433506011963E-001,5.234378948807716E-002,9.603135287761688E-002,4.543923437595367E-001,8.611433506011963E-001,
1.719100000000000E+009,7.091169059276581E-002,8.957073092460632E-002,4.821812808513641E-001,8.482937216758728E-001,7.091169059276581E-002,8.957073092460632E-002,4.821812808513641E-001,8.482937216758728E-001,
1.727466666666667E+009,8.258725702762604E-002,7.745442539453507E-002,5.010203123092651E-001,8.426816463470459E-001,8.258725702762604E-002,7.745442539453507E-002,5.010203123092651E-001,8.426816463470459E-001,
1.735833333333334E+009,8.637335896492004E-002,6.109269708395004E-002,5.153121948242188E-001,8.284975886344910E-001,8.637335896492004E-002,6.109269708395004E-002,5.153121948242188E-001,8.284975886344910E-001,
1.744200000000000E+009,8.131335675716400E-002,4.387161135673523E-002,5.459055304527283E-001,8.111638426780701E-001,8.131335675716400E-002,4.387161135673523E-002,5.459055304527283E-001,8.111638426780701E-001,
1.752566666666667E+009,7.152586430311203E-002,3.326308354735375E-002,5.744469165802002E-001,8.053518533706665E-001,7.152586430311203E-002,3.326308354735375E-002,5.744469165802002E-001,8.053518533706665E-001,
1.760933333333334E+009,5.818585306406021E-002,2.929526008665562E-002,5.859531760215759E-001,7.910689115524292E-001,5.818585306406021E-002,2.929526008665562E-002,5.859531760215759E-001,7.910689115524292E-001,
1.769300000000000E+009,4.515982791781426E-002,3.304123878479004E-002,6.088639497756958E-001,7.791287302970886E-001,4.515982791781426E-002,3.304123878479004E-002,6.088639497756958E-001,7.791287302970886E-001,
1.777666666666667E+009,3.718248009681702E-002,4.351515695452690E-002,6.263459920883179E-001,7.653333544731140E-001,3.718248009681702E-002,4.351515695452690E-002,6.263459920883179E-001,7.653333544731140E-001,
1.786033333333334E+009,3.795573487877846E-002,5.467120930552483E-002,6.416385769844055E-001,7.383263111114502E-001,3.795573487877846E-002,5.467120930552483E-002,6.416385769844055E-001,7.383263111114502E-001,
1.794400000000000E+009,4.607743024826050E-002,6.809671223163605E-002,6.662595868110657E-001,7.239989638328552E-001,4.607743024826050E-002,6.809671223163605E-002,6.662595868110657E-001,7.239989638328552E-001,
1.802766666666667E+009,5.620367452502251E-002,7.439130544662476E-002,6.800407767295837E-001,7.030322551727295E-001,5.620367452502251E-002,7.439130544662476E-002,6.800407767295837E-001,7.030322551727295E-001,
1.811133333333334E+009,6.877571344375610E-002,7.498658448457718E-002,7.057190537452698E-001,6.856840848922730E-001,6.877571344375610E-002,7.498658448457718E-002,7.057190537452698E-001,6.856840848922730E-001,
1.819500000000000E+009,8.086895942687988E-002,7.277537882328033E-002,7.169383764266968E-001,6.605098247528076E-001,8.086895942687988E-002,7.277537882328033E-002,7.169383764266968E-001,6.605098247528076E-001,
1.827866666666667E+009,8.884665369987488E-002,6.469209492206574E-002,7.381125688552856E-001,6.538031101226807E-001,8.884665369987488E-002,6.469209492206574E-002,7.381125688552856E-001,6.538031101226807E-001,
1.836233333333334E+009,9.041130542755127E-002,5.330341681838036E-002,7.491598725318909E-001,6.332758665084839E-001,9.041130542755127E-002,5.330341681838036E-002,7.491598725318909E-001,6.332758665084839E-001,
1.844600000000000E+009,8.632406592369080E-002,4.461597278714180E-002,7.687456607818604E-001,6.276836991310120E-001,8.632406592369080E-002,4.461597278714180E-002,7.687456607818604E-001,6.276836991310120E-001,
1.852966666666667E+009,7.976325601339340E-002,3.938535600900650E-002,7.767023444175720E-001,5.935126543045044E-001,7.976325601339340E-002,3.938535600900650E-002,7.767023444175720E-001,5.935126543045044E-001,
1.861333333333334E+009,7.421231269836426E-002,3.636181727051735E-002,8.001122474670410E-001,5.773422718048096E-001,7.421231269836426E-002,3.636181727051735E-002,8.001122474670410E-001,5.773422718048096E-001,
1.869700000000000E+009,6.838461756706238E-002,4.239360615611076E-002,8.138918876647949E-001,5.557948350906372E-001,6.838461756706238E-002,4.239360615611076E-002,8.138918876647949E-001,5.557948350906372E-001,
1.878066666666667E+009,6.880068033933640E-002,4.800672456622124E-002,8.292056322097778E-001,5.396866202354431E-001,6.880068033933640E-002,4.800672456622124E-002,8.292056322097778E-001,5.396866202354431E-001,
1.886433333333334E+009,7.238852977752686E-002,5.624293163418770E-002,8.455404043197632E-001,5.154613852500916E-001,7.238852977752686E-002,5.624293163418770E-002,8.455404043197632E-001,5.154613852500916E-001,
1.894800000000000E+009,8.294560015201569E-002,6.146089360117912E-002,8.566195964813232E-001,4.939867854118347E-001,8.294560015201569E-002,6.146089360117912E-002,8.566195964813232E-001,4.939867854118347E-001,
1.903166666666667E+009,9.485632181167603E-002,6.448742002248764E-002,8.716697096824646E-001,4.668606817722321E-001,9.485632181167603E-002,6.448742002248764E-002,8.716697096824646E-001,4.668606817722321E-001,
1.911533333333334E+009,1.065958589315414E-001,5.912826210260391E-002,8.726193308830261E-001,4.367875158786774E-001,1.065958589315414E-001,5.912826210260391E-002,8.726193308830261E-001,4.367875158786774E-001,
1.919900000000000E+009,1.172222867608070E-001,5.012847483158112E-002,8.889235258102417E-001,4.235674738883972E-001,1.172222867608070E-001,5.012847483158112E-002,8.889235258102417E-001,4.235674738883972E-001,
1.928266666666667E+009,1.221573352813721E-001,3.981076553463936E-002,8.859957456588745E-001,3.886816501617432E-001,1.221573352813721E-001,3.981076553463936E-002,8.859957456588745E-001,3.886816501617432E-001,
1.936633333333334E+009,1.201905906200409E-001,2.671829052269459E-002,9.039026498794556E-001,3.795930445194244E-001,1.201905906200409E-001,2.671829052269459E-002,9.039026498794556E-001,3.795930445194244E-001,
1.945000000000000E+009,1.130743995308876E-001,1.672132685780525E-002,9.204722642898560E-001,3.564742803573608E-001,1.130743995308876E-001,1.672132685780525E-002,9.204722642898560E-001,3.564742803573608E-001,
1.953366666666667E+009,1.042585745453835E-001,1.018953602761030E-002,9.244802594184876E-001,3.341247439384460E-001,1.042585745453835E-001,1.018953602761030E-002,9.244802594184876E-001,3.341247439384460E-001,
1.961733333333334E+009,9.262955933809280E-002,1.130029186606407E-002,9.407953619956970E-001,3.088245689868927E-001,9.262955933809280E-002,1.130029186606407E-002,9.407953619956970E-001,3.088245689868927E-001,
1.970100000000000E+009,8.366105705499649E-002,1.657031103968620E-002,9.412492513656616E-001,2.871651947498322E-001,8.366105705499649E-002,1.657031103968620E-002,9.412492513656616E-001,2.871651947498322E-001,
1.978466666666667E+009,8.221589028835297E-002,2.795071527361870E-002,9.486026167869568E-001,2.551872432231903E-001,8.221589028835297E-002,2.795071527361870E-002,9.486026167869568E-001,2.551872432231903E-001,
1.986833333333334E+009,8.791068196296692E-002,3.744094073772430E-002,9.535947442054749E-001,2.360792607069016E-001,8.791068196296692E-002,3.744094073772430E-002,9.535947442054749E-001,2.360792607069016E-001,
1.995200000000000E+009,1.019427701830864E-001,4.430872201919556E-002,9.540503621101379E-001,2.179331332445145E-001,1.019427701830864E-001,4.430872201919556E-002,9.540503621101379E-001,2.179331332445145E-001,
2.003566666666667E+009,1.190996840596199E-001,4.416080564260483E-002,9.581893086433411E-001,1.855934411287308E-001,1.190996840596199E-001,4.416080564260483E-002,9.581893086433411E-001,1.855934411287308E-001,
2.011933333333334E+009,1.356512606143951E-001,3.513589873909950E-002,9.684863686561585E-001,1.587823778390884E-001,1.356512606143951E-001,3.513589873909950E-002,9.684863686561585E-001,1.587823778390884E-001,
2.020300000000000E+009,1.453467756509781E-001,2.275194227695465E-002,9.695046544075012E-001,1.285625845193863E-001,1.453467756509781E-001,2.275194227695465E-002,9.695046544075012E-001,1.285625845193863E-001,
2.028666666666667E+009,1.477445065975189E-001,5.517420358955860E-003,9.730488657951355E-001,1.137485206127167E-001,1.477445065975189E-001,5.517420358955860E-003,9.730488657951355E-001,1.137485206127167E-001,
2.037033333333334E+009,1.428208500146866E-001,-1.225055940449238E-002,9.810275435447693E-001,8.838812261819840E-002,1.428208500146866E-001,-1.225055940449238E-002,9.810275435447693E-001,8.838812261819840E-002,
2.045400000000000E+009,1.294579356908798E-001,-2.402642928063870E-002,9.775165319442749E-001,7.139101624488831E-002,1.294579356908798E-001,-2.402642928063870E-002,9.775165319442749E-001,7.139101624488831E-002,
2.053766666666667E+009,1.125673428177834E-001,-2.616092935204506E-002,9.833218455314636E-001,4.352200403809547E-002,1.125673428177834E-001,-2.616092935204506E-002,9.833218455314636E-001,4.352200403809547E-002,
2.062133333333334E+009,1.007419824600220E-001,-2.095282636582851E-002,9.870795011520386E-001,1.505944319069386E-002,1.007419824600220E-001,-2.095282636582851E-002,9.870795011520386E-001,1.505944319069386E-002,
2.070500000000000E+009,9.424896538257599E-002,-8.779660798609257E-003,9.863265156745911E-001,-1.650947332382202E-002,9.424896538257599E-002,-8.779660798609257E-003,9.863265156745911E-001,-1.650947332382202E-002,
2.078866666666667E+009,9.859929233789444E-002,5.525243468582630E-003,9.819881916046143E-001,-3.553569316864014E-002,9.859929233789444E-002,5.525243468582630E-003,9.819881916046143E-001,-3.553569316864014E-002,
2.087233333333334E+009,1.118399575352669E-001,1.051956042647362E-002,9.797273874282837E-001,-6.994181126356125E-002,1.118399575352669E-001,1.051956042647362E-002,9.797273874282837E-001,-6.994181126356125E-002,
2.095600000000000E+009,1.300002932548523E-001,1.225542277097702E-002,9.809880256652832E-001,-9.132348746061325E-002,1.300002932548523E-001,1.225542277097702E-002,9.809880256652832E-001,-9.132348746061325E-002,
2.103966666666667E+009,1.484238803386688E-001,-2.340287755941972E-005,9.771245718002319E-001,-1.168735772371292E-001,1.484238803386688E-001,-2.340287755941972E-005,9.771245718002319E-001,-1.168735772371292E-001,
2.112333333333334E+009,1.605756282806397E-001,-1.804785989224911E-002,9.681849479675293E-001,-1.325451135635376E-001,1.605756282806397E-001,-1.804785989224911E-002,9.681849479675293E-001,-1.325451135635376E-001,
2.120700000000000E+009,1.630443632602692E-001,-4.316171258687973E-002,9.642609357833862E-001,-1.630126982927322E-001,1.630443632602692E-001,-4.316171258687973E-002,9.642609357833862E-001,-1.630126982927322E-001,
2.129066666666667E+009,1.531551182270050E-001,-6.269126385450363E-002,9.727128148078919E-001,-1.870773136615753E-001,1.531551182270050E-001,-6.269126385450363E-002,9.727128148078919E-001,-1.870773136615753E-001,
2.137433333333334E+009,1.331624239683151E-001,-7.682845741510391E-002,9.574773311614990E-001,-2.106891423463821E-001,1.331624239683151E-001,-7.682845741510391E-002,9.574773311614990E-001,-2.106891423463821E-001,
2.145800000000000E+009,1.071111112833023E-001,-7.886508852243424E-002,9.594116210937500E-001,-2.348816245794296E-001,1.071111112833023E-001,-7.886508852243424E-002,9.594116210937500E-001,-2.348816245794296E-001,
2.154166666666667E+009,8.738161623477936E-002,-6.876154243946075E-002,9.525485038757324E-001,-2.555886209011078E-001,8.738161623477936E-002,-6.876154243946075E-002,9.525485038757324E-001,-2.555886209011078E-001,
2.162533333333334E+009,7.708492875099182E-002,-5.060680583119392E-002,9.316101074218750E-001,-2.838683128356934E-001,7.708492875099182E-002,-5.060680583119392E-002,9.316101074218750E-001,-2.838683128356934E-001,
2.170900000000000E+009,7.983636111021042E-002,-2.887339144945145E-002,9.373748302459717E-001,-3.119648396968842E-001,7.983636111021042E-002,-2.887339144945145E-002,9.373748302459717E-001,-3.119648396968842E-001,
2.179266666666667E+009,9.669322520494461E-002,-1.738237775862217E-002,9.236197471618652E-001,-3.317569792270660E-001,9.669322520494461E-002,-1.738237775862217E-002,9.236197471618652E-001,-3.317569792270660E-001,
2.187633333333334E+009,1.180067062377930E-001,-1.494178269058466E-002,9.177685379981995E-001,-3.587310910224915E-001,1.180067062377930E-001,-1.494178269058466E-002,9.177685379981995E-001,-3.587310910224915E-001,
2.196000000000000E+009,1.420187652111054E-001,-2.807198278605938E-002,8.966465592384338E-001,-3.796165585517883E-001,1.420187652111054E-001,-2.807198278605938E-002,8.966465592384338E-001,-3.796165585517883E-001,
2.204366666666667E+009,1.563741415739059E-001,-5.054260790348053E-002,8.879063129425049E-001,-3.979569971561432E-001,1.563741415739059E-001,-5.054260790348053E-002,8.879063129425049E-001,-3.979569971561432E-001,
2.212733333333334E+009,1.580868214368820E-001,-7.938831299543381E-002,8.762428164482117E-001,-4.278401732444763E-001,1.580868214368820E-001,-7.938831299543381E-002,8.762428164482117E-001,-4.278401732444763E-001,
2.221100000000000E+009,1.451938301324844E-001,-1.039896309375763E-001,8.616102933883667E-001,-4.414896667003632E-001,1.451938301324844E-001,-1.039896309375763E-001,8.616102933883667E-001,-4.414896667003632E-001,
2.229466666666667E+009,1.227721869945526E-001,-1.180940717458725E-001,8.569078445434570E-001,-4.520705342292786E-001,1.227721869945526E-001,-1.180940717458725E-001,8.569078445434570E-001,-4.520705342292786E-001,
2.237833333333334E+009,9.483544528484345E-002,-1.181817203760147E-001,8.531624674797058E-001,-4.820463359355927E-001,9.483544528484345E-002,-1.181817203760147E-001,8.531624674797058E-001,-4.820463359355927E-001,
2.246200000000000E+009,6.996089965105057E-002,-1.059946417808533E-001,8.389319181442261E-001,-5.034745931625366E-001,6.996089965105057E-002,-1.059946417808533E-001,8.389319181442261E-001,-5.034745931625366E-001,
2.254566666666667E+009,6.016900762915611E-002,-8.241198956966400E-002,8.293465971946716E-001,-5.249148607254028E-001,6.016900762915611E-002,-8.241198956966400E-002,8.293465971946716E-001,-5.249148607254028E-001,
2.262933333333334E+009,6.224764138460159E-002,-6.079838052392006E-002,8.141964673995972E-001,-5.518163442611694E-001,6.224764138460159E-002,-6.079838052392006E-002,8.141964673995972E-001,-5.518163442611694E-001,
2.271300000000000E+009,7.877330482006073E-002,-4.390006884932518E-002,7.941204309463501E-001,-5.727603435516357E-001,7.877330482006073E-002,-4.390006884932518E-002,7.941204309463501E-001,-5.727603435516357E-001,
2.279666666666667E+009,1.019770801067352E-001,-4.360076785087585E-002,7.780634760856628E-001,-5.901207923889160E-001,1.019770801067352E-001,-4.360076785087585E-002,7.780634760856628E-001,-5.901207923889160E-001,
2.288033333333334E+009,1.231522709131241E-001,-5.735302716493607E-002,7.627308964729309E-001,-6.185695528984070E-001,1.231522709131241E-001,-5.735302716493607E-002,7.627308964729309E-001,-6.185695528984070E-001,
2.296400000000000E+009,1.354320347309113E-001,-8.280143141746521E-002,7.400803565979004E-001,-6.327149271965027E-001,1.354320347309113E-001,-8.280143141746521E-002,7.400803565979004E-001,-6.327149271965027E-001,
2.304766666666667E+009,1.327273547649384E-001,-1.113860011100769E-001,7.320596575737000E-001,-6.377179026603699E-001,1.327273547649384E-001,-1.113860011100769E-001,7.320596575737000E-001,-6.377179026603699E-001,
2.313133333333334E+009,1.138156205415726E-001,-1.337659358978272E-001,7.110962271690369E-001,-6.684267520904541E-001,1.138156205415726E-001,-1.337659358978272E-001,7.110962271690369E-001,-6.684267520904541E-001,
2.321500000000000E+009,8.904287964105606E-002,-1.417568922042847E-001,7.007420659065247E-001,-6.779121756553650E-001,8.904287964105606E-002,-1.417568922042847E-001,7.007420659065247E-001,-6.779121756553650E-001,
2.329866666666667E+009,6.292074173688889E-002,-1.360281705856323E-001,6.902040839195252E-001,-6.995127797126770E-001,6.292074173688889E-002,-1.360281705856323E-001,6.902040839195252E-001,-6.995127797126770E-001,
2.338233333333334E+009,4.472705349326134E-002,-1.177275553345680E-001,6.643120646476746E-001,-7.204769849777222E-001,4.472705349326134E-002,-1.177275553345680E-001,6.643120646476746E-001,-7.204769849777222E-001,
2.346600000000000E+009,4.077526181936264E-002,-8.966588228940964E-002,6.423338055610657E-001,-7.426808476448059E-001,4.077526181936264E-002,-8.966588228940964E-002,6.423338055610657E-001,-7.426808476448059E-001,
2.354966666666667E+009,5.458379909396172E-002,-6.857989728450775E-002,6.314074993133545E-001,-7.551508545875549E-001,5.458379909396172E-002,-6.857989728450775E-002,6.314074993133545E-001,-7.551508545875549E-001,
2.363333333333334E+009,7.768895477056503E-002,-6.084969639778137E-002,6.110488176345825E-001,-7.697439789772034E-001,7.768895477056503E-002,-6.084969639778137E-002,6.110488176345825E-001,-7.697439789772034E-001,
2.371700000000000E+009,1.047649458050728E-001,-6.929059326648712E-002,5.900241136550903E-001,-7.880477309226990E-001,1.047649458050728E-001,-6.929059326648712E-002,5.900241136550903E-001,-7.880477309226990E-001,
2.380066666666667E+009,1.241090670228005E-001,-9.608039259910584E-002,5.581918954849243E-001,-7.991439700126648E-001,1.241090670228005E-001,-9.608039259910584E-002,5.581918954849243E-001,-7.991439700126648E-001,
2.388433333333334E+009,1.256642788648605E-001,-1.306887716054916E-001,5.378825068473816E-001,-8.029772639274597E-001,1.256642788648605E-001,-1.306887716054916E-001,5.378825068473816E-001,-8.029772639274597E-001,
2.396800000000000E+009,1.105325147509575E-001,-1.658125072717667E-001,5.140712261199951E-001,-8.182050585746765E-001,1.105325147509575E-001,-1.658125072717667E-001,5.140712261199951E-001,-8.182050585746765E-001,
2.405166666666667E+009,8.048252761363983E-002,-1.901582032442093E-001,5.005980134010315E-001,-8.285540342330933E-001,8.048252761363983E-002,-1.901582032442093E-001,5.005980134010315E-001,-8.285540342330933E-001,
2.413533333333334E+009,3.806027397513390E-002,-1.962367147207260E-001,4.840901494026184E-001,-8.407719135284424E-001,3.806027397513390E-002,-1.962367147207260E-001,4.840901494026184E-001,-8.407719135284424E-001,
2.421900000000000E+009,-1.497200428275392E-004,-1.821026504039764E-001,4.726878404617310E-001,-8.563983440399170E-001,-1.497200428275392E-004,-1.821026504039764E-001,4.726878404617310E-001,-8.563983440399170E-001,
2.430266666666667E+009,-2.281297184526920E-002,-1.483432352542877E-001,4.522957801818848E-001,-8.722765445709229E-001,-2.281297184526920E-002,-1.483432352542877E-001,4.522957801818848E-001,-8.722765445709229E-001,
2.438633333333334E+009,-2.969404123723507E-002,-1.091390699148178E-001,4.286039769649506E-001,-8.887038826942444E-001,-2.969404123723507E-002,-1.091390699148178E-001,4.286039769649506E-001,-8.887038826942444E-001,
2.447000000000000E+009,-1.354980096220970E-002,-7.281754910945892E-002,4.017586708068848E-001,-9.043830037117004E-001,-1.354980096220970E-002,-7.281754910945892E-002,4.017586708068848E-001,-9.043830037117004E-001,
2.455366666666667E+009,1.768236979842186E-002,-5.248655006289482E-002,3.722788393497467E-001,-9.141426086425781E-001,1.768236979842186E-002,-5.248655006289482E-002,3.722788393497467E-001,-9.141426086425781E-001,
2.463733333333334E+009,5.317196249961853E-002,-5.401110649108887E-002,3.464610576629639E-001,-9.280670285224915E-001,5.317196249961853E-002,-5.401110649108887E-002,3.464610576629639E-001,-9.280670285224915E-001,
2.472100000000000E+009,8.088066428899765E-002,-7.629697769880295E-002,3.204568922519684E-001,-9.286082386970520E-001,8.088066428899765E-002,-7.629697769880295E-002,3.204568922519684E-001,-9.286082386970520E-001,
2.480466666666667E+009,9.228396415710449E-002,-1.105794087052345E-001,2.879962027072907E-001,-9.274739623069763E-001,9.228396415710449E-002,-1.105794087052345E-001,2.879962027072907E-001,-9.274739623069763E-001,
2.488833333333334E+009,8.162322640419006E-002,-1.464474350214005E-001,2.740299105644226E-001,-9.308369159698486E-001,8.162322640419006E-002,-1.464474350214005E-001,2.740299105644226E-001,-9.308369159698486E-001,
2.497200000000000E+009,5.714327841997147E-002,-1.704029887914658E-001,2.485205233097076E-001,-9.389757513999939E-001,5.714327841997147E-002,-1.704029887914658E-001,2.485205233097076E-001,-9.389757513999939E-001,
2.505566666666667E+009,1.894155517220497E-002,-1.808090060949326E-001,2.267411649227142E-001,-9.452074766159058E-001,1.894155517220497E-002,-1.808090060949326E-001,2.267411649227142E-001,-9.452074766159058E-001,
2.513933333333334E+009,-1.278446894139051E-002,-1.686490923166275E-001,2.111758589744568E-001,-9.511950612068176E-001,-1.278446894139051E-002,-1.686490923166275E-001,2.111758589744568E-001,-9.511950612068176E-001,
2.522300000000000E+009,-3.246724978089333E-002,-1.430012434720993E-001,1.810516864061356E-001,-9.602396488189697E-001,-3.246724978089333E-002,-1.430012434720993E-001,1.810516864061356E-001,-9.602396488189697E-001,
2.530666666666667E+009,-3.501712903380394E-002,-1.081263870000839E-001,1.576898396015167E-001,-9.744296669960022E-001,-3.501712903380394E-002,-1.081263870000839E-001,1.576898396015167E-001,-9.744296669960022E-001,
2.539033333333334E+009,-1.851386576890945E-002,-8.026901632547379E-002,1.304114609956741E-001,-9.770386815071106E-001,-1.851386576890945E-002,-8.026901632547379E-002,1.304114609956741E-001,-9.770386815071106E-001,
2.547400000000000E+009,1.053886767476797E-002,-6.573892384767532E-002,1.075834259390831E-001,-9.846086502075195E-001,1.053886767476797E-002,-6.573892384767532E-002,1.075834259390831E-001,-9.846086502075195E-001,
2.555766666666667E+009,4.325746372342110E-002,-7.121811062097549E-002,7.229504734277725E-002,-9.863781929016113E-001,4.325746372342110E-002,-7.121811062097549E-002,7.229504734277725E-002,-9.863781929016113E-001,
2.564133333333334E+009,6.461060047149658E-002,-9.578731656074524E-002,4.367237910628319E-002,-9.764071702957153E-001,6.461060047149658E-002,-9.578731656074524E-002,4.367237910628319E-002,-9.764071702957153E-001,
2.572500000000000E+009,6.848926097154617E-002,-1.293073147535324E-001,2.098186127841473E-002,-9.695346951484680E-001,6.848926097154617E-002,-1.293073147535324E-001,2.098186127841473E-002,-9.695346951484680E-001,
2.580866666666667E+009,5.175280943512917E-002,-1.627733409404755E-001,-5.841740639880300E-004,-9.719150066375732E-001,5.175280943512917E-002,-1.627733409404755E-001,-5.841740639880300E-004,-9.719150066375732E-001,
2.589233333333334E+009,1.998654380440712E-002,-1.829935163259506E-001,-2.542402409017086E-002,-9.663458466529846E-001,1.998654380440712E-002,-1.829935163259506E-001,-2.542402409017086E-002,-9.663458466529846E-001,
2.597600000000000E+009,-1.786613091826439E-002,-1.878733038902283E-001,-5.011529475450516E-002,-9.679375290870667E-001,-1.786613091826439E-002,-1.878733038902283E-001,-5.011529475450516E-002,-9.679375290870667E-001,
2.605966666666667E+009,-5.135454982519150E-002,-1.709445267915726E-001,-5.936870723962784E-002,-9.759690165519714E-001,-5.135454982519150E-002,-1.709445267915726E-001,-5.936870723962784E-002,-9.759690165519714E-001,
2.614333333333334E+009,-7.076422870159149E-002,-1.430215686559677E-001,-8.703515678644180E-002,-9.713542461395264E-001,-7.076422870159149E-002,-1.430215686559677E-001,-8.703515678644180E-002,-9.713542461395264E-001,
2.622700000000000E+009,-7.254628837108612E-002,-1.061734631657600E-001,-1.108460798859596E-001,-9.716200232505798E-001,-7.254628837108612E-002,-1.061734631657600E-001,-1.108460798859596E-001,-9.716200232505798E-001,
2.631066666666667E+009,-5.549255013465881E-002,-7.539944350719452E-002,-1.417726576328278E-001,-9.821213483810425E-001,-5.549255013465881E-002,-7.539944350719452E-002,-1.417726576328278E-001,-9.821213483810425E-001,
2.639433333333334E+009,-2.400060184299946E-002,-6.109360605478287E-002,-1.692172139883041E-001,-9.683452248573303E-001,-2.400060184299946E-002,-6.109360605478287E-002,-1.692172139883041E-001,-9.683452248573303E-001,
2.647800000000000E+009,1.042567100375891E-002,-6.591194868087769E-002,-1.991171389818192E-001,-9.645202159881592E-001,1.042567100375891E-002,-6.591194868087769E-002,-1.991171389818192E-001,-9.645202159881592E-001,
2.656166666666667E+009,3.308056294918060E-002,-8.915181457996368E-002,-2.229046821594238E-001,-9.618200659751892E-001,3.308056294918060E-002,-8.915181457996368E-002,-2.229046821594238E-001,-9.618200659751892E-001,
2.664533333333334E+009,3.699751943349838E-002,-1.204724982380867E-001,-2.529920637607575E-001,-9.401135444641113E-001,3.699751943349838E-002,-1.204724982380867E-001,-2.529920637607575E-001,-9.401135444641113E-001,
2.672900000000000E+009,2.313121408224106E-002,-1.505671143531799E-001,-2.681217789649963E-001,-9.350128173828125E-001,2.313121408224106E-002,-1.505671143531799E-001,-2.681217789649963E-001,-9.350128173828125E-001,
2.681266666666667E+009,-6.882091518491507E-003,-1.689872145652771E-001,-2.908433675765991E-001,-9.236745834350586E-001,-6.882091518491507E-003,-1.689872145652771E-001,-2.908433675765991E-001,-9.236745834350586E-001,
2.689633333333334E+009,-4.381999000906944E-002,-1.702427864074707E-001,-3.075270056724548E-001,-9.216781854629517E-001,-4.381999000906944E-002,-1.702427864074707E-001,-3.075270056724548E-001,-9.216781854629517E-001,
2.698000000000000E+009,-7.484702020883560E-002,-1.536943018436432E-001,-3.222672343254089E-001,-9.131317138671875E-001,-7.484702020883560E-002,-1.536943018436432E-001,-3.222672343254089E-001,-9.131317138671875E-001,
2.706366666666667E+009,-9.288993477821350E-002,-1.230499744415283E-001,-3.510363101959229E-001,-9.079236984252930E-001,-9.288993477821350E-002,-1.230499744415283E-001,-3.510363101959229E-001,-9.079236984252930E-001,
2.714733333333334E+009,-9.077329188585281E-002,-8.949255943298340E-002,-3.700825572013855E-001,-9.080103039741516E-001,-9.077329188585281E-002,-8.949255943298340E-002,-3.700825572013855E-001,-9.080103039741516E-001,
2.723100000000000E+009,-7.061225920915604E-002,-6.093654036521912E-002,-3.980275690555573E-001,-8.960166573524475E-001,-7.061225920915604E-002,-6.093654036521912E-002,-3.980275690555573E-001,-8.960166573524475E-001,
2.731466666666667E+009,-3.656754270195961E-002,-4.660821706056595E-002,-4.284648895263672E-001,-8.897419571876526E-001,-3.656754270195961E-002,-4.660821706056595E-002,-4.284648895263672E-001,-8.897419571876526E-001,
2.739833333333334E+009,-3.009742358699441E-003,-5.396871268749237E-002,-4.536352157592773E-001,-8.725678324699402E-001,-3.009742358699441E-003,-5.396871268749237E-002,-4.536352157592773E-001,-8.725678324699402E-001,
2.748200000000000E+009,2.105442620813847E-002,-7.733322679996491E-002,-4.772266447544098E-001,-8.581093549728394E-001,2.105442620813847E-002,-7.733322679996491E-002,-4.772266447544098E-001,-8.581093549728394E-001,
2.756566666666667E+009,2.674383111298084E-002,-1.108179911971092E-001,-4.960433542728424E-001,-8.443276882171631E-001,2.674383111298084E-002,-1.108179911971092E-001,-4.960433542728424E-001,-8.443276882171631E-001,
2.764933333333334E+009,1.346251834183931E-002,-1.418919414281845E-001,-5.242119431495667E-001,-8.325659036636353E-001,1.346251834183931E-002,-1.418919414281845E-001,-5.242119431495667E-001,-8.325659036636353E-001,
2.773300000000000E+009,-1.407042797654867E-002,-1.626688688993454E-001,-5.353930592536926E-001,-8.097577095031738E-001,-1.407042797654867E-002,-1.626688688993454E-001,-5.353930592536926E-001,-8.097577095031738E-001,
2.781666666666667E+009,-5.205241590738297E-002,-1.646866053342819E-001,-5.493375658988953E-001,-7.971019148826599E-001,-5.205241590738297E-002,-1.646866053342819E-001,-5.493375658988953E-001,-7.971019148826599E-001,
2.790033333333334E+009,-8.449732512235642E-002,-1.488278359174728E-001,-5.692619085311890E-001,-7.891340851783752E-001,-8.449732512235642E-002,-1.488278359174728E-001,-5.692619085311890E-001,-7.891340851783752E-001,
2.798400000000000E+009,-1.045460030436516E-001,-1.195106655359268E-001,-5.874827504158020E-001,-7.852023839950562E-001,-1.045460030436516E-001,-1.195106655359268E-001,-5.874827504158020E-001,-7.852023839950562E-001,
2.806766666666667E+009,-1.042106747627258E-001,-8.542680740356445E-002,-6.084328889846802E-001,-7.669330239295960E-001,-1.042106747627258E-001,-8.542680740356445E-002,-6.084328889846802E-001,-7.669330239295960E-001,
2.815133333333334E+009,-8.698219805955887E-002,-5.819398537278175E-002,-6.336895823478699E-001,-7.545959949493408E-001,-8.698219805955887E-002,-5.819398537278175E-002,-6.336895823478699E-001,-7.545959949493408E-001,
2.823500000000000E+009,-5.475974828004837E-002,-4.516396299004555E-002,-6.549648642539978E-001,-7.388568520545960E-001,-5.475974828004837E-002,-4.516396299004555E-002,-6.549648642539978E-001,-7.388568520545960E-001,
2.831866666666667E+009,-2.043447084724903E-002,-5.189878866076469E-002,-6.756499409675598E-001,-7.207962870597839E-001,-2.043447084724903E-002,-5.189878866076469E-002,-6.756499409675598E-001,-7.207962870597839E-001,
2.840233333333334E+009,3.475449513643980E-003,-7.664076238870621E-002,-7.009969353675842E-001,-6.986625790596008E-001,3.475449513643980E-003,-7.664076238870621E-002,-7.009969353675842E-001,-6.986625790596008E-001,
2.848600000000000E+009,9.898750111460686E-003,-1.093695387244225E-001,-7.129203081130981E-001,-6.728022694587708E-001,9.898750111460686E-003,-1.093695387244225E-001,-7.129203081130981E-001,-6.728022694587708E-001,
2.856966666666667E+009,-4.118992015719414E-003,-1.405805051326752E-001,-7.264664769172669E-001,-6.524244546890259E-001,-4.118992015719414E-003,-1.405805051326752E-001,-7.264664769172669E-001,-6.524244546890259E-001,
2.865333333333334E+009,-3.454096242785454E-002,-1.620708107948303E-001,-7.403097152709961E-001,-6.385434865951538E-001,-3.454096242785454E-002,-1.620708107948303E-001,-7.403097152709961E-001,-6.385434865951538E-001,
2.873700000000000E+009,-7.229657471179962E-002,-1.620398908853531E-001,-7.499022483825684E-001,-6.113181114196777E-001,-7.229657471179962E-002,-1.620398908853531E-001,-7.499022483825684E-001,-6.113181114196777E-001,
2.882066666666667E+009,-1.045356616377831E-001,-1.442159712314606E-001,-7.594372034072876E-001,-5.918335318565369E-001,-1.045356616377831E-001,-1.442159712314606E-001,-7.594372034072876E-001,-5.918335318565369E-001,
2.890433333333334E+009,-1.256401836872101E-001,-1.128291189670563E-001,-7.748908996582031E-001,-5.816872119903565E-001,-1.256401836872101E-001,-1.128291189670563E-001,-7.748908996582031E-001,-5.816872119903565E-001,
2.898800000000000E+009,-1.266969442367554E-001,-7.457993924617767E-002,-7.904759049415588E-001,-5.707345008850098E-001,-1.266969442367554E-001,-7.457993924617767E-002,-7.904759049415588E-001,-5.707345008850098E-001,
2.907166666666667E+009,-1.079346090555191E-001,-4.388170689344406E-002,-8.043526411056519E-001,-5.561113357543945E-001,-1.079346090555191E-001,-4.388170689344406E-002,-8.043526411056519E-001,-5.561113357543945E-001,
2.915533333333334E+009,-7.310674339532852E-002,-2.915736474096775E-002,-8.307218551635742E-001,-5.282362103462219E-001,-7.310674339532852E-002,-2.915736474096775E-002,-8.307218551635742E-001,-5.282362103462219E-001,
2.923900000000000E+009,-3.728688508272171E-002,-3.363966941833496E-002,-8.456203937530518E-001,-5.104801058769226E-001,-3.728688508272171E-002,-3.363966941833496E-002,-8.456203937530518E-001,-5.104801058769226E-001,
2.932266666666667E+009,-9.573165327310562E-003,-5.826261639595032E-002,-8.616805672645569E-001,-4.845561087131500E-001,-9.573165327310562E-003,-5.826261639595032E-002,-8.616805672645569E-001,-4.845561087131500E-001,
2.940633333333334E+009,-1.316489418968558E-003,-9.533551335334778E-002,-8.710270524024963E-001,-4.542504549026489E-001,-1.316489418968558E-003,-9.533551335334778E-002,-8.710270524024963E-001,-4.542504549026489E-001,
2.949000000000000E+009,-1.478449720889330E-002,-1.309784203767777E-001,-8.838479518890381E-001,-4.205950498580933E-001,-1.478449720889330E-002,-1.309784203767777E-001,-8.838479518890381E-001,-4.205950498580933E-001,
2.957366666666667E+009,-4.567644372582436E-002,-1.544009298086166E-001,-8.873943686485291E-001,-4.066166579723358E-001,-4.567644372582436E-002,-1.544009298086166E-001,-8.873943686485291E-001,-4.066166579723358E-001,
2.965733333333334E+009,-8.541215211153030E-002,-1.573646217584610E-001,-8.930307626724243E-001,-3.803309202194214E-001,-8.541215211153030E-002,-1.573646217584610E-001,-8.930307626724243E-001,-3.803309202194214E-001,
2.974100000000000E+009,-1.221072748303413E-001,-1.401253342628479E-001,-9.005310535430908E-001,-3.568818569183350E-001,-1.221072748303413E-001,-1.401253342628479E-001,-9.005310535430908E-001,-3.568818569183350E-001,
2.982466666666667E+009,-1.432441473007202E-001,-1.047262549400330E-001,-9.088485240936279E-001,-3.427019119262695E-001,-1.432441473007202E-001,-1.047262549400330E-001,-9.088485240936279E-001,-3.427019119262695E-001,
2.990833333333334E+009,-1.441296190023422E-001,-6.616479158401489E-002,-9.125895500183106E-001,-3.267798721790314E-001,-1.441296190023422E-001,-6.616479158401489E-002,-9.125895500183106E-001,-3.267798721790314E-001,
2.999200000000000E+009,-1.241699084639549E-001,-3.312982991337776E-002,-9.295007586479187E-001,-3.088487088680267E-001,-1.241699084639549E-001,-3.312982991337776E-002,-9.295007586479187E-001,-3.088487088680267E-001,
3.007566666666667E+009,-8.928159624338150E-002,-1.525091286748648E-002,-9.447740316390991E-001,-2.816167771816254E-001,-8.928159624338150E-002,-1.525091286748648E-002,-9.447740316390991E-001,-2.816167771816254E-001,
3.015933333333334E+009,-4.861848801374435E-002,-2.181922458112240E-002,-9.528280496597290E-001,-2.573114633560181E-001,-4.861848801374435E-002,-2.181922458112240E-002,-9.528280496597290E-001,-2.573114633560181E-001,
3.024300000000000E+009,-2.003009803593159E-002,-4.896556958556175E-002,-9.625458121299744E-001,-2.264139950275421E-001,-2.003009803593159E-002,-4.896556958556175E-002,-9.625458121299744E-001,-2.264139950275421E-001,
3.032666666666667E+009,-1.125235576182604E-002,-9.022992104291916E-002,-9.678093791007996E-001,-1.960814446210861E-001,-1.125235576182604E-002,-9.022992104291916E-002,-9.678093791007996E-001,-1.960814446210861E-001,
3.041033333333334E+009,-2.668938040733337E-002,-1.287002563476563E-001,-9.665497541427612E-001,-1.696480959653854E-001,-2.668938040733337E-002,-1.287002563476563E-001,-9.665497541427612E-001,-1.696480959653854E-001,
3.049400000000000E+009,-6.338772177696228E-002,-1.531902402639389E-001,-9.661836624145508E-001,-1.337881535291672E-001,-6.338772177696228E-002,-1.531902402639389E-001,-9.661836624145508E-001,-1.337881535291672E-001,
3.057766666666667E+009,-1.068088486790657E-001,-1.555102467536926E-001,-9.668331742286682E-001,-1.271074712276459E-001,-1.068088486790657E-001,-1.555102467536926E-001,-9.668331742286682E-001,-1.271074712276459E-001,
3.066133333333334E+009,-1.464592665433884E-001,-1.343340575695038E-001,-9.589809179306030E-001,-9.822238981723785E-002,-1.464592665433884E-001,-1.343340575695038E-001,-9.589809179306030E-001,-9.822238981723785E-002,
3.074500000000000E+009,-1.702678203582764E-001,-9.601220488548279E-002,-9.655851721763611E-001,-8.026667684316635E-002,-1.702678203582764E-001,-9.601220488548279E-002,-9.655851721763611E-001,-8.026667684316635E-002,
3.082866666666667E+009,-1.698265820741653E-001,-5.031768232584000E-002,-9.707326889038086E-001,-6.802436709403992E-002,-1.698265820741653E-001,-5.031768232584000E-002,-9.707326889038086E-001,-6.802436709403992E-002,
3.091233333333334E+009,-1.452715843915939E-001,-1.068961713463068E-002,-9.763336777687073E-001,-3.946523368358612E-002,-1.452715843915939E-001,-1.068961713463068E-002,-9.763336777687073E-001,-3.946523368358612E-002,
3.099600000000000E+009,-1.029719486832619E-001,8.329819887876511E-003,-9.799807667732239E-001,-1.453304849565029E-002,-1.029719486832619E-001,8.329819887876511E-003,-9.799807667732239E-001,-1.453304849565029E-002,
3.107966666666667E+009,-5.490578711032867E-002,-3.171940334141254E-004,-9.867402911186218E-001,1.314345374703407E-002,-5.490578711032867E-002,-3.171940334141254E-004,-9.867402911186218E-001,1.314345374703407E-002,
3.116333333333334E+009,-1.866597495973110E-002,-3.441059216856957E-002,-9.863053560256958E-001,4.845144599676132E-002,-1.866597495973110E-002,-3.441059216856957E-002,-9.863053560256958E-001,4.845144599676132E-002,
3.124700000000000E+009,-9.384704753756523E-003,-8.304342627525330E-002,-9.860498309135437E-001,7.644872367382050E-002,-9.384704753756523E-003,-8.304342627525330E-002,-9.860498309135437E-001,7.644872367382050E-002,
3.133066666666667E+009,-2.580758556723595E-002,-1.313518583774567E-001,-9.809625148773193E-001,1.092292815446854E-001,-2.580758556723595E-002,-1.313518583774567E-001,-9.809625148773193E-001,1.092292815446854E-001,
3.141433333333334E+009,-6.788970530033112E-002,-1.610414385795593E-001,-9.689584374427795E-001,1.336311399936676E-001,-6.788970530033112E-002,-1.610414385795593E-001,-9.689584374427795E-001,1.336311399936676E-001,
3.149800000000000E+009,-1.217363923788071E-001,-1.654616445302963E-001,-9.614088535308838E-001,1.573594361543655E-001,-1.217363923788071E-001,-1.654616445302963E-001,-9.614088535308838E-001,1.573594361543655E-001,
3.158166666666667E+009,-1.691264808177948E-001,-1.417620778083801E-001,-9.463974833488464E-001,1.779088228940964E-001,-1.691264808177948E-001,-1.417620778083801E-001,-9.463974833488464E-001,1.779088228940964E-001,
3.166533333333334E+009,-1.980611532926559E-001,-9.914565086364746E-002,-9.436118602752686E-001,1.915679126977921E-001,-1.980611532926559E-001,-9.914565086364746E-002,-9.436118602752686E-001,1.915679126977921E-001,
3.174900000000000E+009,-2.040311694145203E-001,-4.681878909468651E-002,-9.422893524169922E-001,2.102002054452896E-001,-2.040311694145203E-001,-4.681878909468651E-002,-9.422893524169922E-001,2.102002054452896E-001,
3.183266666666667E+009,-1.786437034606934E-001,-2.696280353120528E-005,-9.390344619750977E-001,2.309124618768692E-001,-1.786437034606934E-001,-2.696280353120528E-005,-9.390344619750977E-001,2.309124618768692E-001,
3.191633333333334E+009,-1.350028216838837E-001,2.127629704773426E-002,-9.353920817375183E-001,2.544872462749481E-001,-1.350028216838837E-001,2.127629704773426E-002,-9.353920817375183E-001,2.544872462749481E-001,
3.200000000000000E+009,-8.588197827339172E-002,1.680038869380951E-002,-9.405243992805481E-001,2.794115841388702E-001,-8.588197827339172E-002,1.680038869380951E-002,-9.405243992805481E-001,2.794115841388702E-001,
