% Version 1.00
%
%freq[Hz],re:Trc1_S11,im:Trc1_S11,re:Trc2_S21,im:Trc2_S21,re:Trc3_S11,im:Trc3_S11,re:Trc4_S21,im:Trc4_S21,
6.900000000000000E+008,-4.415040835738182E-002,3.472895175218582E-002,-4.989741444587708E-001,-8.488710522651672E-001,-4.415040835738182E-002,3.472895175218582E-002,-4.989741444587708E-001,-8.488710522651672E-001,
6.983666666666666E+008,-3.677190467715263E-002,3.508139401674271E-002,-5.154797434806824E-001,-8.317373394966126E-001,-3.677190467715263E-002,3.508139401674271E-002,-5.154797434806824E-001,-8.317373394966126E-001,
7.067333333333334E+008,-3.086763061583042E-002,3.196515515446663E-002,-5.445360541343689E-001,-8.052877783775330E-001,-3.086763061583042E-002,3.196515515446663E-002,-5.445360541343689E-001,-8.052877783775330E-001,
7.151000000000000E+008,-3.166981041431427E-002,2.375037223100662E-002,-5.531482696533203E-001,-7.975986003875732E-001,-3.166981041431427E-002,2.375037223100662E-002,-5.531482696533203E-001,-7.975986003875732E-001,
7.234666666666666E+008,-3.177599236369133E-002,1.798444986343384E-002,-5.918765068054199E-001,-7.854424118995667E-001,-3.177599236369133E-002,1.798444986343384E-002,-5.918765068054199E-001,-7.854424118995667E-001,
7.318333333333334E+008,-3.932841494679451E-002,1.455571688711643E-002,-5.974288582801819E-001,-7.805507779121399E-001,-3.932841494679451E-002,1.455571688711643E-002,-5.974288582801819E-001,-7.805507779121399E-001,
7.402000000000000E+008,-4.698461294174194E-002,1.612428762018681E-002,-6.277946829795837E-001,-7.570537924766541E-001,-4.698461294174194E-002,1.612428762018681E-002,-6.277946829795837E-001,-7.570537924766541E-001,
7.485666666666666E+008,-5.220205709338188E-002,2.140905335545540E-002,-6.492681503295898E-001,-7.195422053337097E-001,-5.220205709338188E-002,2.140905335545540E-002,-6.492681503295898E-001,-7.195422053337097E-001,
7.569333333333334E+008,-5.320874601602554E-002,3.032569773495197E-002,-6.647834777832031E-001,-7.221125960350037E-001,-5.320874601602554E-002,3.032569773495197E-002,-6.647834777832031E-001,-7.221125960350037E-001,
7.653000000000000E+008,-5.000955611467362E-002,3.903449326753616E-002,-6.720538139343262E-001,-7.149905562400818E-001,-5.000955611467362E-002,3.903449326753616E-002,-6.720538139343262E-001,-7.149905562400818E-001,
7.736666666666666E+008,-4.230419173836708E-002,4.767876118421555E-002,-6.971023082733154E-001,-7.068656682968140E-001,-4.230419173836708E-002,4.767876118421555E-002,-6.971023082733154E-001,-7.068656682968140E-001,
7.820333333333334E+008,-3.601578623056412E-002,5.159834027290344E-002,-7.203465104103088E-001,-6.838768124580383E-001,-3.601578623056412E-002,5.159834027290344E-002,-7.203465104103088E-001,-6.838768124580383E-001,
7.904000000000000E+008,-2.658079005777836E-002,5.009170249104500E-002,-7.350371479988098E-001,-6.610589623451233E-001,-2.658079005777836E-002,5.009170249104500E-002,-7.350371479988098E-001,-6.610589623451233E-001,
7.987666666666666E+008,-1.953506842255592E-002,4.551019892096520E-002,-7.473217248916626E-001,-6.408264636993408E-001,-1.953506842255592E-002,4.551019892096520E-002,-7.473217248916626E-001,-6.408264636993408E-001,
8.071333333333334E+008,-1.980655826628208E-002,4.098977521061897E-002,-7.604252099990845E-001,-6.278687119483948E-001,-1.980655826628208E-002,4.098977521061897E-002,-7.604252099990845E-001,-6.278687119483948E-001,
8.155000000000000E+008,-2.403585612773895E-002,3.380065783858299E-002,-7.706565260887146E-001,-5.821570754051209E-001,-2.403585612773895E-002,3.380065783858299E-002,-7.706565260887146E-001,-5.821570754051209E-001,
8.238666666666666E+008,-2.914160676300526E-002,3.078242950141430E-002,-8.020089268684387E-001,-5.863845944404602E-001,-2.914160676300526E-002,3.078242950141430E-002,-8.020089268684387E-001,-5.863845944404602E-001,
8.322333333333334E+008,-3.772423788905144E-002,3.263708204030991E-002,-8.134677410125732E-001,-5.583884119987488E-001,-3.772423788905144E-002,3.263708204030991E-002,-8.134677410125732E-001,-5.583884119987488E-001,
8.406000000000000E+008,-4.267492145299912E-002,3.593437746167183E-002,-8.257228136062622E-001,-5.437551140785217E-001,-4.267492145299912E-002,3.593437746167183E-002,-8.257228136062622E-001,-5.437551140785217E-001,
8.489666666666668E+008,-4.349943622946739E-002,4.372780397534370E-002,-8.456933498382568E-001,-5.176408886909485E-001,-4.349943622946739E-002,4.372780397534370E-002,-8.456933498382568E-001,-5.176408886909485E-001,
8.573333333333334E+008,-4.044852405786514E-002,5.120148509740830E-002,-8.507251143455505E-001,-5.004689693450928E-001,-4.044852405786514E-002,5.120148509740830E-002,-8.507251143455505E-001,-5.004689693450928E-001,
8.657000000000000E+008,-3.384321555495262E-002,5.989485234022141E-002,-8.666321635246277E-001,-4.719658792018890E-001,-3.384321555495262E-002,5.989485234022141E-002,-8.666321635246277E-001,-4.719658792018890E-001,
8.740666666666668E+008,-2.555387839674950E-002,6.479797512292862E-002,-8.611065745353699E-001,-4.532997012138367E-001,-2.555387839674950E-002,6.479797512292862E-002,-8.611065745353699E-001,-4.532997012138367E-001,
8.824333333333334E+008,-1.647501811385155E-002,6.364305317401886E-002,-8.926016092300415E-001,-4.216943383216858E-001,-1.647501811385155E-002,6.364305317401886E-002,-8.926016092300415E-001,-4.216943383216858E-001,
8.908000000000000E+008,-9.265495464205742E-003,6.359685957431793E-002,-9.034374356269836E-001,-4.184690713882446E-001,-9.265495464205742E-003,6.359685957431793E-002,-9.034374356269836E-001,-4.184690713882446E-001,
8.991666666666668E+008,-6.730659399181604E-003,5.670911073684692E-002,-9.146633744239807E-001,-3.890734612941742E-001,-6.730659399181604E-003,5.670911073684692E-002,-9.146633744239807E-001,-3.890734612941742E-001,
9.075333333333334E+008,-7.023014128208160E-003,5.226584151387215E-002,-9.066849350929260E-001,-3.636448085308075E-001,-7.023014128208160E-003,5.226584151387215E-002,-9.066849350929260E-001,-3.636448085308075E-001,
9.159000000000000E+008,-1.027614250779152E-002,4.749148711562157E-002,-9.217720031738281E-001,-3.532720208168030E-001,-1.027614250779152E-002,4.749148711562157E-002,-9.217720031738281E-001,-3.532720208168030E-001,
9.242666666666668E+008,-1.578991115093231E-002,4.332892596721649E-002,-9.325727224349976E-001,-3.280678689479828E-001,-1.578991115093231E-002,4.332892596721649E-002,-9.325727224349976E-001,-3.280678689479828E-001,
9.326333333333334E+008,-2.066568285226822E-002,4.557557776570320E-002,-9.372302293777466E-001,-2.939191460609436E-001,-2.066568285226822E-002,4.557557776570320E-002,-9.372302293777466E-001,-2.939191460609436E-001,
9.410000000000000E+008,-2.612575516104698E-002,5.190962553024292E-002,-9.432478547096252E-001,-2.664667367935181E-001,-2.612575516104698E-002,5.190962553024292E-002,-9.432478547096252E-001,-2.664667367935181E-001,
9.493666666666668E+008,-2.716870419681072E-002,5.897010490298271E-002,-9.486953020095825E-001,-2.568994760513306E-001,-2.716870419681072E-002,5.897010490298271E-002,-9.486953020095825E-001,-2.568994760513306E-001,
9.577333333333334E+008,-2.231114171445370E-002,6.706283986568451E-002,-9.739973545074463E-001,-2.153153419494629E-001,-2.231114171445370E-002,6.706283986568451E-002,-9.739973545074463E-001,-2.153153419494629E-001,
9.661000000000000E+008,-1.420086808502674E-002,7.381708174943924E-002,-9.595322012901306E-001,-2.011823356151581E-001,-1.420086808502674E-002,7.381708174943924E-002,-9.595322012901306E-001,-2.011823356151581E-001,
9.744666666666668E+008,-4.922140389680862E-003,7.811602950096130E-002,-9.699061512947083E-001,-1.688353866338730E-001,-4.922140389680862E-003,7.811602950096130E-002,-9.699061512947083E-001,-1.688353866338730E-001,
9.828333333333334E+008,8.343555033206940E-003,7.611133158206940E-002,-9.661644101142883E-001,-1.432347297668457E-001,8.343555033206940E-003,7.611133158206940E-002,-9.661644101142883E-001,-1.432347297668457E-001,
9.912000000000000E+008,1.750493422150612E-002,7.296450436115265E-002,-9.771052002906799E-001,-1.338841617107391E-001,1.750493422150612E-002,7.296450436115265E-002,-9.771052002906799E-001,-1.338841617107391E-001,
9.995666666666668E+008,2.157338522374630E-002,6.402901560068131E-002,-9.806644320487976E-001,-9.754633903503418E-002,2.157338522374630E-002,6.402901560068131E-002,-9.806644320487976E-001,-9.754633903503418E-002,
1.007933333333333E+009,2.129991725087166E-002,5.610106140375137E-002,-9.841765761375427E-001,-7.799544930458069E-002,2.129991725087166E-002,5.610106140375137E-002,-9.841765761375427E-001,-7.799544930458069E-002,
1.016300000000000E+009,1.479963771998882E-002,4.786135256290436E-002,-9.831796884536743E-001,-5.123139545321465E-002,1.479963771998882E-002,4.786135256290436E-002,-9.831796884536743E-001,-5.123139545321465E-002,
1.024666666666667E+009,6.555088795721531E-003,4.742480069398880E-002,-9.846685528755188E-001,-3.057572245597839E-002,6.555088795721531E-003,4.742480069398880E-002,-9.846685528755188E-001,-3.057572245597839E-002,
1.033033333333333E+009,-9.018832934089005E-004,4.866034910082817E-002,-9.626246094703674E-001,8.243148215115070E-003,-9.018832934089005E-004,4.866034910082817E-002,-9.626246094703674E-001,8.243148215115070E-003,
1.041400000000000E+009,-5.171852651983500E-003,5.504382029175758E-002,-9.699167609214783E-001,2.902020514011383E-002,-5.171852651983500E-003,5.504382029175758E-002,-9.699167609214783E-001,2.902020514011383E-002,
1.049766666666667E+009,-6.054332479834557E-003,6.341400742530823E-002,-9.787685871124268E-001,5.051788315176964E-002,-6.054332479834557E-003,6.341400742530823E-002,-9.787685871124268E-001,5.051788315176964E-002,
1.058133333333333E+009,1.810915302485228E-003,7.221479713916779E-002,-9.740547537803650E-001,7.522266358137131E-002,1.810915302485228E-003,7.221479713916779E-002,-9.740547537803650E-001,7.522266358137131E-002,
1.066500000000000E+009,1.425442565232515E-002,7.660463452339172E-002,-9.577683806419373E-001,1.028705686330795E-001,1.425442565232515E-002,7.660463452339172E-002,-9.577683806419373E-001,1.028705686330795E-001,
1.074866666666667E+009,2.602171897888184E-002,7.343108952045441E-002,-9.685682058334351E-001,1.318038702011108E-001,2.602171897888184E-002,7.343108952045441E-002,-9.685682058334351E-001,1.318038702011108E-001,
1.083233333333334E+009,3.837358579039574E-002,6.937891989946365E-002,-9.640579819679260E-001,1.477553993463516E-001,3.837358579039574E-002,6.937891989946365E-002,-9.640579819679260E-001,1.477553993463516E-001,
1.091600000000000E+009,4.261677339673042E-002,5.752111598849297E-002,-9.576671123504639E-001,1.821021884679794E-001,4.261677339673042E-002,5.752111598849297E-002,-9.576671123504639E-001,1.821021884679794E-001,
1.099966666666667E+009,4.399528726935387E-002,4.548811167478561E-002,-9.537030458450317E-001,1.984357982873917E-001,4.399528726935387E-002,4.548811167478561E-002,-9.537030458450317E-001,1.984357982873917E-001,
1.108333333333334E+009,3.582431003451347E-002,3.607167676091194E-002,-9.655015468597412E-001,2.207450866699219E-001,3.582431003451347E-002,3.607167676091194E-002,-9.655015468597412E-001,2.207450866699219E-001,
1.116700000000000E+009,2.375048212707043E-002,3.684347495436668E-002,-9.506882429122925E-001,2.528874874114990E-001,2.375048212707043E-002,3.684347495436668E-002,-9.506882429122925E-001,2.528874874114990E-001,
1.125066666666667E+009,1.178577449172735E-002,3.826264292001724E-002,-9.353855848312378E-001,2.743115127086639E-001,1.178577449172735E-002,3.826264292001724E-002,-9.353855848312378E-001,2.743115127086639E-001,
1.133433333333334E+009,1.346092787571251E-003,5.030661076307297E-002,-9.307411313056946E-001,2.922750711441040E-001,1.346092787571251E-003,5.030661076307297E-002,-9.307411313056946E-001,2.922750711441040E-001,
1.141800000000000E+009,2.136679133400321E-003,6.325650215148926E-002,-9.193797111511231E-001,3.174170255661011E-001,2.136679133400321E-003,6.325650215148926E-002,-9.193797111511231E-001,3.174170255661011E-001,
1.150166666666667E+009,8.596774190664291E-003,7.558655738830566E-002,-9.142381548881531E-001,3.474325239658356E-001,8.596774190664291E-003,7.558655738830566E-002,-9.142381548881531E-001,3.474325239658356E-001,
1.158533333333334E+009,2.599783986806870E-002,8.271039277315140E-002,-9.040470719337463E-001,3.695003688335419E-001,2.599783986806870E-002,8.271039277315140E-002,-9.040470719337463E-001,3.695003688335419E-001,
1.166900000000000E+009,4.512092098593712E-002,8.175607770681381E-002,-8.954522609710693E-001,3.957754373550415E-001,4.512092098593712E-002,8.175607770681381E-002,-8.954522609710693E-001,3.957754373550415E-001,
1.175266666666667E+009,6.078549101948738E-002,7.195550948381424E-002,-8.767595291137695E-001,4.090856015682221E-001,6.078549101948738E-002,7.195550948381424E-002,-8.767595291137695E-001,4.090856015682221E-001,
1.183633333333334E+009,7.338029891252518E-002,5.729670822620392E-002,-8.725222349166870E-001,4.362473189830780E-001,7.338029891252518E-002,5.729670822620392E-002,-8.725222349166870E-001,4.362473189830780E-001,
1.192000000000000E+009,7.466102391481400E-002,4.020779579877853E-002,-8.657522797584534E-001,4.626162052154541E-001,7.466102391481400E-002,4.020779579877853E-002,-8.657522797584534E-001,4.626162052154541E-001,
1.200366666666667E+009,6.547988951206207E-002,2.334879525005817E-002,-8.521363139152527E-001,4.804029762744904E-001,6.547988951206207E-002,2.334879525005817E-002,-8.521363139152527E-001,4.804029762744904E-001,
1.208733333333334E+009,4.829297214746475E-002,1.537568122148514E-002,-8.469454646110535E-001,5.099000930786133E-001,4.829297214746475E-002,1.537568122148514E-002,-8.469454646110535E-001,5.099000930786133E-001,
1.217100000000000E+009,3.033857047557831E-002,1.768463477492333E-002,-8.153141140937805E-001,5.231007933616638E-001,3.033857047557831E-002,1.768463477492333E-002,-8.153141140937805E-001,5.231007933616638E-001,
1.225466666666667E+009,1.861023716628552E-002,2.923857048153877E-002,-8.178851008415222E-001,5.476819276809692E-001,1.861023716628552E-002,2.923857048153877E-002,-8.178851008415222E-001,5.476819276809692E-001,
1.233833333333334E+009,1.666066609323025E-002,4.453883692622185E-002,-7.980957031250000E-001,5.678827762603760E-001,1.666066609323025E-002,4.453883692622185E-002,-7.980957031250000E-001,5.678827762603760E-001,
1.242200000000000E+009,2.219624631106854E-002,5.896784365177155E-002,-7.705404162406921E-001,5.841900706291199E-001,2.219624631106854E-002,5.896784365177155E-002,-7.705404162406921E-001,5.841900706291199E-001,
1.250566666666667E+009,3.699076175689697E-002,6.875677406787872E-002,-7.746768593788147E-001,6.117231845855713E-001,3.699076175689697E-002,6.875677406787872E-002,-7.746768593788147E-001,6.117231845855713E-001,
1.258933333333334E+009,5.725833028554916E-002,6.937582790851593E-002,-7.536116838455200E-001,6.220697164535523E-001,5.725833028554916E-002,6.937582790851593E-002,-7.536116838455200E-001,6.220697164535523E-001,
1.267300000000000E+009,7.498402148485184E-002,5.715519934892654E-002,-7.306641936302185E-001,6.399654746055603E-001,7.498402148485184E-002,5.715519934892654E-002,-7.306641936302185E-001,6.399654746055603E-001,
1.275666666666667E+009,8.586923032999039E-002,4.041245952248573E-002,-7.272289991378784E-001,6.452002525329590E-001,8.586923032999039E-002,4.041245952248573E-002,-7.272289991378784E-001,6.452002525329590E-001,
1.284033333333334E+009,8.762801438570023E-002,1.836762949824333E-002,-6.962480545043945E-001,6.964692473411560E-001,8.762801438570023E-002,1.836762949824333E-002,-6.962480545043945E-001,6.964692473411560E-001,
1.292400000000000E+009,7.598160952329636E-002,8.080014376901090E-004,-6.923788189888001E-001,6.960483789443970E-001,7.598160952329636E-002,8.080014376901090E-004,-6.923788189888001E-001,6.960483789443970E-001,
1.300766666666667E+009,5.846051871776581E-002,-6.643798667937517E-003,-6.741743683815002E-001,7.130867838859558E-001,5.846051871776581E-002,-6.643798667937517E-003,-6.741743683815002E-001,7.130867838859558E-001,
1.309133333333334E+009,3.923080116510391E-002,-3.679818939417601E-003,-6.589349508285523E-001,7.405461668968201E-001,3.923080116510391E-002,-3.679818939417601E-003,-6.589349508285523E-001,7.405461668968201E-001,
1.317500000000000E+009,2.488706260919571E-002,8.806868456304073E-003,-6.289368271827698E-001,7.647085189819336E-001,2.488706260919571E-002,8.806868456304073E-003,-6.289368271827698E-001,7.647085189819336E-001,
1.325866666666667E+009,2.012314088642597E-002,2.518877759575844E-002,-6.104650497436523E-001,7.641243338584900E-001,2.012314088642597E-002,2.518877759575844E-002,-6.104650497436523E-001,7.641243338584900E-001,
1.334233333333334E+009,2.673336304724217E-002,4.373619332909584E-002,-5.890386104583740E-001,7.764199376106262E-001,2.673336304724217E-002,4.373619332909584E-002,-5.890386104583740E-001,7.764199376106262E-001,
1.342600000000000E+009,4.333273321390152E-002,4.962968081235886E-002,-5.763272643089294E-001,7.943191528320313E-001,4.333273321390152E-002,4.962968081235886E-002,-5.763272643089294E-001,7.943191528320313E-001,
1.350966666666667E+009,6.092953309416771E-002,4.807234928011894E-002,-5.465976595878601E-001,8.142162561416626E-001,6.092953309416771E-002,4.807234928011894E-002,-5.465976595878601E-001,8.142162561416626E-001,
1.359333333333334E+009,7.664075493812561E-002,3.580661863088608E-002,-5.292412638664246E-001,8.209587931632996E-001,7.664075493812561E-002,3.580661863088608E-002,-5.292412638664246E-001,8.209587931632996E-001,
1.367700000000000E+009,8.363401889801025E-002,1.469798572361469E-002,-5.119609236717224E-001,8.321902751922607E-001,8.363401889801025E-002,1.469798572361469E-002,-5.119609236717224E-001,8.321902751922607E-001,
1.376066666666667E+009,7.812654227018356E-002,-8.308045566082001E-003,-4.859111011028290E-001,8.444437384605408E-001,7.812654227018356E-002,-8.308045566082001E-003,-4.859111011028290E-001,8.444437384605408E-001,
1.384433333333334E+009,6.325419992208481E-002,-2.158725075423718E-002,-4.772886037826538E-001,8.556523919105530E-001,6.325419992208481E-002,-2.158725075423718E-002,-4.772886037826538E-001,8.556523919105530E-001,
1.392800000000000E+009,4.040303826332092E-002,-2.477334626019001E-002,-4.530343711376190E-001,8.625043630599976E-001,4.040303826332092E-002,-2.477334626019001E-002,-4.530343711376190E-001,8.625043630599976E-001,
1.401166666666667E+009,2.344627492129803E-002,-1.623395085334778E-002,-4.212582707405090E-001,8.896237015724182E-001,2.344627492129803E-002,-1.623395085334778E-002,-4.212582707405090E-001,8.896237015724182E-001,
1.409533333333334E+009,1.156455650925636E-002,3.752053482457995E-003,-3.983636498451233E-001,8.989872932434082E-001,1.156455650925636E-002,3.752053482457995E-003,-3.983636498451233E-001,8.989872932434082E-001,
1.417900000000000E+009,1.027016993612051E-002,2.542634308338165E-002,-3.590896725654602E-001,8.923888206481934E-001,1.027016993612051E-002,2.542634308338165E-002,-3.590896725654602E-001,8.923888206481934E-001,
1.426266666666667E+009,2.125102840363979E-002,4.461422935128212E-002,-3.549214303493500E-001,9.208436012268066E-001,2.125102840363979E-002,4.461422935128212E-002,-3.549214303493500E-001,9.208436012268066E-001,
1.434633333333334E+009,4.005540534853935E-002,5.193228647112846E-002,-3.253399729728699E-001,9.137565493583679E-001,4.005540534853935E-002,5.193228647112846E-002,-3.253399729728699E-001,9.137565493583679E-001,
1.443000000000000E+009,6.259610503911972E-002,4.951833933591843E-002,-2.996386289596558E-001,9.263790845870972E-001,6.259610503911972E-002,4.951833933591843E-002,-2.996386289596558E-001,9.263790845870972E-001,
1.451366666666667E+009,7.793439924716950E-002,3.325876966118813E-002,-2.812291383743286E-001,9.317207336425781E-001,7.793439924716950E-002,3.325876966118813E-002,-2.812291383743286E-001,9.317207336425781E-001,
1.459733333333334E+009,8.409418165683746E-002,1.252080500125885E-002,-2.670255005359650E-001,9.353259205818176E-001,8.409418165683746E-002,1.252080500125885E-002,-2.670255005359650E-001,9.353259205818176E-001,
1.468100000000000E+009,7.855483889579773E-002,-8.952992036938667E-003,-2.309386730194092E-001,9.434819817543030E-001,7.855483889579773E-002,-8.952992036938667E-003,-2.309386730194092E-001,9.434819817543030E-001,
1.476466666666667E+009,6.279949098825455E-002,-2.350660040974617E-002,-2.121027410030365E-001,9.587897062301636E-001,6.279949098825455E-002,-2.350660040974617E-002,-2.121027410030365E-001,9.587897062301636E-001,
1.484833333333334E+009,4.133123159408569E-002,-2.677205950021744E-002,-1.788096129894257E-001,9.612610936164856E-001,4.133123159408569E-002,-2.677205950021744E-002,-1.788096129894257E-001,9.612610936164856E-001,
1.493200000000000E+009,2.504299394786358E-002,-1.731954142451286E-002,-1.617419719696045E-001,9.620608687400818E-001,2.504299394786358E-002,-1.731954142451286E-002,-1.617419719696045E-001,9.620608687400818E-001,
1.501566666666667E+009,1.553017180413008E-002,1.844123005867004E-003,-1.320142298936844E-001,9.652228951454163E-001,1.553017180413008E-002,1.844123005867004E-003,-1.320142298936844E-001,9.652228951454163E-001,
1.509933333333334E+009,1.612350158393383E-002,2.417073957622051E-002,-1.165550202131271E-001,9.698584079742432E-001,1.612350158393383E-002,2.417073957622051E-002,-1.165550202131271E-001,9.698584079742432E-001,
1.518300000000000E+009,3.141609951853752E-002,4.066155478358269E-002,-9.006400406360626E-002,9.763202667236328E-001,3.141609951853752E-002,4.066155478358269E-002,-9.006400406360626E-002,9.763202667236328E-001,
1.526666666666667E+009,5.165983363986015E-002,4.735324531793594E-002,-5.757163837552071E-002,9.694105982780457E-001,5.165983363986015E-002,4.735324531793594E-002,-5.757163837552071E-002,9.694105982780457E-001,
1.535033333333334E+009,7.228695601224899E-002,4.372626915574074E-002,-3.692061826586723E-002,9.799691438674927E-001,7.228695601224899E-002,4.372626915574074E-002,-3.692061826586723E-002,9.799691438674927E-001,
1.543400000000000E+009,8.607333153486252E-002,2.748965844511986E-002,-1.604305580258369E-002,9.732268452644348E-001,8.607333153486252E-002,2.748965844511986E-002,-1.604305580258369E-002,9.732268452644348E-001,
1.551766666666667E+009,8.823989331722260E-002,4.692551679909229E-003,6.993845570832491E-003,9.686069488525391E-001,8.823989331722260E-002,4.692551679909229E-003,6.993845570832491E-003,9.686069488525391E-001,
1.560133333333334E+009,8.175071328878403E-002,-1.609393395483494E-002,2.884694002568722E-002,9.747933745384216E-001,8.175071328878403E-002,-1.609393395483494E-002,2.884694002568722E-002,9.747933745384216E-001,
1.568500000000000E+009,6.673008948564529E-002,-2.901202253997326E-002,4.648165032267571E-002,9.780356884002686E-001,6.673008948564529E-002,-2.901202253997326E-002,4.648165032267571E-002,9.780356884002686E-001,
1.576866666666667E+009,4.694421216845512E-002,-3.049402497708798E-002,8.823814988136292E-002,9.690366983413696E-001,4.694421216845512E-002,-3.049402497708798E-002,8.823814988136292E-002,9.690366983413696E-001,
1.585233333333334E+009,3.360972926020622E-002,-2.198887988924980E-002,1.035822778940201E-001,9.689469933509827E-001,3.360972926020622E-002,-2.198887988924980E-002,1.035822778940201E-001,9.689469933509827E-001,
1.593600000000000E+009,2.623243629932404E-002,-6.905323360115290E-003,1.319921910762787E-001,9.639586210250855E-001,2.623243629932404E-002,-6.905323360115290E-003,1.319921910762787E-001,9.639586210250855E-001,
1.601966666666667E+009,2.924733981490135E-002,1.199757121503353E-002,1.530672609806061E-001,9.615812301635742E-001,2.924733981490135E-002,1.199757121503353E-002,1.530672609806061E-001,9.615812301635742E-001,
1.610333333333334E+009,4.194764047861099E-002,2.470620721578598E-002,1.838394254446030E-001,9.542874693870544E-001,4.194764047861099E-002,2.470620721578598E-002,1.838394254446030E-001,9.542874693870544E-001,
1.618700000000000E+009,6.056463345885277E-002,2.867472358047962E-002,2.088720649480820E-001,9.505212903022766E-001,6.056463345885277E-002,2.867472358047962E-002,2.088720649480820E-001,9.505212903022766E-001,
1.627066666666667E+009,7.662393897771835E-002,2.234289236366749E-002,2.297905087471008E-001,9.427706003189087E-001,7.662393897771835E-002,2.234289236366749E-002,2.297905087471008E-001,9.427706003189087E-001,
1.635433333333334E+009,8.579302579164505E-002,9.899891912937164E-003,2.567348778247833E-001,9.430075883865356E-001,8.579302579164505E-002,9.899891912937164E-003,2.567348778247833E-001,9.430075883865356E-001,
1.643800000000000E+009,8.674571663141251E-002,-8.839461952447891E-003,2.693295478820801E-001,9.330005049705505E-001,8.674571663141251E-002,-8.839461952447891E-003,2.693295478820801E-001,9.330005049705505E-001,
1.652166666666667E+009,7.800021022558212E-002,-2.466511353850365E-002,3.029633164405823E-001,9.243901371955872E-001,7.800021022558212E-002,-2.466511353850365E-002,3.029633164405823E-001,9.243901371955872E-001,
1.660533333333334E+009,6.346601992845535E-002,-3.323214873671532E-002,3.202968537807465E-001,9.201406836509705E-001,6.346601992845535E-002,-3.323214873671532E-002,3.202968537807465E-001,9.201406836509705E-001,
1.668900000000000E+009,4.769876226782799E-002,-3.187335655093193E-002,3.424989581108093E-001,9.084773063659668E-001,4.769876226782799E-002,-3.187335655093193E-002,3.424989581108093E-001,9.084773063659668E-001,
1.677266666666667E+009,3.550491854548454E-002,-2.417432703077793E-002,3.821701407432556E-001,8.996242880821228E-001,3.550491854548454E-002,-2.417432703077793E-002,3.821701407432556E-001,8.996242880821228E-001,
1.685633333333334E+009,3.298705816268921E-002,-9.674455970525742E-003,3.976880609989166E-001,8.920450210571289E-001,3.298705816268921E-002,-9.674455970525742E-003,3.976880609989166E-001,8.920450210571289E-001,
1.694000000000000E+009,3.742682188749313E-002,3.247255925089121E-003,4.145347177982330E-001,8.790674805641174E-001,3.742682188749313E-002,3.247255925089121E-003,4.145347177982330E-001,8.790674805641174E-001,
1.702366666666667E+009,5.036869645118713E-002,1.432196237146854E-002,4.370164275169373E-001,8.704752326011658E-001,5.036869645118713E-002,1.432196237146854E-002,4.370164275169373E-001,8.704752326011658E-001,
1.710733333333334E+009,6.749791651964188E-002,1.703210547566414E-002,4.559469819068909E-001,8.530743122100830E-001,6.749791651964188E-002,1.703210547566414E-002,4.559469819068909E-001,8.530743122100830E-001,
1.719100000000000E+009,8.356714248657227E-002,9.396472014486790E-003,4.821218848228455E-001,8.383043408393860E-001,8.356714248657227E-002,9.396472014486790E-003,4.821218848228455E-001,8.383043408393860E-001,
1.727466666666667E+009,9.387504309415817E-002,-3.852980909869075E-003,4.993093013763428E-001,8.320280909538269E-001,9.387504309415817E-002,-3.852980909869075E-003,4.993093013763428E-001,8.320280909538269E-001,
1.735833333333334E+009,9.553769975900650E-002,-2.060363255441189E-002,5.153177976608276E-001,8.177216649055481E-001,9.553769975900650E-002,-2.060363255441189E-002,5.153177976608276E-001,8.177216649055481E-001,
1.744200000000000E+009,8.785379678010941E-002,-3.844548761844635E-002,5.432846546173096E-001,7.962721586227417E-001,8.785379678010941E-002,-3.844548761844635E-002,5.432846546173096E-001,7.962721586227417E-001,
1.752566666666667E+009,7.548290491104126E-002,-4.978475719690323E-002,5.713650584220886E-001,7.908469438552856E-001,7.548290491104126E-002,-4.978475719690323E-002,5.713650584220886E-001,7.908469438552856E-001,
1.760933333333334E+009,5.971964821219444E-002,-5.496412515640259E-002,5.805431008338928E-001,7.778741121292114E-001,5.971964821219444E-002,-5.496412515640259E-002,5.805431008338928E-001,7.778741121292114E-001,
1.769300000000000E+009,4.507293552160263E-002,-5.233167111873627E-002,6.046631336212158E-001,7.691885828971863E-001,4.507293552160263E-002,-5.233167111873627E-002,6.046631336212158E-001,7.691885828971863E-001,
1.777666666666667E+009,3.615570813417435E-002,-4.209452867507935E-002,6.189095377922058E-001,7.591075897216797E-001,3.615570813417435E-002,-4.209452867507935E-002,6.189095377922058E-001,7.591075897216797E-001,
1.786033333333334E+009,3.483029827475548E-002,-3.220123425126076E-002,6.346074938774109E-001,7.286630868911743E-001,3.483029827475548E-002,-3.220123425126076E-002,6.346074938774109E-001,7.286630868911743E-001,
1.794400000000000E+009,4.134584590792656E-002,-2.001278847455978E-002,6.580631136894226E-001,7.139745950698853E-001,4.134584590792656E-002,-2.001278847455978E-002,6.580631136894226E-001,7.139745950698853E-001,
1.802766666666667E+009,4.981506615877152E-002,-1.458035130053759E-002,6.761506795883179E-001,6.956778168678284E-001,4.981506615877152E-002,-1.458035130053759E-002,6.761506795883179E-001,6.956778168678284E-001,
1.811133333333334E+009,6.071000173687935E-002,-1.373665314167738E-002,7.005041837692261E-001,6.775760650634766E-001,6.071000173687935E-002,-1.373665314167738E-002,7.005041837692261E-001,6.775760650634766E-001,
1.819500000000000E+009,7.117617130279541E-002,-1.772145368158817E-002,7.119660377502441E-001,6.518141031265259E-001,7.117617130279541E-002,-1.772145368158817E-002,7.119660377502441E-001,6.518141031265259E-001,
1.827866666666667E+009,7.743038237094879E-002,-2.657469362020493E-002,7.317636609077454E-001,6.411814689636231E-001,7.743038237094879E-002,-2.657469362020493E-002,7.317636609077454E-001,6.411814689636231E-001,
1.836233333333334E+009,7.555785775184631E-002,-3.764310479164124E-002,7.438243627548218E-001,6.247115135192871E-001,7.555785775184631E-002,-3.764310479164124E-002,7.438243627548218E-001,6.247115135192871E-001,
1.844600000000000E+009,6.877879053354263E-002,-4.638052359223366E-002,7.603690028190613E-001,6.180288791656494E-001,6.877879053354263E-002,-4.638052359223366E-002,7.603690028190613E-001,6.180288791656494E-001,
1.852966666666667E+009,5.996505543589592E-002,-5.152247473597527E-002,7.691920399665833E-001,5.843738913536072E-001,5.996505543589592E-002,-5.152247473597527E-002,7.691920399665833E-001,5.843738913536072E-001,
1.861333333333334E+009,5.075692757964134E-002,-5.439214408397675E-002,7.923570275306702E-001,5.660932660102844E-001,5.075692757964134E-002,-5.439214408397675E-002,7.923570275306702E-001,5.660932660102844E-001,
1.869700000000000E+009,4.346619173884392E-002,-4.879715666174889E-002,8.073208332061768E-001,5.472646951675415E-001,4.346619173884392E-002,-4.879715666174889E-002,8.073208332061768E-001,5.472646951675415E-001,
1.878066666666667E+009,4.063053056597710E-002,-4.393597692251205E-002,8.212704062461853E-001,5.322704911231995E-001,4.063053056597710E-002,-4.393597692251205E-002,8.212704062461853E-001,5.322704911231995E-001,
1.886433333333334E+009,4.248498752713203E-002,-3.655079379677773E-002,8.394125699996948E-001,5.060458183288574E-001,4.248498752713203E-002,-3.655079379677773E-002,8.394125699996948E-001,5.060458183288574E-001,
1.894800000000000E+009,5.126433447003365E-002,-3.205966204404831E-002,8.506709337234497E-001,4.864459633827210E-001,5.126433447003365E-002,-3.205966204404831E-002,8.506709337234497E-001,4.864459633827210E-001,
1.903166666666667E+009,6.056821346282959E-002,-2.956092171370983E-002,8.620135188102722E-001,4.564890861511231E-001,6.056821346282959E-002,-2.956092171370983E-002,8.620135188102722E-001,4.564890861511231E-001,
1.911533333333334E+009,7.036524266004562E-002,-3.503600135445595E-002,8.692363500595093E-001,4.297548234462738E-001,7.036524266004562E-002,-3.503600135445595E-002,8.692363500595093E-001,4.297548234462738E-001,
1.919900000000000E+009,7.786892354488373E-002,-4.379300028085709E-002,8.840791583061218E-001,4.158912599086762E-001,7.786892354488373E-002,-4.379300028085709E-002,8.840791583061218E-001,4.158912599086762E-001,
1.928266666666667E+009,8.089350908994675E-002,-5.414242669939995E-002,8.808266520500183E-001,3.796036541461945E-001,8.089350908994675E-002,-5.414242669939995E-002,8.808266520500183E-001,3.796036541461945E-001,
1.936633333333334E+009,7.601591944694519E-002,-6.614255905151367E-002,9.003713130950928E-001,3.700818419456482E-001,7.601591944694519E-002,-6.614255905151367E-002,9.003713130950928E-001,3.700818419456482E-001,
1.945000000000000E+009,6.627890467643738E-002,-7.486210018396378E-002,9.109330773353577E-001,3.454530835151672E-001,6.627890467643738E-002,-7.486210018396378E-002,9.109330773353577E-001,3.454530835151672E-001,
1.953366666666667E+009,5.467253550887108E-002,-8.070867508649826E-002,9.129161238670349E-001,3.249719738960266E-001,5.467253550887108E-002,-8.070867508649826E-002,9.129161238670349E-001,3.249719738960266E-001,
1.961733333333334E+009,3.982684761285782E-002,-7.799947261810303E-002,9.286842942237854E-001,3.027973771095276E-001,3.982684761285782E-002,-7.799947261810303E-002,9.286842942237854E-001,3.027973771095276E-001,
1.970100000000000E+009,2.896086312830448E-002,-7.252265512943268E-002,9.296746253967285E-001,2.793521583080292E-001,2.896086312830448E-002,-7.252265512943268E-002,9.296746253967285E-001,2.793521583080292E-001,
1.978466666666667E+009,2.533037401735783E-002,-6.129758059978485E-002,9.404765963554382E-001,2.497952431440353E-001,2.533037401735783E-002,-6.129758059978485E-002,9.404765963554382E-001,2.497952431440353E-001,
1.986833333333334E+009,2.855451963841915E-002,-5.159786343574524E-002,9.438527822494507E-001,2.309074103832245E-001,2.855451963841915E-002,-5.159786343574524E-002,9.438527822494507E-001,2.309074103832245E-001,
1.995200000000000E+009,4.039527848362923E-002,-4.555438086390495E-002,9.466339945793152E-001,2.135001271963120E-001,4.039527848362923E-002,-4.555438086390495E-002,9.466339945793152E-001,2.135001271963120E-001,
2.003566666666667E+009,5.466166138648987E-002,-4.568934440612793E-002,9.528573751449585E-001,1.789961606264114E-001,5.466166138648987E-002,-4.568934440612793E-002,9.528573751449585E-001,1.789961606264114E-001,
2.011933333333334E+009,6.790009886026382E-002,-5.481182038784027E-002,9.626266360282898E-001,1.519979387521744E-001,6.790009886026382E-002,-5.481182038784027E-002,9.626266360282898E-001,1.519979387521744E-001,
2.020300000000000E+009,7.628580182790756E-002,-6.627156585454941E-002,9.636226296424866E-001,1.213306114077568E-001,7.628580182790756E-002,-6.627156585454941E-002,9.636226296424866E-001,1.213306114077568E-001,
2.028666666666667E+009,7.623696327209473E-002,-8.231157809495926E-002,9.656819105148315E-001,1.063164025545120E-001,7.623696327209473E-002,-8.231157809495926E-002,9.656819105148315E-001,1.063164025545120E-001,
2.037033333333334E+009,6.768301129341126E-002,-9.878583252429962E-002,9.695201516151428E-001,8.049034327268601E-002,6.768301129341126E-002,-9.878583252429962E-002,9.695201516151428E-001,8.049034327268601E-002,
2.045400000000000E+009,5.209928750991821E-002,-1.079085171222687E-001,9.667003750801086E-001,6.189435347914696E-002,5.209928750991821E-002,-1.079085171222687E-001,9.667003750801086E-001,6.189435347914696E-002,
2.053766666666667E+009,3.289408981800079E-002,-1.083931103348732E-001,9.695792198181152E-001,3.577253594994545E-002,3.289408981800079E-002,-1.083931103348732E-001,9.695792198181152E-001,3.577253594994545E-002,
2.062133333333334E+009,1.788806170225143E-002,-1.022735536098480E-001,9.746420979499817E-001,9.428282268345356E-003,1.788806170225143E-002,-1.022735536098480E-001,9.746420979499817E-001,9.428282268345356E-003,
2.070500000000000E+009,9.445753879845142E-003,-8.779413253068924E-002,9.749866127967835E-001,-1.762017048895359E-002,9.445753879845142E-003,-8.779413253068924E-002,9.749866127967835E-001,-1.762017048895359E-002,
2.078866666666667E+009,1.075438596308231E-002,-7.339116185903549E-002,9.713149070739746E-001,-3.959912434220314E-002,1.075438596308231E-002,-7.339116185903549E-002,9.713149070739746E-001,-3.959912434220314E-002,
2.087233333333334E+009,2.106150053441525E-002,-6.649936735630035E-002,9.718229770660400E-001,-7.348261773586273E-002,2.106150053441525E-002,-6.649936735630035E-002,9.718229770660400E-001,-7.348261773586273E-002,
2.095600000000000E+009,3.681087121367455E-002,-6.399495899677277E-002,9.743753671646118E-001,-9.385263919830322E-002,3.681087121367455E-002,-6.399495899677277E-002,9.743753671646118E-001,-9.385263919830322E-002,
2.103966666666667E+009,5.240372940897942E-002,-7.496318966150284E-002,9.720169305801392E-001,-1.211448535323143E-001,5.240372940897942E-002,-7.496318966150284E-002,9.720169305801392E-001,-1.211448535323143E-001,
2.112333333333334E+009,6.166896224021912E-002,-9.209771454334259E-002,9.598696827888489E-001,-1.411748081445694E-001,6.166896224021912E-002,-9.209771454334259E-002,9.598696827888489E-001,-1.411748081445694E-001,
2.120700000000000E+009,6.187188997864723E-002,-1.161036714911461E-001,9.561765789985657E-001,-1.719023734331131E-001,6.187188997864723E-002,-1.161036714911461E-001,9.561765789985657E-001,-1.719023734331131E-001,
2.129066666666667E+009,4.951922595500946E-002,-1.333864033222199E-001,9.608070850372315E-001,-1.984208077192307E-001,4.951922595500946E-002,-1.333864033222199E-001,9.608070850372315E-001,-1.984208077192307E-001,
2.137433333333334E+009,2.762434072792530E-002,-1.444951444864273E-001,9.440201520919800E-001,-2.168293148279190E-001,2.762434072792530E-002,-1.444951444864273E-001,9.440201520919800E-001,-2.168293148279190E-001,
2.145800000000000E+009,1.516474003437907E-004,-1.436836123466492E-001,9.423379898071289E-001,-2.397111505270004E-001,1.516474003437907E-004,-1.436836123466492E-001,9.423379898071289E-001,-2.397111505270004E-001,
2.154166666666667E+009,-2.121007628738880E-002,-1.313799768686295E-001,9.347984790802002E-001,-2.578522562980652E-001,-2.121007628738880E-002,-1.313799768686295E-001,9.347984790802002E-001,-2.578522562980652E-001,
2.162533333333334E+009,-3.350092098116875E-002,-1.100487336516380E-001,9.163403511047363E-001,-2.831498682498932E-001,-3.350092098116875E-002,-1.100487336516380E-001,9.163403511047363E-001,-2.831498682498932E-001,
2.170900000000000E+009,-3.255629166960716E-002,-8.795820176601410E-002,9.245591163635254E-001,-3.115090727806091E-001,-3.255629166960716E-002,-8.795820176601410E-002,9.245591163635254E-001,-3.115090727806091E-001,
2.179266666666667E+009,-1.951749436557293E-002,-7.414996623992920E-002,9.126148223876953E-001,-3.281913399696350E-001,-1.951749436557293E-002,-7.414996623992920E-002,9.126148223876953E-001,-3.281913399696350E-001,
2.187633333333334E+009,-7.836425793357194E-004,-7.025211304426193E-002,9.092791676521301E-001,-3.605049848556519E-001,-7.836425793357194E-004,-7.025211304426193E-002,9.092791676521301E-001,-3.605049848556519E-001,
2.196000000000000E+009,1.971577852964401E-002,-8.097639679908752E-002,8.901351690292358E-001,-3.820183575153351E-001,1.971577852964401E-002,-8.097639679908752E-002,8.901351690292358E-001,-3.820183575153351E-001,
2.204366666666667E+009,3.189017623662949E-002,-1.029273346066475E-001,8.821751475334168E-001,-4.037702679634094E-001,3.189017623662949E-002,-1.029273346066475E-001,8.821751475334168E-001,-4.037702679634094E-001,
2.212733333333334E+009,3.112683817744255E-002,-1.293768286705017E-001,8.679941892623901E-001,-4.355921447277069E-001,3.112683817744255E-002,-1.293768286705017E-001,8.679941892623901E-001,-4.355921447277069E-001,
2.221100000000000E+009,1.595462299883366E-002,-1.506361216306686E-001,8.486534953117371E-001,-4.469038844108582E-001,1.595462299883366E-002,-1.506361216306686E-001,8.486534953117371E-001,-4.469038844108582E-001,
2.229466666666667E+009,-7.368988823145628E-003,-1.625975519418716E-001,8.413144946098328E-001,-4.590859711170197E-001,-7.368988823145628E-003,-1.625975519418716E-001,8.413144946098328E-001,-4.590859711170197E-001,
2.237833333333334E+009,-3.684688359498978E-002,-1.583169996738434E-001,8.337711691856384E-001,-4.856206476688385E-001,-3.684688359498978E-002,-1.583169996738434E-001,8.337711691856384E-001,-4.856206476688385E-001,
2.246200000000000E+009,-6.174528226256371E-002,-1.421578675508499E-001,8.206248283386231E-001,-5.062868595123291E-001,-6.174528226256371E-002,-1.421578675508499E-001,8.206248283386231E-001,-5.062868595123291E-001,
2.254566666666667E+009,-7.270718365907669E-002,-1.156044676899910E-001,8.115227222442627E-001,-5.245252847671509E-001,-7.270718365907669E-002,-1.156044676899910E-001,8.115227222442627E-001,-5.245252847671509E-001,
2.262933333333334E+009,-7.212080806493759E-002,-9.134979546070099E-002,7.986240983009338E-001,-5.465238094329834E-001,-7.212080806493759E-002,-9.134979546070099E-002,7.986240983009338E-001,-5.465238094329834E-001,
2.271300000000000E+009,-5.811404064297676E-002,-7.202468067407608E-002,7.811350822448731E-001,-5.660469532012940E-001,-5.811404064297676E-002,-7.202468067407608E-002,7.811350822448731E-001,-5.660469532012940E-001,
2.279666666666667E+009,-3.644130751490593E-002,-6.915330141782761E-002,7.700159549713135E-001,-5.868980288505554E-001,-3.644130751490593E-002,-6.915330141782761E-002,7.700159549713135E-001,-5.868980288505554E-001,
2.288033333333334E+009,-1.795512810349464E-002,-8.046346157789230E-002,7.538869976997376E-001,-6.166575551033020E-001,-1.795512810349464E-002,-8.046346157789230E-002,7.538869976997376E-001,-6.166575551033020E-001,
2.296400000000000E+009,-8.061985485255718E-003,-1.037427783012390E-001,7.320263981819153E-001,-6.350650191307068E-001,-8.061985485255718E-003,-1.037427783012390E-001,7.320263981819153E-001,-6.350650191307068E-001,
2.304766666666667E+009,-1.386766415089369E-002,-1.300696134567261E-001,7.178853750228882E-001,-6.414965391159058E-001,-1.386766415089369E-002,-1.300696134567261E-001,7.178853750228882E-001,-6.414965391159058E-001,
2.313133333333334E+009,-3.462256491184235E-002,-1.485238820314407E-001,6.942363381385803E-001,-6.724995970726013E-001,-3.462256491184235E-002,-1.485238820314407E-001,6.942363381385803E-001,-6.724995970726013E-001,
2.321500000000000E+009,-5.929475277662277E-002,-1.536102741956711E-001,6.806703805923462E-001,-6.795107722282410E-001,-5.929475277662277E-002,-1.536102741956711E-001,6.806703805923462E-001,-6.795107722282410E-001,
2.329866666666667E+009,-8.514942228794098E-002,-1.437082737684250E-001,6.702530384063721E-001,-6.969939470291138E-001,-8.514942228794098E-002,-1.437082737684250E-001,6.702530384063721E-001,-6.969939470291138E-001,
2.338233333333334E+009,-1.038652583956718E-001,-1.222608461976051E-001,6.441293358802795E-001,-7.140082120895386E-001,-1.038652583956718E-001,-1.222608461976051E-001,6.441293358802795E-001,-7.140082120895386E-001,
2.346600000000000E+009,-1.079267114400864E-001,-9.133005887269974E-002,6.263697147369385E-001,-7.326168417930603E-001,-1.079267114400864E-001,-9.133005887269974E-002,6.263697147369385E-001,-7.326168417930603E-001,
2.354966666666667E+009,-9.537211805582047E-002,-6.738115102052689E-002,6.183301210403442E-001,-7.453213930130005E-001,-9.537211805582047E-002,-6.738115102052689E-002,6.183301210403442E-001,-7.453213930130005E-001,
2.363333333333334E+009,-7.366065680980682E-002,-5.630587413907051E-002,6.016443967819214E-001,-7.620187401771545E-001,-7.366065680980682E-002,-5.630587413907051E-002,6.016443967819214E-001,-7.620187401771545E-001,
2.371700000000000E+009,-4.697247222065926E-002,-6.029568985104561E-002,5.824103951454163E-001,-7.833164930343628E-001,-4.697247222065926E-002,-6.029568985104561E-002,5.824103951454163E-001,-7.833164930343628E-001,
2.380066666666667E+009,-3.012186102569103E-002,-8.357170969247818E-002,5.509779453277588E-001,-7.976868152618408E-001,-3.012186102569103E-002,-8.357170969247818E-002,5.509779453277588E-001,-7.976868152618408E-001,
2.388433333333334E+009,-2.996536530554295E-002,-1.142020821571350E-001,5.297800898551941E-001,-8.035572767257690E-001,-2.996536530554295E-002,-1.142020821571350E-001,5.297800898551941E-001,-8.035572767257690E-001,
2.396800000000000E+009,-4.782628268003464E-002,-1.450275629758835E-001,4.979004561901093E-001,-8.221065998077393E-001,-4.782628268003464E-002,-1.450275629758835E-001,4.979004561901093E-001,-8.221065998077393E-001,
2.405166666666667E+009,-7.954062521457672E-002,-1.655653715133667E-001,4.810713529586792E-001,-8.319391012191773E-001,-7.954062521457672E-002,-1.655653715133667E-001,4.810713529586792E-001,-8.319391012191773E-001,
2.413533333333334E+009,-1.204916313290596E-001,-1.653718203306198E-001,4.578735828399658E-001,-8.374757170677185E-001,-1.204916313290596E-001,-1.653718203306198E-001,4.578735828399658E-001,-8.374757170677185E-001,
2.421900000000000E+009,-1.576737165451050E-001,-1.473365724086762E-001,4.462369084358215E-001,-8.480838537216187E-001,-1.576737165451050E-001,-1.473365724086762E-001,4.462369084358215E-001,-8.480838537216187E-001,
2.430266666666667E+009,-1.782555431127548E-001,-1.135075837373734E-001,4.276126027107239E-001,-8.595376014709473E-001,-1.782555431127548E-001,-1.135075837373734E-001,4.276126027107239E-001,-8.595376014709473E-001,
2.438633333333334E+009,-1.840877234935761E-001,-7.112447917461395E-002,4.089222848415375E-001,-8.697229027748108E-001,-1.840877234935761E-001,-7.112447917461395E-002,4.089222848415375E-001,-8.697229027748108E-001,
2.447000000000000E+009,-1.679295152425766E-001,-3.243025019764900E-002,3.870368599891663E-001,-8.855764865875244E-001,-1.679295152425766E-001,-3.243025019764900E-002,3.870368599891663E-001,-8.855764865875244E-001,
2.455366666666667E+009,-1.367422044277191E-001,-9.954041801393032E-003,3.667725920677185E-001,-8.936613202095032E-001,-1.367422044277191E-001,-9.954041801393032E-003,3.667725920677185E-001,-8.936613202095032E-001,
2.463733333333334E+009,-1.026144549250603E-001,-6.515269167721272E-003,3.434621691703796E-001,-9.106758832931519E-001,-1.026144549250603E-001,-6.515269167721272E-003,3.434621691703796E-001,-9.106758832931519E-001,
2.472100000000000E+009,-7.622463256120682E-002,-2.462280541658402E-002,3.163044750690460E-001,-9.201670289039612E-001,-7.622463256120682E-002,-2.462280541658402E-002,3.163044750690460E-001,-9.201670289039612E-001,
2.480466666666667E+009,-6.590487807989121E-002,-5.472420156002045E-002,2.827543616294861E-001,-9.227633476257324E-001,-6.590487807989121E-002,-5.472420156002045E-002,2.827543616294861E-001,-9.227633476257324E-001,
2.488833333333334E+009,-7.666742056608200E-002,-8.608464896678925E-002,2.618729472160339E-001,-9.290609359741211E-001,-7.666742056608200E-002,-8.608464896678925E-002,2.618729472160339E-001,-9.290609359741211E-001,
2.497200000000000E+009,-1.016566753387451E-001,-1.059406697750092E-001,2.337974309921265E-001,-9.361901283264160E-001,-1.016566753387451E-001,-1.059406697750092E-001,2.337974309921265E-001,-9.361901283264160E-001,
2.505566666666667E+009,-1.395563036203384E-001,-1.100929081439972E-001,2.072691321372986E-001,-9.411320686340332E-001,-1.395563036203384E-001,-1.100929081439972E-001,2.072691321372986E-001,-9.411320686340332E-001,
2.513933333333334E+009,-1.700828671455383E-001,-9.385095536708832E-002,1.900572031736374E-001,-9.400931000709534E-001,-1.700828671455383E-001,-9.385095536708832E-002,1.900572031736374E-001,-9.400931000709534E-001,
2.522300000000000E+009,-1.885129511356354E-001,-6.582780927419663E-002,1.642616540193558E-001,-9.436967968940735E-001,-1.885129511356354E-001,-6.582780927419663E-002,1.642616540193558E-001,-9.436967968940735E-001,
2.530666666666667E+009,-1.881801337003708E-001,-2.908737026154995E-002,1.410452425479889E-001,-9.536135196685791E-001,-1.881801337003708E-001,-2.908737026154995E-002,1.410452425479889E-001,-9.536135196685791E-001,
2.539033333333334E+009,-1.711319684982300E-001,1.935242558829486E-003,1.227097064256668E-001,-9.544683694839478E-001,-1.711319684982300E-001,1.935242558829486E-003,1.227097064256668E-001,-9.544683694839478E-001,
2.547400000000000E+009,-1.414656639099121E-001,2.006364613771439E-002,1.030957177281380E-001,-9.662148356437683E-001,-1.414656639099121E-001,2.006364613771439E-002,1.030957177281380E-001,-9.662148356437683E-001,
2.555766666666667E+009,-1.076355427503586E-001,1.946608908474445E-002,7.330653816461563E-002,-9.723696112632752E-001,-1.076355427503586E-001,1.946608908474445E-002,7.330653816461563E-002,-9.723696112632752E-001,
2.564133333333334E+009,-8.540485799312592E-002,-1.027819700539112E-003,4.561152309179306E-002,-9.689986705780029E-001,-8.540485799312592E-002,-1.027819700539112E-003,4.561152309179306E-002,-9.689986705780029E-001,
2.572500000000000E+009,-8.043563365936279E-002,-3.043021261692047E-002,1.757215335965157E-002,-9.681984186172485E-001,-8.043563365936279E-002,-3.043021261692047E-002,1.757215335965157E-002,-9.681984186172485E-001,
2.580866666666667E+009,-9.508340805768967E-002,-5.854360386729240E-002,-1.163046341389418E-002,-9.693160057067871E-001,-9.508340805768967E-002,-5.854360386729240E-002,-1.163046341389418E-002,-9.693160057067871E-001,
2.589233333333334E+009,-1.264955848455429E-001,-7.435945421457291E-002,-4.219622164964676E-002,-9.611635804176331E-001,-1.264955848455429E-001,-7.435945421457291E-002,-4.219622164964676E-002,-9.611635804176331E-001,
2.597600000000000E+009,-1.625130325555801E-001,-7.399873435497284E-002,-6.746976822614670E-002,-9.574746489524841E-001,-1.625130325555801E-001,-7.399873435497284E-002,-6.746976822614670E-002,-9.574746489524841E-001,
2.605966666666667E+009,-1.946025341749191E-001,-5.377647653222084E-002,-7.838705182075501E-002,-9.595455527305603E-001,-1.946025341749191E-001,-5.377647653222084E-002,-7.838705182075501E-002,-9.595455527305603E-001,
2.614333333333334E+009,-2.116586118936539E-001,-2.346470393240452E-002,-1.012165769934654E-001,-9.497458338737488E-001,-2.116586118936539E-001,-2.346470393240452E-002,-1.012165769934654E-001,-9.497458338737488E-001,
2.622700000000000E+009,-2.102540731430054E-001,1.541104726493359E-002,-1.215947046875954E-001,-9.453262090682983E-001,-2.102540731430054E-001,1.541104726493359E-002,-1.215947046875954E-001,-9.453262090682983E-001,
2.631066666666667E+009,-1.911778599023819E-001,4.784610867500305E-002,-1.454651206731796E-001,-9.559682607650757E-001,-1.911778599023819E-001,4.784610867500305E-002,-1.454651206731796E-001,-9.559682607650757E-001,
2.639433333333334E+009,-1.584421843290329E-001,6.473539769649506E-002,-1.666781008243561E-001,-9.467939734458923E-001,-1.584421843290329E-001,6.473539769649506E-002,-1.666781008243561E-001,-9.467939734458923E-001,
2.647800000000000E+009,-1.228076145052910E-001,6.378310918807983E-002,-1.932002902030945E-001,-9.470736980438232E-001,-1.228076145052910E-001,6.378310918807983E-002,-1.932002902030945E-001,-9.470736980438232E-001,
2.656166666666667E+009,-9.857568889856339E-002,4.491264373064041E-002,-2.164575308561325E-001,-9.496067166328430E-001,-9.857568889856339E-002,4.491264373064041E-002,-2.164575308561325E-001,-9.496067166328430E-001,
2.664533333333334E+009,-9.137260913848877E-002,1.746650785207748E-002,-2.520135939121246E-001,-9.322047233581543E-001,-9.137260913848877E-002,1.746650785207748E-002,-2.520135939121246E-001,-9.322047233581543E-001,
2.672900000000000E+009,-1.030497178435326E-001,-9.204092435538769E-003,-2.738568484783173E-001,-9.270703196525574E-001,-1.030497178435326E-001,-9.204092435538769E-003,-2.738568484783173E-001,-9.270703196525574E-001,
2.681266666666667E+009,-1.304916590452194E-001,-2.301214449107647E-002,-3.008641004562378E-001,-9.142264127731323E-001,-1.304916590452194E-001,-2.301214449107647E-002,-3.008641004562378E-001,-9.142264127731323E-001,
2.689633333333334E+009,-1.649215966463089E-001,-1.975226402282715E-002,-3.213533759117127E-001,-9.056246280670166E-001,-1.649215966463089E-001,-1.975226402282715E-002,-3.213533759117127E-001,-9.056246280670166E-001,
2.698000000000000E+009,-1.928887814283371E-001,9.851247305050492E-004,-3.343591690063477E-001,-8.918862938880920E-001,-1.928887814283371E-001,9.851247305050492E-004,-3.343591690063477E-001,-8.918862938880920E-001,
2.706366666666667E+009,-2.072862535715103E-001,3.434141725301743E-002,-3.592534065246582E-001,-8.792480826377869E-001,-2.072862535715103E-001,3.434141725301743E-002,-3.592534065246582E-001,-8.792480826377869E-001,
2.714733333333334E+009,-2.041942477226257E-001,6.887780129909515E-002,-3.737120330333710E-001,-8.788557648658752E-001,-2.041942477226257E-001,6.887780129909515E-002,-3.737120330333710E-001,-8.788557648658752E-001,
2.723100000000000E+009,-1.819522529840469E-001,9.927847236394882E-002,-3.931749165058136E-001,-8.685869574546814E-001,-1.819522529840469E-001,9.927847236394882E-002,-3.931749165058136E-001,-8.685869574546814E-001,
2.731466666666667E+009,-1.465561985969544E-001,1.157810240983963E-001,-4.178663790225983E-001,-8.659564852714539E-001,-1.465561985969544E-001,1.157810240983963E-001,-4.178663790225983E-001,-8.659564852714539E-001,
2.739833333333334E+009,-1.105397343635559E-001,1.119880229234695E-001,-4.401074647903442E-001,-8.553822040557861E-001,-1.105397343635559E-001,1.119880229234695E-001,-4.401074647903442E-001,-8.553822040557861E-001,
2.748200000000000E+009,-8.370852470397949E-002,9.264775365591049E-002,-4.653041362762451E-001,-8.469488024711609E-001,-8.370852470397949E-002,9.264775365591049E-002,-4.653041362762451E-001,-8.469488024711609E-001,
2.756566666666667E+009,-7.385843247175217E-002,6.303667277097702E-002,-4.916180372238159E-001,-8.370171785354614E-001,-7.385843247175217E-002,6.303667277097702E-002,-4.916180372238159E-001,-8.370171785354614E-001,
2.764933333333334E+009,-8.291362971067429E-002,3.494749963283539E-002,-5.240877270698547E-001,-8.256905078887940E-001,-8.291362971067429E-002,3.494749963283539E-002,-5.240877270698547E-001,-8.256905078887940E-001,
2.773300000000000E+009,-1.069383621215820E-001,1.620772853493691E-002,-5.381351709365845E-001,-8.028593063354492E-001,-1.069383621215820E-001,1.620772853493691E-002,-5.381351709365845E-001,-8.028593063354492E-001,
2.781666666666667E+009,-1.412828266620636E-001,1.919979229569435E-002,-5.561421513557434E-001,-7.842037677764893E-001,-1.412828266620636E-001,1.919979229569435E-002,-5.561421513557434E-001,-7.842037677764893E-001,
2.790033333333334E+009,-1.690587848424912E-001,3.791144117712975E-002,-5.744681358337402E-001,-7.698711752891541E-001,-1.690587848424912E-001,3.791144117712975E-002,-5.744681358337402E-001,-7.698711752891541E-001,
2.798400000000000E+009,-1.852263510227203E-001,6.969852745532990E-002,-5.897908806800842E-001,-7.583130598068237E-001,-1.852263510227203E-001,6.969852745532990E-002,-5.897908806800842E-001,-7.583130598068237E-001,
2.806766666666667E+009,-1.806957870721817E-001,1.054778471589088E-001,-6.039861440658569E-001,-7.366442084312439E-001,-1.806957870721817E-001,1.054778471589088E-001,-6.039861440658569E-001,-7.366442084312439E-001,
2.815133333333334E+009,-1.609879285097122E-001,1.333471536636353E-001,-6.204231381416321E-001,-7.269429564476013E-001,-1.609879285097122E-001,1.333471536636353E-001,-6.204231381416321E-001,-7.269429564476013E-001,
2.823500000000000E+009,-1.270633637905121E-001,1.483584940433502E-001,-6.392976045608521E-001,-7.171817421913147E-001,-1.270633637905121E-001,1.483584940433502E-001,-6.392976045608521E-001,-7.171817421913147E-001,
2.831866666666667E+009,-9.117860347032547E-002,1.430633664131165E-001,-6.559346318244934E-001,-7.040814757347107E-001,-9.117860347032547E-002,1.430633664131165E-001,-6.559346318244934E-001,-7.040814757347107E-001,
2.840233333333334E+009,-6.334982812404633E-002,1.226431354880333E-001,-6.829181909561157E-001,-6.915216445922852E-001,-6.334982812404633E-002,1.226431354880333E-001,-6.829181909561157E-001,-6.915216445922852E-001,
2.848600000000000E+009,-5.168957635760307E-002,9.244546294212341E-002,-6.998445987701416E-001,-6.688581705093384E-001,-5.168957635760307E-002,9.244546294212341E-002,-6.998445987701416E-001,-6.688581705093384E-001,
2.856966666666667E+009,-5.998392775654793E-002,6.325265765190125E-002,-7.207251787185669E-001,-6.503340005874634E-001,-5.998392775654793E-002,6.325265765190125E-002,-7.207251787185669E-001,-6.503340005874634E-001,
2.865333333333334E+009,-8.624783158302307E-002,4.430145770311356E-002,-7.387522459030151E-001,-6.336328387260437E-001,-8.624783158302307E-002,4.430145770311356E-002,-7.387522459030151E-001,-6.336328387260437E-001,
2.873700000000000E+009,-1.193259209394455E-001,4.469772055745125E-002,-7.551856637001038E-001,-6.015002131462097E-001,-1.193259209394455E-001,4.469772055745125E-002,-7.551856637001038E-001,-6.015002131462097E-001,
2.882066666666667E+009,-1.472023874521256E-001,6.425276398658752E-002,-7.625761628150940E-001,-5.755403041839600E-001,-1.472023874521256E-001,6.425276398658752E-002,-7.625761628150940E-001,-5.755403041839600E-001,
2.890433333333334E+009,-1.633093208074570E-001,9.855828434228897E-002,-7.734453082084656E-001,-5.598588585853577E-001,-1.633093208074570E-001,9.855828434228897E-002,-7.734453082084656E-001,-5.598588585853577E-001,
2.898800000000000E+009,-1.594761461019516E-001,1.372727453708649E-001,-7.817122936248779E-001,-5.453560352325440E-001,-1.594761461019516E-001,1.372727453708649E-001,-7.817122936248779E-001,-5.453560352325440E-001,
2.907166666666667E+009,-1.377602815628052E-001,1.675250679254532E-001,-7.883999347686768E-001,-5.317861437797546E-001,-1.377602815628052E-001,1.675250679254532E-001,-7.883999347686768E-001,-5.317861437797546E-001,
2.915533333333334E+009,-1.011617109179497E-001,1.844224333763123E-001,-8.057358860969544E-001,-5.095324516296387E-001,-1.011617109179497E-001,1.844224333763123E-001,-8.057358860969544E-001,-5.095324516296387E-001,
2.923900000000000E+009,-6.331317871809006E-002,1.805823594331741E-001,-8.197714090347290E-001,-4.998017549514771E-001,-6.331317871809006E-002,1.805823594331741E-001,-8.197714090347290E-001,-4.998017549514771E-001,
2.932266666666667E+009,-3.222900256514549E-002,1.591798216104507E-001,-8.351320028305054E-001,-4.838515520095825E-001,-3.222900256514549E-002,1.591798216104507E-001,-8.351320028305054E-001,-4.838515520095825E-001,
2.940633333333334E+009,-1.870291493833065E-002,1.250848919153214E-001,-8.527166843414307E-001,-4.580156803131104E-001,-1.870291493833065E-002,1.250848919153214E-001,-8.527166843414307E-001,-4.580156803131104E-001,
2.949000000000000E+009,-2.558472938835621E-002,8.920986950397492E-002,-8.736158609390259E-001,-4.259821474552155E-001,-2.558472938835621E-002,8.920986950397492E-002,-8.736158609390259E-001,-4.259821474552155E-001,
2.957366666666667E+009,-5.089269205927849E-002,6.680002063512802E-002,-8.848265409469605E-001,-4.069217443466187E-001,-5.089269205927849E-002,6.680002063512802E-002,-8.848265409469605E-001,-4.069217443466187E-001,
2.965733333333334E+009,-8.714997768402100E-002,6.401874125003815E-002,-8.959180712699890E-001,-3.769137859344482E-001,-8.714997768402100E-002,6.401874125003815E-002,-8.959180712699890E-001,-3.769137859344482E-001,
2.974100000000000E+009,-1.172401309013367E-001,8.329521864652634E-002,-9.016284942626953E-001,-3.443752825260162E-001,-1.172401309013367E-001,8.329521864652634E-002,-9.016284942626953E-001,-3.443752825260162E-001,
2.982466666666667E+009,-1.329404562711716E-001,1.178826466202736E-001,-9.054471254348755E-001,-3.216883838176727E-001,-1.329404562711716E-001,1.178826466202736E-001,-9.054471254348755E-001,-3.216883838176727E-001,
2.990833333333334E+009,-1.292005330324173E-001,1.568588912487030E-001,-9.021106958389282E-001,-3.073020875453949E-001,-1.292005330324173E-001,1.568588912487030E-001,-9.021106958389282E-001,-3.073020875453949E-001,
2.999200000000000E+009,-1.056481152772903E-001,1.899912655353546E-001,-9.081268906593323E-001,-2.877694070339203E-001,-1.056481152772903E-001,1.899912655353546E-001,-9.081268906593323E-001,-2.877694070339203E-001,
3.007566666666667E+009,-6.818555295467377E-002,2.075634747743607E-001,-9.152658581733704E-001,-2.680252492427826E-001,-6.818555295467377E-002,2.075634747743607E-001,-9.152658581733704E-001,-2.680252492427826E-001,
3.015933333333334E+009,-2.524369955062866E-002,2.021284103393555E-001,-9.213494658470154E-001,-2.519475519657135E-001,-2.524369955062866E-002,2.021284103393555E-001,-9.213494658470154E-001,-2.519475519657135E-001,
3.024300000000000E+009,6.896678358316422E-003,1.786008924245834E-001,-9.333701729774475E-001,-2.326502501964569E-001,6.896678358316422E-003,1.786008924245834E-001,-9.333701729774475E-001,-2.326502501964569E-001,
3.032666666666667E+009,2.183068357408047E-002,1.395869553089142E-001,-9.452263712882996E-001,-2.063503712415695E-001,2.183068357408047E-002,1.395869553089142E-001,-9.452263712882996E-001,-2.063503712415695E-001,
3.041033333333334E+009,1.245379634201527E-002,1.003570035099983E-001,-9.556084871292114E-001,-1.803977191448212E-001,1.245379634201527E-002,1.003570035099983E-001,-9.556084871292114E-001,-1.803977191448212E-001,
3.049400000000000E+009,-1.798576302826405E-002,7.510391622781754E-002,-9.617775082588196E-001,-1.443399190902710E-001,-1.798576302826405E-002,7.510391622781754E-002,-9.617775082588196E-001,-1.443399190902710E-001,
3.057766666666667E+009,-5.712492763996124E-002,7.173508405685425E-002,-9.673309922218323E-001,-1.279832571744919E-001,-5.712492763996124E-002,7.173508405685425E-002,-9.673309922218323E-001,-1.279832571744919E-001,
3.066133333333334E+009,-9.295254945755005E-002,9.165526926517487E-002,-9.592861533164978E-001,-8.679006993770599E-002,-9.295254945755005E-002,9.165526926517487E-002,-9.592861533164978E-001,-8.679006993770599E-002,
3.074500000000000E+009,-1.109927371144295E-001,1.299669742584229E-001,-9.596064686775208E-001,-6.099085882306099E-002,-1.109927371144295E-001,1.299669742584229E-001,-9.596064686775208E-001,-6.099085882306099E-002,
3.082866666666667E+009,-1.042740270495415E-001,1.736856102943420E-001,-9.541035294532776E-001,-4.344385489821434E-002,-1.042740270495415E-001,1.736856102943420E-001,-9.541035294532776E-001,-4.344385489821434E-002,
3.091233333333334E+009,-7.457188516855240E-002,2.118465006351471E-001,-9.499738216400147E-001,-1.911859586834908E-002,-7.457188516855240E-002,2.118465006351471E-001,-9.499738216400147E-001,-1.911859586834908E-002,
3.099600000000000E+009,-3.039482049643993E-002,2.288728207349777E-001,-9.466618895530701E-001,-9.397543035447598E-003,-3.039482049643993E-002,2.288728207349777E-001,-9.466618895530701E-001,-9.397543035447598E-003,
3.107966666666667E+009,2.022451534867287E-002,2.215001434087753E-001,-9.531832933425903E-001,6.416974589228630E-003,2.022451534867287E-002,2.215001434087753E-001,-9.531832933425903E-001,6.416974589228630E-003,
3.116333333333334E+009,6.047957390546799E-002,1.908406764268875E-001,-9.575966596603394E-001,3.139360621571541E-002,6.047957390546799E-002,1.908406764268875E-001,-9.575966596603394E-001,3.139360621571541E-002,
3.124700000000000E+009,7.679753005504608E-002,1.440658569335938E-001,-9.659132957458496E-001,4.945418983697891E-002,7.679753005504608E-002,1.440658569335938E-001,-9.659132957458496E-001,4.945418983697891E-002,
3.133066666666667E+009,6.702800095081329E-002,9.583161771297455E-002,-9.722055196762085E-001,8.556380122900009E-002,6.702800095081329E-002,9.583161771297455E-002,-9.722055196762085E-001,8.556380122900009E-002,
3.141433333333334E+009,3.352424874901772E-002,6.124048680067062E-002,-9.711869955062866E-001,1.148960962891579E-001,3.352424874901772E-002,6.124048680067062E-002,-9.711869955062866E-001,1.148960962891579E-001,
3.149800000000000E+009,-1.588399894535542E-002,5.359481275081635E-002,-9.678561687469482E-001,1.526598781347275E-001,-1.588399894535542E-002,5.359481275081635E-002,-9.678561687469482E-001,1.526598781347275E-001,
3.158166666666667E+009,-6.033877283334732E-002,7.454846054315567E-002,-9.526301026344299E-001,1.837404668331146E-001,-6.033877283334732E-002,7.454846054315567E-002,-9.526301026344299E-001,1.837404668331146E-001,
3.166533333333334E+009,-8.496258407831192E-002,1.165512278676033E-001,-9.440321922302246E-001,2.053614556789398E-001,-8.496258407831192E-002,1.165512278676033E-001,-9.440321922302246E-001,2.053614556789398E-001,
3.174900000000000E+009,-8.418828994035721E-002,1.668178886175156E-001,-9.305820465087891E-001,2.263251543045044E-001,-8.418828994035721E-002,1.668178886175156E-001,-9.305820465087891E-001,2.263251543045044E-001,
3.183266666666667E+009,-5.443845689296722E-002,2.097509801387787E-001,-9.173511266708374E-001,2.435239553451538E-001,-5.443845689296722E-002,2.097509801387787E-001,-9.173511266708374E-001,2.435239553451538E-001,
3.191633333333334E+009,-8.351235650479794E-003,2.297418415546417E-001,-9.073247909545898E-001,2.570193707942963E-001,-8.351235650479794E-003,2.297418415546417E-001,-9.073247909545898E-001,2.570193707942963E-001,
3.200000000000000E+009,4.309952631592751E-002,2.231066823005676E-001,-9.080164432525635E-001,2.699934840202332E-001,4.309952631592751E-002,2.231066823005676E-001,-9.080164432525635E-001,2.699934840202332E-001,
