% Version 1.00
%
%freq[Hz],re:Trc1_S11,im:Trc1_S11,re:Trc2_S21,im:Trc2_S21,re:Trc3_S11,im:Trc3_S11,re:Trc4_S21,im:Trc4_S21,
6.900000000000000E+008,-2.756902575492859E-002,4.403967410326004E-002,-4.959927201271057E-001,-8.444870710372925E-001,-2.756902575492859E-002,4.403967410326004E-002,-4.959927201271057E-001,-8.444870710372925E-001,
6.983666666666666E+008,-1.950834318995476E-002,4.390210285782814E-002,-5.124074816703796E-001,-8.273186087608337E-001,-1.950834318995476E-002,4.390210285782814E-002,-5.124074816703796E-001,-8.273186087608337E-001,
7.067333333333334E+008,-1.313707698136568E-002,4.063449800014496E-002,-5.414571166038513E-001,-8.007533550262451E-001,-1.313707698136568E-002,4.063449800014496E-002,-5.414571166038513E-001,-8.007533550262451E-001,
7.151000000000000E+008,-1.394121907651424E-002,3.268346935510635E-002,-5.502396225929260E-001,-7.932119965553284E-001,-1.394121907651424E-002,3.268346935510635E-002,-5.502396225929260E-001,-7.932119965553284E-001,
7.234666666666666E+008,-1.343823876231909E-002,2.695323713123798E-002,-5.883126258850098E-001,-7.817913889884949E-001,-1.343823876231909E-002,2.695323713123798E-002,-5.883126258850098E-001,-7.817913889884949E-001,
7.318333333333334E+008,-2.023678645491600E-002,2.390181832015514E-002,-5.945381522178650E-001,-7.770484685897827E-001,-2.023678645491600E-002,2.390181832015514E-002,-5.945381522178650E-001,-7.770484685897827E-001,
7.402000000000000E+008,-2.704103104770184E-002,2.540318667888641E-002,-6.249511837959290E-001,-7.533774971961975E-001,-2.704103104770184E-002,2.540318667888641E-002,-6.249511837959290E-001,-7.533774971961975E-001,
7.485666666666666E+008,-3.081054054200649E-002,2.733652666211128E-002,-6.436199545860291E-001,-7.142369151115418E-001,-3.081054054200649E-002,2.733652666211128E-002,-6.436199545860291E-001,-7.142369151115418E-001,
7.569333333333334E+008,-3.115449286997318E-002,3.581707552075386E-002,-6.586119532585144E-001,-7.170243859291077E-001,-3.115449286997318E-002,3.581707552075386E-002,-6.586119532585144E-001,-7.170243859291077E-001,
7.653000000000000E+008,-2.710358239710331E-002,4.354764521121979E-002,-6.658373475074768E-001,-7.101956009864807E-001,-2.710358239710331E-002,4.354764521121979E-002,-6.658373475074768E-001,-7.101956009864807E-001,
7.736666666666666E+008,-5.873352289199829E-002,4.117576405405998E-002,-6.690769195556641E-001,-7.335913777351379E-001,-5.873352289199829E-002,4.117576405405998E-002,-6.690769195556641E-001,-7.335913777351379E-001,
7.820333333333334E+008,-5.157569050788879E-002,4.583860933780670E-002,-6.939088702201843E-001,-7.119070887565613E-001,-5.157569050788879E-002,4.583860933780670E-002,-6.939088702201843E-001,-7.119070887565613E-001,
7.904000000000000E+008,-4.105782508850098E-002,4.503114894032478E-002,-7.100451588630676E-001,-6.890454888343811E-001,-4.105782508850098E-002,4.503114894032478E-002,-7.100451588630676E-001,-6.890454888343811E-001,
7.987666666666666E+008,-3.291003778576851E-002,4.137478023767471E-002,-7.235803008079529E-001,-6.690503954887390E-001,-3.291003778576851E-002,4.137478023767471E-002,-7.235803008079529E-001,-6.690503954887390E-001,
8.071333333333334E+008,-3.174845874309540E-002,3.732885792851448E-002,-7.377679347991943E-001,-6.565954685211182E-001,-3.174845874309540E-002,3.732885792851448E-002,-7.377679347991943E-001,-6.565954685211182E-001,
8.155000000000000E+008,-3.445596620440483E-002,3.037320636212826E-002,-7.498200535774231E-001,-6.109023690223694E-001,-3.445596620440483E-002,3.037320636212826E-002,-7.498200535774231E-001,-6.109023690223694E-001,
8.238666666666666E+008,-3.841555118560791E-002,2.739927545189858E-002,-7.809530496597290E-001,-6.161447763442993E-001,-3.841555118560791E-002,2.739927545189858E-002,-7.809530496597290E-001,-6.161447763442993E-001,
8.322333333333334E+008,-4.595368728041649E-002,2.909414283931255E-002,-7.939312458038330E-001,-5.878986716270447E-001,-4.595368728041649E-002,2.909414283931255E-002,-7.939312458038330E-001,-5.878986716270447E-001,
8.406000000000000E+008,-4.993779957294464E-002,3.237219154834747E-002,-8.071879148483276E-001,-5.737168192863464E-001,-4.993779957294464E-002,3.237219154834747E-002,-8.071879148483276E-001,-5.737168192863464E-001,
8.489666666666668E+008,-5.021138489246368E-002,3.963297978043556E-002,-8.285795450210571E-001,-5.482696294784546E-001,-5.021138489246368E-002,3.963297978043556E-002,-8.285795450210571E-001,-5.482696294784546E-001,
8.573333333333334E+008,-4.679527133703232E-002,4.704713076353073E-002,-8.348296880722046E-001,-5.310242772102356E-001,-4.679527133703232E-002,4.704713076353073E-002,-8.348296880722046E-001,-5.310242772102356E-001,
8.657000000000000E+008,-3.980463370680809E-002,5.585524812340736E-002,-8.525023460388184E-001,-5.022363066673279E-001,-3.980463370680809E-002,5.585524812340736E-002,-8.525023460388184E-001,-5.022363066673279E-001,
8.740666666666668E+008,-3.092895261943340E-002,6.104101240634918E-002,-8.476018309593201E-001,-4.836357831954956E-001,-3.092895261943340E-002,6.104101240634918E-002,-8.476018309593201E-001,-4.836357831954956E-001,
8.824333333333334E+008,-2.100279740989208E-002,6.010572239756584E-002,-8.805292844772339E-001,-4.524534642696381E-001,-2.100279740989208E-002,6.010572239756584E-002,-8.805292844772339E-001,-4.524534642696381E-001,
8.908000000000000E+008,-1.266303472220898E-002,6.036756187677383E-002,-8.913288712501526E-001,-4.491409659385681E-001,-1.266303472220898E-002,6.036756187677383E-002,-8.913288712501526E-001,-4.491409659385681E-001,
8.991666666666668E+008,-8.718132041394711E-003,5.356651172041893E-002,-9.035351276397705E-001,-4.200630187988281E-001,-8.718132041394711E-003,5.356651172041893E-002,-9.035351276397705E-001,-4.200630187988281E-001,
9.075333333333334E+008,-7.478697225451469E-003,4.906209558248520E-002,-8.971761465072632E-001,-3.942662477493286E-001,-7.478697225451469E-003,4.906209558248520E-002,-8.971761465072632E-001,-3.942662477493286E-001,
9.159000000000000E+008,-9.274511598050594E-003,4.374470934271812E-002,-9.125696420669556E-001,-3.836533725261688E-001,-9.274511598050594E-003,4.374470934271812E-002,-9.125696420669556E-001,-3.836533725261688E-001,
9.242666666666668E+008,-1.361752953380346E-002,3.888913616538048E-002,-9.239906072616577E-001,-3.580753207206726E-001,-1.361752953380346E-002,3.888913616538048E-002,-9.239906072616577E-001,-3.580753207206726E-001,
9.326333333333334E+008,-1.760774850845337E-002,4.034562036395073E-002,-9.299710392951965E-001,-3.235960900783539E-001,-1.760774850845337E-002,4.034562036395073E-002,-9.299710392951965E-001,-3.235960900783539E-001,
9.410000000000000E+008,-2.253673039376736E-002,4.593146219849587E-002,-9.375182986259460E-001,-2.959187030792236E-001,-2.253673039376736E-002,4.593146219849587E-002,-9.375182986259460E-001,-2.959187030792236E-001,
9.493666666666668E+008,-2.328187227249146E-002,5.241701006889343E-002,-9.434382915496826E-001,-2.867071330547333E-001,-2.328187227249146E-002,5.241701006889343E-002,-9.434382915496826E-001,-2.867071330547333E-001,
9.577333333333334E+008,-1.834349706768990E-002,6.025191769003868E-002,-9.702350497245789E-001,-2.453889548778534E-001,-1.834349706768990E-002,6.025191769003868E-002,-9.702350497245789E-001,-2.453889548778534E-001,
9.661000000000000E+008,-1.002124510705471E-002,6.672461330890656E-002,-9.560367465019226E-001,-2.301755249500275E-001,-1.002124510705471E-002,6.672461330890656E-002,-9.560367465019226E-001,-2.301755249500275E-001,
9.744666666666668E+008,-2.358142228331417E-004,7.100839167833328E-002,-9.673427939414978E-001,-1.979482173919678E-001,-2.358142228331417E-004,7.100839167833328E-002,-9.673427939414978E-001,-1.979482173919678E-001,
9.828333333333334E+008,1.392007619142532E-002,6.899764388799667E-002,-9.648293852806091E-001,-1.719609946012497E-001,1.392007619142532E-002,6.899764388799667E-002,-9.648293852806091E-001,-1.719609946012497E-001,
9.912000000000000E+008,2.439011819660664E-002,6.568322330713272E-002,-9.758348464965820E-001,-1.624228507280350E-001,2.439011819660664E-002,6.568322330713272E-002,-9.758348464965820E-001,-1.624228507280350E-001,
9.995666666666668E+008,2.966338396072388E-002,5.618562921881676E-002,-9.804340600967407E-001,-1.260520964860916E-001,2.966338396072388E-002,5.618562921881676E-002,-9.804340600967407E-001,-1.260520964860916E-001,
1.007933333333333E+009,3.088147006928921E-002,4.737322777509689E-002,-9.847882390022278E-001,-1.061684340238571E-001,3.088147006928921E-002,4.737322777509689E-002,-9.847882390022278E-001,-1.061684340238571E-001,
1.016300000000000E+009,2.536366507411003E-002,3.774046897888184E-002,-9.849118590354919E-001,-7.922868430614471E-002,2.536366507411003E-002,3.774046897888184E-002,-9.849118590354919E-001,-7.922868430614471E-002,
1.024666666666667E+009,1.785112358629704E-002,3.608514368534088E-002,-9.871156215667725E-001,-5.852657929062843E-002,1.785112358629704E-002,3.608514368534088E-002,-9.871156215667725E-001,-5.852657929062843E-002,
1.033033333333333E+009,1.079211849719286E-002,3.586322441697121E-002,-9.666236639022827E-001,-1.845414377748966E-002,1.079211849719286E-002,3.586322441697121E-002,-9.666236639022827E-001,-1.845414377748966E-002,
1.041400000000000E+009,6.485257297754288E-003,4.106506705284119E-002,-9.747654199600220E-001,1.815499737858772E-003,6.485257297754288E-003,4.106506705284119E-002,-9.747654199600220E-001,1.815499737858772E-003,
1.049766666666667E+009,5.717622581869364E-003,4.861250519752502E-002,-9.845244288444519E-001,2.433656714856625E-002,5.717622581869364E-003,4.861250519752502E-002,-9.845244288444519E-001,2.433656714856625E-002,
1.058133333333333E+009,1.332992594689131E-002,5.686036497354507E-002,-9.802458882331848E-001,4.956906661391258E-002,1.332992594689131E-002,5.686036497354507E-002,-9.802458882331848E-001,4.956906661391258E-002,
1.066500000000000E+009,2.617047727108002E-002,6.084341928362846E-002,-9.653386473655701E-001,7.821257412433624E-002,2.617047727108002E-002,6.084341928362846E-002,-9.653386473655701E-001,7.821257412433624E-002,
1.074866666666667E+009,3.841423243284226E-002,5.708663538098335E-002,-9.767330288887024E-001,1.072317436337471E-001,3.841423243284226E-002,5.708663538098335E-002,-9.767330288887024E-001,1.072317436337471E-001,
1.083233333333334E+009,5.168090388178825E-002,5.237761884927750E-002,-9.723932743072510E-001,1.243605539202690E-001,5.168090388178825E-002,5.237761884927750E-002,-9.723932743072510E-001,1.243605539202690E-001,
1.091600000000000E+009,5.705330148339272E-002,3.953811153769493E-002,-9.660595655441284E-001,1.588640958070755E-001,5.705330148339272E-002,3.953811153769493E-002,-9.660595655441284E-001,1.588640958070755E-001,
1.099966666666667E+009,5.941093713045120E-002,2.598054520785809E-002,-9.619751572608948E-001,1.755015701055527E-001,5.941093713045120E-002,2.598054520785809E-002,-9.619751572608948E-001,1.755015701055527E-001,
1.108333333333334E+009,5.206167697906494E-002,1.489076949656010E-002,-9.749873280525208E-001,1.971529573202133E-001,5.206167697906494E-002,1.489076949656010E-002,-9.749873280525208E-001,1.971529573202133E-001,
1.116700000000000E+009,4.009848460555077E-002,1.338673569262028E-002,-9.604738354682922E-001,2.300270795822144E-001,4.009848460555077E-002,1.338673569262028E-002,-9.604738354682922E-001,2.300270795822144E-001,
1.125066666666667E+009,2.786440588533878E-002,1.316677127033472E-002,-9.463074803352356E-001,2.515970766544342E-001,2.786440588533878E-002,1.316677127033472E-002,-9.463074803352356E-001,2.515970766544342E-001,
1.133433333333334E+009,1.660742051899433E-002,2.389720641076565E-002,-9.428662657737732E-001,2.702250480651856E-001,1.660742051899433E-002,2.389720641076565E-002,-9.428662657737732E-001,2.702250480651856E-001,
1.141800000000000E+009,1.645978726446629E-002,3.587670624256134E-002,-9.325819015502930E-001,2.961272001266480E-001,1.645978726446629E-002,3.587670624256134E-002,-9.325819015502930E-001,2.961272001266480E-001,
1.150166666666667E+009,2.209105156362057E-002,4.793561622500420E-002,-9.283528327941895E-001,3.274343013763428E-001,2.209105156362057E-002,4.793561622500420E-002,-9.283528327941895E-001,3.274343013763428E-001,
1.158533333333334E+009,3.937252983450890E-002,5.427848547697067E-002,-9.181466698646545E-001,3.501377999782562E-001,3.937252983450890E-002,5.427848547697067E-002,-9.181466698646545E-001,3.501377999782562E-001,
1.166900000000000E+009,5.808103829622269E-002,5.264352262020111E-002,-9.099292159080505E-001,3.776015639305115E-001,5.808103829622269E-002,5.264352262020111E-002,-9.099292159080505E-001,3.776015639305115E-001,
1.175266666666667E+009,7.429792732000351E-002,4.233567044138908E-002,-8.910146951675415E-001,3.917786777019501E-001,7.429792732000351E-002,4.233567044138908E-002,-8.910146951675415E-001,3.917786777019501E-001,
1.183633333333334E+009,8.743952214717865E-002,2.639760076999664E-002,-8.860679864883423E-001,4.188694357872009E-001,8.743952214717865E-002,2.639760076999664E-002,-8.860679864883423E-001,4.188694357872009E-001,
1.192000000000000E+009,8.955755084753037E-002,7.528378628194332E-003,-8.795306086540222E-001,4.453736543655396E-001,8.955755084753037E-002,7.528378628194332E-003,-8.795306086540222E-001,4.453736543655396E-001,
1.200366666666667E+009,8.061673492193222E-002,-1.089254766702652E-002,-8.656877279281616E-001,4.630512297153473E-001,8.061673492193222E-002,-1.089254766702652E-002,-8.656877279281616E-001,4.630512297153473E-001,
1.208733333333334E+009,6.312706321477890E-002,-2.113935165107250E-002,-8.613009452819824E-001,4.924339056015015E-001,6.312706321477890E-002,-2.113935165107250E-002,-8.613009452819824E-001,4.924339056015015E-001,
1.217100000000000E+009,4.469077289104462E-002,-2.044069953262806E-002,-8.304536342620850E-001,5.061558485031128E-001,4.469077289104462E-002,-2.044069953262806E-002,-8.304536342620850E-001,5.061558485031128E-001,
1.225466666666667E+009,3.224314376711845E-002,-1.107580773532391E-002,-8.344310522079468E-001,5.309924483299255E-001,3.224314376711845E-002,-1.107580773532391E-002,-8.344310522079468E-001,5.309924483299255E-001,
1.233833333333334E+009,2.885350398719311E-002,3.089096164330840E-003,-8.155626654624939E-001,5.525996088981628E-001,2.885350398719311E-002,3.089096164330840E-003,-8.155626654624939E-001,5.525996088981628E-001,
1.242200000000000E+009,3.335196524858475E-002,1.694850996136665E-002,-7.883153557777405E-001,5.708588957786560E-001,3.335196524858475E-002,1.694850996136665E-002,-7.883153557777405E-001,5.708588957786560E-001,
1.250566666666667E+009,4.714801162481308E-002,2.609117142856121E-002,-7.928930521011353E-001,5.997235178947449E-001,4.714801162481308E-002,2.609117142856121E-002,-7.928930521011353E-001,5.997235178947449E-001,
1.258933333333334E+009,6.689198315143585E-002,2.582950145006180E-002,-7.716621756553650E-001,6.107277274131775E-001,6.689198315143585E-002,2.582950145006180E-002,-7.716621756553650E-001,6.107277274131775E-001,
1.267300000000000E+009,8.379738777875900E-002,1.278853788971901E-002,-7.467781901359558E-001,6.297578811645508E-001,8.379738777875900E-002,1.278853788971901E-002,-7.467781901359558E-001,6.297578811645508E-001,
1.275666666666667E+009,9.428626298904419E-002,-5.783680360764265E-003,-7.422605156898499E-001,6.349475383758545E-001,9.428626298904419E-002,-5.783680360764265E-003,-7.422605156898499E-001,6.349475383758545E-001,
1.284033333333334E+009,9.570751339197159E-002,-2.930885180830956E-002,-7.116767168045044E-001,6.863254308700562E-001,9.570751339197159E-002,-2.930885180830956E-002,-7.116767168045044E-001,6.863254308700562E-001,
1.292400000000000E+009,8.349620550870895E-002,-4.882493615150452E-002,-7.078181505203247E-001,6.840971708297730E-001,8.349620550870895E-002,-4.882493615150452E-002,-7.078181505203247E-001,6.840971708297730E-001,
1.300766666666667E+009,6.513454020023346E-002,-5.815150588750839E-002,-6.902361512184143E-001,7.012335062026978E-001,6.513454020023346E-002,-5.815150588750839E-002,-6.902361512184143E-001,7.012335062026978E-001,
1.309133333333334E+009,4.432614520192146E-002,-5.705967545509338E-002,-6.758365631103516E-001,7.285711169242859E-001,4.432614520192146E-002,-5.705967545509338E-002,-6.758365631103516E-001,7.285711169242859E-001,
1.317500000000000E+009,2.844737283885479E-002,-4.619802907109261E-002,-6.475747823715210E-001,7.531391978263855E-001,2.844737283885479E-002,-4.619802907109261E-002,-6.475747823715210E-001,7.531391978263855E-001,
1.325866666666667E+009,2.175696752965450E-002,-3.086993470788002E-002,-6.304118037223816E-001,7.542590498924255E-001,2.175696752965450E-002,-3.086993470788002E-002,-6.304118037223816E-001,7.542590498924255E-001,
1.334233333333334E+009,2.677521668374538E-002,-1.310751680284739E-002,-6.088692545890808E-001,7.683244943618774E-001,2.677521668374538E-002,-1.310751680284739E-002,-6.088692545890808E-001,7.683244943618774E-001,
1.342600000000000E+009,4.160651564598084E-002,-7.436952553689480E-003,-5.953919887542725E-001,7.875927090644836E-001,4.160651564598084E-002,-7.436952553689480E-003,-5.953919887542725E-001,7.875927090644836E-001,
1.350966666666667E+009,5.837013944983482E-002,-9.336220100522041E-003,-5.657571554183960E-001,8.093688488006592E-001,5.837013944983482E-002,-9.336220100522041E-003,-5.657571554183960E-001,8.093688488006592E-001,
1.359333333333334E+009,7.269355654716492E-002,-2.263777330517769E-002,-5.466243028640747E-001,8.169680237770081E-001,7.269355654716492E-002,-2.263777330517769E-002,-5.466243028640747E-001,8.169680237770081E-001,
1.367700000000000E+009,7.843951135873795E-002,-4.435702413320541E-002,-5.283388495445252E-001,8.274688124656677E-001,7.843951135873795E-002,-4.435702413320541E-002,-5.283388495445252E-001,8.274688124656677E-001,
1.376066666666667E+009,7.192584127187729E-002,-6.847707927227020E-002,-5.023548007011414E-001,8.390027880668640E-001,7.192584127187729E-002,-6.847707927227020E-002,-5.023548007011414E-001,8.390027880668640E-001,
1.384433333333334E+009,5.550473183393478E-002,-8.322978019714356E-002,-4.940759837627411E-001,8.485736846923828E-001,5.550473183393478E-002,-8.322978019714356E-002,-4.940759837627411E-001,8.485736846923828E-001,
1.392800000000000E+009,3.104389458894730E-002,-8.795389533042908E-002,-4.708172678947449E-001,8.555387854576111E-001,3.104389458894730E-002,-8.795389533042908E-002,-4.708172678947449E-001,8.555387854576111E-001,
1.401166666666667E+009,1.201311219483614E-002,-8.137391507625580E-002,-4.401286542415619E-001,8.827015757560730E-001,1.201311219483614E-002,-8.137391507625580E-002,-4.401286542415619E-001,8.827015757560730E-001,
1.409533333333334E+009,-1.617178670130670E-003,-6.220591813325882E-002,-4.197954237461090E-001,8.930377364158630E-001,-1.617178670130670E-003,-6.220591813325882E-002,-4.197954237461090E-001,8.930377364158630E-001,
1.417900000000000E+009,-5.306174978613854E-003,-4.213707149028778E-002,-3.802430927753449E-001,8.886459469795227E-001,-5.306174978613854E-003,-4.213707149028778E-002,-3.802430927753449E-001,8.886459469795227E-001,
1.426266666666667E+009,2.970213769003749E-003,-2.325650863349438E-002,-3.769155442714691E-001,9.191670417785645E-001,2.970213769003749E-003,-2.325650863349438E-002,-3.769155442714691E-001,9.191670417785645E-001,
1.434633333333334E+009,1.986178383231163E-002,-1.564839296042919E-002,-3.464572429656982E-001,9.145613908767700E-001,1.986178383231163E-002,-1.564839296042919E-002,-3.464572429656982E-001,9.145613908767700E-001,
1.443000000000000E+009,4.092005267739296E-002,-1.794707216322422E-002,-3.195374608039856E-001,9.283109903335571E-001,4.092005267739296E-002,-1.794707216322422E-002,-3.195374608039856E-001,9.283109903335571E-001,
1.451366666666667E+009,5.494067072868347E-002,-3.431092202663422E-002,-2.988753616809845E-001,9.343365430831909E-001,5.494067072868347E-002,-3.431092202663422E-002,-2.988753616809845E-001,9.343365430831909E-001,
1.459733333333334E+009,5.836598202586174E-002,-5.588790401816368E-002,-2.828460633754730E-001,9.370409846305847E-001,5.836598202586174E-002,-5.588790401816368E-002,-2.828460633754730E-001,9.370409846305847E-001,
1.468100000000000E+009,5.065124481916428E-002,-7.786493003368378E-002,-2.464298605918884E-001,9.448724389076233E-001,5.065124481916428E-002,-7.786493003368378E-002,-2.464298605918884E-001,9.448724389076233E-001,
1.476466666666667E+009,3.262199833989143E-002,-9.274248778820038E-002,-2.279375493526459E-001,9.583988189697266E-001,3.262199833989143E-002,-9.274248778820038E-002,-2.279375493526459E-001,9.583988189697266E-001,
1.484833333333334E+009,8.855010382831097E-003,-9.672951698303223E-002,-1.954298019409180E-001,9.608630537986755E-001,8.855010382831097E-003,-9.672951698303223E-002,-1.954298019409180E-001,9.608630537986755E-001,
1.493200000000000E+009,-1.009409595280886E-002,-8.811675012111664E-002,-1.800444871187210E-001,9.614551067352295E-001,-1.009409595280886E-002,-8.811675012111664E-002,-1.800444871187210E-001,9.614551067352295E-001,
1.501566666666667E+009,-2.265204302966595E-002,-6.971801072359085E-002,-1.519445180892944E-001,9.653253555297852E-001,-2.265204302966595E-002,-6.971801072359085E-002,-1.519445180892944E-001,9.653253555297852E-001,
1.509933333333334E+009,-2.485906705260277E-002,-4.759963601827622E-002,-1.366573423147202E-001,9.717115163803101E-001,-2.485906705260277E-002,-4.759963601827622E-002,-1.366573423147202E-001,9.717115163803101E-001,
1.518300000000000E+009,-1.205753628164530E-002,-3.031566739082336E-002,-1.104842051863670E-001,9.807559847831726E-001,-1.205753628164530E-002,-3.031566739082336E-002,-1.104842051863670E-001,9.807559847831726E-001,
1.526666666666667E+009,5.900245625525713E-003,-2.244864217936993E-002,-7.659359276294708E-002,9.764292836189270E-001,5.900245625525713E-003,-2.244864217936993E-002,-7.659359276294708E-002,9.764292836189270E-001,
1.535033333333334E+009,2.467200905084610E-002,-2.578149549663067E-002,-5.398471280932427E-002,9.877898097038269E-001,2.467200905084610E-002,-2.578149549663067E-002,-5.398471280932427E-002,9.877898097038269E-001,
1.543400000000000E+009,3.681750968098640E-002,-4.111415520310402E-002,-3.106712363660336E-002,9.813926815986633E-001,3.681750968098640E-002,-4.111415520310402E-002,-3.106712363660336E-002,9.813926815986633E-001,
1.551766666666667E+009,3.698481619358063E-002,-6.303582340478897E-002,-6.007596850395203E-003,9.761131405830383E-001,3.698481619358063E-002,-6.303582340478897E-002,-6.007596850395203E-003,9.761131405830383E-001,
1.560133333333334E+009,2.870401740074158E-002,-8.313560485839844E-002,1.620477065443993E-002,9.811823964118958E-001,2.870401740074158E-002,-8.313560485839844E-002,1.620477065443993E-002,9.811823964118958E-001,
1.568500000000000E+009,1.109236106276512E-002,-9.636569768190384E-002,3.328579664230347E-002,9.830146431922913E-001,1.109236106276512E-002,-9.636569768190384E-002,3.328579664230347E-002,9.830146431922913E-001,
1.576866666666667E+009,-1.129041425883770E-002,-9.676012396812439E-002,7.454168051481247E-002,9.734098911285400E-001,-1.129041425883770E-002,-9.676012396812439E-002,7.454168051481247E-002,9.734098911285400E-001,
1.585233333333334E+009,-2.755693905055523E-002,-8.819007873535156E-002,8.814554661512375E-002,9.728602766990662E-001,-2.755693905055523E-002,-8.819007873535156E-002,8.814554661512375E-002,9.728602766990662E-001,
1.593600000000000E+009,-3.770875185728073E-002,-7.267598062753677E-002,1.148185804486275E-001,9.693943858146668E-001,-3.770875185728073E-002,-7.267598062753677E-002,1.148185804486275E-001,9.693943858146668E-001,
1.601966666666667E+009,-3.800155222415924E-002,-5.309220403432846E-002,1.358998566865921E-001,9.686734676361084E-001,-3.800155222415924E-002,-5.309220403432846E-002,1.358998566865921E-001,9.686734676361084E-001,
1.610333333333334E+009,-2.805680409073830E-002,-3.940150886774063E-002,1.660447865724564E-001,9.641143083572388E-001,-2.805680409073830E-002,-3.940150886774063E-002,1.660447865724564E-001,9.641143083572388E-001,
1.618700000000000E+009,-1.193982083350420E-002,-3.480821102857590E-002,1.929103285074234E-001,9.622517824172974E-001,-1.193982083350420E-002,-3.480821102857590E-002,1.929103285074234E-001,9.622517824172974E-001,
1.627066666666667E+009,1.951243728399277E-003,-3.947320580482483E-002,2.160161137580872E-001,9.556002616882324E-001,1.951243728399277E-003,-3.947320580482483E-002,2.160161137580872E-001,9.556002616882324E-001,
1.635433333333334E+009,9.449786506593227E-003,-5.091247335076332E-002,2.452634871006012E-001,9.557073712348938E-001,9.449786506593227E-003,-5.091247335076332E-002,2.452634871006012E-001,9.557073712348938E-001,
1.643800000000000E+009,8.429440669715405E-003,-6.867830455303192E-002,2.593372464179993E-001,9.443182945251465E-001,8.429440669715405E-003,-6.867830455303192E-002,2.593372464179993E-001,9.443182945251465E-001,
1.652166666666667E+009,-2.956435084342957E-003,-8.277368545532227E-002,2.940118610858917E-001,9.337868690490723E-001,-2.956435084342957E-003,-8.277368545532227E-002,2.940118610858917E-001,9.337868690490723E-001,
1.660533333333334E+009,-1.942030899226666E-002,-8.975722640752792E-002,3.113229274749756E-001,9.277863502502441E-001,-1.942030899226666E-002,-8.975722640752792E-002,3.113229274749756E-001,9.277863502502441E-001,
1.668900000000000E+009,-3.793140128254890E-002,-8.714326471090317E-002,3.312177062034607E-001,9.159176945686340E-001,-3.793140128254890E-002,-8.714326471090317E-002,3.312177062034607E-001,9.159176945686340E-001,
1.677266666666667E+009,-5.292187258601189E-002,-7.705560326576233E-002,3.700936138629913E-001,9.071204066276550E-001,-5.292187258601189E-002,-7.705560326576233E-002,3.700936138629913E-001,9.071204066276550E-001,
1.685633333333334E+009,-5.794909596443176E-002,-6.084416434168816E-002,3.844456970691681E-001,9.012572765350342E-001,-5.794909596443176E-002,-6.084416434168816E-002,3.844456970691681E-001,9.012572765350342E-001,
1.694000000000000E+009,-5.649743229150772E-002,-4.627179726958275E-002,4.008564651012421E-001,8.905704021453857E-001,-5.649743229150772E-002,-4.627179726958275E-002,4.008564651012421E-001,8.905704021453857E-001,
1.702366666666667E+009,-4.626902192831039E-002,-3.226037323474884E-002,4.239771962165833E-001,8.831657767295837E-001,-4.626902192831039E-002,-3.226037323474884E-002,4.239771962165833E-001,8.831657767295837E-001,
1.710733333333334E+009,-3.085938468575478E-002,-2.835860662162304E-002,4.442965388298035E-001,8.685901761054993E-001,-3.085938468575478E-002,-2.835860662162304E-002,4.442965388298035E-001,8.685901761054993E-001,
1.719100000000000E+009,-1.721681840717793E-002,-3.336022794246674E-002,4.740307331085205E-001,8.545270562171936E-001,-1.721681840717793E-002,-3.336022794246674E-002,4.740307331085205E-001,8.545270562171936E-001,
1.727466666666667E+009,-8.806665427982807E-003,-4.499348625540733E-002,4.927246570587158E-001,8.475817441940308E-001,-8.806665427982807E-003,-4.499348625540733E-002,4.927246570587158E-001,8.475817441940308E-001,
1.735833333333334E+009,-8.666617795825005E-003,-5.973054841160774E-002,5.106698274612427E-001,8.312169909477234E-001,-8.666617795825005E-003,-5.973054841160774E-002,5.106698274612427E-001,8.312169909477234E-001,
1.744200000000000E+009,-1.790504902601242E-002,-7.587601989507675E-002,5.401400923728943E-001,8.083006143569946E-001,-1.790504902601242E-002,-7.587601989507675E-002,5.401400923728943E-001,8.083006143569946E-001,
1.752566666666667E+009,-3.245623409748077E-002,-8.450463414192200E-002,5.678299069404602E-001,8.010003566741943E-001,-3.245623409748077E-002,-8.450463414192200E-002,5.678299069404602E-001,8.010003566741943E-001,
1.760933333333334E+009,-5.023760721087456E-002,-8.721126616001129E-002,5.755704641342163E-001,7.873443365097046E-001,-5.023760721087456E-002,-8.721126616001129E-002,5.755704641342163E-001,7.873443365097046E-001,
1.769300000000000E+009,-6.672948598861694E-002,-8.144911378622055E-002,5.984809398651123E-001,7.770132422447205E-001,-6.672948598861694E-002,-8.144911378622055E-002,5.984809398651123E-001,7.770132422447205E-001,
1.777666666666667E+009,-7.698104530572891E-002,-6.869854778051376E-002,6.118834614753723E-001,7.675727009773254E-001,-7.698104530572891E-002,-6.869854778051376E-002,6.118834614753723E-001,7.675727009773254E-001,
1.786033333333334E+009,-8.061195164918900E-002,-5.597612261772156E-002,6.265078186988831E-001,7.389081716537476E-001,-8.061195164918900E-002,-5.597612261772156E-002,6.265078186988831E-001,7.389081716537476E-001,
1.794400000000000E+009,-7.612256705760956E-002,-4.084389284253120E-002,6.491238474845886E-001,7.256650924682617E-001,-7.612256705760956E-002,-4.084389284253120E-002,6.491238474845886E-001,7.256650924682617E-001,
1.802766666666667E+009,-6.993818283081055E-002,-3.195535764098167E-002,6.678442955017090E-001,7.088677287101746E-001,-6.993818283081055E-002,-3.195535764098167E-002,6.678442955017090E-001,7.088677287101746E-001,
1.811133333333334E+009,-5.955147743225098E-002,-2.853591740131378E-002,6.941506862640381E-001,6.915924549102783E-001,-5.955147743225098E-002,-2.853591740131378E-002,6.941506862640381E-001,6.915924549102783E-001,
1.819500000000000E+009,-5.194111913442612E-002,-2.987098321318626E-002,7.077290415763855E-001,6.676798462867737E-001,-5.194111913442612E-002,-2.987098321318626E-002,7.077290415763855E-001,6.676798462867737E-001,
1.827866666666667E+009,-4.709709435701370E-002,-3.615473955869675E-002,7.294803261756897E-001,6.566684842109680E-001,-4.709709435701370E-002,-3.615473955869675E-002,7.294803261756897E-001,6.566684842109680E-001,
1.836233333333334E+009,-4.968485236167908E-002,-4.404544830322266E-002,7.415642142295837E-001,6.388136744499207E-001,-4.968485236167908E-002,-4.404544830322266E-002,7.415642142295837E-001,6.388136744499207E-001,
1.844600000000000E+009,-5.767585709691048E-002,-4.990699514746666E-002,7.591169476509094E-001,6.307541728019714E-001,-5.767585709691048E-002,-4.990699514746666E-002,7.591169476509094E-001,6.307541728019714E-001,
1.852966666666667E+009,-6.701701879501343E-002,-5.252821370959282E-002,7.686086297035217E-001,5.954121947288513E-001,-6.701701879501343E-002,-5.252821370959282E-002,7.686086297035217E-001,5.954121947288513E-001,
1.861333333333334E+009,-7.739046216011047E-002,-5.076469108462334E-002,7.902187705039978E-001,5.762072801589966E-001,-7.739046216011047E-002,-5.076469108462334E-002,7.902187705039978E-001,5.762072801589966E-001,
1.869700000000000E+009,-8.555772900581360E-002,-4.256116226315498E-002,8.040847182273865E-001,5.580831766128540E-001,-8.555772900581360E-002,-4.256116226315498E-002,8.040847182273865E-001,5.580831766128540E-001,
1.878066666666667E+009,-8.971726149320602E-002,-3.311021998524666E-002,8.168545365333557E-001,5.431420207023621E-001,-8.971726149320602E-002,-3.311021998524666E-002,8.168545365333557E-001,5.431420207023621E-001,
1.886433333333334E+009,-8.879013359546661E-002,-2.257691696286202E-002,8.346616625785828E-001,5.192402601242065E-001,-8.879013359546661E-002,-2.257691696286202E-002,8.346616625785828E-001,5.192402601242065E-001,
1.894800000000000E+009,-8.105640113353729E-002,-1.390113402158022E-002,8.467130064964294E-001,5.015059113502502E-001,-8.105640113353729E-002,-1.390113402158022E-002,8.467130064964294E-001,5.015059113502502E-001,
1.903166666666667E+009,-7.229763269424439E-002,-7.697046268731356E-003,8.584911823272705E-001,4.730240404605866E-001,-7.229763269424439E-002,-7.697046268731356E-003,8.584911823272705E-001,4.730240404605866E-001,
1.911533333333334E+009,-6.325984746217728E-002,-8.966271765530109E-003,8.680967092514038E-001,4.462822973728180E-001,-6.325984746217728E-002,-8.966271765530109E-003,8.680967092514038E-001,4.462822973728180E-001,
1.919900000000000E+009,-5.590088665485382E-002,-1.322923786938191E-002,8.858841657638550E-001,4.324403703212738E-001,-5.590088665485382E-002,-1.322923786938191E-002,8.858841657638550E-001,4.324403703212738E-001,
1.928266666666667E+009,-5.346142873167992E-002,-2.140692807734013E-002,8.842517733573914E-001,3.946209251880646E-001,-5.346142873167992E-002,-2.140692807734013E-002,8.842517733573914E-001,3.946209251880646E-001,
1.936633333333334E+009,-5.878791958093643E-002,-2.983042970299721E-002,9.051508307456970E-001,3.831753134727478E-001,-5.878791958093643E-002,-2.983042970299721E-002,9.051508307456970E-001,3.831753134727478E-001,
1.945000000000000E+009,-6.805826723575592E-002,-3.530016168951988E-002,9.151473641395569E-001,3.566200733184815E-001,-6.805826723575592E-002,-3.530016168951988E-002,9.151473641395569E-001,3.566200733184815E-001,
1.953366666666667E+009,-8.006688952445984E-002,-3.736148029565811E-002,9.164181351661682E-001,3.342203199863434E-001,-8.006688952445984E-002,-3.736148029565811E-002,9.164181351661682E-001,3.342203199863434E-001,
1.961733333333334E+009,-9.413497895002365E-002,-3.077192604541779E-002,9.313860535621643E-001,3.112171292304993E-001,-9.413497895002365E-002,-3.077192604541779E-002,9.313860535621643E-001,3.112171292304993E-001,
1.970100000000000E+009,-1.043114438652992E-001,-2.150555513799191E-002,9.298183917999268E-001,2.885158658027649E-001,-1.043114438652992E-001,-2.150555513799191E-002,9.298183917999268E-001,2.885158658027649E-001,
1.978466666666667E+009,-1.078391745686531E-001,-6.128848064690828E-003,9.390138983726502E-001,2.597244977951050E-001,-1.078391745686531E-001,-6.128848064690828E-003,9.390138983726502E-001,2.597244977951050E-001,
1.986833333333334E+009,-1.043473929166794E-001,7.278845645487309E-003,9.421866536140442E-001,2.432037442922592E-001,-1.043473929166794E-001,7.278845645487309E-003,9.421866536140442E-001,2.432037442922592E-001,
1.995200000000000E+009,-9.259046614170075E-002,1.786930859088898E-002,9.455856680870056E-001,2.277264446020126E-001,-9.259046614170075E-002,1.786930859088898E-002,9.455856680870056E-001,2.277264446020126E-001,
2.003566666666667E+009,-7.715454697608948E-002,2.249445952475071E-002,9.544677734375000E-001,1.943232268095017E-001,-7.715454697608948E-002,2.249445952475071E-002,9.544677734375000E-001,1.943232268095017E-001,
2.011933333333334E+009,-6.303836405277252E-002,1.831788383424282E-002,9.674749970436096E-001,1.683436632156372E-001,-6.303836405277252E-002,1.831788383424282E-002,9.674749970436096E-001,1.683436632156372E-001,
2.020300000000000E+009,-5.346062779426575E-002,9.720382280647755E-003,9.718566536903381E-001,1.354841142892838E-001,-5.346062779426575E-002,9.720382280647755E-003,9.718566536903381E-001,1.354841142892838E-001,
2.028666666666667E+009,-5.257301405072212E-002,-3.013679757714272E-003,9.762014150619507E-001,1.183594912290573E-001,-5.257301405072212E-002,-3.013679757714272E-003,9.762014150619507E-001,1.183594912290573E-001,
2.037033333333334E+009,-6.027435138821602E-002,-1.521979086101055E-002,9.807120561599731E-001,8.882925659418106E-002,-6.027435138821602E-002,-1.521979086101055E-002,9.807120561599731E-001,8.882925659418106E-002,
2.045400000000000E+009,-7.437404990196228E-002,-2.130403183400631E-002,9.771581888198853E-001,6.782136857509613E-002,-7.437404990196228E-002,-2.130403183400631E-002,9.771581888198853E-001,6.782136857509613E-002,
2.053766666666667E+009,-9.235108643770218E-002,-1.824311725795269E-002,9.767108559608460E-001,4.136130958795548E-002,-9.235108643770218E-002,-1.824311725795269E-002,9.767108559608460E-001,4.136130958795548E-002,
2.062133333333334E+009,-1.071321219205856E-001,-8.525973185896874E-003,9.791203141212463E-001,1.496025640517473E-002,-1.071321219205856E-001,-8.525973185896874E-003,9.791203141212463E-001,1.496025640517473E-002,
2.070500000000000E+009,-1.131809726357460E-001,1.021858863532543E-002,9.783008098602295E-001,-1.129833795130253E-002,-1.131809726357460E-001,1.021858863532543E-002,9.783008098602295E-001,-1.129833795130253E-002,
2.078866666666667E+009,-1.106349825859070E-001,2.839357033371925E-002,9.732806682586670E-001,-3.028334304690361E-002,-1.106349825859070E-001,2.839357033371925E-002,9.732806682586670E-001,-3.028334304690361E-002,
2.087233333333334E+009,-9.707027673721314E-002,3.946013003587723E-002,9.748078584671021E-001,-6.138132140040398E-002,-9.707027673721314E-002,3.946013003587723E-002,9.748078584671021E-001,-6.138132140040398E-002,
2.095600000000000E+009,-7.902174443006516E-002,4.655075818300247E-002,9.800904989242554E-001,-7.985909283161163E-002,-7.902174443006516E-002,4.655075818300247E-002,9.800904989242554E-001,-7.985909283161163E-002,
2.103966666666667E+009,-6.056455150246620E-002,4.079212620854378E-002,9.813051819801331E-001,-1.068680956959724E-001,-6.056455150246620E-002,4.079212620854378E-002,9.813051819801331E-001,-1.068680956959724E-001,
2.112333333333334E+009,-4.790255799889565E-002,2.701878920197487E-002,9.731315374374390E-001,-1.284999996423721E-001,-4.790255799889565E-002,2.701878920197487E-002,9.731315374374390E-001,-1.284999996423721E-001,
2.120700000000000E+009,-4.554094001650810E-002,6.555861327797175E-003,9.725895524024963E-001,-1.627034097909927E-001,-4.554094001650810E-002,6.555861327797175E-003,9.725895524024963E-001,-1.627034097909927E-001,
2.129066666666667E+009,-5.627722293138504E-002,-7.191246841102839E-003,9.766551852226257E-001,-1.930756270885468E-001,-5.627722293138504E-002,-7.191246841102839E-003,9.766551852226257E-001,-1.930756270885468E-001,
2.137433333333334E+009,-7.626324146986008E-002,-1.501768454909325E-002,9.581878781318665E-001,-2.153162658214569E-001,-7.626324146986008E-002,-1.501768454909325E-002,9.581878781318665E-001,-2.153162658214569E-001,
2.145800000000000E+009,-1.016470864415169E-001,-1.114828325808048E-002,9.534879326820374E-001,-2.406588047742844E-001,-1.016470864415169E-001,-1.114828325808048E-002,9.534879326820374E-001,-2.406588047742844E-001,
2.154166666666667E+009,-1.202480643987656E-001,4.585879389196634E-003,9.418650269508362E-001,-2.597723603248596E-001,-1.202480643987656E-001,4.585879389196634E-003,9.418650269508362E-001,-2.597723603248596E-001,
2.162533333333334E+009,-1.284896284341812E-001,2.976270392537117E-002,9.210945963859558E-001,-2.823854684829712E-001,-1.284896284341812E-001,2.976270392537117E-002,9.210945963859558E-001,-2.823854684829712E-001,
2.170900000000000E+009,-1.258950978517532E-001,5.433032289147377E-002,9.259616136550903E-001,-3.064813613891602E-001,-1.258950978517532E-001,5.433032289147377E-002,9.259616136550903E-001,-3.064813613891602E-001,
2.179266666666667E+009,-1.083640158176422E-001,7.218953967094421E-002,9.155300855636597E-001,-3.197496533393860E-001,-1.083640158176422E-001,7.218953967094421E-002,9.155300855636597E-001,-3.197496533393860E-001,
2.187633333333334E+009,-8.589537441730499E-002,7.949396967887878E-002,9.146958589553833E-001,-3.491180837154388E-001,-8.589537441730499E-002,7.949396967887878E-002,9.146958589553833E-001,-3.491180837154388E-001,
2.196000000000000E+009,-6.106336414813995E-002,7.263477891683579E-002,8.999840021133423E-001,-3.693007528781891E-001,-6.106336414813995E-002,7.263477891683579E-002,8.999840021133423E-001,-3.693007528781891E-001,
2.204366666666667E+009,-4.540400952100754E-002,5.398743599653244E-002,8.958473205566406E-001,-3.936109244823456E-001,-4.540400952100754E-002,5.398743599653244E-002,8.958473205566406E-001,-3.936109244823456E-001,
2.212733333333334E+009,-4.179309681057930E-002,3.009532019495964E-002,8.851488828659058E-001,-4.300725758075714E-001,-4.179309681057930E-002,3.009532019495964E-002,8.851488828659058E-001,-4.300725758075714E-001,
2.221100000000000E+009,-5.273998156189919E-002,1.145798340439796E-002,8.671124577522278E-001,-4.453567564487457E-001,-5.273998156189919E-002,1.145798340439796E-002,8.671124577522278E-001,-4.453567564487457E-001,
2.229466666666667E+009,-7.425345480442047E-002,1.440397580154240E-003,8.575985431671143E-001,-4.629501998424530E-001,-7.425345480442047E-002,1.440397580154240E-003,8.575985431671143E-001,-4.629501998424530E-001,
2.237833333333334E+009,-1.004678308963776E-001,9.531363844871521E-003,8.453677296638489E-001,-4.921759963035584E-001,-1.004678308963776E-001,9.531363844871521E-003,8.453677296638489E-001,-4.921759963035584E-001,
2.246200000000000E+009,-1.216630414128304E-001,2.871344052255154E-002,8.275048732757568E-001,-5.129898786544800E-001,-1.216630414128304E-001,2.871344052255154E-002,8.275048732757568E-001,-5.129898786544800E-001,
2.254566666666667E+009,-1.281854808330536E-001,5.801458656787872E-002,8.151417970657349E-001,-5.283146500587463E-001,-1.281854808330536E-001,5.801458656787872E-002,8.151417970657349E-001,-5.283146500587463E-001,
2.262933333333334E+009,-1.228396743535996E-001,8.475094288587570E-002,7.994022369384766E-001,-5.451840758323669E-001,-1.228396743535996E-001,8.475094288587570E-002,7.994022369384766E-001,-5.451840758323669E-001,
2.271300000000000E+009,-1.044080406427383E-001,1.066614314913750E-001,7.837862968444824E-001,-5.603655576705933E-001,-1.044080406427383E-001,1.066614314913750E-001,7.837862968444824E-001,-5.603655576705933E-001,
2.279666666666667E+009,-7.789666950702667E-002,1.106569692492485E-001,7.754869461059570E-001,-5.786111950874329E-001,-7.789666950702667E-002,1.106569692492485E-001,7.754869461059570E-001,-5.786111950874329E-001,
2.288033333333334E+009,-5.471487715840340E-002,1.014928892254829E-001,7.647340297698975E-001,-6.069844365119934E-001,-5.471487715840340E-002,1.014928892254829E-001,7.647340297698975E-001,-6.069844365119934E-001,
2.296400000000000E+009,-3.912952169775963E-002,7.986268401145935E-002,7.470927834510803E-001,-6.280429363250732E-001,-3.912952169775963E-002,7.986268401145935E-002,7.470927834510803E-001,-6.280429363250732E-001,
2.304766666666667E+009,-3.980709612369537E-002,5.535940825939179E-002,7.356851100921631E-001,-6.389405727386475E-001,-3.980709612369537E-002,5.535940825939179E-002,7.356851100921631E-001,-6.389405727386475E-001,
2.313133333333334E+009,-5.479557067155838E-002,3.836988657712936E-002,7.121035456657410E-001,-6.756457090377808E-001,-5.479557067155838E-002,3.836988657712936E-002,7.121035456657410E-001,-6.756457090377808E-001,
2.321500000000000E+009,-7.595849782228470E-002,3.399365767836571E-002,6.944945454597473E-001,-6.861308813095093E-001,-7.595849782228470E-002,3.399365767836571E-002,6.944945454597473E-001,-6.861308813095093E-001,
2.329866666666667E+009,-9.765370935201645E-002,4.670882225036621E-002,6.796944737434387E-001,-7.064527273178101E-001,-9.765370935201645E-002,4.670882225036621E-002,6.796944737434387E-001,-7.064527273178101E-001,
2.338233333333334E+009,-1.116975545883179E-001,7.086931914091110E-002,6.483114957809448E-001,-7.229239940643311E-001,-1.116975545883179E-001,7.086931914091110E-002,6.483114957809448E-001,-7.229239940643311E-001,
2.346600000000000E+009,-1.106873899698257E-001,1.035059168934822E-001,6.273295879364014E-001,-7.373039722442627E-001,-1.106873899698257E-001,1.035059168934822E-001,6.273295879364014E-001,-7.373039722442627E-001,
2.354966666666667E+009,-9.305915981531143E-002,1.289409548044205E-001,6.193051934242249E-001,-7.451393604278565E-001,-9.305915981531143E-002,1.289409548044205E-001,6.193051934242249E-001,-7.451393604278565E-001,
2.363333333333334E+009,-6.618738174438477E-002,1.406865268945694E-001,6.039825081825256E-001,-7.568575143814087E-001,-6.618738174438477E-002,1.406865268945694E-001,6.039825081825256E-001,-7.568575143814087E-001,
2.371700000000000E+009,-3.393933549523354E-002,1.357984542846680E-001,5.904039740562439E-001,-7.733587622642517E-001,-3.393933549523354E-002,1.357984542846680E-001,5.904039740562439E-001,-7.733587622642517E-001,
2.380066666666667E+009,-1.086037140339613E-002,1.138178184628487E-001,5.657908916473389E-001,-7.909813523292542E-001,-1.086037140339613E-002,1.138178184628487E-001,5.657908916473389E-001,-7.909813523292542E-001,
2.388433333333334E+009,-3.908680751919746E-003,8.244339376688004E-002,5.500976443290710E-001,-8.020769357681274E-001,-3.908680751919746E-003,8.244339376688004E-002,5.500976443290710E-001,-8.020769357681274E-001,
2.396800000000000E+009,-1.556891109794378E-002,4.953926801681519E-002,5.191492438316345E-001,-8.280645608901978E-001,-1.556891109794378E-002,4.953926801681519E-002,5.191492438316345E-001,-8.280645608901978E-001,
2.405166666666667E+009,-4.330171272158623E-002,2.846918813884258E-002,4.988894760608673E-001,-8.455116748809815E-001,-4.330171272158623E-002,2.846918813884258E-002,4.988894760608673E-001,-8.455116748809815E-001,
2.413533333333334E+009,-7.864036411046982E-002,2.735129743814468E-002,4.706724882125855E-001,-8.563812375068665E-001,-7.864036411046982E-002,2.735129743814468E-002,4.706724882125855E-001,-8.563812375068665E-001,
2.421900000000000E+009,-1.110258772969246E-001,4.815591126680374E-002,4.499985873699188E-001,-8.689605593681335E-001,-1.110258772969246E-001,4.815591126680374E-002,4.499985873699188E-001,-8.689605593681335E-001,
2.430266666666667E+009,-1.281851232051849E-001,8.466241508722305E-002,4.232379794120789E-001,-8.786006569862366E-001,-1.281851232051849E-001,8.466241508722305E-002,4.232379794120789E-001,-8.786006569862366E-001,
2.438633333333334E+009,-1.266284883022308E-001,1.287881433963776E-001,3.992839753627777E-001,-8.814908266067505E-001,-1.266284883022308E-001,1.287881433963776E-001,3.992839753627777E-001,-8.814908266067505E-001,
2.447000000000000E+009,-1.031577959656715E-001,1.663061678409576E-001,3.766601383686066E-001,-8.894972205162048E-001,-1.031577959656715E-001,1.663061678409576E-001,3.766601383686066E-001,-8.894972205162048E-001,
2.455366666666667E+009,-6.691507995128632E-002,1.868121027946472E-001,3.586977422237396E-001,-8.909315466880798E-001,-6.691507995128632E-002,1.868121027946472E-001,3.586977422237396E-001,-8.909315466880798E-001,
2.463733333333334E+009,-2.783778496086597E-002,1.891791969537735E-001,3.421229720115662E-001,-9.034811854362488E-001,-2.783778496086597E-002,1.891791969537735E-001,3.421229720115662E-001,-9.034811854362488E-001,
2.472100000000000E+009,4.291318356990814E-003,1.701226383447647E-001,3.214341998100281E-001,-9.115146398544312E-001,4.291318356990814E-003,1.701226383447647E-001,3.214341998100281E-001,-9.115146398544312E-001,
2.480466666666667E+009,2.018718421459198E-002,1.392730921506882E-001,2.948609292507172E-001,-9.189108610153198E-001,2.018718421459198E-002,1.392730921506882E-001,2.948609292507172E-001,-9.189108610153198E-001,
2.488833333333334E+009,1.537274755537510E-002,1.038960367441177E-001,2.782293856143951E-001,-9.314652085304260E-001,1.537274755537510E-002,1.038960367441177E-001,2.782293856143951E-001,-9.314652085304260E-001,
2.497200000000000E+009,-4.147837869822979E-003,8.054821938276291E-002,2.494336217641830E-001,-9.459677934646606E-001,-4.147837869822979E-003,8.054821938276291E-002,2.494336217641830E-001,-9.459677934646606E-001,
2.505566666666667E+009,-3.461815044283867E-002,7.362190634012222E-002,2.171616405248642E-001,-9.568962454795837E-001,-3.461815044283867E-002,7.362190634012222E-002,2.171616405248642E-001,-9.568962454795837E-001,
2.513933333333334E+009,-5.997983366250992E-002,8.940763771533966E-002,1.932296305894852E-001,-9.570382833480835E-001,-5.997983366250992E-002,8.940763771533966E-002,1.932296305894852E-001,-9.570382833480835E-001,
2.522300000000000E+009,-7.356732338666916E-002,1.185444295406342E-001,1.593478322029114E-001,-9.588078856468201E-001,-7.356732338666916E-002,1.185444295406342E-001,1.593478322029114E-001,-9.588078856468201E-001,
2.530666666666667E+009,-6.747131794691086E-002,1.534457951784134E-001,1.324200779199600E-001,-9.623776674270630E-001,-6.747131794691086E-002,1.534457951784134E-001,1.324200779199600E-001,-9.623776674270630E-001,
2.539033333333334E+009,-4.306862130761147E-002,1.821267157793045E-001,1.126810237765312E-001,-9.560738801956177E-001,-4.306862130761147E-002,1.821267157793045E-001,1.126810237765312E-001,-9.560738801956177E-001,
2.547400000000000E+009,-7.345912512391806E-003,1.968217045068741E-001,9.630173444747925E-002,-9.613539576530457E-001,-7.345912512391806E-003,1.968217045068741E-001,9.630173444747925E-002,-9.613539576530457E-001,
2.555766666666667E+009,3.126129508018494E-002,1.929431110620499E-001,7.429873198270798E-002,-9.653193354606628E-001,3.126129508018494E-002,1.929431110620499E-001,7.429873198270798E-002,-9.653193354606628E-001,
2.564133333333334E+009,5.715498328208923E-002,1.700461357831955E-001,5.478429421782494E-002,-9.625287652015686E-001,5.715498328208923E-002,1.700461357831955E-001,5.478429421782494E-002,-9.625287652015686E-001,
2.572500000000000E+009,6.722585856914520E-002,1.376736015081406E-001,3.174145892262459E-002,-9.665734171867371E-001,6.722585856914520E-002,1.376736015081406E-001,3.174145892262459E-002,-9.665734171867371E-001,
2.580866666666667E+009,5.763592571020126E-002,1.035579741001129E-001,7.103997282683849E-003,-9.759811162948608E-001,5.763592571020126E-002,1.035579741001129E-001,7.103997282683849E-003,-9.759811162948608E-001,
2.589233333333334E+009,3.035104274749756E-002,8.198954910039902E-002,-2.494892105460167E-002,-9.765525460243225E-001,3.035104274749756E-002,8.198954910039902E-002,-2.494892105460167E-002,-9.765525460243225E-001,
2.597600000000000E+009,-1.484468812122941E-003,7.774651795625687E-002,-5.776676163077354E-002,-9.779926538467407E-001,-1.484468812122941E-003,7.774651795625687E-002,-5.776676163077354E-002,-9.779926538467407E-001,
2.605966666666667E+009,-2.946675568819046E-002,9.579245001077652E-002,-7.749571651220322E-002,-9.797167778015137E-001,-2.946675568819046E-002,9.579245001077652E-002,-7.749571651220322E-002,-9.797167778015137E-001,
2.614333333333334E+009,-4.122073203325272E-002,1.258493959903717E-001,-1.086597144603729E-001,-9.684979915618897E-001,-4.122073203325272E-002,1.258493959903717E-001,-1.086597144603729E-001,-9.684979915618897E-001,
2.622700000000000E+009,-3.224750980734825E-002,1.607674509286881E-001,-1.330728977918625E-001,-9.562709331512451E-001,-3.224750980734825E-002,1.607674509286881E-001,-1.330728977918625E-001,-9.562709331512451E-001,
2.631066666666667E+009,-5.927992984652519E-003,1.891388744115830E-001,-1.584718674421310E-001,-9.584073424339294E-001,-5.927992984652519E-003,1.891388744115830E-001,-1.584718674421310E-001,-9.584073424339294E-001,
2.639433333333334E+009,3.211475908756256E-002,2.003870457410812E-001,-1.777669042348862E-001,-9.417056441307068E-001,3.211475908756256E-002,2.003870457410812E-001,-1.777669042348862E-001,-9.417056441307068E-001,
2.647800000000000E+009,7.220333814620972E-002,1.944223791360855E-001,-1.973311305046082E-001,-9.380027651786804E-001,7.220333814620972E-002,1.944223791360855E-001,-1.973311305046082E-001,-9.380027651786804E-001,
2.656166666666667E+009,9.992806613445282E-002,1.714031845331192E-001,-2.136903256177902E-001,-9.408144354820252E-001,9.992806613445282E-002,1.714031845331192E-001,-2.136903256177902E-001,-9.408144354820252E-001,
2.664533333333334E+009,1.101244315505028E-001,1.385869681835175E-001,-2.404991686344147E-001,-9.291471242904663E-001,1.101244315505028E-001,1.385869681835175E-001,-2.404991686344147E-001,-9.291471242904663E-001,
2.672900000000000E+009,1.014628708362579E-001,1.072778776288033E-001,-2.598966062068939E-001,-9.319266080856323E-001,1.014628708362579E-001,1.072778776288033E-001,-2.598966062068939E-001,-9.319266080856323E-001,
2.681266666666667E+009,7.690442353487015E-002,8.683701604604721E-002,-2.881608009338379E-001,-9.275543689727783E-001,7.690442353487015E-002,8.683701604604721E-002,-2.881608009338379E-001,-9.275543689727783E-001,
2.689633333333334E+009,4.450054466724396E-002,8.366038650274277E-002,-3.152262866497040E-001,-9.254246950149536E-001,4.450054466724396E-002,8.366038650274277E-002,-3.152262866497040E-001,-9.254246950149536E-001,
2.698000000000000E+009,1.895652525126934E-002,9.949151426553726E-002,-3.361396491527557E-001,-9.130407571792603E-001,1.895652525126934E-002,9.949151426553726E-002,-3.361396491527557E-001,-9.130407571792603E-001,
2.706366666666667E+009,9.387878701090813E-003,1.279813051223755E-001,-3.690551817417145E-001,-8.961305022239685E-001,9.387878701090813E-003,1.279813051223755E-001,-3.690551817417145E-001,-8.961305022239685E-001,
2.714733333333334E+009,1.838741451501846E-002,1.600191146135330E-001,-3.891103267669678E-001,-8.884761333465576E-001,1.838741451501846E-002,1.600191146135330E-001,-3.891103267669678E-001,-8.884761333465576E-001,
2.723100000000000E+009,4.752150923013687E-002,1.838047504425049E-001,-4.097240865230560E-001,-8.679873943328857E-001,4.752150923013687E-002,1.838047504425049E-001,-4.097240865230560E-001,-8.679873943328857E-001,
2.731466666666667E+009,8.719274401664734E-002,1.928269863128662E-001,-4.304995238780975E-001,-8.576287031173706E-001,8.719274401664734E-002,1.928269863128662E-001,-4.304995238780975E-001,-8.576287031173706E-001,
2.739833333333334E+009,1.258603483438492E-001,1.813008934259415E-001,-4.441677927970886E-001,-8.427042961120606E-001,1.258603483438492E-001,1.813008934259415E-001,-4.441677927970886E-001,-8.427042961120606E-001,
2.748200000000000E+009,1.546566188335419E-001,1.558424830436707E-001,-4.612872600555420E-001,-8.342441320419312E-001,1.546566188335419E-001,1.558424830436707E-001,-4.612872600555420E-001,-8.342441320419312E-001,
2.756566666666667E+009,1.667616218328476E-001,1.206146404147148E-001,-4.809685051441193E-001,-8.284378051757813E-001,1.667616218328476E-001,1.206146404147148E-001,-4.809685051441193E-001,-8.284378051757813E-001,
2.764933333333334E+009,1.592443138360977E-001,8.665298670530319E-002,-5.095492601394653E-001,-8.254055976867676E-001,1.592443138360977E-001,8.665298670530319E-002,-5.095492601394653E-001,-8.254055976867676E-001,
2.773300000000000E+009,1.354337036609650E-001,6.260576099157333E-002,-5.263005495071411E-001,-8.123236298561096E-001,1.354337036609650E-001,6.260576099157333E-002,-5.263005495071411E-001,-8.123236298561096E-001,
2.781666666666667E+009,1.031764447689056E-001,5.747156217694283E-002,-5.487098097801209E-001,-8.000926375389099E-001,1.031764447689056E-001,5.747156217694283E-002,-5.487098097801209E-001,-8.000926375389099E-001,
2.790033333333334E+009,7.452309876680374E-002,6.937458366155624E-002,-5.765145421028137E-001,-7.879576683044434E-001,7.452309876680374E-002,6.937458366155624E-002,-5.765145421028137E-001,-7.879576683044434E-001,
2.798400000000000E+009,6.009087339043617E-002,9.565003961324692E-002,-6.006637215614319E-001,-7.730337381362915E-001,6.009087339043617E-002,9.565003961324692E-002,-6.006637215614319E-001,-7.730337381362915E-001,
2.806766666666667E+009,6.802149116992950E-002,1.251242458820343E-001,-6.176742911338806E-001,-7.465718388557434E-001,6.802149116992950E-002,1.251242458820343E-001,-6.176742911338806E-001,-7.465718388557434E-001,
2.815133333333334E+009,9.122119098901749E-002,1.458741426467896E-001,-6.351729631423950E-001,-7.301263809204102E-001,9.122119098901749E-002,1.458741426467896E-001,-6.351729631423950E-001,-7.301263809204102E-001,
2.823500000000000E+009,1.292100101709366E-001,1.528424024581909E-001,-6.513010859489441E-001,-7.096530795097351E-001,1.292100101709366E-001,1.528424024581909E-001,-6.513010859489441E-001,-7.096530795097351E-001,
2.831866666666667E+009,1.655064076185226E-001,1.400408595800400E-001,-6.592416763305664E-001,-6.921037435531616E-001,1.655064076185226E-001,1.400408595800400E-001,-6.592416763305664E-001,-6.921037435531616E-001,
2.840233333333334E+009,1.939215213060379E-001,1.111896410584450E-001,-6.774355769157410E-001,-6.787567138671875E-001,1.939215213060379E-001,1.111896410584450E-001,-6.774355769157410E-001,-6.787567138671875E-001,
2.848600000000000E+009,2.052476406097412E-001,7.418273389339447E-002,-6.867978572845459E-001,-6.607682704925537E-001,2.052476406097412E-001,7.418273389339447E-002,-6.867978572845459E-001,-6.607682704925537E-001,
2.856966666666667E+009,1.978086680173874E-001,3.865143284201622E-002,-7.046232223510742E-001,-6.492140293121338E-001,1.978086680173874E-001,3.865143284201622E-002,-7.046232223510742E-001,-6.492140293121338E-001,
2.865333333333334E+009,1.725813895463944E-001,1.271156687289476E-002,-7.232534885406494E-001,-6.392563581466675E-001,1.725813895463944E-001,1.271156687289476E-002,-7.232534885406494E-001,-6.392563581466675E-001,
2.873700000000000E+009,1.371403783559799E-001,6.661333143711090E-003,-7.472649216651917E-001,-6.155385375022888E-001,1.371403783559799E-001,6.661333143711090E-003,-7.472649216651917E-001,-6.155385375022888E-001,
2.882066666666667E+009,1.058472022414208E-001,1.976429671049118E-002,-7.644685506820679E-001,-5.927653312683106E-001,1.058472022414208E-001,1.976429671049118E-002,-7.644685506820679E-001,-5.927653312683106E-001,
2.890433333333334E+009,8.822206407785416E-002,4.736099392175674E-002,-7.849944233894348E-001,-5.735168457031250E-001,8.822206407785416E-002,4.736099392175674E-002,-7.849944233894348E-001,-5.735168457031250E-001,
2.898800000000000E+009,9.195618331432343E-002,7.979621738195419E-002,-7.989140152931213E-001,-5.538681149482727E-001,9.195618331432343E-002,7.979621738195419E-002,-7.989140152931213E-001,-5.538681149482727E-001,
2.907166666666667E+009,1.150449067354202E-001,1.023531779646874E-001,-8.060465455055237E-001,-5.321841239929199E-001,1.150449067354202E-001,1.023531779646874E-001,-8.060465455055237E-001,-5.321841239929199E-001,
2.915533333333334E+009,1.539939492940903E-001,1.092988178133965E-001,-8.214198946952820E-001,-5.017662048339844E-001,1.539939492940903E-001,1.092988178133965E-001,-8.214198946952820E-001,-5.017662048339844E-001,
2.923900000000000E+009,1.900758147239685E-001,9.642901271581650E-002,-8.255412578582764E-001,-4.858141541481018E-001,1.900758147239685E-001,9.642901271581650E-002,-8.255412578582764E-001,-4.858141541481018E-001,
2.932266666666667E+009,2.194460034370422E-001,6.668496131896973E-002,-8.326513171195984E-001,-4.669561684131622E-001,2.194460034370422E-001,6.668496131896973E-002,-8.326513171195984E-001,-4.669561684131622E-001,
2.940633333333334E+009,2.297061830759049E-001,2.494439482688904E-002,-8.398319482803345E-001,-4.464455842971802E-001,2.297061830759049E-001,2.494439482688904E-002,-8.398319482803345E-001,-4.464455842971802E-001,
2.949000000000000E+009,2.204176932573319E-001,-1.649684086441994E-002,-8.555983901023865E-001,-4.254602193832398E-001,2.204176932573319E-001,-1.649684086441994E-002,-8.555983901023865E-001,-4.254602193832398E-001,
2.957366666666667E+009,1.936590373516083E-001,-4.509899020195007E-002,-8.671818971633911E-001,-4.162010848522186E-001,1.936590373516083E-001,-4.509899020195007E-002,-8.671818971633911E-001,-4.162010848522186E-001,
2.965733333333334E+009,1.555240601301193E-001,-5.389570072293282E-002,-8.836396336555481E-001,-3.943608105182648E-001,1.555240601301193E-001,-5.389570072293282E-002,-8.836396336555481E-001,-3.943608105182648E-001,
2.974100000000000E+009,1.213367581367493E-001,-4.289101064205170E-002,-9.000080227851868E-001,-3.656183779239655E-001,1.213367581367493E-001,-4.289101064205170E-002,-9.000080227851868E-001,-3.656183779239655E-001,
2.982466666666667E+009,9.928428381681442E-002,-1.333369035273790E-002,-9.146761894226074E-001,-3.383122384548187E-001,9.928428381681442E-002,-1.333369035273790E-002,-9.146761894226074E-001,-3.383122384548187E-001,
2.990833333333334E+009,1.004112884402275E-001,2.101426199078560E-002,-9.196738600730896E-001,-3.161203563213348E-001,1.004112884402275E-001,2.101426199078560E-002,-9.196738600730896E-001,-3.161203563213348E-001,
2.999200000000000E+009,1.228434443473816E-001,4.770496115088463E-002,-9.290992617607117E-001,-2.854720056056976E-001,1.228434443473816E-001,4.770496115088463E-002,-9.290992617607117E-001,-2.854720056056976E-001,
3.007566666666667E+009,1.596248745918274E-001,5.651009455323219E-002,-9.326915144920349E-001,-2.571779787540436E-001,1.596248745918274E-001,5.651009455323219E-002,-9.326915144920349E-001,-2.571779787540436E-001,
3.015933333333334E+009,1.987510025501251E-001,4.181865975260735E-002,-9.297283887863159E-001,-2.358844876289368E-001,1.987510025501251E-001,4.181865975260735E-002,-9.297283887863159E-001,-2.358844876289368E-001,
3.024300000000000E+009,2.269772440195084E-001,8.264492265880108E-003,-9.314168095588684E-001,-2.146234214305878E-001,2.269772440195084E-001,8.264492265880108E-003,-9.314168095588684E-001,-2.146234214305878E-001,
3.032666666666667E+009,2.362170219421387E-001,-3.800288587808609E-002,-9.334896206855774E-001,-1.938517838716507E-001,2.362170219421387E-001,-3.800288587808609E-002,-9.334896206855774E-001,-1.938517838716507E-001,
3.041033333333334E+009,2.219403386116028E-001,-8.082724362611771E-002,-9.360826015472412E-001,-1.786839514970779E-001,2.219403386116028E-001,-8.082724362611771E-002,-9.360826015472412E-001,-1.786839514970779E-001,
3.049400000000000E+009,1.889344602823257E-001,-1.119432896375656E-001,-9.426878094673157E-001,-1.532404720783234E-001,1.889344602823257E-001,-1.119432896375656E-001,-9.426878094673157E-001,-1.532404720783234E-001,
3.057766666666667E+009,1.464845240116119E-001,-1.218798756599426E-001,-9.548651576042175E-001,-1.463967859745026E-001,1.464845240116119E-001,-1.218798756599426E-001,-9.548651576042175E-001,-1.463967859745026E-001,
3.066133333333334E+009,1.049099415540695E-001,-1.065817922353745E-001,-9.585738182067871E-001,-1.132715940475464E-001,1.049099415540695E-001,-1.065817922353745E-001,-9.585738182067871E-001,-1.132715940475464E-001,
3.074500000000000E+009,8.020488917827606E-002,-7.347781211137772E-002,-9.707823991775513E-001,-8.338272571563721E-002,8.020488917827606E-002,-7.347781211137772E-002,-9.707823991775513E-001,-8.338272571563721E-002,
3.082866666666667E+009,7.940389961004257E-002,-3.233436495065689E-002,-9.753577709197998E-001,-5.703915655612946E-002,7.940389961004257E-002,-3.233436495065689E-002,-9.753577709197998E-001,-5.703915655612946E-002,
3.091233333333334E+009,1.055217981338501E-001,9.478046558797360E-004,-9.736492633819580E-001,-2.102932147681713E-002,1.055217981338501E-001,9.478046558797360E-004,-9.736492633819580E-001,-2.102932147681713E-002,
3.099600000000000E+009,1.476493775844574E-001,1.090571656823158E-002,-9.662485718727112E-001,7.940555922687054E-003,1.476493775844574E-001,1.090571656823158E-002,-9.662485718727112E-001,7.940555922687054E-003,
3.107966666666667E+009,1.924489140510559E-001,-7.211832329630852E-003,-9.621956348419190E-001,3.028496168553829E-002,1.924489140510559E-001,-7.211832329630852E-003,-9.621956348419190E-001,3.028496168553829E-002,
3.116333333333334E+009,2.248608171939850E-001,-4.697274416685104E-002,-9.530678987503052E-001,5.687159672379494E-002,2.248608171939850E-001,-4.697274416685104E-002,-9.530678987503052E-001,5.687159672379494E-002,
3.124700000000000E+009,2.310230731964111E-001,-9.984632581472397E-002,-9.488902091979981E-001,7.118692994117737E-002,2.310230731964111E-001,-9.984632581472397E-002,-9.488902091979981E-001,7.118692994117737E-002,
3.133066666666667E+009,2.148733586072922E-001,-1.503634005784988E-001,-9.474161267280579E-001,9.312799572944641E-002,2.148733586072922E-001,-1.503634005784988E-001,-9.474161267280579E-001,9.312799572944641E-002,
3.141433333333334E+009,1.743273884057999E-001,-1.874009519815445E-001,-9.468203783035278E-001,1.058771982789040E-001,1.743273884057999E-001,-1.874009519815445E-001,-9.468203783035278E-001,1.058771982789040E-001,
3.149800000000000E+009,1.207155659794807E-001,-1.999315172433853E-001,-9.518108367919922E-001,1.307038664817810E-001,1.207155659794807E-001,-1.999315172433853E-001,-9.518108367919922E-001,1.307038664817810E-001,
3.158166666666667E+009,7.076074928045273E-002,-1.836379468441010E-001,-9.497449994087219E-001,1.528778821229935E-001,7.076074928045273E-002,-1.836379468441010E-001,-9.497449994087219E-001,1.528778821229935E-001,
3.166533333333334E+009,3.810644522309303E-002,-1.456993073225021E-001,-9.544993042945862E-001,1.783970743417740E-001,3.810644522309303E-002,-1.456993073225021E-001,-9.544993042945862E-001,1.783970743417740E-001,
3.174900000000000E+009,2.914875373244286E-002,-9.769137948751450E-002,-9.515706896781921E-001,2.102401852607727E-001,2.914875373244286E-002,-9.769137948751450E-002,-9.515706896781921E-001,2.102401852607727E-001,
3.183266666666667E+009,5.201441422104836E-002,-5.476272478699684E-002,-9.433397054672241E-001,2.419230937957764E-001,5.201441422104836E-002,-5.476272478699684E-002,-9.433397054672241E-001,2.419230937957764E-001,
3.191633333333334E+009,9.533761441707611E-002,-3.851783275604248E-002,-9.301605820655823E-001,2.701059281826019E-001,9.533761441707611E-002,-3.851783275604248E-002,-9.301605820655823E-001,2.701059281826019E-001,
3.200000000000000E+009,1.402016580104828E-001,-5.225081741809845E-002,-9.206457734107971E-001,2.929388880729675E-001,1.402016580104828E-001,-5.225081741809845E-002,-9.206457734107971E-001,2.929388880729675E-001,
