% Version 1.00
%
%freq[Hz],re:Trc1_S11,im:Trc1_S11,re:Trc2_S21,im:Trc2_S21,re:Trc3_S11,im:Trc3_S11,re:Trc4_S21,im:Trc4_S21,
6.900000000000000E+008,-5.849315598607063E-002,1.182250957936049E-002,-4.714569747447968E-001,-8.288104534149170E-001,-5.849315598607063E-002,1.182250957936049E-002,-4.714569747447968E-001,-8.288104534149170E-001,
6.983666666666666E+008,-5.210814252495766E-002,1.257181446999311E-002,-4.880743920803070E-001,-8.132392764091492E-001,-5.210814252495766E-002,1.257181446999311E-002,-4.880743920803070E-001,-8.132392764091492E-001,
7.067333333333334E+008,-4.644414037466049E-002,1.124773267656565E-002,-5.171740651130676E-001,-7.882933020591736E-001,-4.644414037466049E-002,1.124773267656565E-002,-5.171740651130676E-001,-7.882933020591736E-001,
7.151000000000000E+008,-4.657985642552376E-002,4.395622294396162E-003,-5.262002944946289E-001,-7.805780768394470E-001,-4.657985642552376E-002,4.395622294396162E-003,-5.262002944946289E-001,-7.805780768394470E-001,
7.234666666666666E+008,-4.687977954745293E-002,-4.454433565115323E-006,-5.652911067008972E-001,-7.696934342384338E-001,-4.687977954745293E-002,-4.454433565115323E-006,-5.652911067008972E-001,-7.696934342384338E-001,
7.318333333333334E+008,-5.388357862830162E-002,-2.374194795265794E-003,-5.709692239761353E-001,-7.653617262840271E-001,-5.388357862830162E-002,-2.374194795265794E-003,-5.709692239761353E-001,-7.653617262840271E-001,
7.402000000000000E+008,-6.135061755776405E-002,6.015711551299319E-005,-6.006379723548889E-001,-7.427181601524353E-001,-6.135061755776405E-002,6.015711551299319E-005,-6.006379723548889E-001,-7.427181601524353E-001,
7.485666666666666E+008,-6.621912121772766E-002,5.612668581306934E-003,-6.225805878639221E-001,-7.066546678543091E-001,-6.621912121772766E-002,5.612668581306934E-003,-6.225805878639221E-001,-7.066546678543091E-001,
7.569333333333334E+008,-6.712537258863449E-002,1.501528453081846E-002,-6.377584934234619E-001,-7.095304131507874E-001,-6.712537258863449E-002,1.501528453081846E-002,-6.377584934234619E-001,-7.095304131507874E-001,
7.653000000000000E+008,-6.423016637563705E-002,2.390208281576634E-002,-6.440358757972717E-001,-7.032602429389954E-001,-6.423016637563705E-002,2.390208281576634E-002,-6.440358757972717E-001,-7.032602429389954E-001,
7.736666666666666E+008,-5.701002851128578E-002,3.296560421586037E-002,-6.692916750907898E-001,-6.950840353965759E-001,-5.701002851128578E-002,3.296560421586037E-002,-6.692916750907898E-001,-6.950840353965759E-001,
7.820333333333334E+008,-5.088567733764648E-002,3.746503964066505E-002,-6.918421983718872E-001,-6.737621426582336E-001,-5.088567733764648E-002,3.746503964066505E-002,-6.918421983718872E-001,-6.737621426582336E-001,
7.904000000000000E+008,-4.166840016841888E-002,3.663994744420052E-002,-7.071694135665894E-001,-6.514561176300049E-001,-4.166840016841888E-002,3.663994744420052E-002,-7.071694135665894E-001,-6.514561176300049E-001,
7.987666666666666E+008,-3.495346382260323E-002,3.321849182248116E-002,-7.196408510208130E-001,-6.330865025520325E-001,-3.495346382260323E-002,3.321849182248116E-002,-7.196408510208130E-001,-6.330865025520325E-001,
8.071333333333334E+008,-3.500111401081085E-002,2.958653680980206E-002,-7.321589589118958E-001,-6.203084588050842E-001,-3.500111401081085E-002,2.958653680980206E-002,-7.321589589118958E-001,-6.203084588050842E-001,
8.155000000000000E+008,-3.855865076184273E-002,2.339795418083668E-002,-7.432793378829956E-001,-5.763864517211914E-001,-3.855865076184273E-002,2.339795418083668E-002,-7.432793378829956E-001,-5.763864517211914E-001,
8.238666666666666E+008,-4.355766251683235E-002,2.067112736403942E-002,-7.740364074707031E-001,-5.816071033477783E-001,-4.355766251683235E-002,2.067112736403942E-002,-7.740364074707031E-001,-5.816071033477783E-001,
8.322333333333334E+008,-5.164965242147446E-002,2.304955385625362E-002,-7.870814800262451E-001,-5.542201995849609E-001,-5.164965242147446E-002,2.304955385625362E-002,-7.870814800262451E-001,-5.542201995849609E-001,
8.406000000000000E+008,-5.680353567004204E-002,2.630356512963772E-002,-7.973686456680298E-001,-5.397420525550842E-001,-5.680353567004204E-002,2.630356512963772E-002,-7.973686456680298E-001,-5.397420525550842E-001,
8.489666666666668E+008,-5.786472558975220E-002,3.382133319973946E-002,-8.171782493591309E-001,-5.154394507408142E-001,-5.786472558975220E-002,3.382133319973946E-002,-8.171782493591309E-001,-5.154394507408142E-001,
8.573333333333334E+008,-5.490997806191444E-002,4.147424548864365E-002,-8.232579827308655E-001,-4.992653131484985E-001,-5.490997806191444E-002,4.147424548864365E-002,-8.232579827308655E-001,-4.992653131484985E-001,
8.657000000000000E+008,-4.878978058695793E-002,5.060939118266106E-002,-8.379895091056824E-001,-4.713657498359680E-001,-4.878978058695793E-002,5.060939118266106E-002,-8.379895091056824E-001,-4.713657498359680E-001,
8.740666666666668E+008,-4.099782183766365E-002,5.611000955104828E-002,-8.338203430175781E-001,-4.534213244915009E-001,-4.099782183766365E-002,5.611000955104828E-002,-8.338203430175781E-001,-4.534213244915009E-001,
8.824333333333334E+008,-3.220027312636375E-002,5.572270229458809E-002,-8.645442128181458E-001,-4.232015609741211E-001,-3.220027312636375E-002,5.572270229458809E-002,-8.645442128181458E-001,-4.232015609741211E-001,
8.908000000000000E+008,-2.493747696280479E-002,5.674931779503822E-002,-8.757575750350952E-001,-4.201369583606720E-001,-2.493747696280479E-002,5.674931779503822E-002,-8.757575750350952E-001,-4.201369583606720E-001,
8.991666666666668E+008,-2.198115177452564E-002,5.064782872796059E-002,-8.871204853057861E-001,-3.923546075820923E-001,-2.198115177452564E-002,5.064782872796059E-002,-8.871204853057861E-001,-3.923546075820923E-001,
9.075333333333334E+008,-2.154563926160336E-002,4.711423814296722E-002,-8.800415396690369E-001,-3.666100800037384E-001,-2.154563926160336E-002,4.711423814296722E-002,-8.800415396690369E-001,-3.666100800037384E-001,
9.159000000000000E+008,-2.421612851321697E-002,4.310340061783791E-002,-8.949264883995056E-001,-3.566791415214539E-001,-2.421612851321697E-002,4.310340061783791E-002,-8.949264883995056E-001,-3.566791415214539E-001,
9.242666666666668E+008,-2.881197631359100E-002,3.927540406584740E-002,-9.062710404396057E-001,-3.319721221923828E-001,-2.881197631359100E-002,3.927540406584740E-002,-9.062710404396057E-001,-3.319721221923828E-001,
9.326333333333334E+008,-3.288586810231209E-002,4.164643958210945E-002,-9.109791517257690E-001,-2.983943223953247E-001,-3.288586810231209E-002,4.164643958210945E-002,-9.109791517257690E-001,-2.983943223953247E-001,
9.410000000000000E+008,-3.801710158586502E-002,4.798766970634460E-002,-9.174372553825378E-001,-2.710153162479401E-001,-3.801710158586502E-002,4.798766970634460E-002,-9.174372553825378E-001,-2.710153162479401E-001,
9.493666666666668E+008,-3.916085138916969E-002,5.518440529704094E-002,-9.225243330001831E-001,-2.629430890083313E-001,-3.916085138916969E-002,5.518440529704094E-002,-9.225243330001831E-001,-2.629430890083313E-001,
9.577333333333334E+008,-3.414752706885338E-002,6.348221004009247E-002,-9.481614232063294E-001,-2.229857444763184E-001,-3.414752706885338E-002,6.348221004009247E-002,-9.481614232063294E-001,-2.229857444763184E-001,
9.661000000000000E+008,-2.649168670177460E-002,7.071950286626816E-002,-9.336029291152954E-001,-2.085483223199844E-001,-2.649168670177460E-002,7.071950286626816E-002,-9.336029291152954E-001,-2.085483223199844E-001,
9.744666666666668E+008,-1.723054610192776E-002,7.567556947469711E-002,-9.450942277908325E-001,-1.782699078321457E-001,-1.723054610192776E-002,7.567556947469711E-002,-9.450942277908325E-001,-1.782699078321457E-001,
9.828333333333334E+008,-3.825014224275947E-003,7.455235719680786E-002,-9.425022602081299E-001,-1.535854935646057E-001,-3.825014224275947E-003,7.455235719680786E-002,-9.425022602081299E-001,-1.535854935646057E-001,
9.912000000000000E+008,5.905908532440662E-003,7.215575128793716E-002,-9.527764320373535E-001,-1.443922072649002E-001,5.905908532440662E-003,7.215575128793716E-002,-9.527764320373535E-001,-1.443922072649002E-001,
9.995666666666668E+008,1.093396451324225E-002,6.405175477266312E-002,-9.577010273933411E-001,-1.089791804552078E-001,1.093396451324225E-002,6.405175477266312E-002,-9.577010273933411E-001,-1.089791804552078E-001,
1.007933333333333E+009,1.149012334644795E-002,5.642938613891602E-002,-9.610474705696106E-001,-9.048158675432205E-002,1.149012334644795E-002,5.642938613891602E-002,-9.610474705696106E-001,-9.048158675432205E-002,
1.016300000000000E+009,5.939140450209379E-003,4.843286052346230E-002,-9.619385600090027E-001,-6.436201184988022E-002,5.939140450209379E-003,4.843286052346230E-002,-9.619385600090027E-001,-6.436201184988022E-002,
1.024666666666667E+009,-1.263113808818162E-003,4.782805591821671E-002,-9.636425375938416E-001,-4.362828284502029E-002,-1.263113808818162E-003,4.782805591821671E-002,-9.636425375938416E-001,-4.362828284502029E-002,
1.033033333333333E+009,-8.078152313828468E-003,4.888270050287247E-002,-9.429265856742859E-001,-5.136545747518539E-003,-8.078152313828468E-003,4.888270050287247E-002,-9.429265856742859E-001,-5.136545747518539E-003,
1.041400000000000E+009,-1.203600130975246E-002,5.514037236571312E-002,-9.503819942474365E-001,1.473911572247744E-002,-1.203600130975246E-002,5.514037236571312E-002,-9.503819942474365E-001,1.473911572247744E-002,
1.049766666666667E+009,-1.289097033441067E-002,6.334824115037918E-002,-9.596350193023682E-001,3.567773476243019E-002,-1.289097033441067E-002,6.334824115037918E-002,-9.596350193023682E-001,3.567773476243019E-002,
1.058133333333333E+009,-5.051080603152514E-003,7.242441177368164E-002,-9.554998278617859E-001,6.002407148480415E-002,-5.051080603152514E-003,7.242441177368164E-002,-9.554998278617859E-001,6.002407148480415E-002,
1.066500000000000E+009,7.510685361921787E-003,7.725366204977036E-002,-9.404820203781128E-001,8.767117559909821E-002,7.510685361921787E-003,7.725366204977036E-002,-9.404820203781128E-001,8.767117559909821E-002,
1.074866666666667E+009,1.952473632991314E-002,7.449306547641754E-002,-9.508333802223206E-001,1.162520498037338E-001,1.952473632991314E-002,7.449306547641754E-002,-9.508333802223206E-001,1.162520498037338E-001,
1.083233333333334E+009,3.247199580073357E-002,7.116097211837769E-002,-9.472221136093140E-001,1.315985918045044E-001,3.247199580073357E-002,7.116097211837769E-002,-9.472221136093140E-001,1.315985918045044E-001,
1.091600000000000E+009,3.759954869747162E-002,5.969346687197685E-002,-9.419226050376892E-001,1.656727343797684E-001,3.759954869747162E-002,5.969346687197685E-002,-9.419226050376892E-001,1.656727343797684E-001,
1.099966666666667E+009,4.010946303606033E-002,4.772468656301498E-002,-9.384347796440125E-001,1.824548095464706E-001,4.010946303606033E-002,4.772468656301498E-002,-9.384347796440125E-001,1.824548095464706E-001,
1.108333333333334E+009,3.306791186332703E-002,3.797538205981255E-002,-9.503430724143982E-001,2.035528123378754E-001,3.306791186332703E-002,3.797538205981255E-002,-9.503430724143982E-001,2.035528123378754E-001,
1.116700000000000E+009,2.195814065635204E-002,3.829385340213776E-002,-9.361143112182617E-001,2.365249246358872E-001,2.195814065635204E-002,3.829385340213776E-002,-9.361143112182617E-001,2.365249246358872E-001,
1.125066666666667E+009,1.074488274753094E-002,3.901944682002068E-002,-9.219639301300049E-001,2.574064135551453E-001,1.074488274753094E-002,3.901944682002068E-002,-9.219639301300049E-001,2.574064135551453E-001,
1.133433333333334E+009,5.877707153558731E-004,5.038745328783989E-002,-9.173835515975952E-001,2.757558226585388E-001,5.877707153558731E-004,5.038745328783989E-002,-9.173835515975952E-001,2.757558226585388E-001,
1.141800000000000E+009,1.509789377450943E-003,6.291683018207550E-002,-9.067063331604004E-001,3.002581894397736E-001,1.509789377450943E-003,6.291683018207550E-002,-9.067063331604004E-001,3.002581894397736E-001,
1.150166666666667E+009,7.785582449287176E-003,7.519632577896118E-002,-9.016966223716736E-001,3.306318521499634E-001,7.785582449287176E-003,7.519632577896118E-002,-9.016966223716736E-001,3.306318521499634E-001,
1.158533333333334E+009,2.507412619888783E-002,8.239772915840149E-002,-8.921440839767456E-001,3.517405986785889E-001,2.507412619888783E-002,8.239772915840149E-002,-8.921440839767456E-001,3.517405986785889E-001,
1.166900000000000E+009,4.419459402561188E-002,8.179013431072235E-002,-8.843347430229187E-001,3.776263594627380E-001,4.419459402561188E-002,8.179013431072235E-002,-8.843347430229187E-001,3.776263594627380E-001,
1.175266666666667E+009,6.011176481842995E-002,7.252117991447449E-002,-8.665416240692139E-001,3.909816741943359E-001,6.011176481842995E-002,7.252117991447449E-002,-8.665416240692139E-001,3.909816741943359E-001,
1.183633333333334E+009,7.350814342498779E-002,5.826142802834511E-002,-8.626475930213928E-001,4.184827208518982E-001,7.350814342498779E-002,5.826142802834511E-002,-8.626475930213928E-001,4.184827208518982E-001,
1.192000000000000E+009,7.573496550321579E-002,4.133540391921997E-002,-8.562946319580078E-001,4.441755115985870E-001,7.573496550321579E-002,4.133540391921997E-002,-8.562946319580078E-001,4.441755115985870E-001,
1.200366666666667E+009,6.751717627048492E-002,2.409635484218597E-002,-8.435147404670715E-001,4.627547860145569E-001,6.751717627048492E-002,2.409635484218597E-002,-8.435147404670715E-001,4.627547860145569E-001,
1.208733333333334E+009,5.133040249347687E-002,1.545953378081322E-002,-8.390849828720093E-001,4.926865398883820E-001,5.133040249347687E-002,1.545953378081322E-002,-8.390849828720093E-001,4.926865398883820E-001,
1.217100000000000E+009,3.419269621372223E-002,1.685176417231560E-002,-8.078302145004273E-001,5.062206387519836E-001,3.419269621372223E-002,1.685176417231560E-002,-8.078302145004273E-001,5.062206387519836E-001,
1.225466666666667E+009,2.300302125513554E-002,2.735815197229385E-002,-8.108072280883789E-001,5.303644537925720E-001,2.300302125513554E-002,2.735815197229385E-002,-8.108072280883789E-001,5.303644537925720E-001,
1.233833333333334E+009,2.120569907128811E-002,4.181676357984543E-002,-7.910728454589844E-001,5.511296391487122E-001,2.120569907128811E-002,4.181676357984543E-002,-7.910728454589844E-001,5.511296391487122E-001,
1.242200000000000E+009,2.654528245329857E-002,5.581239983439446E-002,-7.638334631919861E-001,5.675941705703735E-001,2.654528245329857E-002,5.581239983439446E-002,-7.638334631919861E-001,5.675941705703735E-001,
1.250566666666667E+009,4.109823703765869E-002,6.552595645189285E-002,-7.680720686912537E-001,5.943197011947632E-001,4.109823703765869E-002,6.552595645189285E-002,-7.680720686912537E-001,5.943197011947632E-001,
1.258933333333334E+009,6.130784004926682E-002,6.635603308677673E-002,-7.482309341430664E-001,6.052528023719788E-001,6.130784004926682E-002,6.635603308677673E-002,-7.482309341430664E-001,6.052528023719788E-001,
1.267300000000000E+009,7.914176583290100E-002,5.449256300926209E-002,-7.256702780723572E-001,6.230799555778503E-001,7.914176583290100E-002,5.449256300926209E-002,-7.256702780723572E-001,6.230799555778503E-001,
1.275666666666667E+009,9.068007022142410E-002,3.816398978233337E-002,-7.233554720878601E-001,6.282420158386231E-001,9.068007022142410E-002,3.816398978233337E-002,-7.233554720878601E-001,6.282420158386231E-001,
1.284033333333334E+009,9.317136555910111E-002,1.595703698694706E-002,-6.921847462654114E-001,6.784296631813049E-001,9.317136555910111E-002,1.595703698694706E-002,-6.921847462654114E-001,6.784296631813049E-001,
1.292400000000000E+009,8.249072730541229E-002,-2.184675075113773E-003,-6.894215345382690E-001,6.792759299278259E-001,8.249072730541229E-002,-2.184675075113773E-003,-6.894215345382690E-001,6.792759299278259E-001,
1.300766666666667E+009,6.554221361875534E-002,-1.042488031089306E-002,-6.713936328887940E-001,6.960796117782593E-001,6.554221361875534E-002,-1.042488031089306E-002,-6.713936328887940E-001,6.960796117782593E-001,
1.309133333333334E+009,4.677012935280800E-002,-8.688514120876789E-003,-6.563578844070435E-001,7.238799333572388E-001,4.677012935280800E-002,-8.688514120876789E-003,-6.563578844070435E-001,7.238799333572388E-001,
1.317500000000000E+009,3.256456181406975E-002,2.535962266847491E-003,-6.274895668029785E-001,7.477365732192993E-001,3.256456181406975E-002,2.535962266847491E-003,-6.274895668029785E-001,7.477365732192993E-001,
1.325866666666667E+009,2.762554027140141E-002,1.784470863640308E-002,-6.089919209480286E-001,7.469815611839294E-001,2.762554027140141E-002,1.784470863640308E-002,-6.089919209480286E-001,7.469815611839294E-001,
1.334233333333334E+009,3.399547934532166E-002,3.577429801225662E-002,-5.882255434989929E-001,7.598552107810974E-001,3.399547934532166E-002,3.577429801225662E-002,-5.882255434989929E-001,7.598552107810974E-001,
1.342600000000000E+009,5.021074786782265E-002,4.120235890150070E-002,-5.754170417785645E-001,7.776181101799011E-001,5.021074786782265E-002,4.120235890150070E-002,-5.754170417785645E-001,7.776181101799011E-001,
1.350966666666667E+009,6.762461364269257E-002,3.990395739674568E-002,-5.468705296516419E-001,7.976202368736267E-001,6.762461364269257E-002,3.990395739674568E-002,-5.468705296516419E-001,7.976202368736267E-001,
1.359333333333334E+009,8.356087654829025E-002,2.784551680088043E-002,-5.305068492889404E-001,8.051875829696655E-001,8.356087654829025E-002,2.784551680088043E-002,-5.305068492889404E-001,8.051875829696655E-001,
1.367700000000000E+009,9.090520441532135E-002,7.050241343677044E-003,-5.133432745933533E-001,8.160266876220703E-001,9.090520441532135E-002,7.050241343677044E-003,-5.133432745933533E-001,8.160266876220703E-001,
1.376066666666667E+009,8.623746037483215E-002,-1.601585187017918E-002,-4.882944524288178E-001,8.287602663040161E-001,8.623746037483215E-002,-1.601585187017918E-002,-4.882944524288178E-001,8.287602663040161E-001,
1.384433333333334E+009,7.198540121316910E-002,-3.008472546935082E-002,-4.795341491699219E-001,8.404533863067627E-001,7.198540121316910E-002,-3.008472546935082E-002,-4.795341491699219E-001,8.404533863067627E-001,
1.392800000000000E+009,4.945166036486626E-002,-3.432076424360275E-002,-4.553505778312683E-001,8.469498753547669E-001,4.945166036486626E-002,-3.432076424360275E-002,-4.553505778312683E-001,8.469498753547669E-001,
1.401166666666667E+009,3.252843767404556E-002,-2.733822725713253E-002,-4.243002831935883E-001,8.745068311691284E-001,3.252843767404556E-002,-2.733822725713253E-002,-4.243002831935883E-001,8.745068311691284E-001,
1.409533333333334E+009,2.024858444929123E-002,-8.674779906868935E-003,-4.023118317127228E-001,8.844590187072754E-001,2.024858444929123E-002,-8.674779906868935E-003,-4.023118317127228E-001,8.844590187072754E-001,
1.417900000000000E+009,1.854768767952919E-002,1.172073371708393E-002,-3.620524704456329E-001,8.789773583412170E-001,1.854768767952919E-002,1.172073371708393E-002,-3.620524704456329E-001,8.789773583412170E-001,
1.426266666666667E+009,2.863768488168716E-002,2.985460683703423E-002,-3.585204184055328E-001,9.067850112915039E-001,2.863768488168716E-002,2.985460683703423E-002,-3.585204184055328E-001,9.067850112915039E-001,
1.434633333333334E+009,4.647983238101006E-002,3.683305904269218E-002,-3.296507894992828E-001,9.003892540931702E-001,4.647983238101006E-002,3.683305904269218E-002,-3.296507894992828E-001,9.003892540931702E-001,
1.443000000000000E+009,6.847162544727325E-002,3.440181538462639E-002,-3.041559755802155E-001,9.134579896926880E-001,6.847162544727325E-002,3.440181538462639E-002,-3.041559755802155E-001,9.134579896926880E-001,
1.451366666666667E+009,8.381631970405579E-002,1.848993636667728E-002,-2.858694493770599E-001,9.185379743576050E-001,8.381631970405579E-002,1.848993636667728E-002,-2.858694493770599E-001,9.185379743576050E-001,
1.459733333333334E+009,9.015161544084549E-002,-2.333931159228087E-003,-2.708167433738709E-001,9.236991405487061E-001,9.015161544084549E-002,-2.333931159228087E-003,-2.708167433738709E-001,9.236991405487061E-001,
1.468100000000000E+009,8.499909192323685E-002,-2.372559159994125E-002,-2.357129305601120E-001,9.319466948509216E-001,8.499909192323685E-002,-2.372559159994125E-002,-2.357129305601120E-001,9.319466948509216E-001,
1.476466666666667E+009,6.967864185571671E-002,-3.871130570769310E-002,-2.178947776556015E-001,9.471547603607178E-001,6.967864185571671E-002,-3.871130570769310E-002,-2.178947776556015E-001,9.471547603607178E-001,
1.484833333333334E+009,4.831395670771599E-002,-4.280979558825493E-002,-1.848353147506714E-001,9.494987726211548E-001,4.831395670771599E-002,-4.280979558825493E-002,-1.848353147506714E-001,9.494987726211548E-001,
1.493200000000000E+009,3.174808248877525E-002,-3.455238789319992E-002,-1.679503619670868E-001,9.507513642311096E-001,3.174808248877525E-002,-3.455238789319992E-002,-1.679503619670868E-001,9.507513642311096E-001,
1.501566666666667E+009,2.155714295804501E-002,-1.682502590119839E-002,-1.383420228958130E-001,9.549556374549866E-001,2.155714295804501E-002,-1.682502590119839E-002,-1.383420228958130E-001,9.549556374549866E-001,
1.509933333333334E+009,2.098516002297401E-002,4.474207758903503E-003,-1.230011805891991E-001,9.589905738830566E-001,2.098516002297401E-002,4.474207758903503E-003,-1.230011805891991E-001,9.589905738830566E-001,
1.518300000000000E+009,3.498400002717972E-002,2.034885995090008E-002,-9.690577536821365E-002,9.658387303352356E-001,3.498400002717972E-002,2.034885995090008E-002,-9.690577536821365E-002,9.658387303352356E-001,
1.526666666666667E+009,5.408012866973877E-002,2.687613107264042E-002,-6.458043307065964E-002,9.594225287437439E-001,5.408012866973877E-002,2.687613107264042E-002,-6.458043307065964E-002,9.594225287437439E-001,
1.535033333333334E+009,7.406012713909149E-002,2.329115755856037E-002,-4.430985823273659E-002,9.692116975784302E-001,7.406012713909149E-002,2.329115755856037E-002,-4.430985823273659E-002,9.692116975784302E-001,
1.543400000000000E+009,8.755226433277130E-002,7.454725913703442E-003,-2.410391531884670E-002,9.633495211601257E-001,8.755226433277130E-002,7.454725913703442E-003,-2.410391531884670E-002,9.633495211601257E-001,
1.551766666666667E+009,8.997523784637451E-002,-1.504192035645247E-002,-1.211352646350861E-003,9.596040844917297E-001,8.997523784637451E-002,-1.504192035645247E-002,-1.211352646350861E-003,9.596040844917297E-001,
1.560133333333334E+009,8.394137769937515E-002,-3.578068688511848E-002,2.019749209284782E-002,9.653740525245667E-001,8.394137769937515E-002,-3.578068688511848E-002,2.019749209284782E-002,9.653740525245667E-001,
1.568500000000000E+009,6.945616751909256E-002,-4.926646128296852E-002,3.752997890114784E-002,9.692671298980713E-001,6.945616751909256E-002,-4.926646128296852E-002,3.752997890114784E-002,9.692671298980713E-001,
1.576866666666667E+009,4.947188869118691E-002,-5.138264968991280E-002,7.924272119998932E-002,9.607152342796326E-001,4.947188869118691E-002,-5.138264968991280E-002,7.924272119998932E-002,9.607152342796326E-001,
1.585233333333334E+009,3.567121177911758E-002,-4.388011991977692E-002,9.452462941408157E-002,9.616065025329590E-001,3.567121177911758E-002,-4.388011991977692E-002,9.452462941408157E-002,9.616065025329590E-001,
1.593600000000000E+009,2.736864425241947E-002,-2.979953400790691E-002,1.232544481754303E-001,9.562388658523560E-001,2.736864425241947E-002,-2.979953400790691E-002,1.232544481754303E-001,9.562388658523560E-001,
1.601966666666667E+009,2.903739735484123E-002,-1.154659222811461E-002,1.440282613039017E-001,9.543925523757935E-001,2.903739735484123E-002,-1.154659222811461E-002,1.440282613039017E-001,9.543925523757935E-001,
1.610333333333334E+009,4.036276787519455E-002,7.764570764265955E-004,1.744868010282517E-001,9.480214715003967E-001,4.036276787519455E-002,7.764570764265955E-004,1.744868010282517E-001,9.480214715003967E-001,
1.618700000000000E+009,5.775227770209312E-002,4.605872090905905E-003,1.996579766273499E-001,9.449170827865601E-001,5.775227770209312E-002,4.605872090905905E-003,1.996579766273499E-001,9.449170827865601E-001,
1.627066666666667E+009,7.275699824094772E-002,-1.439691288396716E-003,2.205733954906464E-001,9.364483952522278E-001,7.275699824094772E-002,-1.439691288396716E-003,2.205733954906464E-001,9.364483952522278E-001,
1.635433333333334E+009,8.146909624338150E-002,-1.342368125915527E-002,2.477633357048035E-001,9.386987686157227E-001,8.146909624338150E-002,-1.342368125915527E-002,2.477633357048035E-001,9.386987686157227E-001,
1.643800000000000E+009,8.257022500038147E-002,-3.193211928009987E-002,2.602744698524475E-001,9.278481006622315E-001,8.257022500038147E-002,-3.193211928009987E-002,2.602744698524475E-001,9.278481006622315E-001,
1.652166666666667E+009,7.403496652841568E-002,-4.788209125399590E-002,2.945856750011444E-001,9.193383455276489E-001,7.403496652841568E-002,-4.788209125399590E-002,2.945856750011444E-001,9.193383455276489E-001,
1.660533333333334E+009,5.984871834516525E-002,-5.661263689398766E-002,3.116631209850311E-001,9.150632619857788E-001,5.984871834516525E-002,-5.661263689398766E-002,3.116631209850311E-001,9.150632619857788E-001,
1.668900000000000E+009,4.402094334363937E-002,-5.594230443239212E-002,3.337850272655487E-001,9.036370515823364E-001,4.402094334363937E-002,-5.594230443239212E-002,3.337850272655487E-001,9.036370515823364E-001,
1.677266666666667E+009,3.105742298066616E-002,-4.883343353867531E-002,3.734405934810638E-001,8.952543139457703E-001,3.105742298066616E-002,-4.883343353867531E-002,3.734405934810638E-001,8.952543139457703E-001,
1.685633333333334E+009,2.756160497665405E-002,-3.466207534074783E-002,3.892571926116943E-001,8.883178234100342E-001,2.756160497665405E-002,-3.466207534074783E-002,3.892571926116943E-001,8.883178234100342E-001,
1.694000000000000E+009,3.076058812439442E-002,-2.214248850941658E-002,4.060485363006592E-001,8.757891654968262E-001,3.076058812439442E-002,-2.214248850941658E-002,4.060485363006592E-001,8.757891654968262E-001,
1.702366666666667E+009,4.209267720580101E-002,-1.097225584089756E-002,4.291639924049377E-001,8.676379919052124E-001,4.209267720580101E-002,-1.097225584089756E-002,4.291639924049377E-001,8.676379919052124E-001,
1.710733333333334E+009,5.817651748657227E-002,-8.072823286056519E-003,4.482355415821075E-001,8.498209714889526E-001,5.817651748657227E-002,-8.072823286056519E-003,4.482355415821075E-001,8.498209714889526E-001,
1.719100000000000E+009,7.306088507175446E-002,-1.522510312497616E-002,4.744652807712555E-001,8.360083103179932E-001,7.306088507175446E-002,-1.522510312497616E-002,4.744652807712555E-001,8.360083103179932E-001,
1.727466666666667E+009,8.274848759174347E-002,-2.820454724133015E-002,4.916123151779175E-001,8.286734819412231E-001,8.274848759174347E-002,-2.820454724133015E-002,4.916123151779175E-001,8.286734819412231E-001,
1.735833333333334E+009,8.411730825901032E-002,-4.462215676903725E-002,5.077694654464722E-001,8.148071765899658E-001,8.411730825901032E-002,-4.462215676903725E-002,5.077694654464722E-001,8.148071765899658E-001,
1.744200000000000E+009,7.675974816083908E-002,-6.235336512327194E-002,5.360686182975769E-001,7.936782836914063E-001,7.675974816083908E-002,-6.235336512327194E-002,5.360686182975769E-001,7.936782836914063E-001,
1.752566666666667E+009,6.445337086915970E-002,-7.367037981748581E-002,5.641715526580811E-001,7.877309918403626E-001,6.445337086915970E-002,-7.367037981748581E-002,5.641715526580811E-001,7.877309918403626E-001,
1.760933333333334E+009,4.873875901103020E-002,-7.908535748720169E-002,5.724135041236877E-001,7.752648591995239E-001,4.873875901103020E-002,-7.908535748720169E-002,5.724135041236877E-001,7.752648591995239E-001,
1.769300000000000E+009,3.386002406477928E-002,-7.688410580158234E-002,5.977454781532288E-001,7.674369215965271E-001,3.386002406477928E-002,-7.688410580158234E-002,5.977454781532288E-001,7.674369215965271E-001,
1.777666666666667E+009,2.428062818944454E-002,-6.678016483783722E-002,6.122326254844666E-001,7.568091154098511E-001,2.428062818944454E-002,-6.678016483783722E-002,6.122326254844666E-001,7.568091154098511E-001,
1.786033333333334E+009,2.184553071856499E-002,-5.681411549448967E-002,6.276068687438965E-001,7.271506786346436E-001,2.184553071856499E-002,-5.681411549448967E-002,6.276068687438965E-001,7.271506786346436E-001,
1.794400000000000E+009,2.706687897443771E-002,-4.444521293044090E-002,6.515303850173950E-001,7.120614051818848E-001,2.706687897443771E-002,-4.444521293044090E-002,6.515303850173950E-001,7.120614051818848E-001,
1.802766666666667E+009,3.398356959223747E-002,-3.856753930449486E-002,6.696506738662720E-001,6.936029791831970E-001,3.398356959223747E-002,-3.856753930449486E-002,6.696506738662720E-001,6.936029791831970E-001,
1.811133333333334E+009,4.415778443217278E-002,-3.689658269286156E-002,6.936195492744446E-001,6.762548685073853E-001,4.415778443217278E-002,-3.689658269286156E-002,6.936195492744446E-001,6.762548685073853E-001,
1.819500000000000E+009,5.375754088163376E-002,-4.068155586719513E-002,7.052637934684753E-001,6.509709954261780E-001,5.375754088163376E-002,-4.068155586719513E-002,7.052637934684753E-001,6.509709954261780E-001,
1.827866666666667E+009,5.948409810662270E-002,-4.941328242421150E-002,7.249637842178345E-001,6.409344077110291E-001,5.948409810662270E-002,-4.941328242421150E-002,7.249637842178345E-001,6.409344077110291E-001,
1.836233333333334E+009,5.748144164681435E-002,-6.031241640448570E-002,7.371218800544739E-001,6.237729787826538E-001,5.748144164681435E-002,-6.031241640448570E-002,7.371218800544739E-001,6.237729787826538E-001,
1.844600000000000E+009,5.061491206288338E-002,-6.920312345027924E-002,7.534745335578919E-001,6.179313659667969E-001,5.061491206288338E-002,-6.920312345027924E-002,7.534745335578919E-001,6.179313659667969E-001,
1.852966666666667E+009,4.200275242328644E-002,-7.448723167181015E-002,7.631646990776062E-001,5.836601257324219E-001,4.200275242328644E-002,-7.448723167181015E-002,7.631646990776062E-001,5.836601257324219E-001,
1.861333333333334E+009,3.232482448220253E-002,-7.739536464214325E-002,7.861801385879517E-001,5.650230646133423E-001,3.232482448220253E-002,-7.739536464214325E-002,7.861801385879517E-001,5.650230646133423E-001,
1.869700000000000E+009,2.463511377573013E-002,-7.192087173461914E-002,8.014578223228455E-001,5.460485219955444E-001,2.463511377573013E-002,-7.192087173461914E-002,8.014578223228455E-001,5.460485219955444E-001,
1.878066666666667E+009,2.077366039156914E-002,-6.667961925268173E-002,8.151005506515503E-001,5.311965942382813E-001,2.077366039156914E-002,-6.667961925268173E-002,8.151005506515503E-001,5.311965942382813E-001,
1.886433333333334E+009,2.180468663573265E-002,-5.870770290493965E-002,8.334047794342041E-001,5.058772563934326E-001,2.180468663573265E-002,-5.870770290493965E-002,8.334047794342041E-001,5.058772563934326E-001,
1.894800000000000E+009,2.949209697544575E-002,-5.340118706226349E-002,8.451154828071594E-001,4.865777790546417E-001,2.949209697544575E-002,-5.340118706226349E-002,8.451154828071594E-001,4.865777790546417E-001,
1.903166666666667E+009,3.790773078799248E-002,-4.990237206220627E-002,8.564794063568115E-001,4.569295644760132E-001,3.790773078799248E-002,-4.990237206220627E-002,8.564794063568115E-001,4.569295644760132E-001,
1.911533333333334E+009,4.673885554075241E-002,-5.456065386533737E-002,8.639350533485413E-001,4.292481243610382E-001,4.673885554075241E-002,-5.456065386533737E-002,8.639350533485413E-001,4.292481243610382E-001,
1.919900000000000E+009,5.353403836488724E-002,-6.251803785562515E-002,8.786242604255676E-001,4.159984588623047E-001,5.353403836488724E-002,-6.251803785562515E-002,8.786242604255676E-001,4.159984588623047E-001,
1.928266666666667E+009,5.639569833874703E-002,-7.292561978101730E-002,8.765932917594910E-001,3.794499039649963E-001,5.639569833874703E-002,-7.292561978101730E-002,8.765932917594910E-001,3.794499039649963E-001,
1.936633333333334E+009,5.123431235551834E-002,-8.512526005506516E-002,8.959055542945862E-001,3.698454499244690E-001,5.123431235551834E-002,-8.512526005506516E-002,8.959055542945862E-001,3.698454499244690E-001,
1.945000000000000E+009,4.160895571112633E-002,-9.400577098131180E-002,9.061290621757507E-001,3.441180288791657E-001,4.160895571112633E-002,-9.400577098131180E-002,9.061290621757507E-001,3.441180288791657E-001,
1.953366666666667E+009,2.987614087760449E-002,-1.002396270632744E-001,9.081296324729919E-001,3.237644731998444E-001,2.987614087760449E-002,-1.002396270632744E-001,9.081296324729919E-001,3.237644731998444E-001,
1.961733333333334E+009,1.498458068817854E-002,-9.741882979869843E-002,9.237396121025085E-001,3.017629683017731E-001,1.498458068817854E-002,-9.741882979869843E-002,9.237396121025085E-001,3.017629683017731E-001,
1.970100000000000E+009,3.689601551741362E-003,-9.177110344171524E-002,9.244976043701172E-001,2.783368229866028E-001,3.689601551741362E-003,-9.177110344171524E-002,9.244976043701172E-001,2.783368229866028E-001,
1.978466666666667E+009,-4.231727798469365E-004,-7.996484637260437E-002,9.355620741844177E-001,2.499234080314636E-001,-4.231727798469365E-004,-7.996484637260437E-002,9.355620741844177E-001,2.499234080314636E-001,
1.986833333333334E+009,2.104464452713728E-003,-6.931901723146439E-002,9.391986727714539E-001,2.314240336418152E-001,2.104464452713728E-003,-6.931901723146439E-002,9.391986727714539E-001,2.314240336418152E-001,
1.995200000000000E+009,1.305294316262007E-002,-6.213016062974930E-002,9.422048330307007E-001,2.138734608888626E-001,1.305294316262007E-002,-6.213016062974930E-002,9.422048330307007E-001,2.138734608888626E-001,
2.003566666666667E+009,2.661147341132164E-002,-6.083663552999497E-002,9.484608769416809E-001,1.792747080326080E-001,2.661147341132164E-002,-6.083663552999497E-002,9.484608769416809E-001,1.792747080326080E-001,
2.011933333333334E+009,3.898625448346138E-002,-6.883573532104492E-002,9.587844014167786E-001,1.513435989618301E-001,3.898625448346138E-002,-6.883573532104492E-002,9.587844014167786E-001,1.513435989618301E-001,
2.020300000000000E+009,4.698977619409561E-002,-7.972872257232666E-002,9.604077339172363E-001,1.204644367098808E-001,4.698977619409561E-002,-7.972872257232666E-002,9.604077339172363E-001,1.204644367098808E-001,
2.028666666666667E+009,4.631100594997406E-002,-9.555038809776306E-002,9.620518684387207E-001,1.054905056953430E-001,4.631100594997406E-002,-9.555038809776306E-002,9.620518684387207E-001,1.054905056953430E-001,
2.037033333333334E+009,3.724916651844978E-002,-1.120873689651489E-001,9.653669595718384E-001,7.989553362131119E-002,3.724916651844978E-002,-1.120873689651489E-001,9.653669595718384E-001,7.989553362131119E-002,
2.045400000000000E+009,2.168493531644344E-002,-1.213901042938232E-001,9.622280597686768E-001,6.130186468362808E-002,2.168493531644344E-002,-1.213901042938232E-001,9.622280597686768E-001,6.130186468362808E-002,
2.053766666666667E+009,2.500068861991167E-003,-1.220932304859161E-001,9.647701978683472E-001,3.532408922910690E-002,2.500068861991167E-003,-1.220932304859161E-001,9.647701978683472E-001,3.532408922910690E-002,
2.062133333333334E+009,-1.266160607337952E-002,-1.164025291800499E-001,9.700104594230652E-001,8.853595703840256E-003,-1.266160607337952E-002,-1.164025291800499E-001,9.700104594230652E-001,8.853595703840256E-003,
2.070500000000000E+009,-2.103716135025024E-002,-1.014918535947800E-001,9.703886508941650E-001,-1.736252754926682E-002,-2.103716135025024E-002,-1.014918535947800E-001,9.703886508941650E-001,-1.736252754926682E-002,
2.078866666666667E+009,-1.986171491444111E-002,-8.643588423728943E-002,9.669959545135498E-001,-3.950666636228561E-002,-1.986171491444111E-002,-8.643588423728943E-002,9.669959545135498E-001,-3.950666636228561E-002,
2.087233333333334E+009,-9.549770504236221E-003,-7.811090350151062E-002,9.674759507179260E-001,-7.324947416782379E-002,-9.549770504236221E-003,-7.811090350151062E-002,9.674759507179260E-001,-7.324947416782379E-002,
2.095600000000000E+009,5.897602532058954E-003,-7.406581938266754E-002,9.708630442619324E-001,-9.412956237792969E-002,5.897602532058954E-003,-7.406581938266754E-002,9.708630442619324E-001,-9.412956237792969E-002,
2.103966666666667E+009,2.118496410548687E-002,-8.337619900703430E-002,9.686460494995117E-001,-1.213609874248505E-001,2.118496410548687E-002,-8.337619900703430E-002,9.686460494995117E-001,-1.213609874248505E-001,
2.112333333333334E+009,3.007225506007671E-002,-9.932859241962433E-002,9.564048647880554E-001,-1.423538029193878E-001,3.007225506007671E-002,-9.932859241962433E-002,9.564048647880554E-001,-1.423538029193878E-001,
2.120700000000000E+009,2.976293861865997E-002,-1.225213035941124E-001,9.536138176918030E-001,-1.726982742547989E-001,2.976293861865997E-002,-1.225213035941124E-001,9.536138176918030E-001,-1.726982742547989E-001,
2.129066666666667E+009,1.621110364794731E-002,-1.394642591476440E-001,9.568762183189392E-001,-2.001367956399918E-001,1.621110364794731E-002,-1.394642591476440E-001,9.568762183189392E-001,-2.001367956399918E-001,
2.137433333333334E+009,-6.456649862229824E-003,-1.505101919174194E-001,9.393975138664246E-001,-2.185436189174652E-001,-6.456649862229824E-003,-1.505101919174194E-001,9.393975138664246E-001,-2.185436189174652E-001,
2.145800000000000E+009,-3.406297788023949E-002,-1.501145362854004E-001,9.376970529556274E-001,-2.408293634653091E-001,-3.406297788023949E-002,-1.501145362854004E-001,9.376970529556274E-001,-2.408293634653091E-001,
2.154166666666667E+009,-5.561162531375885E-002,-1.380889415740967E-001,9.300289750099182E-001,-2.589738667011261E-001,-5.561162531375885E-002,-1.380889415740967E-001,9.300289750099182E-001,-2.589738667011261E-001,
2.162533333333334E+009,-6.801336258649826E-002,-1.167631447315216E-001,9.114489555358887E-001,-2.835382223129273E-001,-6.801336258649826E-002,-1.167631447315216E-001,9.114489555358887E-001,-2.835382223129273E-001,
2.170900000000000E+009,-6.709578633308411E-002,-9.481842815876007E-002,9.197363257408142E-001,-3.120234310626984E-001,-6.709578633308411E-002,-9.481842815876007E-002,9.197363257408142E-001,-3.120234310626984E-001,
2.179266666666667E+009,-5.404727905988693E-002,-7.990108430385590E-002,9.085008502006531E-001,-3.287577033042908E-001,-5.404727905988693E-002,-7.990108430385590E-002,9.085008502006531E-001,-3.287577033042908E-001,
2.187633333333334E+009,-3.489413857460022E-002,-7.471325993537903E-002,9.051302075386047E-001,-3.609041869640350E-001,-3.489413857460022E-002,-7.471325993537903E-002,9.051302075386047E-001,-3.609041869640350E-001,
2.196000000000000E+009,-1.422522030770779E-002,-8.389019966125488E-002,8.866434097290039E-001,-3.834353387355804E-001,-1.422522030770779E-002,-8.389019966125488E-002,8.866434097290039E-001,-3.834353387355804E-001,
2.204366666666667E+009,-1.983607187867165E-003,-1.046616211533546E-001,8.786214590072632E-001,-4.059213399887085E-001,-1.983607187867165E-003,-1.046616211533546E-001,8.786214590072632E-001,-4.059213399887085E-001,
2.212733333333334E+009,-3.002617042511702E-003,-1.296897828578949E-001,8.641576170921326E-001,-4.384559392929077E-001,-3.002617042511702E-003,-1.296897828578949E-001,8.641576170921326E-001,-4.384559392929077E-001,
2.221100000000000E+009,-1.880097575485706E-002,-1.493744105100632E-001,8.442107439041138E-001,-4.488030076026917E-001,-1.880097575485706E-002,-1.493744105100632E-001,8.442107439041138E-001,-4.488030076026917E-001,
2.229466666666667E+009,-4.305589571595192E-002,-1.608090847730637E-001,8.361583948135376E-001,-4.618213176727295E-001,-4.305589571595192E-002,-1.608090847730637E-001,8.361583948135376E-001,-4.618213176727295E-001,
2.237833333333334E+009,-7.343450933694840E-002,-1.561669260263443E-001,8.276564478874207E-001,-4.872740805149078E-001,-7.343450933694840E-002,-1.561669260263443E-001,8.276564478874207E-001,-4.872740805149078E-001,
2.246200000000000E+009,-9.874476492404938E-002,-1.401130408048630E-001,8.147250413894653E-001,-5.069459676742554E-001,-9.874476492404938E-002,-1.401130408048630E-001,8.147250413894653E-001,-5.069459676742554E-001,
2.254566666666667E+009,-1.101449355483055E-001,-1.136485338211060E-001,8.053781390190125E-001,-5.248189568519592E-001,-1.101449355483055E-001,-1.136485338211060E-001,8.053781390190125E-001,-5.248189568519592E-001,
2.262933333333334E+009,-1.098989397287369E-001,-8.949152380228043E-002,7.926724553108215E-001,-5.462656617164612E-001,-1.098989397287369E-001,-8.949152380228043E-002,7.926724553108215E-001,-5.462656617164612E-001,
2.271300000000000E+009,-9.583233296871185E-002,-6.991054862737656E-002,7.767864465713501E-001,-5.662252902984619E-001,-9.583233296871185E-002,-6.991054862737656E-002,7.767864465713501E-001,-5.662252902984619E-001,
2.279666666666667E+009,-7.340009510517120E-002,-6.644675880670548E-002,7.661551237106323E-001,-5.879723429679871E-001,-7.340009510517120E-002,-6.644675880670548E-002,7.661551237106323E-001,-5.879723429679871E-001,
2.288033333333334E+009,-5.394940823316574E-002,-7.689052075147629E-002,7.500054836273193E-001,-6.178619861602783E-001,-5.394940823316574E-002,-7.689052075147629E-002,7.500054836273193E-001,-6.178619861602783E-001,
2.296400000000000E+009,-4.318354651331902E-002,-9.904368966817856E-002,7.277548313140869E-001,-6.368311643600464E-001,-4.318354651331902E-002,-9.904368966817856E-002,7.277548313140869E-001,-6.368311643600464E-001,
2.304766666666667E+009,-4.851441085338593E-002,-1.237342879176140E-001,7.132984399795532E-001,-6.443386673927307E-001,-4.851441085338593E-002,-1.237342879176140E-001,7.132984399795532E-001,-6.443386673927307E-001,
2.313133333333334E+009,-6.903636455535889E-002,-1.403456926345825E-001,6.890302896499634E-001,-6.757047176361084E-001,-6.903636455535889E-002,-1.403456926345825E-001,6.890302896499634E-001,-6.757047176361084E-001,
2.321500000000000E+009,-9.405599534511566E-002,-1.439048647880554E-001,6.741301417350769E-001,-6.818633079528809E-001,-9.405599534511566E-002,-1.439048647880554E-001,6.741301417350769E-001,-6.818633079528809E-001,
2.329866666666667E+009,-1.206759661436081E-001,-1.327690184116364E-001,6.632358431816101E-001,-6.989566087722778E-001,-1.206759661436081E-001,-1.327690184116364E-001,6.632358431816101E-001,-6.989566087722778E-001,
2.338233333333334E+009,-1.402605772018433E-001,-1.107627078890801E-001,6.373681426048279E-001,-7.157787680625916E-001,-1.402605772018433E-001,-1.107627078890801E-001,6.373681426048279E-001,-7.157787680625916E-001,
2.346600000000000E+009,-1.449837535619736E-001,-7.984956353902817E-002,6.201289892196655E-001,-7.333549261093140E-001,-1.449837535619736E-001,-7.984956353902817E-002,6.201289892196655E-001,-7.333549261093140E-001,
2.354966666666667E+009,-1.332032084465027E-001,-5.594371631741524E-002,6.121497154235840E-001,-7.463863492012024E-001,-1.332032084465027E-001,-5.594371631741524E-002,6.121497154235840E-001,-7.463863492012024E-001,
2.363333333333334E+009,-1.119228452444077E-001,-4.492402076721191E-002,5.963982939720154E-001,-7.634254693984985E-001,-1.119228452444077E-001,-4.492402076721191E-002,5.963982939720154E-001,-7.634254693984985E-001,
2.371700000000000E+009,-8.450281620025635E-002,-4.870596900582314E-002,5.761947035789490E-001,-7.850661873817444E-001,-8.450281620025635E-002,-4.870596900582314E-002,5.761947035789490E-001,-7.850661873817444E-001,
2.380066666666667E+009,-6.700798869132996E-002,-7.164312899112701E-002,5.452042818069458E-001,-8.000321388244629E-001,-6.700798869132996E-002,-7.164312899112701E-002,5.452042818069458E-001,-8.000321388244629E-001,
2.388433333333334E+009,-6.573751568794251E-002,-1.018552184104919E-001,5.231451988220215E-001,-8.068767786026001E-001,-6.573751568794251E-002,-1.018552184104919E-001,5.231451988220215E-001,-8.068767786026001E-001,
2.396800000000000E+009,-8.275193721055985E-002,-1.320651769638062E-001,4.899379909038544E-001,-8.263766169548035E-001,-8.275193721055985E-002,-1.320651769638062E-001,4.899379909038544E-001,-8.263766169548035E-001,
2.405166666666667E+009,-1.138738021254540E-001,-1.509534120559692E-001,4.714048504829407E-001,-8.360105752944946E-001,-1.138738021254540E-001,-1.509534120559692E-001,4.714048504829407E-001,-8.360105752944946E-001,
2.413533333333334E+009,-1.540112793445587E-001,-1.479396969079971E-001,4.470316171646118E-001,-8.401234745979309E-001,-1.540112793445587E-001,-1.479396969079971E-001,4.470316171646118E-001,-8.401234745979309E-001,
2.421900000000000E+009,-1.910708397626877E-001,-1.273747831583023E-001,4.348647892475128E-001,-8.504230976104736E-001,-1.910708397626877E-001,-1.273747831583023E-001,4.348647892475128E-001,-8.504230976104736E-001,
2.430266666666667E+009,-2.117082774639130E-001,-9.200815111398697E-002,4.165149331092835E-001,-8.594958782196045E-001,-2.117082774639130E-001,-9.200815111398697E-002,4.165149331092835E-001,-8.594958782196045E-001,
2.438633333333334E+009,-2.179034352302551E-001,-4.850185289978981E-002,3.986561894416809E-001,-8.685079216957092E-001,-2.179034352302551E-001,-4.850185289978981E-002,3.986561894416809E-001,-8.685079216957092E-001,
2.447000000000000E+009,-2.022198438644409E-001,-9.481304325163364E-003,3.781411945819855E-001,-8.836103081703186E-001,-2.022198438644409E-001,-9.481304325163364E-003,3.781411945819855E-001,-8.836103081703186E-001,
2.455366666666667E+009,-1.716665923595429E-001,1.295530144125223E-002,3.590866625308991E-001,-8.920218348503113E-001,-1.716665923595429E-001,1.295530144125223E-002,3.590866625308991E-001,-8.920218348503113E-001,
2.463733333333334E+009,-1.378784328699112E-001,1.636130549013615E-002,3.364748060703278E-001,-9.094985127449036E-001,-1.378784328699112E-001,1.636130549013615E-002,3.364748060703278E-001,-9.094985127449036E-001,
2.472100000000000E+009,-1.112052649259567E-001,-1.685610855929554E-003,3.096058666706085E-001,-9.203879237174988E-001,-1.112052649259567E-001,-1.685610855929554E-003,3.096058666706085E-001,-9.203879237174988E-001,
2.480466666666667E+009,-1.000711321830750E-001,-3.195620700716972E-002,2.759670019149780E-001,-9.233533740043640E-001,-1.000711321830750E-001,-3.195620700716972E-002,2.759670019149780E-001,-9.233533740043640E-001,
2.488833333333334E+009,-1.093923225998879E-001,-6.309916079044342E-002,2.535114884376526E-001,-9.308531880378723E-001,-1.093923225998879E-001,-6.309916079044342E-002,2.535114884376526E-001,-9.308531880378723E-001,
2.497200000000000E+009,-1.331667304039002E-001,-8.222433924674988E-002,2.231871932744980E-001,-9.383932948112488E-001,-1.331667304039002E-001,-8.222433924674988E-002,2.231871932744980E-001,-9.383932948112488E-001,
2.505566666666667E+009,-1.700087636709213E-001,-8.417185395956039E-002,1.939326226711273E-001,-9.433584213256836E-001,-1.700087636709213E-001,-8.417185395956039E-002,1.939326226711273E-001,-9.433584213256836E-001,
2.513933333333334E+009,-1.990748941898346E-001,-6.536774337291718E-002,1.769424676895142E-001,-9.408083558082581E-001,-1.990748941898346E-001,-6.536774337291718E-002,1.769424676895142E-001,-9.408083558082581E-001,
2.522300000000000E+009,-2.165230512619019E-001,-3.502690047025681E-002,1.503846943378449E-001,-9.433978796005249E-001,-2.165230512619019E-001,-3.502690047025681E-002,1.503846943378449E-001,-9.433978796005249E-001,
2.530666666666667E+009,-2.152536660432816E-001,3.192251315340400E-003,1.270003467798233E-001,-9.512656331062317E-001,-2.152536660432816E-001,3.192251315340400E-003,1.270003467798233E-001,-9.512656331062317E-001,
2.539033333333334E+009,-1.980579048395157E-001,3.521682322025299E-002,1.113136857748032E-001,-9.511958360671997E-001,-1.980579048395157E-001,3.521682322025299E-002,1.113136857748032E-001,-9.511958360671997E-001,
2.547400000000000E+009,-1.690068989992142E-001,5.407425761222839E-002,9.394936263561249E-002,-9.637761712074280E-001,-1.690068989992142E-001,5.407425761222839E-002,9.394936263561249E-002,-9.637761712074280E-001,
2.555766666666667E+009,-1.357869207859039E-001,5.371715500950813E-002,6.587819010019302E-002,-9.713374972343445E-001,-1.357869207859039E-001,5.371715500950813E-002,6.587819010019302E-002,-9.713374972343445E-001,
2.564133333333334E+009,-1.138320863246918E-001,3.318977728486061E-002,3.768085688352585E-002,-9.683085680007935E-001,-1.138320863246918E-001,3.318977728486061E-002,3.768085688352585E-002,-9.683085680007935E-001,
2.572500000000000E+009,-1.089662015438080E-001,3.640466369688511E-003,8.654800243675709E-003,-9.682359695434570E-001,-1.089662015438080E-001,3.640466369688511E-003,8.654800243675709E-003,-9.682359695434570E-001,
2.580866666666667E+009,-1.230205148458481E-001,-2.500602044165134E-002,-2.058374509215355E-002,-9.698214530944824E-001,-1.230205148458481E-001,-2.500602044165134E-002,-2.058374509215355E-002,-9.698214530944824E-001,
2.589233333333334E+009,-1.535260975360870E-001,-4.103424027562141E-002,-5.210961773991585E-002,-9.613273739814758E-001,-1.535260975360870E-001,-4.103424027562141E-002,-5.210961773991585E-002,-9.613273739814758E-001,
2.597600000000000E+009,-1.880850195884705E-001,-3.975108265876770E-002,-7.958848774433136E-002,-9.564015865325928E-001,-1.880850195884705E-001,-3.975108265876770E-002,-7.958848774433136E-002,-9.564015865325928E-001,
2.605966666666667E+009,-2.177548408508301E-001,-1.753208041191101E-002,-9.194928407669067E-002,-9.564365744590759E-001,-2.177548408508301E-001,-1.753208041191101E-002,-9.194928407669067E-002,-9.564365744590759E-001,
2.614333333333334E+009,-2.324377149343491E-001,1.526144705712795E-002,-1.147806346416473E-001,-9.450119137763977E-001,-2.324377149343491E-001,1.526144705712795E-002,-1.147806346416473E-001,-9.450119137763977E-001,
2.622700000000000E+009,-2.282890528440476E-001,5.577083304524422E-002,-1.326417177915573E-001,-9.399494528770447E-001,-2.282890528440476E-001,5.577083304524422E-002,-1.326417177915573E-001,-9.399494528770447E-001,
2.631066666666667E+009,-2.078181058168411E-001,8.956456929445267E-002,-1.556587517261505E-001,-9.494450688362122E-001,-2.078181058168411E-001,8.956456929445267E-002,-1.556587517261505E-001,-9.494450688362122E-001,
2.639433333333334E+009,-1.744765937328339E-001,1.074169799685478E-001,-1.766963005065918E-001,-9.401775002479553E-001,-1.744765937328339E-001,1.074169799685478E-001,-1.766963005065918E-001,-9.401775002479553E-001,
2.647800000000000E+009,-1.393481940031052E-001,1.074473932385445E-001,-2.017970383167267E-001,-9.415085315704346E-001,-1.393481940031052E-001,1.074473932385445E-001,-2.017970383167267E-001,-9.415085315704346E-001,
2.656166666666667E+009,-1.157756969332695E-001,8.931912481784821E-002,-2.264012396335602E-001,-9.451781511306763E-001,-1.157756969332695E-001,8.931912481784821E-002,-2.264012396335602E-001,-9.451781511306763E-001,
2.664533333333334E+009,-1.089596971869469E-001,6.192716583609581E-002,-2.613554894924164E-001,-9.291122555732727E-001,-1.089596971869469E-001,6.192716583609581E-002,-2.613554894924164E-001,-9.291122555732727E-001,
2.672900000000000E+009,-1.213143691420555E-001,3.493735939264298E-002,-2.832045555114746E-001,-9.245774149894714E-001,-1.213143691420555E-001,3.493735939264298E-002,-2.832045555114746E-001,-9.245774149894714E-001,
2.681266666666667E+009,-1.486079096794128E-001,2.118514291942120E-002,-3.114829063415527E-001,-9.116751551628113E-001,-1.486079096794128E-001,2.118514291942120E-002,-3.114829063415527E-001,-9.116751551628113E-001,
2.689633333333334E+009,-1.821087300777435E-001,2.479745633900166E-002,-3.346747756004334E-001,-9.010253548622131E-001,-1.821087300777435E-001,2.479745633900166E-002,-3.346747756004334E-001,-9.010253548622131E-001,
2.698000000000000E+009,-2.077112644910812E-001,4.624140262603760E-002,-3.486324548721314E-001,-8.858415484428406E-001,-2.077112644910812E-001,4.624140262603760E-002,-3.486324548721314E-001,-8.858415484428406E-001,
2.706366666666667E+009,-2.181638330221176E-001,8.010891079902649E-002,-3.704715967178345E-001,-8.728542327880859E-001,-2.181638330221176E-001,8.010891079902649E-002,-3.704715967178345E-001,-8.728542327880859E-001,
2.714733333333334E+009,-2.115797698497772E-001,1.156838312745094E-001,-3.842743933200836E-001,-8.703185915946960E-001,-2.115797698497772E-001,1.156838312745094E-001,-3.842743933200836E-001,-8.703185915946960E-001,
2.723100000000000E+009,-1.861008405685425E-001,1.470463573932648E-001,-4.040072262287140E-001,-8.583365082740784E-001,-1.861008405685425E-001,1.470463573932648E-001,-4.040072262287140E-001,-8.583365082740784E-001,
2.731466666666667E+009,-1.489244103431702E-001,1.639899164438248E-001,-4.286889731884003E-001,-8.555656075477600E-001,-1.489244103431702E-001,1.639899164438248E-001,-4.286889731884003E-001,-8.555656075477600E-001,
2.739833333333334E+009,-1.122704520821571E-001,1.609530001878738E-001,-4.483125507831574E-001,-8.456823825836182E-001,-1.122704520821571E-001,1.609530001878738E-001,-4.483125507831574E-001,-8.456823825836182E-001,
2.748200000000000E+009,-8.588974177837372E-002,1.427812874317169E-001,-4.725132584571838E-001,-8.399049639701843E-001,-8.588974177837372E-002,1.427812874317169E-001,-4.725132584571838E-001,-8.399049639701843E-001,
2.756566666666667E+009,-7.629921287298203E-002,1.139531284570694E-001,-5.001400709152222E-001,-8.306682109832764E-001,-7.629921287298203E-002,1.139531284570694E-001,-5.001400709152222E-001,-8.306682109832764E-001,
2.764933333333334E+009,-8.570528030395508E-002,8.648373931646347E-002,-5.341882705688477E-001,-8.197483420372009E-001,-8.570528030395508E-002,8.648373931646347E-002,-5.341882705688477E-001,-8.197483420372009E-001,
2.773300000000000E+009,-1.105208173394203E-001,6.806146353483200E-002,-5.497995615005493E-001,-7.968744039535523E-001,-1.105208173394203E-001,6.806146353483200E-002,-5.497995615005493E-001,-7.968744039535523E-001,
2.781666666666667E+009,-1.446674019098282E-001,7.141607999801636E-002,-5.673254728317261E-001,-7.782670259475708E-001,-1.446674019098282E-001,7.141607999801636E-002,-5.673254728317261E-001,-7.782670259475708E-001,
2.790033333333334E+009,-1.708782762289047E-001,8.990123122930527E-002,-5.859026908874512E-001,-7.619110345840454E-001,-1.708782762289047E-001,8.990123122930527E-002,-5.859026908874512E-001,-7.619110345840454E-001,
2.798400000000000E+009,-1.835992634296417E-001,1.224379464983940E-001,-6.029632091522217E-001,-7.461964488029480E-001,-1.835992634296417E-001,1.224379464983940E-001,-6.029632091522217E-001,-7.461964488029480E-001,
2.806766666666667E+009,-1.746960133314133E-001,1.575954556465149E-001,-6.146306395530701E-001,-7.236418724060059E-001,-1.746960133314133E-001,1.575954556465149E-001,-6.146306395530701E-001,-7.236418724060059E-001,
2.815133333333334E+009,-1.512991786003113E-001,1.839874088764191E-001,-6.266394257545471E-001,-7.160131335258484E-001,-1.512991786003113E-001,1.839874088764191E-001,-6.266394257545471E-001,-7.160131335258484E-001,
2.823500000000000E+009,-1.145604997873306E-001,1.990042030811310E-001,-6.451385021209717E-001,-7.051627039909363E-001,-1.145604997873306E-001,1.990042030811310E-001,-6.451385021209717E-001,-7.051627039909363E-001,
2.831866666666667E+009,-7.692375034093857E-002,1.933946311473846E-001,-6.618420481681824E-001,-6.905788183212280E-001,-7.692375034093857E-002,1.933946311473846E-001,-6.618420481681824E-001,-6.905788183212280E-001,
2.840233333333334E+009,-4.823354631662369E-002,1.737817972898483E-001,-6.878224611282349E-001,-6.799364686012268E-001,-4.823354631662369E-002,1.737817972898483E-001,-6.878224611282349E-001,-6.799364686012268E-001,
2.848600000000000E+009,-3.664858639240265E-002,1.448385268449783E-001,-7.043597698211670E-001,-6.596115231513977E-001,-3.664858639240265E-002,1.448385268449783E-001,-7.043597698211670E-001,-6.596115231513977E-001,
2.856966666666667E+009,-4.490854218602181E-002,1.170751526951790E-001,-7.276298999786377E-001,-6.413676738739014E-001,-4.490854218602181E-002,1.170751526951790E-001,-7.276298999786377E-001,-6.413676738739014E-001,
2.865333333333334E+009,-7.114856690168381E-002,1.000122129917145E-001,-7.484395503997803E-001,-6.233476996421814E-001,-7.114856690168381E-002,1.000122129917145E-001,-7.484395503997803E-001,-6.233476996421814E-001,
2.873700000000000E+009,-1.050679832696915E-001,1.012099757790566E-001,-7.654139399528503E-001,-5.917821526527405E-001,-1.050679832696915E-001,1.012099757790566E-001,-7.654139399528503E-001,-5.917821526527405E-001,
2.882066666666667E+009,-1.323841214179993E-001,1.209505721926689E-001,-7.726283073425293E-001,-5.640156269073486E-001,-1.323841214179993E-001,1.209505721926689E-001,-7.726283073425293E-001,-5.640156269073486E-001,
2.890433333333334E+009,-1.460935324430466E-001,1.551763564348221E-001,-7.833041548728943E-001,-5.448759198188782E-001,-1.460935324430466E-001,1.551763564348221E-001,-7.833041548728943E-001,-5.448759198188782E-001,
2.898800000000000E+009,-1.383537054061890E-001,1.921522170305252E-001,-7.899074554443359E-001,-5.278928279876709E-001,-1.383537054061890E-001,1.921522170305252E-001,-7.899074554443359E-001,-5.278928279876709E-001,
2.907166666666667E+009,-1.120006963610649E-001,2.197766304016113E-001,-7.938267588615418E-001,-5.148189067840576E-001,-1.120006963610649E-001,2.197766304016113E-001,-7.938267588615418E-001,-5.148189067840576E-001,
2.915533333333334E+009,-7.175542414188385E-002,2.340536862611771E-001,-8.084669113159180E-001,-4.932242929935455E-001,-7.175542414188385E-002,2.340536862611771E-001,-8.084669113159180E-001,-4.932242929935455E-001,
2.923900000000000E+009,-3.168191388249397E-002,2.279602736234665E-001,-8.208781480789185E-001,-4.841553568840027E-001,-3.168191388249397E-002,2.279602736234665E-001,-8.208781480789185E-001,-4.841553568840027E-001,
2.932266666666667E+009,6.671303417533636E-004,2.058223485946655E-001,-8.355795741081238E-001,-4.694025516510010E-001,6.671303417533636E-004,2.058223485946655E-001,-8.355795741081238E-001,-4.694025516510010E-001,
2.940633333333334E+009,1.526049431413412E-002,1.721659302711487E-001,-8.531656861305237E-001,-4.469646215438843E-001,1.526049431413412E-002,1.721659302711487E-001,-8.531656861305237E-001,-4.469646215438843E-001,
2.949000000000000E+009,8.671733550727367E-003,1.374696344137192E-001,-8.753181695938110E-001,-4.167085289955139E-001,8.671733550727367E-003,1.374696344137192E-001,-8.753181695938110E-001,-4.167085289955139E-001,
2.957366666666667E+009,-1.605117693543434E-002,1.168222650885582E-001,-8.893440961837769E-001,-3.951764702796936E-001,-1.605117693543434E-002,1.168222650885582E-001,-8.893440961837769E-001,-3.951764702796936E-001,
2.965733333333334E+009,-5.225126072764397E-002,1.163110584020615E-001,-9.014775156974793E-001,-3.646936714649200E-001,-5.225126072764397E-002,1.163110584020615E-001,-9.014775156974793E-001,-3.646936714649200E-001,
2.974100000000000E+009,-8.117301762104034E-002,1.372202336788178E-001,-9.081489443778992E-001,-3.294706046581268E-001,-8.117301762104034E-002,1.372202336788178E-001,-9.081489443778992E-001,-3.294706046581268E-001,
2.982466666666667E+009,-9.522650390863419E-002,1.720119565725327E-001,-9.117005467414856E-001,-3.022427558898926E-001,-9.522650390863419E-002,1.720119565725327E-001,-9.117005467414856E-001,-3.022427558898926E-001,
2.990833333333334E+009,-8.919212222099304E-002,2.095173895359039E-001,-9.068777561187744E-001,-2.876966297626495E-001,-8.919212222099304E-002,2.095173895359039E-001,-9.068777561187744E-001,-2.876966297626495E-001,
2.999200000000000E+009,-6.209591031074524E-002,2.391257882118225E-001,-9.099398255348206E-001,-2.679072320461273E-001,-6.209591031074524E-002,2.391257882118225E-001,-9.099398255348206E-001,-2.679072320461273E-001,
3.007566666666667E+009,-2.130083739757538E-002,2.524476051330566E-001,-9.143989086151123E-001,-2.478198260068893E-001,-2.130083739757538E-002,2.524476051330566E-001,-9.143989086151123E-001,-2.478198260068893E-001,
3.015933333333334E+009,2.285244874656200E-002,2.425051629543304E-001,-9.179027080535889E-001,-2.354094386100769E-001,2.285244874656200E-002,2.425051629543304E-001,-9.179027080535889E-001,-2.354094386100769E-001,
3.024300000000000E+009,5.611644685268402E-002,2.165464609861374E-001,-9.292649626731873E-001,-2.185868620872498E-001,5.611644685268402E-002,2.165464609861374E-001,-9.292649626731873E-001,-2.185868620872498E-001,
3.032666666666667E+009,7.209367305040360E-002,1.762054413557053E-001,-9.413918852806091E-001,-1.926894485950470E-001,7.209367305040360E-002,1.762054413557053E-001,-9.413918852806091E-001,-1.926894485950470E-001,
3.041033333333334E+009,6.310081481933594E-002,1.379042118787766E-001,-9.520375728607178E-001,-1.692961156368256E-001,6.310081481933594E-002,1.379042118787766E-001,-9.520375728607178E-001,-1.692961156368256E-001,
3.049400000000000E+009,3.414378687739372E-002,1.140657141804695E-001,-9.606485962867737E-001,-1.310939192771912E-001,3.414378687739372E-002,1.140657141804695E-001,-9.606485962867737E-001,-1.310939192771912E-001,
3.057766666666667E+009,-3.222395665943623E-003,1.129043847322464E-001,-9.695078134536743E-001,-1.153603121638298E-001,-3.222395665943623E-003,1.129043847322464E-001,-9.695078134536743E-001,-1.153603121638298E-001,
3.066133333333334E+009,-3.771226108074188E-002,1.350365132093430E-001,-9.628258943557739E-001,-7.400603592395783E-002,-3.771226108074188E-002,1.350365132093430E-001,-9.628258943557739E-001,-7.400603592395783E-002,
3.074500000000000E+009,-5.301288142800331E-002,1.750068366527557E-001,-9.626585245132446E-001,-4.304362833499908E-002,-5.301288142800331E-002,1.750068366527557E-001,-9.626585245132446E-001,-4.304362833499908E-002,
3.082866666666667E+009,-4.319748282432556E-002,2.174668163061142E-001,-9.542934894561768E-001,-2.233836986124516E-002,-4.319748282432556E-002,2.174668163061142E-001,-9.542934894561768E-001,-2.233836986124516E-002,
3.091233333333334E+009,-1.111936941742897E-002,2.519069910049439E-001,-9.468486309051514E-001,9.182122885249555E-004,-1.111936941742897E-002,2.519069910049439E-001,-9.468486309051514E-001,9.182122885249555E-004,
3.099600000000000E+009,3.619338572025299E-002,2.636700272560120E-001,-9.402146935462952E-001,1.466311514377594E-002,3.619338572025299E-002,2.636700272560120E-001,-9.402146935462952E-001,1.466311514377594E-002,
3.107966666666667E+009,8.700007200241089E-002,2.498515993356705E-001,-9.439783096313477E-001,2.469593100249767E-002,8.700007200241089E-002,2.498515993356705E-001,-9.439783096313477E-001,2.469593100249767E-002,
3.116333333333334E+009,1.265681236982346E-001,2.148079425096512E-001,-9.472716450691223E-001,4.692296311259270E-002,1.265681236982346E-001,2.148079425096512E-001,-9.472716450691223E-001,4.692296311259270E-002,
3.124700000000000E+009,1.417645663022995E-001,1.654724776744843E-001,-9.554733633995056E-001,6.364945322275162E-002,1.417645663022995E-001,1.654724776744843E-001,-9.554733633995056E-001,6.364945322275162E-002,
3.133066666666667E+009,1.319671422243118E-001,1.173493936657906E-001,-9.639105200767517E-001,9.516692906618118E-002,1.319671422243118E-001,1.173493936657906E-001,-9.639105200767517E-001,9.516692906618118E-002,
3.141433333333334E+009,9.934876114130020E-002,8.270734548568726E-002,-9.665585756301880E-001,1.241985335946083E-001,9.934876114130020E-002,8.270734548568726E-002,-9.665585756301880E-001,1.241985335946083E-001,
3.149800000000000E+009,5.167049914598465E-002,7.659290730953217E-002,-9.664981365203857E-001,1.621719300746918E-001,5.167049914598465E-002,7.659290730953217E-002,-9.664981365203857E-001,1.621719300746918E-001,
3.158166666666667E+009,9.484297595918179E-003,9.927500039339066E-002,-9.537450075149536E-001,1.959073990583420E-001,9.484297595918179E-003,9.927500039339066E-002,-9.537450075149536E-001,1.959073990583420E-001,
3.166533333333334E+009,-1.173307094722986E-002,1.428967863321304E-001,-9.442365765571594E-001,2.229841053485870E-001,-1.173307094722986E-002,1.428967863321304E-001,-9.442365765571594E-001,2.229841053485870E-001,
3.174900000000000E+009,-7.402584422379732E-003,1.924528628587723E-001,-9.270505309104919E-001,2.477113157510757E-001,-7.402584422379732E-003,1.924528628587723E-001,-9.270505309104919E-001,2.477113157510757E-001,
3.183266666666667E+009,2.514458261430264E-002,2.321461886167526E-001,-9.104886054992676E-001,2.656514346599579E-001,2.514458261430264E-002,2.321461886167526E-001,-9.104886054992676E-001,2.656514346599579E-001,
3.191633333333334E+009,7.350076735019684E-002,2.467629611492157E-001,-8.969144225120544E-001,2.795012295246124E-001,7.350076735019684E-002,2.467629611492157E-001,-8.969144225120544E-001,2.795012295246124E-001,
3.200000000000000E+009,1.243665665388107E-001,2.329176813364029E-001,-8.940327167510986E-001,2.906056046485901E-001,1.243665665388107E-001,2.329176813364029E-001,-8.940327167510986E-001,2.906056046485901E-001,
