% Version 1.00
%
%freq[Hz],re:Trc1_S11,im:Trc1_S11,re:Trc2_S21,im:Trc2_S21,re:Trc3_S11,im:Trc3_S11,re:Trc4_S21,im:Trc4_S21,
6.900000000000000E+008,-1.571111008524895E-002,1.984064839780331E-002,-4.709639847278595E-001,-8.715336918830872E-001,-1.571111008524895E-002,1.984064839780331E-002,-4.709639847278595E-001,-8.715336918830872E-001,
6.983666666666666E+008,-8.347231894731522E-003,1.888245902955532E-002,-4.871720671653748E-001,-8.541342020034790E-001,-8.347231894731522E-003,1.888245902955532E-002,-4.871720671653748E-001,-8.541342020034790E-001,
7.067333333333334E+008,-2.770385937765241E-003,1.448532193899155E-002,-5.177225470542908E-001,-8.259611725807190E-001,-2.770385937765241E-003,1.448532193899155E-002,-5.177225470542908E-001,-8.259611725807190E-001,
7.151000000000000E+008,-3.642691997811198E-003,6.389349699020386E-003,-5.244644284248352E-001,-8.208614587783814E-001,-3.642691997811198E-003,6.389349699020386E-003,-5.244644284248352E-001,-8.208614587783814E-001,
7.234666666666666E+008,-3.655127016827464E-003,-4.988058353774250E-004,-5.633525252342224E-001,-8.085359930992127E-001,-3.655127016827464E-003,-4.988058353774250E-004,-5.633525252342224E-001,-8.085359930992127E-001,
7.318333333333334E+008,-1.108312886208296E-002,-4.994822200387716E-003,-5.720162391662598E-001,-8.055609464645386E-001,-1.108312886208296E-002,-4.994822200387716E-003,-5.720162391662598E-001,-8.055609464645386E-001,
7.402000000000000E+008,-1.930698566138744E-002,-4.493482876569033E-003,-5.999696850776672E-001,-7.854849100112915E-001,-1.930698566138744E-002,-4.493482876569033E-003,-5.999696850776672E-001,-7.854849100112915E-001,
7.485666666666666E+008,-2.404377609491348E-002,2.937639947049320E-004,-6.237182617187500E-001,-7.452394962310791E-001,-2.404377609491348E-002,2.937639947049320E-004,-6.237182617187500E-001,-7.452394962310791E-001,
7.569333333333334E+008,-2.564183808863163E-002,8.212165907025337E-003,-6.391177773475647E-001,-7.525498270988464E-001,-2.564183808863163E-002,8.212165907025337E-003,-6.391177773475647E-001,-7.525498270988464E-001,
7.653000000000000E+008,-2.268460765480995E-002,1.523555815219879E-002,-6.512756347656250E-001,-7.473536729812622E-001,-2.268460765480995E-002,1.523555815219879E-002,-6.512756347656250E-001,-7.473536729812622E-001,
7.736666666666666E+008,-1.550327893346548E-002,2.308048680424690E-002,-6.696691513061523E-001,-7.344138026237488E-001,-1.550327893346548E-002,2.308048680424690E-002,-6.696691513061523E-001,-7.344138026237488E-001,
7.820333333333334E+008,-9.641880169510841E-003,2.614226192235947E-002,-6.995690464973450E-001,-7.151605486869812E-001,-9.641880169510841E-003,2.614226192235947E-002,-6.995690464973450E-001,-7.151605486869812E-001,
7.904000000000000E+008,-4.950705915689468E-004,2.365626953542233E-002,-7.154226899147034E-001,-6.912189722061157E-001,-4.950705915689468E-004,2.365626953542233E-002,-7.154226899147034E-001,-6.912189722061157E-001,
7.987666666666666E+008,5.500142928212881E-003,1.843603700399399E-002,-7.240075469017029E-001,-6.729666590690613E-001,5.500142928212881E-003,1.843603700399399E-002,-7.240075469017029E-001,-6.729666590690613E-001,
8.071333333333334E+008,5.497815087437630E-003,1.328940596431494E-002,-7.385370731353760E-001,-6.589536666870117E-001,5.497815087437630E-003,1.328940596431494E-002,-7.385370731353760E-001,-6.589536666870117E-001,
8.155000000000000E+008,7.128782453946769E-004,5.563491489738226E-003,-7.498453259468079E-001,-6.142776608467102E-001,7.128782453946769E-004,5.563491489738226E-003,-7.498453259468079E-001,-6.142776608467102E-001,
8.238666666666666E+008,-4.516449291259050E-003,1.366410171613097E-003,-7.806621789932251E-001,-6.239191889762878E-001,-4.516449291259050E-003,1.366410171613097E-003,-7.806621789932251E-001,-6.239191889762878E-001,
8.322333333333334E+008,-1.325205434113741E-002,1.690563862212002E-003,-7.930406928062439E-001,-5.954306125640869E-001,-1.325205434113741E-002,1.690563862212002E-003,-7.930406928062439E-001,-5.954306125640869E-001,
8.406000000000000E+008,-1.879810914397240E-002,4.453698173165321E-003,-8.054744005203247E-001,-5.808400511741638E-001,-1.879810914397240E-002,4.453698173165321E-003,-8.054744005203247E-001,-5.808400511741638E-001,
8.489666666666668E+008,-1.996765844523907E-002,1.128612179309130E-002,-8.284083604812622E-001,-5.573922991752625E-001,-1.996765844523907E-002,1.128612179309130E-002,-8.284083604812622E-001,-5.573922991752625E-001,
8.573333333333334E+008,-1.800413057208061E-002,1.769058406352997E-002,-8.333068490028381E-001,-5.407193899154663E-001,-1.800413057208061E-002,1.769058406352997E-002,-8.333068490028381E-001,-5.407193899154663E-001,
8.657000000000000E+008,-1.251764968037605E-002,2.527300827205181E-002,-8.541674613952637E-001,-5.113101601600647E-001,-1.251764968037605E-002,2.527300827205181E-002,-8.541674613952637E-001,-5.113101601600647E-001,
8.740666666666668E+008,-5.474950186908245E-003,2.931519784033299E-002,-8.468587398529053E-001,-4.908299148082733E-001,-5.474950186908245E-003,2.931519784033299E-002,-8.468587398529053E-001,-4.908299148082733E-001,
8.824333333333334E+008,2.742644166573882E-003,2.776340954005718E-002,-8.798758983612061E-001,-4.649451673030853E-001,2.742644166573882E-003,2.776340954005718E-002,-8.798758983612061E-001,-4.649451673030853E-001,
8.908000000000000E+008,9.484410285949707E-003,2.695184573531151E-002,-8.923875093460083E-001,-4.598814845085144E-001,9.484410285949707E-003,2.695184573531151E-002,-8.923875093460083E-001,-4.598814845085144E-001,
8.991666666666668E+008,1.181601453572512E-002,1.986780762672424E-002,-9.036872982978821E-001,-4.340732991695404E-001,1.181601453572512E-002,1.986780762672424E-002,-9.036872982978821E-001,-4.340732991695404E-001,
9.075333333333334E+008,1.149477902799845E-002,1.496132090687752E-002,-8.940652012825012E-001,-4.053277969360352E-001,1.149477902799845E-002,1.496132090687752E-002,-8.940652012825012E-001,-4.053277969360352E-001,
9.159000000000000E+008,7.364679593592882E-003,8.644423447549343E-003,-9.102466702461243E-001,-3.964712321758270E-001,7.364679593592882E-003,8.644423447549343E-003,-9.102466702461243E-001,-3.964712321758270E-001,
9.242666666666668E+008,1.433869008906186E-003,3.592863213270903E-003,-9.221919178962708E-001,-3.716346919536591E-001,1.433869008906186E-003,3.592863213270903E-003,-9.221919178962708E-001,-3.716346919536591E-001,
9.326333333333334E+008,-3.955634310841560E-003,4.346088971942663E-003,-9.284468889236450E-001,-3.412588238716126E-001,-3.955634310841560E-003,4.346088971942663E-003,-9.284468889236450E-001,-3.412588238716126E-001,
9.410000000000000E+008,-1.054833829402924E-002,9.888571687042713E-003,-9.350737929344177E-001,-3.104005753993988E-001,-1.054833829402924E-002,9.888571687042713E-003,-9.350737929344177E-001,-3.104005753993988E-001,
9.493666666666668E+008,-1.297806669026613E-002,1.548168621957302E-002,-9.420185089111328E-001,-3.013389110565186E-001,-1.297806669026613E-002,1.548168621957302E-002,-9.420185089111328E-001,-3.013389110565186E-001,
9.577333333333334E+008,-9.576554410159588E-003,2.370165288448334E-002,-9.694418907165527E-001,-2.615799009799957E-001,-9.576554410159588E-003,2.370165288448334E-002,-9.694418907165527E-001,-2.615799009799957E-001,
9.661000000000000E+008,-3.228382673114538E-003,2.971314080059528E-002,-9.576207995414734E-001,-2.463512420654297E-001,-3.228382673114538E-003,2.971314080059528E-002,-9.576207995414734E-001,-2.463512420654297E-001,
9.744666666666668E+008,4.202954471111298E-003,3.422103449702263E-002,-9.654192328453064E-001,-2.172876745462418E-001,4.202954471111298E-003,3.422103449702263E-002,-9.654192328453064E-001,-2.172876745462418E-001,
9.828333333333334E+008,1.660775020718575E-002,3.211540728807449E-002,-9.656624197959900E-001,-1.877835094928742E-001,1.660775020718575E-002,3.211540728807449E-002,-9.656624197959900E-001,-1.877835094928742E-001,
9.912000000000000E+008,2.534690871834755E-002,2.906239405274391E-002,-9.752888083457947E-001,-1.805575191974640E-001,2.534690871834755E-002,2.906239405274391E-002,-9.752888083457947E-001,-1.805575191974640E-001,
9.995666666666668E+008,2.903878688812256E-002,2.030589058995247E-002,-9.796037673950195E-001,-1.435467749834061E-001,2.903878688812256E-002,2.030589058995247E-002,-9.796037673950195E-001,-1.435467749834061E-001,
1.007933333333333E+009,2.866546995937824E-002,1.164152938872576E-002,-9.877520799636841E-001,-1.302206516265869E-001,2.866546995937824E-002,1.164152938872576E-002,-9.877520799636841E-001,-1.302206516265869E-001,
1.016300000000000E+009,2.122346870601177E-002,2.361667109653354E-003,-9.876430034637451E-001,-9.950833022594452E-002,2.122346870601177E-002,2.361667109653354E-003,-9.876430034637451E-001,-9.950833022594452E-002,
1.024666666666667E+009,1.266756467521191E-002,4.996713250875473E-004,-9.905644059181213E-001,-7.992541044950485E-002,1.266756467521191E-002,4.996713250875473E-004,-9.905644059181213E-001,-7.992541044950485E-002,
1.033033333333333E+009,4.149653483182192E-003,6.789967301301658E-005,-9.717709422111511E-001,-4.428052157163620E-002,4.149653483182192E-003,6.789967301301658E-005,-9.717709422111511E-001,-4.428052157163620E-002,
1.041400000000000E+009,-2.159405732527375E-003,5.339079536497593E-003,-9.812912344932556E-001,-2.090720273554325E-002,-2.159405732527375E-003,5.339079536497593E-003,-9.812912344932556E-001,-2.090720273554325E-002,
1.049766666666667E+009,-3.977097105234861E-003,1.280265208333731E-002,-9.895582199096680E-001,1.192523282952607E-003,-3.977097105234861E-003,1.280265208333731E-002,-9.895582199096680E-001,1.192523282952607E-003,
1.058133333333333E+009,1.337722293101251E-003,2.210985124111176E-002,-9.864680767059326E-001,2.366726845502853E-002,1.337722293101251E-003,2.210985124111176E-002,-9.864680767059326E-001,2.366726845502853E-002,
1.066500000000000E+009,1.261483132839203E-002,2.703359536826611E-002,-9.745523929595947E-001,5.362774059176445E-002,1.261483132839203E-002,2.703359536826611E-002,-9.745523929595947E-001,5.362774059176445E-002,
1.074866666666667E+009,2.288593724370003E-002,2.457377687096596E-002,-9.847600460052490E-001,8.230204135179520E-002,2.288593724370003E-002,2.457377687096596E-002,-9.847600460052490E-001,8.230204135179520E-002,
1.083233333333334E+009,3.476655110716820E-002,2.100211381912231E-002,-9.786421060562134E-001,9.848731011152268E-002,3.476655110716820E-002,2.100211381912231E-002,-9.786421060562134E-001,9.848731011152268E-002,
1.091600000000000E+009,3.903337195515633E-002,9.133945219218731E-003,-9.761756658554077E-001,1.338898390531540E-001,3.903337195515633E-002,9.133945219218731E-003,-9.761756658554077E-001,1.338898390531540E-001,
1.099966666666667E+009,4.018970578908920E-002,-3.405572846531868E-003,-9.722473621368408E-001,1.518968343734741E-001,4.018970578908920E-002,-3.405572846531868E-003,-9.722473621368408E-001,1.518968343734741E-001,
1.108333333333334E+009,3.162905201315880E-002,-1.378854736685753E-002,-9.888954758644104E-001,1.712704896926880E-001,3.162905201315880E-002,-1.378854736685753E-002,-9.888954758644104E-001,1.712704896926880E-001,
1.116700000000000E+009,1.743202656507492E-002,-1.499033533036709E-002,-9.691539406776428E-001,2.013069391250610E-001,1.743202656507492E-002,-1.499033533036709E-002,-9.691539406776428E-001,2.013069391250610E-001,
1.125066666666667E+009,4.098726436495781E-003,-1.505236234515905E-002,-9.595779180526733E-001,2.236070334911346E-001,4.098726436495781E-003,-1.505236234515905E-002,-9.595779180526733E-001,2.236070334911346E-001,
1.133433333333334E+009,-9.084616787731648E-003,-3.709832206368446E-003,-9.562896490097046E-001,2.428626567125320E-001,-9.084616787731648E-003,-3.709832206368446E-003,-9.562896490097046E-001,2.428626567125320E-001,
1.141800000000000E+009,-1.140845380723476E-002,9.177873842418194E-003,-9.485144019126892E-001,2.665850818157196E-001,-1.140845380723476E-002,9.177873842418194E-003,-9.485144019126892E-001,2.665850818157196E-001,
1.150166666666667E+009,-7.200320716947317E-003,2.286490984261036E-002,-9.431629776954651E-001,2.983081936836243E-001,-7.200320716947317E-003,2.286490984261036E-002,-9.431629776954651E-001,2.983081936836243E-001,
1.158533333333334E+009,7.960868068039417E-003,3.050101175904274E-002,-9.365859031677246E-001,3.222573995590210E-001,7.960868068039417E-003,3.050101175904274E-002,-9.365859031677246E-001,3.222573995590210E-001,
1.166900000000000E+009,2.563426271080971E-002,3.146935999393463E-002,-9.284865856170654E-001,3.482292294502258E-001,2.563426271080971E-002,3.146935999393463E-002,-9.284865856170654E-001,3.482292294502258E-001,
1.175266666666667E+009,4.165146127343178E-002,2.313771471381187E-002,-9.109002947807312E-001,3.642050623893738E-001,4.165146127343178E-002,2.313771471381187E-002,-9.109002947807312E-001,3.642050623893738E-001,
1.183633333333334E+009,5.450170114636421E-002,8.986413478851318E-003,-9.072662591934204E-001,3.942517340183258E-001,5.450170114636421E-002,8.986413478851318E-003,-9.072662591934204E-001,3.942517340183258E-001,
1.192000000000000E+009,5.635499954223633E-002,-8.474988862872124E-003,-9.009917378425598E-001,4.196315109729767E-001,5.635499954223633E-002,-8.474988862872124E-003,-9.009917378425598E-001,4.196315109729767E-001,
1.200366666666667E+009,4.767078906297684E-002,-2.601795084774494E-002,-8.868504166603088E-001,4.344554245471954E-001,4.767078906297684E-002,-2.601795084774494E-002,-8.868504166603088E-001,4.344554245471954E-001,
1.208733333333334E+009,2.890062145888805E-002,-3.527313843369484E-002,-8.831543326377869E-001,4.633173048496246E-001,2.890062145888805E-002,-3.527313843369484E-002,-8.831543326377869E-001,4.633173048496246E-001,
1.217100000000000E+009,9.928260929882526E-003,-3.427701070904732E-002,-8.542952537536621E-001,4.757936894893646E-001,9.928260929882526E-003,-3.427701070904732E-002,-8.542952537536621E-001,4.757936894893646E-001,
1.225466666666667E+009,-4.807960707694292E-003,-2.442767098546028E-002,-8.562082648277283E-001,5.018430352210999E-001,-4.807960707694292E-003,-2.442767098546028E-002,-8.562082648277283E-001,5.018430352210999E-001,
1.233833333333334E+009,-1.059426367282867E-002,-8.547333069145680E-003,-8.410042524337769E-001,5.222777128219605E-001,-1.059426367282867E-002,-8.547333069145680E-003,-8.410042524337769E-001,5.222777128219605E-001,
1.242200000000000E+009,-7.542906794697046E-003,6.755551788955927E-003,-8.174713850021362E-001,5.400894284248352E-001,-7.542906794697046E-003,6.755551788955927E-003,-8.174713850021362E-001,5.400894284248352E-001,
1.250566666666667E+009,5.279226694256067E-003,1.861545443534851E-002,-8.225313425064087E-001,5.690180659294128E-001,5.279226694256067E-003,1.861545443534851E-002,-8.225313425064087E-001,5.690180659294128E-001,
1.258933333333334E+009,2.438436821103096E-002,2.103792503476143E-002,-8.046208024024963E-001,5.817202925682068E-001,2.438436821103096E-002,2.103792503476143E-002,-8.046208024024963E-001,5.817202925682068E-001,
1.267300000000000E+009,4.177475348114967E-002,1.105999667197466E-002,-7.790773510932922E-001,6.025034189224243E-001,4.177475348114967E-002,1.105999667197466E-002,-7.790773510932922E-001,6.025034189224243E-001,
1.275666666666667E+009,5.240611732006073E-002,-4.807894118130207E-003,-7.761758565902710E-001,6.081365346908569E-001,5.240611732006073E-002,-4.807894118130207E-003,-7.761758565902710E-001,6.081365346908569E-001,
1.284033333333334E+009,5.527370423078537E-002,-2.674338780343533E-002,-7.470314502716065E-001,6.582575440406799E-001,5.527370423078537E-002,-2.674338780343533E-002,-7.470314502716065E-001,6.582575440406799E-001,
1.292400000000000E+009,4.340511560440064E-002,-4.587645828723908E-002,-7.409067749977112E-001,6.611817479133606E-001,4.340511560440064E-002,-4.587645828723908E-002,-7.409067749977112E-001,6.611817479133606E-001,
1.300766666666667E+009,2.557148411870003E-002,-5.455162003636360E-002,-7.226780056953430E-001,6.763902902603149E-001,2.557148411870003E-002,-5.455162003636360E-002,-7.226780056953430E-001,6.763902902603149E-001,
1.309133333333334E+009,4.370536189526320E-003,-5.269444733858109E-002,-7.088282108306885E-001,7.039414048194885E-001,4.370536189526320E-003,-5.269444733858109E-002,-7.088282108306885E-001,7.039414048194885E-001,
1.317500000000000E+009,-1.303369179368019E-002,-4.123909398913384E-002,-6.837920546531677E-001,7.284887433052063E-001,-1.303369179368019E-002,-4.123909398913384E-002,-6.837920546531677E-001,7.284887433052063E-001,
1.325866666666667E+009,-2.120428718626499E-002,-2.438558265566826E-002,-6.674541831016541E-001,7.295761704444885E-001,-2.120428718626499E-002,-2.438558265566826E-002,-6.674541831016541E-001,7.295761704444885E-001,
1.334233333333334E+009,-1.804159022867680E-002,-4.315710160881281E-003,-6.473838686943054E-001,7.429104447364807E-001,-1.804159022867680E-002,-4.315710160881281E-003,-6.473838686943054E-001,7.429104447364807E-001,
1.342600000000000E+009,-3.708405653014779E-003,3.963683731853962E-003,-6.363526582717896E-001,7.656573057174683E-001,-3.708405653014779E-003,3.963683731853962E-003,-6.363526582717896E-001,7.656573057174683E-001,
1.350966666666667E+009,1.318544242531061E-002,5.248652771115303E-003,-6.083941459655762E-001,7.882692813873291E-001,1.318544242531061E-002,5.248652771115303E-003,-6.083941459655762E-001,7.882692813873291E-001,
1.359333333333334E+009,2.861357852816582E-002,-4.891252145171166E-003,-5.921597480773926E-001,7.965804934501648E-001,2.861357852816582E-002,-4.891252145171166E-003,-5.921597480773926E-001,7.965804934501648E-001,
1.367700000000000E+009,3.639447689056397E-002,-2.442442812025547E-002,-5.720227956771851E-001,8.072765469551086E-001,3.639447689056397E-002,-2.442442812025547E-002,-5.720227956771851E-001,8.072765469551086E-001,
1.376066666666667E+009,3.170596808195114E-002,-4.790580272674561E-002,-5.462545156478882E-001,8.226771950721741E-001,3.170596808195114E-002,-4.790580272674561E-002,-5.462545156478882E-001,8.226771950721741E-001,
1.384433333333334E+009,1.639336720108986E-002,-6.163251027464867E-002,-5.370605587959290E-001,8.316393494606018E-001,1.639336720108986E-002,-6.163251027464867E-002,-5.370605587959290E-001,8.316393494606018E-001,
1.392800000000000E+009,-7.597549352794886E-003,-6.603052467107773E-002,-5.127661228179932E-001,8.382281064987183E-001,-7.597549352794886E-003,-6.603052467107773E-002,-5.127661228179932E-001,8.382281064987183E-001,
1.401166666666667E+009,-2.725637331604958E-002,-5.900614708662033E-002,-4.846052229404450E-001,8.668620586395264E-001,-2.725637331604958E-002,-5.900614708662033E-002,-4.846052229404450E-001,8.668620586395264E-001,
1.409533333333334E+009,-4.172759503126144E-002,-3.889621794223785E-002,-4.659321308135986E-001,8.773635625839233E-001,-4.172759503126144E-002,-3.889621794223785E-002,-4.659321308135986E-001,8.773635625839233E-001,
1.417900000000000E+009,-4.716586321592331E-002,-1.653083041310310E-002,-4.262728095054627E-001,8.712265491485596E-001,-4.716586321592331E-002,-1.653083041310310E-002,-4.262728095054627E-001,8.712265491485596E-001,
1.426266666666667E+009,-4.005430638790131E-002,5.530904512852430E-003,-4.272804558277130E-001,9.039396047592163E-001,-4.005430638790131E-002,5.530904512852430E-003,-4.272804558277130E-001,9.039396047592163E-001,
1.434633333333334E+009,-2.272548526525497E-002,1.642354391515255E-002,-3.963231146335602E-001,8.991330862045288E-001,-2.272548526525497E-002,1.642354391515255E-002,-3.963231146335602E-001,8.991330862045288E-001,
1.443000000000000E+009,-9.311834000982344E-004,1.748960278928280E-002,-3.724877536296845E-001,9.155800938606262E-001,-9.311834000982344E-004,1.748960278928280E-002,-3.724877536296845E-001,9.155800938606262E-001,
1.451366666666667E+009,1.561760809272528E-002,3.699656343087554E-003,-3.514927327632904E-001,9.211278557777405E-001,1.561760809272528E-002,3.699656343087554E-003,-3.514927327632904E-001,9.211278557777405E-001,
1.459733333333334E+009,2.161692269146442E-002,-1.529683917760849E-002,-3.348447084426880E-001,9.274682402610779E-001,2.161692269146442E-002,-1.529683917760849E-002,-3.348447084426880E-001,9.274682402610779E-001,
1.468100000000000E+009,1.736059598624706E-002,-3.643279522657394E-002,-3.018083572387695E-001,9.380391240119934E-001,1.736059598624706E-002,-3.643279522657394E-002,-3.018083572387695E-001,9.380391240119934E-001,
1.476466666666667E+009,1.429200172424316E-003,-5.169370025396347E-002,-2.827896773815155E-001,9.541482329368591E-001,1.429200172424316E-003,-5.169370025396347E-002,-2.827896773815155E-001,9.541482329368591E-001,
1.484833333333334E+009,-2.135691605508328E-002,-5.597826093435288E-002,-2.496636062860489E-001,9.536117911338806E-001,-2.135691605508328E-002,-5.597826093435288E-002,-2.496636062860489E-001,9.536117911338806E-001,
1.493200000000000E+009,-4.064254462718964E-002,-4.718340188264847E-002,-2.321346104145050E-001,9.573084712028503E-001,-4.064254462718964E-002,-4.718340188264847E-002,-2.321346104145050E-001,9.573084712028503E-001,
1.501566666666667E+009,-5.386762693524361E-002,-2.744677662849426E-002,-2.063928991556168E-001,9.629164338111877E-001,-5.386762693524361E-002,-2.744677662849426E-002,-2.063928991556168E-001,9.629164338111877E-001,
1.509933333333334E+009,-5.677824467420578E-002,-2.789698541164398E-003,-1.923787891864777E-001,9.680184721946716E-001,-5.677824467420578E-002,-2.789698541164398E-003,-1.923787891864777E-001,9.680184721946716E-001,
1.518300000000000E+009,-4.459805414080620E-002,1.723045669496059E-002,-1.679099351167679E-001,9.776864647865295E-001,-4.459805414080620E-002,1.723045669496059E-002,-1.679099351167679E-001,9.776864647865295E-001,
1.526666666666667E+009,-2.533311583101749E-002,2.863077633082867E-002,-1.343310773372650E-001,9.760522842407227E-001,-2.533311583101749E-002,2.863077633082867E-002,-1.343310773372650E-001,9.760522842407227E-001,
1.535033333333334E+009,-4.934071563184261E-003,2.875240519642830E-002,-1.143974587321281E-001,9.870479702949524E-001,-4.934071563184261E-003,2.875240519642830E-002,-1.143974587321281E-001,9.870479702949524E-001,
1.543400000000000E+009,1.066413521766663E-002,1.610046997666359E-002,-9.074524790048599E-002,9.847055673599243E-001,1.066413521766663E-002,1.610046997666359E-002,-9.074524790048599E-002,9.847055673599243E-001,
1.551766666666667E+009,1.476794853806496E-002,-4.573287442326546E-003,-6.634071469306946E-002,9.807534813880920E-001,1.476794853806496E-002,-4.573287442326546E-003,-6.634071469306946E-002,9.807534813880920E-001,
1.560133333333334E+009,1.038386113941670E-002,-2.515806257724762E-002,-4.348199442028999E-002,9.886502027511597E-001,1.038386113941670E-002,-2.515806257724762E-002,-4.348199442028999E-002,9.886502027511597E-001,
1.568500000000000E+009,-5.278175231069326E-003,-3.848009929060936E-002,-2.376927621662617E-002,9.913543462753296E-001,-5.278175231069326E-003,-3.848009929060936E-002,-2.376927621662617E-002,9.913543462753296E-001,
1.576866666666667E+009,-2.522524632513523E-002,-3.992693126201630E-002,1.682638190686703E-002,9.850225448608398E-001,-2.522524632513523E-002,-3.992693126201630E-002,1.682638190686703E-002,9.850225448608398E-001,
1.585233333333334E+009,-4.086555168032646E-002,-3.152641281485558E-002,3.038408234715462E-002,9.853824973106384E-001,-4.086555168032646E-002,-3.152641281485558E-002,3.038408234715462E-002,9.853824973106384E-001,
1.593600000000000E+009,-5.101940780878067E-002,-1.556607335805893E-002,5.870701745152473E-002,9.787656068801880E-001,-5.101940780878067E-002,-1.556607335805893E-002,5.870701745152473E-002,9.787656068801880E-001,
1.601966666666667E+009,-5.126630514860153E-002,6.071492563933134E-003,7.449588924646378E-002,9.802065491676331E-001,-5.126630514860153E-002,6.071492563933134E-003,7.449588924646378E-002,9.802065491676331E-001,
1.610333333333334E+009,-4.054376855492592E-002,2.240750752389431E-002,1.066276058554649E-001,9.783369898796082E-001,-4.054376855492592E-002,2.240750752389431E-002,1.066276058554649E-001,9.783369898796082E-001,
1.618700000000000E+009,-2.379943057894707E-002,3.030477277934551E-002,1.323473602533341E-001,9.797048568725586E-001,-2.379943057894707E-002,3.030477277934551E-002,1.323473602533341E-001,9.797048568725586E-001,
1.627066666666667E+009,-6.442948710173369E-003,2.753453142940998E-002,1.509677320718765E-001,9.726705551147461E-001,-6.442948710173369E-003,2.753453142940998E-002,1.509677320718765E-001,9.726705551147461E-001,
1.635433333333334E+009,4.334012977778912E-003,1.783368736505508E-002,1.829284578561783E-001,9.774759411811829E-001,4.334012977778912E-003,1.783368736505508E-002,1.829284578561783E-001,9.774759411811829E-001,
1.643800000000000E+009,7.428553886711597E-003,8.653652621433139E-004,1.969324797391892E-001,9.673699736595154E-001,7.428553886711597E-003,8.653652621433139E-004,1.969324797391892E-001,9.673699736595154E-001,
1.652166666666667E+009,8.806071127764881E-005,-1.418917439877987E-002,2.319323271512985E-001,9.614155888557434E-001,8.806071127764881E-005,-1.418917439877987E-002,2.319323271512985E-001,9.614155888557434E-001,
1.660533333333334E+009,-1.380184292793274E-002,-2.311640791594982E-002,2.495632469654083E-001,9.557699561119080E-001,-1.380184292793274E-002,-2.311640791594982E-002,2.495632469654083E-001,9.557699561119080E-001,
1.668900000000000E+009,-3.087176755070686E-002,-2.144432626664639E-002,2.754262983798981E-001,9.425303339958191E-001,-3.087176755070686E-002,-2.144432626664639E-002,2.754262983798981E-001,9.425303339958191E-001,
1.677266666666667E+009,-4.457462206482887E-002,-1.253705844283104E-002,3.128167986869812E-001,9.397839903831482E-001,-4.457462206482887E-002,-1.253705844283104E-002,3.128167986869812E-001,9.397839903831482E-001,
1.685633333333334E+009,-4.881921410560608E-002,4.078072495758534E-003,3.280116319656372E-001,9.334747791290283E-001,-4.881921410560608E-002,4.078072495758534E-003,3.280116319656372E-001,9.334747791290283E-001,
1.694000000000000E+009,-4.737798497080803E-002,2.030984684824944E-002,3.412156999111176E-001,9.218063354492188E-001,-4.737798497080803E-002,2.030984684824944E-002,3.412156999111176E-001,9.218063354492188E-001,
1.702366666666667E+009,-3.535555675625801E-002,3.604177385568619E-002,3.657270669937134E-001,9.158338308334351E-001,-3.535555675625801E-002,3.604177385568619E-002,3.657270669937134E-001,9.158338308334351E-001,
1.710733333333334E+009,-1.846374943852425E-002,4.304497316479683E-002,3.863207101821899E-001,9.022151231765747E-001,-1.846374943852425E-002,4.304497316479683E-002,3.863207101821899E-001,9.022151231765747E-001,
1.719100000000000E+009,-1.087437849491835E-003,4.034538939595223E-002,4.141893088817596E-001,8.912582397460938E-001,-1.087437849491835E-003,4.034538939595223E-002,4.141893088817596E-001,8.912582397460938E-001,
1.727466666666667E+009,1.100686658173800E-002,3.006111457943916E-002,4.334336817264557E-001,8.891304731369019E-001,1.100686658173800E-002,3.006111457943916E-002,4.334336817264557E-001,8.891304731369019E-001,
1.735833333333334E+009,1.544451713562012E-002,1.454531960189343E-002,4.502598345279694E-001,8.749440312385559E-001,1.544451713562012E-002,1.454531960189343E-002,4.502598345279694E-001,8.749440312385559E-001,
1.744200000000000E+009,1.039410196244717E-002,-2.729629399254918E-003,4.808655977249146E-001,8.522688746452332E-001,1.039410196244717E-002,-2.729629399254918E-003,4.808655977249146E-001,8.522688746452332E-001,
1.752566666666667E+009,-4.513316962402314E-004,-1.376838982105255E-002,5.113803744316101E-001,8.493632078170776E-001,-4.513316962402314E-004,-1.376838982105255E-002,5.113803744316101E-001,8.493632078170776E-001,
1.760933333333334E+009,-1.538894977420569E-002,-1.883912831544876E-002,5.235555171966553E-001,8.356817364692688E-001,-1.538894977420569E-002,-1.883912831544876E-002,5.235555171966553E-001,8.356817364692688E-001,
1.769300000000000E+009,-3.019859455525875E-002,-1.588070578873158E-002,5.476616024971008E-001,8.311025500297546E-001,-3.019859455525875E-002,-1.588070578873158E-002,5.476616024971008E-001,8.311025500297546E-001,
1.777666666666667E+009,-3.932804241776466E-002,-4.478564485907555E-003,5.601324439048767E-001,8.176649212837219E-001,-3.932804241776466E-002,-4.478564485907555E-003,5.601324439048767E-001,8.176649212837219E-001,
1.786033333333334E+009,-4.188000410795212E-002,7.906447164714336E-003,5.772204399108887E-001,7.894499301910400E-001,-4.188000410795212E-002,7.906447164714336E-003,5.772204399108887E-001,7.894499301910400E-001,
1.794400000000000E+009,-3.587020188570023E-002,2.339251525700092E-002,6.009986400604248E-001,7.788851261138916E-001,-3.587020188570023E-002,2.339251525700092E-002,6.009986400604248E-001,7.788851261138916E-001,
1.802766666666667E+009,-2.751472406089306E-002,3.318484500050545E-002,6.190379858016968E-001,7.628028988838196E-001,-2.751472406089306E-002,3.318484500050545E-002,6.190379858016968E-001,7.628028988838196E-001,
1.811133333333334E+009,-1.573247835040093E-002,3.691041842103005E-002,6.456743478775024E-001,7.476031184196472E-001,-1.573247835040093E-002,3.691041842103005E-002,6.456743478775024E-001,7.476031184196472E-001,
1.819500000000000E+009,-5.051455926150084E-003,3.667214140295982E-002,6.605306863784790E-001,7.239652276039124E-001,-5.051455926150084E-003,3.667214140295982E-002,6.605306863784790E-001,7.239652276039124E-001,
1.827866666666667E+009,3.055167151615024E-003,3.028738312423229E-002,6.805315017700195E-001,7.124074101448059E-001,3.055167151615024E-003,3.028738312423229E-002,6.805315017700195E-001,7.124074101448059E-001,
1.836233333333334E+009,3.730498254299164E-003,2.084767073392868E-002,6.935132145881653E-001,7.002596855163574E-001,3.730498254299164E-003,2.084767073392868E-002,6.935132145881653E-001,7.002596855163574E-001,
1.844600000000000E+009,-1.482680789195001E-003,1.307480689138174E-002,7.147754430770874E-001,6.923480033874512E-001,-1.482680789195001E-003,1.307480689138174E-002,7.147754430770874E-001,6.923480033874512E-001,
1.852966666666667E+009,-8.914926089346409E-003,7.496267091482878E-003,7.269648313522339E-001,6.598353385925293E-001,-8.914926089346409E-003,7.496267091482878E-003,7.269648313522339E-001,6.598353385925293E-001,
1.861333333333334E+009,-1.681455783545971E-002,6.189655512571335E-003,7.495179772377014E-001,6.446738243103027E-001,-1.681455783545971E-002,6.189655512571335E-003,7.495179772377014E-001,6.446738243103027E-001,
1.869700000000000E+009,-2.401557378470898E-002,1.247431430965662E-002,7.676562666893005E-001,6.248555779457092E-001,-2.401557378470898E-002,1.247431430965662E-002,7.676562666893005E-001,6.248555779457092E-001,
1.878066666666667E+009,-2.589658275246620E-002,2.013431116938591E-002,7.775707840919495E-001,6.126129031181335E-001,-2.589658275246620E-002,2.013431116938591E-002,7.775707840919495E-001,6.126129031181335E-001,
1.886433333333334E+009,-2.378275990486145E-002,3.030526265501976E-002,7.987326383590698E-001,5.892574787139893E-001,-2.378275990486145E-002,3.030526265501976E-002,7.987326383590698E-001,5.892574787139893E-001,
1.894800000000000E+009,-1.426327414810658E-002,3.854678198695183E-002,8.097422122955322E-001,5.719490051269531E-001,-1.426327414810658E-002,3.854678198695183E-002,8.097422122955322E-001,5.719490051269531E-001,
1.903166666666667E+009,-3.531905822455883E-003,4.495209455490112E-002,8.231425881385803E-001,5.439353585243225E-001,-3.531905822455883E-003,4.495209455490112E-002,8.231425881385803E-001,5.439353585243225E-001,
1.911533333333334E+009,8.567273616790772E-003,4.363464936614037E-002,8.356603980064392E-001,5.195445418357849E-001,8.567273616790772E-003,4.363464936614037E-002,8.356603980064392E-001,5.195445418357849E-001,
1.919900000000000E+009,1.966393738985062E-002,3.824026137590408E-002,8.535206317901611E-001,5.080363750457764E-001,1.966393738985062E-002,3.824026137590408E-002,8.535206317901611E-001,5.080363750457764E-001,
1.928266666666667E+009,2.446093782782555E-002,2.934587188065052E-002,8.541652560234070E-001,4.700055420398712E-001,2.446093782782555E-002,2.934587188065052E-002,8.541652560234070E-001,4.700055420398712E-001,
1.936633333333334E+009,2.241035178303719E-002,1.826549507677555E-002,8.770975470542908E-001,4.623776376247406E-001,2.241035178303719E-002,1.826549507677555E-002,8.770975470542908E-001,4.623776376247406E-001,
1.945000000000000E+009,1.551157701760531E-002,8.944165892899036E-003,8.902404904365540E-001,4.386679232120514E-001,1.551157701760531E-002,8.944165892899036E-003,8.902404904365540E-001,4.386679232120514E-001,
1.953366666666667E+009,5.741111002862454E-003,3.087606513872743E-003,8.939023017883301E-001,4.166495203971863E-001,5.741111002862454E-003,3.087606513872743E-003,8.939023017883301E-001,4.166495203971863E-001,
1.961733333333334E+009,-7.686099968850613E-003,4.617184866219759E-003,9.104254841804504E-001,3.956691622734070E-001,-7.686099968850613E-003,4.617184866219759E-003,9.104254841804504E-001,3.956691622734070E-001,
1.970100000000000E+009,-1.764055900275707E-002,9.823987260460854E-003,9.121459126472473E-001,3.699933588504791E-001,-1.764055900275707E-002,9.823987260460854E-003,9.121459126472473E-001,3.699933588504791E-001,
1.978466666666667E+009,-2.090987190604210E-002,2.295617200434208E-002,9.229626059532166E-001,3.419043421745300E-001,-2.090987190604210E-002,2.295617200434208E-002,9.229626059532166E-001,3.419043421745300E-001,
1.986833333333334E+009,-1.766633987426758E-002,3.491929918527603E-002,9.279986023902893E-001,3.251564204692841E-001,-1.766633987426758E-002,3.491929918527603E-002,9.279986023902893E-001,3.251564204692841E-001,
1.995200000000000E+009,-4.326190333813429E-003,4.544999450445175E-002,9.311931133270264E-001,3.092056214809418E-001,-4.326190333813429E-003,4.544999450445175E-002,9.311931133270264E-001,3.092056214809418E-001,
2.003566666666667E+009,1.255133282393217E-002,4.951473325490952E-002,9.428288936614990E-001,2.769468724727631E-001,1.255133282393217E-002,4.951473325490952E-002,9.428288936614990E-001,2.769468724727631E-001,
2.011933333333334E+009,2.951633557677269E-002,4.543737694621086E-002,9.553618431091309E-001,2.512361705303192E-001,2.951633557677269E-002,4.543737694621086E-002,9.553618431091309E-001,2.512361705303192E-001,
2.020300000000000E+009,4.179700091481209E-002,3.655189648270607E-002,9.607713222503662E-001,2.233034074306488E-001,4.179700091481209E-002,3.655189648270607E-002,9.607713222503662E-001,2.233034074306488E-001,
2.028666666666667E+009,4.624637588858604E-002,2.151887677609921E-002,9.671591520309448E-001,2.058835178613663E-001,4.624637588858604E-002,2.151887677609921E-002,9.671591520309448E-001,2.058835178613663E-001,
2.037033333333334E+009,4.214613884687424E-002,5.242859013378620E-003,9.753113985061646E-001,1.795599013566971E-001,4.214613884687424E-002,5.242859013378620E-003,9.753113985061646E-001,1.795599013566971E-001,
2.045400000000000E+009,2.988659404218197E-002,-6.413730327039957E-003,9.744474291801453E-001,1.580279767513275E-001,2.988659404218197E-002,-6.413730327039957E-003,9.744474291801453E-001,1.580279767513275E-001,
2.053766666666667E+009,1.192712411284447E-002,-8.934295736253262E-003,9.795423746109009E-001,1.322313100099564E-001,1.192712411284447E-002,-8.934295736253262E-003,9.795423746109009E-001,1.322313100099564E-001,
2.062133333333334E+009,-3.514633048325777E-003,-4.333427175879479E-003,9.849997758865356E-001,1.087537035346031E-001,-3.514633048325777E-003,-4.333427175879479E-003,9.849997758865356E-001,1.087537035346031E-001,
2.070500000000000E+009,-1.168965734541416E-002,9.654147550463677E-003,9.863607883453369E-001,8.082280308008194E-002,-1.168965734541416E-002,9.654147550463677E-003,9.863607883453369E-001,8.082280308008194E-002,
2.078866666666667E+009,-1.019072346389294E-002,2.582324855029583E-002,9.810577034950256E-001,5.918258056044579E-002,-1.019072346389294E-002,2.582324855029583E-002,9.810577034950256E-001,5.918258056044579E-002,
2.087233333333334E+009,1.931642182171345E-003,3.533777222037315E-002,9.877653717994690E-001,2.768859453499317E-002,1.931642182171345E-003,3.533777222037315E-002,9.877653717994690E-001,2.768859453499317E-002,
2.095600000000000E+009,2.126314491033554E-002,4.245710000395775E-002,9.923205971717835E-001,1.003756094723940E-002,2.126314491033554E-002,4.245710000395775E-002,9.923205971717835E-001,1.003756094723940E-002,
2.103966666666667E+009,4.284262284636498E-002,3.642561659216881E-002,9.941239953041077E-001,-1.525541953742504E-002,4.284262284636498E-002,3.642561659216881E-002,9.941239953041077E-001,-1.525541953742504E-002,
2.112333333333334E+009,5.866337195038796E-002,2.172523364424706E-002,9.839978814125061E-001,-3.634444251656532E-002,5.866337195038796E-002,2.172523364424706E-002,9.839978814125061E-001,-3.634444251656532E-002,
2.120700000000000E+009,6.529331207275391E-002,-1.499077538028359E-003,9.871060848236084E-001,-6.717888265848160E-002,6.529331207275391E-002,-1.499077538028359E-003,9.871060848236084E-001,-6.717888265848160E-002,
2.129066666666667E+009,5.803062394261360E-002,-1.992180757224560E-002,9.968271255493164E-001,-9.394472092390060E-002,5.803062394261360E-002,-1.992180757224560E-002,9.968271255493164E-001,-9.394472092390060E-002,
2.137433333333334E+009,3.982330858707428E-002,-3.438304737210274E-002,9.819629788398743E-001,-1.162230372428894E-001,3.982330858707428E-002,-3.438304737210274E-002,9.819629788398743E-001,-1.162230372428894E-001,
2.145800000000000E+009,1.298393681645393E-002,-3.829993680119515E-002,9.844112396240234E-001,-1.439515650272369E-001,1.298393681645393E-002,-3.829993680119515E-002,9.844112396240234E-001,-1.439515650272369E-001,
2.154166666666667E+009,-9.280970320105553E-003,-2.992927655577660E-002,9.740283489227295E-001,-1.626504808664322E-001,-9.280970320105553E-003,-2.992927655577660E-002,9.740283489227295E-001,-1.626504808664322E-001,
2.162533333333334E+009,-2.279563434422016E-002,-9.971920400857925E-003,9.573698043823242E-001,-1.911417096853256E-001,-2.279563434422016E-002,-9.971920400857925E-003,9.573698043823242E-001,-1.911417096853256E-001,
2.170900000000000E+009,-2.442973107099533E-002,1.309980731457472E-002,9.668062329292297E-001,-2.164519727230072E-001,-2.442973107099533E-002,1.309980731457472E-002,9.668062329292297E-001,-2.164519727230072E-001,
2.179266666666667E+009,-9.991423226892948E-003,2.992320619523525E-002,9.547654390335083E-001,-2.318103462457657E-001,-9.991423226892948E-003,2.992320619523525E-002,9.547654390335083E-001,-2.318103462457657E-001,
2.187633333333334E+009,1.194982510060072E-002,3.779481723904610E-002,9.548368453979492E-001,-2.626367509365082E-001,1.194982510060072E-002,3.779481723904610E-002,9.548368453979492E-001,-2.626367509365082E-001,
2.196000000000000E+009,3.905389085412026E-002,3.155650570988655E-002,9.403828382492065E-001,-2.835228741168976E-001,3.905389085412026E-002,3.155650570988655E-002,9.403828382492065E-001,-2.835228741168976E-001,
2.204366666666667E+009,5.886313319206238E-002,1.244393642991781E-002,9.358057975769043E-001,-3.044793903827667E-001,5.886313319206238E-002,1.244393642991781E-002,9.358057975769043E-001,-3.044793903827667E-001,
2.212733333333334E+009,6.662248820066452E-002,-1.439985819160938E-002,9.298280477523804E-001,-3.401838839054108E-001,6.662248820066452E-002,-1.439985819160938E-002,9.298280477523804E-001,-3.401838839054108E-001,
2.221100000000000E+009,5.885669589042664E-002,-3.909780457615852E-002,9.148629903793335E-001,-3.549692332744598E-001,5.885669589042664E-002,-3.909780457615852E-002,9.148629903793335E-001,-3.549692332744598E-001,
2.229466666666667E+009,3.804212808609009E-002,-5.568910017609596E-002,9.082478880882263E-001,-3.698412477970123E-001,3.804212808609009E-002,-5.568910017609596E-002,9.082478880882263E-001,-3.698412477970123E-001,
2.237833333333334E+009,9.239025413990021E-003,-5.672079697251320E-002,9.025998711585999E-001,-4.005924761295319E-001,9.239025413990021E-003,-5.672079697251320E-002,9.025998711585999E-001,-4.005924761295319E-001,
2.246200000000000E+009,-1.794001273810864E-002,-4.437158256769180E-002,8.906463384628296E-001,-4.229473173618317E-001,-1.794001273810864E-002,-4.437158256769180E-002,8.906463384628296E-001,-4.229473173618317E-001,
2.254566666666667E+009,-3.203905746340752E-002,-1.940390095114708E-002,8.822194337844849E-001,-4.433304071426392E-001,-3.203905746340752E-002,-1.940390095114708E-002,8.822194337844849E-001,-4.433304071426392E-001,
2.262933333333334E+009,-3.388627246022224E-002,5.957672838121653E-003,8.681194782257080E-001,-4.650110304355621E-001,-3.388627246022224E-002,5.957672838121653E-003,8.681194782257080E-001,-4.650110304355621E-001,
2.271300000000000E+009,-2.001226320862770E-002,2.813817188143730E-002,8.523789644241333E-001,-4.840839803218842E-001,-2.001226320862770E-002,2.813817188143730E-002,8.523789644241333E-001,-4.840839803218842E-001,
2.279666666666667E+009,4.833518061786890E-003,3.393083065748215E-002,8.417897224426270E-001,-5.041751861572266E-001,4.833518061786890E-003,3.393083065748215E-002,8.417897224426270E-001,-5.041751861572266E-001,
2.288033333333334E+009,2.972768992185593E-002,2.539088763296604E-002,8.341410160064697E-001,-5.329486131668091E-001,2.972768992185593E-002,2.539088763296604E-002,8.341410160064697E-001,-5.329486131668091E-001,
2.296400000000000E+009,4.841660335659981E-002,2.501344773918390E-003,8.147178888320923E-001,-5.526072382926941E-001,4.841660335659981E-002,2.501344773918390E-003,8.147178888320923E-001,-5.526072382926941E-001,
2.304766666666667E+009,5.222931876778603E-002,-2.635382860898972E-002,8.052097558975220E-001,-5.609634518623352E-001,5.222931876778603E-002,-2.635382860898972E-002,8.052097558975220E-001,-5.609634518623352E-001,
2.313133333333334E+009,3.908378630876541E-002,-5.046976357698441E-002,7.864215373992920E-001,-5.993806719779968E-001,3.908378630876541E-002,-5.046976357698441E-002,7.864215373992920E-001,-5.993806719779968E-001,
2.321500000000000E+009,1.682218536734581E-002,-6.181561201810837E-002,7.728281021118164E-001,-6.117746829986572E-001,1.682218536734581E-002,-6.181561201810837E-002,7.728281021118164E-001,-6.117746829986572E-001,
2.329866666666667E+009,-1.018365193158388E-002,-5.663240328431130E-002,7.648931145668030E-001,-6.308979392051697E-001,-1.018365193158388E-002,-5.663240328431130E-002,7.648931145668030E-001,-6.308979392051697E-001,
2.338233333333334E+009,-3.177565336227417E-002,-3.773793205618858E-002,7.377216815948486E-001,-6.509647369384766E-001,-3.177565336227417E-002,-3.773793205618858E-002,7.377216815948486E-001,-6.509647369384766E-001,
2.346600000000000E+009,-4.007523879408836E-002,-6.171640940010548E-003,7.180935740470886E-001,-6.725746393203735E-001,-4.007523879408836E-002,-6.171640940010548E-003,7.180935740470886E-001,-6.725746393203735E-001,
2.354966666666667E+009,-3.063214570283890E-002,2.090604230761528E-002,7.125911712646484E-001,-6.836583018302918E-001,-3.063214570283890E-002,2.090604230761528E-002,7.125911712646484E-001,-6.836583018302918E-001,
2.363333333333334E+009,-8.662297390401363E-003,3.628627210855484E-002,6.946706175804138E-001,-7.002405524253845E-001,-8.662297390401363E-003,3.628627210855484E-002,6.946706175804138E-001,-7.002405524253845E-001,
2.371700000000000E+009,2.238704636693001E-002,3.534591570496559E-002,6.802228093147278E-001,-7.185052037239075E-001,2.238704636693001E-002,3.534591570496559E-002,6.802228093147278E-001,-7.185052037239075E-001,
2.380066666666667E+009,4.855988547205925E-002,1.298141479492188E-002,6.515572667121887E-001,-7.352822422981262E-001,4.855988547205925E-002,1.298141479492188E-002,6.515572667121887E-001,-7.352822422981262E-001,
2.388433333333334E+009,5.967012047767639E-002,-2.095535025000572E-002,6.368108391761780E-001,-7.456628680229187E-001,5.967012047767639E-002,-2.095535025000572E-002,6.368108391761780E-001,-7.456628680229187E-001,
2.396800000000000E+009,5.242213234305382E-002,-6.001684069633484E-002,6.120296716690064E-001,-7.676184177398682E-001,5.242213234305382E-002,-6.001684069633484E-002,6.120296716690064E-001,-7.676184177398682E-001,
2.405166666666667E+009,2.801817841827869E-002,-9.032986313104630E-002,5.957883000373840E-001,-7.837404012680054E-001,2.801817841827869E-002,-9.032986313104630E-002,5.957883000373840E-001,-7.837404012680054E-001,
2.413533333333334E+009,-1.097412314265966E-002,-1.021714508533478E-001,5.737129449844360E-001,-7.981555461883545E-001,-1.097412314265966E-002,-1.021714508533478E-001,5.737129449844360E-001,-7.981555461883545E-001,
2.421900000000000E+009,-5.143051967024803E-002,-9.245344251394272E-002,5.613300204277039E-001,-8.127875328063965E-001,-5.143051967024803E-002,-9.245344251394272E-002,5.613300204277039E-001,-8.127875328063965E-001,
2.430266666666667E+009,-7.900311797857285E-002,-6.060132011771202E-002,5.375603437423706E-001,-8.266865611076355E-001,-7.900311797857285E-002,-6.060132011771202E-002,5.375603437423706E-001,-8.266865611076355E-001,
2.438633333333334E+009,-9.163303673267365E-002,-1.720434799790382E-002,5.169396996498108E-001,-8.392042517662048E-001,-9.163303673267365E-002,-1.720434799790382E-002,5.169396996498108E-001,-8.392042517662048E-001,
2.447000000000000E+009,-8.110626041889191E-002,2.514813654124737E-002,4.947631955146790E-001,-8.545370697975159E-001,-8.110626041889191E-002,2.514813654124737E-002,4.947631955146790E-001,-8.545370697975159E-001,
2.455366666666667E+009,-5.210417881608009E-002,5.396566540002823E-002,4.741370081901550E-001,-8.615489602088928E-001,-5.210417881608009E-002,5.396566540002823E-002,4.741370081901550E-001,-8.615489602088928E-001,
2.463733333333334E+009,-1.592988893389702E-002,6.338586658239365E-002,4.524715244770050E-001,-8.774919509887695E-001,-1.592988893389702E-002,6.338586658239365E-002,4.524715244770050E-001,-8.774919509887695E-001,
2.472100000000000E+009,1.760428398847580E-002,4.825791716575623E-002,4.295965433120728E-001,-8.868749141693115E-001,1.760428398847580E-002,4.825791716575623E-002,4.295965433120728E-001,-8.868749141693115E-001,
2.480466666666667E+009,3.751553222537041E-002,1.685929484665394E-002,4.007628262042999E-001,-8.923208117485046E-001,3.751553222537041E-002,1.685929484665394E-002,4.007628262042999E-001,-8.923208117485046E-001,
2.488833333333334E+009,3.586014360189438E-002,-2.192393690347672E-002,3.865933120250702E-001,-9.047117829322815E-001,3.586014360189438E-002,-2.192393690347672E-002,3.865933120250702E-001,-9.047117829322815E-001,
2.497200000000000E+009,1.802032254636288E-002,-5.273529514670372E-002,3.594448566436768E-001,-9.184578061103821E-001,1.802032254636288E-002,-5.273529514670372E-002,3.594448566436768E-001,-9.184578061103821E-001,
2.505566666666667E+009,-1.579835638403893E-002,-6.927514076232910E-002,3.351816534996033E-001,-9.269651174545288E-001,-1.579835638403893E-002,-6.927514076232910E-002,3.351816534996033E-001,-9.269651174545288E-001,
2.513933333333334E+009,-4.849823191761971E-002,-6.164271011948586E-002,3.156488537788391E-001,-9.313687086105347E-001,-4.849823191761971E-002,-6.164271011948586E-002,3.156488537788391E-001,-9.313687086105347E-001,
2.522300000000000E+009,-7.209720462560654E-002,-3.665453195571899E-002,2.851807475090027E-001,-9.405018687248230E-001,-7.209720462560654E-002,-3.665453195571899E-002,2.851807475090027E-001,-9.405018687248230E-001,
2.530666666666667E+009,-7.793612778186798E-002,3.603518998716027E-004,2.596433758735657E-001,-9.536440968513489E-001,-7.793612778186798E-002,3.603518998716027E-004,2.596433758735657E-001,-9.536440968513489E-001,
2.539033333333334E+009,-6.433504074811935E-002,3.583294153213501E-002,2.385179251432419E-001,-9.535818099975586E-001,-6.433504074811935E-002,3.583294153213501E-002,2.385179251432419E-001,-9.535818099975586E-001,
2.547400000000000E+009,-3.519652038812637E-002,5.975764617323875E-002,2.205530107021332E-001,-9.620338082313538E-001,-3.519652038812637E-002,5.975764617323875E-002,2.205530107021332E-001,-9.620338082313538E-001,
2.555766666666667E+009,1.408137730322778E-003,6.417766958475113E-002,1.913499534130096E-001,-9.681223630905151E-001,1.408137730322778E-003,6.417766958475113E-002,1.913499534130096E-001,-9.681223630905151E-001,
2.564133333333334E+009,2.996230125427246E-002,4.643074050545692E-002,1.667746007442474E-001,-9.691789746284485E-001,2.996230125427246E-002,4.643074050545692E-002,1.667746007442474E-001,-9.691789746284485E-001,
2.572500000000000E+009,4.308038949966431E-002,1.414983440190554E-002,1.426404863595963E-001,-9.700648784637451E-001,4.308038949966431E-002,1.414983440190554E-002,1.426404863595963E-001,-9.700648784637451E-001,
2.580866666666667E+009,3.526075184345245E-002,-2.352385222911835E-002,1.200233250856400E-001,-9.779956936836243E-001,3.526075184345245E-002,-2.352385222911835E-002,1.200233250856400E-001,-9.779956936836243E-001,
2.589233333333334E+009,8.465188555419445E-003,-5.229499936103821E-002,9.045542776584625E-002,-9.769381284713745E-001,8.465188555419445E-003,-5.229499936103821E-002,9.045542776584625E-002,-9.769381284713745E-001,
2.597600000000000E+009,-2.754138596355915E-002,-6.551118940114975E-002,6.460481137037277E-002,-9.792618155479431E-001,-2.754138596355915E-002,-6.551118940114975E-002,6.460481137037277E-002,-9.792618155479431E-001,
2.605966666666667E+009,-6.370991468429565E-002,-5.555995553731918E-002,4.954424127936363E-002,-9.877377152442932E-001,-6.370991468429565E-002,-5.555995553731918E-002,4.954424127936363E-002,-9.877377152442932E-001,
2.614333333333334E+009,-8.680772036314011E-002,-2.946688421070576E-002,2.056670375168324E-002,-9.822809696197510E-001,-8.680772036314011E-002,-2.946688421070576E-002,2.056670375168324E-002,-9.822809696197510E-001,
2.622700000000000E+009,-9.123831987380981E-002,8.898445405066013E-003,-4.005976486951113E-003,-9.795734882354736E-001,-9.123831987380981E-002,8.898445405066013E-003,-4.005976486951113E-003,-9.795734882354736E-001,
2.631066666666667E+009,-7.511685043573380E-002,4.580305889248848E-002,-2.877332456409931E-002,-9.894731640815735E-001,-7.511685043573380E-002,4.580305889248848E-002,-2.877332456409931E-002,-9.894731640815735E-001,
2.639433333333334E+009,-4.278681427240372E-002,6.927985697984695E-002,-5.147157609462738E-002,-9.797458648681641E-001,-4.278681427240372E-002,6.927985697984695E-002,-5.147157609462738E-002,-9.797458648681641E-001,
2.647800000000000E+009,-3.723967121914029E-003,7.444388419389725E-002,-7.835849374532700E-002,-9.786963462829590E-001,-3.723967121914029E-003,7.444388419389725E-002,-7.835849374532700E-002,-9.786963462829590E-001,
2.656166666666667E+009,2.626905031502247E-002,5.837100371718407E-002,-9.921871870756149E-002,-9.804573059082031E-001,2.626905031502247E-002,5.837100371718407E-002,-9.921871870756149E-002,-9.804573059082031E-001,
2.664533333333334E+009,4.016936942934990E-002,2.860968001186848E-002,-1.302377432584763E-001,-9.688017964363098E-001,4.016936942934990E-002,2.860968001186848E-002,-1.302377432584763E-001,-9.688017964363098E-001,
2.672900000000000E+009,3.388234227895737E-002,-5.051812622696161E-003,-1.505555510520935E-001,-9.692006111145020E-001,3.388234227895737E-002,-5.051812622696161E-003,-1.505555510520935E-001,-9.692006111145020E-001,
2.681266666666667E+009,8.512235246598721E-003,-3.059637732803822E-002,-1.761935502290726E-001,-9.634410738945007E-001,8.512235246598721E-003,-3.059637732803822E-002,-1.761935502290726E-001,-9.634410738945007E-001,
2.689633333333334E+009,-2.856203541159630E-002,-4.088973999023438E-002,-1.994000077247620E-001,-9.635663628578186E-001,-2.856203541159630E-002,-4.088973999023438E-002,-1.994000077247620E-001,-9.635663628578186E-001,
2.698000000000000E+009,-6.322870403528214E-002,-3.110601380467415E-002,-2.169705480337143E-001,-9.554843306541443E-001,-6.322870403528214E-002,-3.110601380467415E-002,-2.169705480337143E-001,-9.554843306541443E-001,
2.706366666666667E+009,-8.539667725563049E-002,-4.185314290225506E-003,-2.470007985830307E-001,-9.460490345954895E-001,-8.539667725563049E-002,-4.185314290225506E-003,-2.470007985830307E-001,-9.460490345954895E-001,
2.714733333333334E+009,-8.779625594615936E-002,3.014180809259415E-002,-2.675257623195648E-001,-9.454339742660523E-001,-8.779625594615936E-002,3.014180809259415E-002,-2.675257623195648E-001,-9.454339742660523E-001,
2.723100000000000E+009,-6.922965496778488E-002,6.385297328233719E-002,-2.905307114124298E-001,-9.327718615531921E-001,-6.922965496778488E-002,6.385297328233719E-002,-2.905307114124298E-001,-9.327718615531921E-001,
2.731466666666667E+009,-3.314732387661934E-002,8.598912507295609E-002,-3.153934776782990E-001,-9.305276870727539E-001,-3.314732387661934E-002,8.598912507295609E-002,-3.153934776782990E-001,-9.305276870727539E-001,
2.739833333333334E+009,7.089425344020128E-003,8.797042816877365E-002,-3.388293683528900E-001,-9.161698222160339E-001,7.089425344020128E-003,8.797042816877365E-002,-3.388293683528900E-001,-9.161698222160339E-001,
2.748200000000000E+009,4.087380692362785E-002,7.223881036043167E-002,-3.602233231067658E-001,-9.113548398017883E-001,4.087380692362785E-002,7.223881036043167E-002,-3.602233231067658E-001,-9.113548398017883E-001,
2.756566666666667E+009,5.814261361956596E-002,4.206501320004463E-002,-3.825416266918182E-001,-9.039041996002197E-001,5.814261361956596E-002,4.206501320004463E-002,-3.825416266918182E-001,-9.039041996002197E-001,
2.764933333333334E+009,5.459626391530037E-002,8.080806583166122E-003,-4.119541049003601E-001,-8.995751142501831E-001,5.459626391530037E-002,8.080806583166122E-003,-4.119541049003601E-001,-8.995751142501831E-001,
2.773300000000000E+009,3.207919374108315E-002,-1.962171681225300E-002,-4.295178949832916E-001,-8.836506605148315E-001,3.207919374108315E-002,-1.962171681225300E-002,-4.295178949832916E-001,-8.836506605148315E-001,
2.781666666666667E+009,-5.545049905776978E-003,-3.015865944325924E-002,-4.475094079971314E-001,-8.720183968544006E-001,-5.545049905776978E-003,-3.015865944325924E-002,-4.475094079971314E-001,-8.720183968544006E-001,
2.790033333333334E+009,-4.212338477373123E-002,-2.264901250600815E-002,-4.726488888263702E-001,-8.636533617973328E-001,-4.212338477373123E-002,-2.264901250600815E-002,-4.726488888263702E-001,-8.636533617973328E-001,
2.798400000000000E+009,-6.807746738195419E-002,2.543434966355562E-003,-4.954199194908142E-001,-8.540523052215576E-001,-6.807746738195419E-002,2.543434966355562E-003,-4.954199194908142E-001,-8.540523052215576E-001,
2.806766666666667E+009,-7.211507111787796E-002,3.586480766534805E-002,-5.134769678115845E-001,-8.351906538009644E-001,-7.211507111787796E-002,3.586480766534805E-002,-5.134769678115845E-001,-8.351906538009644E-001,
2.815133333333334E+009,-5.752050876617432E-002,6.607240438461304E-002,-5.333774089813232E-001,-8.263165354728699E-001,-5.752050876617432E-002,6.607240438461304E-002,-5.333774089813232E-001,-8.263165354728699E-001,
2.823500000000000E+009,-2.248068712651730E-002,8.582650870084763E-002,-5.560565590858460E-001,-8.117456436157227E-001,-2.248068712651730E-002,8.582650870084763E-002,-5.560565590858460E-001,-8.117456436157227E-001,
2.831866666666667E+009,1.749131083488464E-002,8.539320528507233E-002,-5.745591521263123E-001,-7.957612872123718E-001,1.749131083488464E-002,8.539320528507233E-002,-5.745591521263123E-001,-7.957612872123718E-001,
2.840233333333334E+009,5.307814478874207E-002,6.721067428588867E-002,-6.012036204338074E-001,-7.806386351585388E-001,5.307814478874207E-002,6.721067428588867E-002,-6.012036204338074E-001,-7.806386351585388E-001,
2.848600000000000E+009,7.282201200723648E-002,3.662662208080292E-002,-6.149585247039795E-001,-7.636374235153198E-001,7.282201200723648E-002,3.662662208080292E-002,-6.149585247039795E-001,-7.636374235153198E-001,
2.856966666666667E+009,7.105553895235062E-002,2.209797734394670E-003,-6.314321756362915E-001,-7.506292462348938E-001,7.105553895235062E-002,2.209797734394670E-003,-6.314321756362915E-001,-7.506292462348938E-001,
2.865333333333334E+009,4.782301187515259E-002,-2.532544732093811E-002,-6.493034362792969E-001,-7.401618361473084E-001,4.782301187515259E-002,-2.532544732093811E-002,-6.493034362792969E-001,-7.401618361473084E-001,
2.873700000000000E+009,9.708332829177380E-003,-3.520480170845985E-002,-6.720873713493347E-001,-7.157670855522156E-001,9.708332829177380E-003,-3.520480170845985E-002,-6.720873713493347E-001,-7.157670855522156E-001,
2.882066666666667E+009,-2.893169783055782E-002,-2.540070563554764E-002,-6.863517761230469E-001,-6.958659291267395E-001,-2.893169783055782E-002,-2.540070563554764E-002,-6.863517761230469E-001,-6.958659291267395E-001,
2.890433333333334E+009,-5.802904069423676E-002,1.676903921179473E-003,-7.023493647575378E-001,-6.820178031921387E-001,-5.802904069423676E-002,1.676903921179473E-003,-7.023493647575378E-001,-6.820178031921387E-001,
2.898800000000000E+009,-6.619261950254440E-002,3.834375739097595E-002,-7.176541090011597E-001,-6.661327481269836E-001,-6.619261950254440E-002,3.834375739097595E-002,-7.176541090011597E-001,-6.661327481269836E-001,
2.907166666666667E+009,-5.192631110548973E-002,7.093334943056107E-002,-7.312366962432861E-001,-6.493518352508545E-001,-5.192631110548973E-002,7.093334943056107E-002,-7.312366962432861E-001,-6.493518352508545E-001,
2.915533333333334E+009,-1.804474554955959E-002,9.100273996591568E-002,-7.549382448196411E-001,-6.273891329765320E-001,-1.804474554955959E-002,9.100273996591568E-002,-7.549382448196411E-001,-6.273891329765320E-001,
2.923900000000000E+009,2.317202091217041E-002,9.078488498926163E-002,-7.646048069000244E-001,-6.143010854721069E-001,2.317202091217041E-002,9.078488498926163E-002,-7.646048069000244E-001,-6.143010854721069E-001,
2.932266666666667E+009,6.194706633687019E-002,7.090682536363602E-002,-7.789014577865601E-001,-5.968384146690369E-001,6.194706633687019E-002,7.090682536363602E-002,-7.789014577865601E-001,-5.968384146690369E-001,
2.940633333333334E+009,8.425845950841904E-002,3.515245020389557E-002,-7.958036065101624E-001,-5.733892917633057E-001,8.425845950841904E-002,3.515245020389557E-002,-7.958036065101624E-001,-5.733892917633057E-001,
2.949000000000000E+009,8.508833497762680E-002,-5.172444973140955E-003,-8.155664801597595E-001,-5.491300225257874E-001,8.508833497762680E-002,-5.172444973140955E-003,-8.155664801597595E-001,-5.491300225257874E-001,
2.957366666666667E+009,6.415805965662003E-002,-3.536441549658775E-002,-8.245653510093689E-001,-5.364672541618347E-001,6.415805965662003E-002,-3.536441549658775E-002,-8.245653510093689E-001,-5.364672541618347E-001,
2.965733333333334E+009,2.654497697949410E-002,-4.773496836423874E-002,-8.406804800033569E-001,-5.118445754051209E-001,2.654497697949410E-002,-4.773496836423874E-002,-8.406804800033569E-001,-5.118445754051209E-001,
2.974100000000000E+009,-1.384639088064432E-002,-3.796441853046417E-002,-8.550433516502380E-001,-4.866631627082825E-001,-1.384639088064432E-002,-3.796441853046417E-002,-8.550433516502380E-001,-4.866631627082825E-001,
2.982466666666667E+009,-4.464888945221901E-002,-7.083602715283632E-003,-8.687083721160889E-001,-4.594045877456665E-001,-4.464888945221901E-002,-7.083602715283632E-003,-8.687083721160889E-001,-4.594045877456665E-001,
2.990833333333334E+009,-5.557449162006378E-002,3.187251836061478E-002,-8.720681071281433E-001,-4.450359046459198E-001,-5.557449162006378E-002,3.187251836061478E-002,-8.720681071281433E-001,-4.450359046459198E-001,
2.999200000000000E+009,-4.327480494976044E-002,6.870448589324951E-002,-8.853043317794800E-001,-4.228262305259705E-001,-4.327480494976044E-002,6.870448589324951E-002,-8.853043317794800E-001,-4.228262305259705E-001,
3.007566666666667E+009,-1.077974028885365E-002,9.129957109689713E-002,-8.959205746650696E-001,-3.988993763923645E-001,-1.077974028885365E-002,9.129957109689713E-002,-8.959205746650696E-001,-3.988993763923645E-001,
3.015933333333334E+009,3.241212666034699E-002,8.999551832675934E-002,-9.022235870361328E-001,-3.827935159206390E-001,3.241212666034699E-002,8.999551832675934E-002,-9.022235870361328E-001,-3.827935159206390E-001,
3.024300000000000E+009,7.086624950170517E-002,6.650662422180176E-002,-9.140729904174805E-001,-3.609013557434082E-001,7.086624950170517E-002,6.650662422180176E-002,-9.140729904174805E-001,-3.609013557434082E-001,
3.032666666666667E+009,9.457296133041382E-002,2.441002801060677E-002,-9.232196807861328E-001,-3.365252912044525E-001,9.457296133041382E-002,2.441002801060677E-002,-9.232196807861328E-001,-3.365252912044525E-001,
3.041033333333334E+009,9.404650330543518E-002,-2.050971239805222E-002,-9.297642707824707E-001,-3.147134482860565E-001,9.404650330543518E-002,-2.050971239805222E-002,-9.297642707824707E-001,-3.147134482860565E-001,
3.049400000000000E+009,6.965968012809753E-002,-5.585942044854164E-002,-9.382722377777100E-001,-2.834595143795013E-001,6.965968012809753E-002,-5.585942044854164E-002,-9.382722377777100E-001,-2.834595143795013E-001,
3.057766666666667E+009,2.976883947849274E-002,-7.033905386924744E-002,-9.469238519668579E-001,-2.743385732173920E-001,2.976883947849274E-002,-7.033905386924744E-002,-9.469238519668579E-001,-2.743385732173920E-001,
3.066133333333334E+009,-1.387376151978970E-002,-5.867708846926689E-002,-9.492104053497315E-001,-2.382268011569977E-001,-1.387376151978970E-002,-5.867708846926689E-002,-9.492104053497315E-001,-2.382268011569977E-001,
3.074500000000000E+009,-4.616581648588181E-002,-2.412541210651398E-002,-9.597147107124329E-001,-2.142228931188583E-001,-4.616581648588181E-002,-2.412541210651398E-002,-9.597147107124329E-001,-2.142228931188583E-001,
3.082866666666667E+009,-5.723797902464867E-002,2.369515597820282E-002,-9.631430506706238E-001,-1.937611103057861E-001,-5.723797902464867E-002,2.369515597820282E-002,-9.631430506706238E-001,-1.937611103057861E-001,
3.091233333333334E+009,-4.123700410127640E-002,6.938795000314713E-002,-9.666060805320740E-001,-1.651438772678375E-001,-4.123700410127640E-002,6.938795000314713E-002,-9.666060805320740E-001,-1.651438772678375E-001,
3.099600000000000E+009,-3.152612829580903E-003,9.593933075666428E-002,-9.670051932334900E-001,-1.457466036081314E-001,-3.152612829580903E-003,9.593933075666428E-002,-9.670051932334900E-001,-1.457466036081314E-001,
3.107966666666667E+009,4.557243734598160E-002,9.549425542354584E-002,-9.733325242996216E-001,-1.254628002643585E-001,4.557243734598160E-002,9.549425542354584E-002,-9.733325242996216E-001,-1.254628002643585E-001,
3.116333333333334E+009,9.016770869493485E-002,6.684281677007675E-002,-9.735538959503174E-001,-9.732779115438461E-002,9.016770869493485E-002,6.684281677007675E-002,-9.735538959503174E-001,-9.732779115438461E-002,
3.124700000000000E+009,1.134756803512573E-001,1.776370964944363E-002,-9.792161583900452E-001,-7.757218927145004E-002,1.134756803512573E-001,1.776370964944363E-002,-9.792161583900452E-001,-7.757218927145004E-002,
3.133066666666667E+009,1.124430596828461E-001,-3.753817453980446E-002,-9.830075502395630E-001,-4.680610448122025E-002,1.124430596828461E-001,-3.753817453980446E-002,-9.830075502395630E-001,-4.680610448122025E-002,
3.141433333333334E+009,8.476487547159195E-002,-8.267981559038162E-002,-9.826623201370239E-001,-2.816447056829929E-002,8.476487547159195E-002,-8.267981559038162E-002,-9.826623201370239E-001,-2.816447056829929E-002,
3.149800000000000E+009,3.637140244245529E-002,-1.045286059379578E-001,-9.865517616271973E-001,5.053576547652483E-003,3.637140244245529E-002,-1.045286059379578E-001,-9.865517616271973E-001,5.053576547652483E-003,
3.158166666666667E+009,-1.408538781106472E-002,-9.510187059640884E-002,-9.822317361831665E-001,3.003213182091713E-002,-1.408538781106472E-002,-9.510187059640884E-002,-9.822317361831665E-001,3.003213182091713E-002,
3.166533333333334E+009,-5.221768096089363E-002,-5.904309079051018E-002,-9.820994734764099E-001,5.178410559892654E-002,-5.221768096089363E-002,-5.904309079051018E-002,-9.820994734764099E-001,5.178410559892654E-002,
3.174900000000000E+009,-6.908924877643585E-002,-6.618118379265070E-003,-9.784609079360962E-001,7.705504447221756E-002,-6.908924877643585E-002,-6.618118379265070E-003,-9.784609079360962E-001,7.705504447221756E-002,
3.183266666666667E+009,-5.489737913012505E-002,4.664920270442963E-002,-9.728012681007385E-001,1.018105670809746E-001,-5.489737913012505E-002,4.664920270442963E-002,-9.728012681007385E-001,1.018105670809746E-001,
3.191633333333334E+009,-1.677361875772476E-002,7.878427952528000E-002,-9.672582745552063E-001,1.238657087087631E-001,-1.677361875772476E-002,7.878427952528000E-002,-9.672582745552063E-001,1.238657087087631E-001,
3.200000000000000E+009,3.201732784509659E-002,8.252842724323273E-002,-9.691615700721741E-001,1.438126116991043E-001,3.201732784509659E-002,8.252842724323273E-002,-9.691615700721741E-001,1.438126116991043E-001,
