% Version 1.00
%
%freq[Hz],re:Trc1_S11,im:Trc1_S11,re:Trc2_S21,im:Trc2_S21,re:Trc3_S11,im:Trc3_S11,re:Trc4_S21,im:Trc4_S21,
6.900000000000000E+008,-5.632845312356949E-002,5.121253430843353E-002,-5.128281712532044E-001,-8.396324515342712E-001,-5.632845312356949E-002,5.121253430843353E-002,-5.128281712532044E-001,-8.396324515342712E-001,
6.983666666666666E+008,-4.878195375204086E-002,5.172643810510635E-002,-5.284979939460754E-001,-8.240974545478821E-001,-4.878195375204086E-002,5.172643810510635E-002,-5.284979939460754E-001,-8.240974545478821E-001,
7.067333333333334E+008,-4.273965582251549E-002,4.925326257944107E-002,-5.585150122642517E-001,-7.985323071479797E-001,-4.273965582251549E-002,4.925326257944107E-002,-5.585150122642517E-001,-7.985323071479797E-001,
7.151000000000000E+008,-4.373065382242203E-002,4.073672369122505E-002,-5.673048496246338E-001,-7.884214520454407E-001,-4.373065382242203E-002,4.073672369122505E-002,-5.673048496246338E-001,-7.884214520454407E-001,
7.234666666666666E+008,-4.366781935095787E-002,3.604757785797119E-002,-6.067913174629211E-001,-7.769171595573425E-001,-4.366781935095787E-002,3.604757785797119E-002,-6.067913174629211E-001,-7.769171595573425E-001,
7.318333333333334E+008,-5.114560574293137E-002,3.347223252058029E-002,-6.141683459281921E-001,-7.726213932037354E-001,-5.114560574293137E-002,3.347223252058029E-002,-6.141683459281921E-001,-7.726213932037354E-001,
7.402000000000000E+008,-5.844824016094208E-002,3.595844283699989E-002,-6.410925984382629E-001,-7.467302680015564E-001,-5.844824016094208E-002,3.595844283699989E-002,-6.410925984382629E-001,-7.467302680015564E-001,
7.485666666666666E+008,-6.329259276390076E-002,4.200034588575363E-002,-6.622481942176819E-001,-7.095318436622620E-001,-6.329259276390076E-002,4.200034588575363E-002,-6.622481942176819E-001,-7.095318436622620E-001,
7.569333333333334E+008,-6.303831189870834E-002,5.159981176257134E-002,-6.774933338165283E-001,-7.096335887908936E-001,-6.303831189870834E-002,5.159981176257134E-002,-6.774933338165283E-001,-7.096335887908936E-001,
7.653000000000000E+008,-5.885783210396767E-002,6.080684065818787E-002,-6.813364624977112E-001,-7.013142108917236E-001,-5.885783210396767E-002,6.080684065818787E-002,-6.813364624977112E-001,-7.013142108917236E-001,
7.736666666666666E+008,-5.042599514126778E-002,6.965523213148117E-002,-7.107773423194885E-001,-6.945470571517944E-001,-5.042599514126778E-002,6.965523213148117E-002,-7.107773423194885E-001,-6.945470571517944E-001,
7.820333333333334E+008,-4.361512511968613E-002,7.359069585800171E-002,-7.334226965904236E-001,-6.721333861351013E-001,-4.361512511968613E-002,7.359069585800171E-002,-7.334226965904236E-001,-6.721333861351013E-001,
7.904000000000000E+008,-3.399874642491341E-002,7.216688245534897E-002,-7.471467852592468E-001,-6.498236060142517E-001,-3.399874642491341E-002,7.216688245534897E-002,-7.471467852592468E-001,-6.498236060142517E-001,
7.987666666666666E+008,-2.611266635358334E-002,6.775890290737152E-002,-7.607837915420532E-001,-6.273263692855835E-001,-2.611266635358334E-002,6.775890290737152E-002,-7.607837915420532E-001,-6.273263692855835E-001,
8.071333333333334E+008,-2.614446915686131E-002,6.383434683084488E-002,-7.732141613960266E-001,-6.134749054908752E-001,-2.614446915686131E-002,6.383434683084488E-002,-7.732141613960266E-001,-6.134749054908752E-001,
8.155000000000000E+008,-3.022444434463978E-002,5.669018998742104E-002,-7.821279168128967E-001,-5.688483715057373E-001,-3.022444434463978E-002,5.669018998742104E-002,-7.821279168128967E-001,-5.688483715057373E-001,
8.238666666666666E+008,-3.489037230610848E-002,5.478337779641151E-002,-8.145010471343994E-001,-5.723312497138977E-001,-3.489037230610848E-002,5.478337779641151E-002,-8.145010471343994E-001,-5.723312497138977E-001,
8.322333333333334E+008,-4.281128570437431E-002,5.725896731019020E-002,-8.272895812988281E-001,-5.436554551124573E-001,-4.281128570437431E-002,5.725896731019020E-002,-8.272895812988281E-001,-5.436554551124573E-001,
8.406000000000000E+008,-4.680752009153366E-002,6.106652691960335E-002,-8.372241258621216E-001,-5.274526476860046E-001,-4.680752009153366E-002,6.106652691960335E-002,-8.372241258621216E-001,-5.274526476860046E-001,
8.489666666666668E+008,-4.662377014756203E-002,6.960111111402512E-002,-8.580828905105591E-001,-5.013030767440796E-001,-4.662377014756203E-002,6.960111111402512E-002,-8.580828905105591E-001,-5.013030767440796E-001,
8.573333333333334E+008,-4.265302792191505E-002,7.721185684204102E-002,-8.628438711166382E-001,-4.840661883354187E-001,-4.265302792191505E-002,7.721185684204102E-002,-8.628438711166382E-001,-4.840661883354187E-001,
8.657000000000000E+008,-3.497750312089920E-002,8.600958436727524E-002,-8.774347901344299E-001,-4.534383416175842E-001,-3.497750312089920E-002,8.600958436727524E-002,-8.774347901344299E-001,-4.534383416175842E-001,
8.740666666666668E+008,-2.601091377437115E-002,9.094294905662537E-002,-8.706443309783936E-001,-4.356237053871155E-001,-2.601091377437115E-002,9.094294905662537E-002,-8.706443309783936E-001,-4.356237053871155E-001,
8.824333333333334E+008,-1.596098765730858E-002,8.962716907262802E-002,-9.023233056068420E-001,-4.040968120098114E-001,-1.596098765730858E-002,8.962716907262802E-002,-9.023233056068420E-001,-4.040968120098114E-001,
8.908000000000000E+008,-8.050075732171536E-003,8.983336389064789E-002,-9.139063358306885E-001,-4.009234309196472E-001,-8.050075732171536E-003,8.983336389064789E-002,-9.139063358306885E-001,-4.009234309196472E-001,
8.991666666666668E+008,-5.271045956760645E-003,8.298061788082123E-002,-9.247325062751770E-001,-3.704318106174469E-001,-5.271045956760645E-003,8.298061788082123E-002,-9.247325062751770E-001,-3.704318106174469E-001,
9.075333333333334E+008,-5.215262062847614E-003,7.874386757612228E-002,-9.145967960357666E-001,-3.470133244991303E-001,-5.215262062847614E-003,7.874386757612228E-002,-9.145967960357666E-001,-3.470133244991303E-001,
9.159000000000000E+008,-7.189887110143900E-003,7.462695240974426E-002,-9.312936067581177E-001,-3.352839350700378E-001,-7.189887110143900E-003,7.462695240974426E-002,-9.312936067581177E-001,-3.352839350700378E-001,
9.242666666666668E+008,-1.189635787159205E-002,7.020296156406403E-002,-9.411745071411133E-001,-3.073451817035675E-001,-1.189635787159205E-002,7.020296156406403E-002,-9.411745071411133E-001,-3.073451817035675E-001,
9.326333333333334E+008,-1.607705838978291E-002,7.269944995641708E-002,-9.449172019958496E-001,-2.741974890232086E-001,-1.607705838978291E-002,7.269944995641708E-002,-9.449172019958496E-001,-2.741974890232086E-001,
9.410000000000000E+008,-2.059054560959339E-002,7.937163114547730E-002,-9.507619738578796E-001,-2.451612353324890E-001,-2.059054560959339E-002,7.937163114547730E-002,-9.507619738578796E-001,-2.451612353324890E-001,
9.493666666666668E+008,-2.069251984357834E-002,8.697776496410370E-002,-9.558357596397400E-001,-2.370040416717529E-001,-2.069251984357834E-002,8.697776496410370E-002,-9.558357596397400E-001,-2.370040416717529E-001,
9.577333333333334E+008,-1.497700810432434E-002,9.479391574859619E-002,-9.793702363967896E-001,-1.945134848356247E-001,-1.497700810432434E-002,9.479391574859619E-002,-9.793702363967896E-001,-1.945134848356247E-001,
9.661000000000000E+008,-5.812755785882473E-003,1.015787422657013E-001,-9.624589085578919E-001,-1.793406456708908E-001,-5.812755785882473E-003,1.015787422657013E-001,-9.624589085578919E-001,-1.793406456708908E-001,
9.744666666666668E+008,4.657079931348562E-003,1.059353873133659E-001,-9.749743342399597E-001,-1.478315591812134E-001,4.657079931348562E-003,1.059353873133659E-001,-9.749743342399597E-001,-1.478315591812134E-001,
9.828333333333334E+008,1.921368017792702E-002,1.034752801060677E-001,-9.707517623901367E-001,-1.219929978251457E-001,1.921368017792702E-002,1.034752801060677E-001,-9.707517623901367E-001,-1.219929978251457E-001,
9.912000000000000E+008,2.912523411214352E-002,1.003072559833527E-001,-9.815945029258728E-001,-1.116901412606239E-001,2.912523411214352E-002,1.003072559833527E-001,-9.815945029258728E-001,-1.116901412606239E-001,
9.995666666666668E+008,3.380763903260231E-002,9.065961837768555E-002,-9.841603636741638E-001,-7.873083651065826E-002,3.380763903260231E-002,9.065961837768555E-002,-9.841603636741638E-001,-7.873083651065826E-002,
1.007933333333333E+009,3.420297428965569E-002,8.293224126100540E-002,-9.884359836578369E-001,-5.627825111150742E-002,3.420297428965569E-002,8.293224126100540E-002,-9.884359836578369E-001,-5.627825111150742E-002,
1.016300000000000E+009,2.835228480398655E-002,7.422650605440140E-002,-9.885706901550293E-001,-3.106462024152279E-002,2.835228480398655E-002,7.422650605440140E-002,-9.885706901550293E-001,-3.106462024152279E-002,
1.024666666666667E+009,2.028659172356129E-002,7.362095266580582E-002,-9.901949167251587E-001,-9.290859103202820E-003,2.028659172356129E-002,7.362095266580582E-002,-9.901949167251587E-001,-9.290859103202820E-003,
1.033033333333333E+009,1.381131634116173E-002,7.492113858461380E-002,-9.672273993492127E-001,2.985124476253986E-002,1.381131634116173E-002,7.492113858461380E-002,-9.672273993492127E-001,2.985124476253986E-002,
1.041400000000000E+009,1.054006442427635E-002,8.138563483953476E-002,-9.752426147460938E-001,5.033090710639954E-002,1.054006442427635E-002,8.138563483953476E-002,-9.752426147460938E-001,5.033090710639954E-002,
1.049766666666667E+009,1.101120002567768E-002,9.000994265079498E-002,-9.834482669830322E-001,7.475662976503372E-002,1.101120002567768E-002,9.000994265079498E-002,-9.834482669830322E-001,7.475662976503372E-002,
1.058133333333333E+009,2.035780809819698E-002,9.827427566051483E-002,-9.767228364944458E-001,9.906486421823502E-002,2.035780809819698E-002,9.827427566051483E-002,-9.767228364944458E-001,9.906486421823502E-002,
1.066500000000000E+009,3.408047556877136E-002,1.023155450820923E-001,-9.603415131568909E-001,1.267367303371429E-001,3.408047556877136E-002,1.023155450820923E-001,-9.603415131568909E-001,1.267367303371429E-001,
1.074866666666667E+009,4.731968790292740E-002,9.837317466735840E-002,-9.688582420349121E-001,1.556182354688644E-001,4.731968790292740E-002,9.837317466735840E-002,-9.688582420349121E-001,1.556182354688644E-001,
1.083233333333334E+009,6.058265641331673E-002,9.362640231847763E-002,-9.648594260215759E-001,1.721058189868927E-001,6.058265641331673E-002,9.362640231847763E-002,-9.648594260215759E-001,1.721058189868927E-001,
1.091600000000000E+009,6.545878201723099E-002,8.105727285146713E-002,-9.577870368957520E-001,2.053826749324799E-001,6.545878201723099E-002,8.105727285146713E-002,-9.577870368957520E-001,2.053826749324799E-001,
1.099966666666667E+009,6.733214110136032E-002,6.830233335494995E-002,-9.533347487449646E-001,2.229492217302322E-001,6.733214110136032E-002,6.830233335494995E-002,-9.533347487449646E-001,2.229492217302322E-001,
1.108333333333334E+009,5.899738520383835E-002,5.832519754767418E-002,-9.638660550117493E-001,2.423522472381592E-001,5.899738520383835E-002,5.832519754767418E-002,-9.638660550117493E-001,2.423522472381592E-001,
1.116700000000000E+009,4.777035489678383E-002,5.874433740973473E-002,-9.487240910530090E-001,2.774365246295929E-001,4.777035489678383E-002,5.874433740973473E-002,-9.487240910530090E-001,2.774365246295929E-001,
1.125066666666667E+009,3.626029193401337E-002,6.007017567753792E-002,-9.345055818557739E-001,2.987987101078033E-001,3.626029193401337E-002,6.007017567753792E-002,-9.345055818557739E-001,2.987987101078033E-001,
1.133433333333334E+009,2.653753384947777E-002,7.211001217365265E-002,-9.287967085838318E-001,3.183065950870514E-001,2.653753384947777E-002,7.211001217365265E-002,-9.287967085838318E-001,3.183065950870514E-001,
1.141800000000000E+009,2.876994013786316E-002,8.458209782838821E-002,-9.161334037780762E-001,3.423568010330200E-001,2.876994013786316E-002,8.458209782838821E-002,-9.161334037780762E-001,3.423568010330200E-001,
1.150166666666667E+009,3.633658960461617E-002,9.633759409189224E-002,-9.096367955207825E-001,3.735592961311340E-001,3.633658960461617E-002,9.633759409189224E-002,-9.096367955207825E-001,3.735592961311340E-001,
1.158533333333334E+009,5.574756488204002E-002,1.028783246874809E-001,-8.986943960189819E-001,3.946936726570129E-001,5.574756488204002E-002,1.028783246874809E-001,-8.986943960189819E-001,3.946936726570129E-001,
1.166900000000000E+009,7.625082135200501E-002,1.002202555537224E-001,-8.895975351333618E-001,4.188704192638397E-001,7.625082135200501E-002,1.002202555537224E-001,-8.895975351333618E-001,4.188704192638397E-001,
1.175266666666667E+009,9.256658703088760E-002,8.921914547681809E-002,-8.712668418884277E-001,4.327378571033478E-001,9.256658703088760E-002,8.921914547681809E-002,-8.712668418884277E-001,4.327378571033478E-001,
1.183633333333334E+009,1.056102141737938E-001,7.298135012388229E-002,-8.650594949722290E-001,4.599431455135346E-001,1.056102141737938E-001,7.298135012388229E-002,-8.650594949722290E-001,4.599431455135346E-001,
1.192000000000000E+009,1.070439815521240E-001,5.520651116967201E-002,-8.583039045333862E-001,4.865966737270355E-001,1.070439815521240E-001,5.520651116967201E-002,-8.583039045333862E-001,4.865966737270355E-001,
1.200366666666667E+009,9.717881679534912E-002,3.736337646842003E-002,-8.441850543022156E-001,5.041491389274597E-001,9.717881679534912E-002,3.736337646842003E-002,-8.441850543022156E-001,5.041491389274597E-001,
1.208733333333334E+009,8.004880696535111E-002,2.914687059819698E-002,-8.381957411766052E-001,5.335745811462402E-001,8.004880696535111E-002,2.914687059819698E-002,-8.381957411766052E-001,5.335745811462402E-001,
1.217100000000000E+009,6.186864152550697E-002,3.145938739180565E-002,-8.048823475837708E-001,5.456343889236450E-001,6.186864152550697E-002,3.145938739180565E-002,-8.048823475837708E-001,5.456343889236450E-001,
1.225466666666667E+009,5.180019140243530E-002,4.319135472178459E-002,-8.091543912887573E-001,5.725870132446289E-001,5.180019140243530E-002,4.319135472178459E-002,-8.091543912887573E-001,5.725870132446289E-001,
1.233833333333334E+009,5.111533030867577E-002,5.794759094715118E-002,-7.877088785171509E-001,5.932473540306091E-001,5.111533030867577E-002,5.794759094715118E-002,-7.877088785171509E-001,5.932473540306091E-001,
1.242200000000000E+009,5.827692151069641E-002,7.145310938358307E-002,-7.585095167160034E-001,6.086819171905518E-001,5.827692151069641E-002,7.145310938358307E-002,-7.585095167160034E-001,6.086819171905518E-001,
1.250566666666667E+009,7.473027706146240E-002,7.967600971460342E-002,-7.626354694366455E-001,6.363256573677063E-001,7.473027706146240E-002,7.967600971460342E-002,-7.626354694366455E-001,6.363256573677063E-001,
1.258933333333334E+009,9.603005647659302E-002,7.832642644643784E-002,-7.385719418525696E-001,6.474041342735291E-001,9.603005647659302E-002,7.832642644643784E-002,-7.385719418525696E-001,6.474041342735291E-001,
1.267300000000000E+009,1.142569705843926E-001,6.382379680871964E-002,-7.146316170692444E-001,6.633053421974182E-001,1.142569705843926E-001,6.382379680871964E-002,-7.146316170692444E-001,6.633053421974182E-001,
1.275666666666667E+009,1.252486556768417E-001,4.533417150378227E-002,-7.130925059318543E-001,6.686493158340454E-001,1.252486556768417E-001,4.533417150378227E-002,-7.130925059318543E-001,6.686493158340454E-001,
1.284033333333334E+009,1.263441145420075E-001,2.167131192982197E-002,-6.793110966682434E-001,7.206550240516663E-001,1.263441145420075E-001,2.167131192982197E-002,-6.793110966682434E-001,7.206550240516663E-001,
1.292400000000000E+009,1.138522848486900E-001,3.441015025600791E-003,-6.763606667518616E-001,7.186334133148193E-001,1.138522848486900E-001,3.441015025600791E-003,-6.763606667518616E-001,7.186334133148193E-001,
1.300766666666667E+009,9.547373652458191E-002,-3.841019701212645E-003,-6.580586433410645E-001,7.351042628288269E-001,9.547373652458191E-002,-3.841019701212645E-003,-6.580586433410645E-001,7.351042628288269E-001,
1.309133333333334E+009,7.622200250625610E-002,-1.031504012644291E-003,-6.442210674285889E-001,7.623251080513001E-001,7.622200250625610E-002,-1.031504012644291E-003,-6.442210674285889E-001,7.623251080513001E-001,
1.317500000000000E+009,6.271760910749435E-002,1.127454172819853E-002,-6.099912524223328E-001,7.889335155487061E-001,6.271760910749435E-002,1.127454172819853E-002,-6.099912524223328E-001,7.889335155487061E-001,
1.325866666666667E+009,5.906337127089500E-002,2.719855494797230E-002,-5.919617414474487E-001,7.870995402336121E-001,5.906337127089500E-002,2.719855494797230E-002,-5.919617414474487E-001,7.870995402336121E-001,
1.334233333333334E+009,6.738606095314026E-002,4.485397040843964E-002,-5.695948600769043E-001,7.987722158432007E-001,6.738606095314026E-002,4.485397040843964E-002,-5.695948600769043E-001,7.987722158432007E-001,
1.342600000000000E+009,8.492766320705414E-002,4.842199757695198E-002,-5.555722713470459E-001,8.177689909934998E-001,8.492766320705414E-002,4.842199757695198E-002,-5.555722713470459E-001,8.177689909934998E-001,
1.350966666666667E+009,1.031184941530228E-001,4.515377432107925E-002,-5.247868299484253E-001,8.332216739654541E-001,1.031184941530228E-001,4.515377432107925E-002,-5.247868299484253E-001,8.332216739654541E-001,
1.359333333333334E+009,1.192220076918602E-001,3.045012988150120E-002,-5.067000389099121E-001,8.408126235008240E-001,1.192220076918602E-001,3.045012988150120E-002,-5.067000389099121E-001,8.408126235008240E-001,
1.367700000000000E+009,1.251639425754547E-001,7.566131651401520E-003,-4.888779819011688E-001,8.510037064552307E-001,1.251639425754547E-001,7.566131651401520E-003,-4.888779819011688E-001,8.510037064552307E-001,
1.376066666666667E+009,1.188068091869354E-001,-1.656390167772770E-002,-4.636502265930176E-001,8.618953824043274E-001,1.188068091869354E-001,-1.656390167772770E-002,-4.636502265930176E-001,8.618953824043274E-001,
1.384433333333334E+009,1.030916571617127E-001,-3.032242693006992E-002,-4.557728469371796E-001,8.730279803276062E-001,1.030916571617127E-001,-3.032242693006992E-002,-4.557728469371796E-001,8.730279803276062E-001,
1.392800000000000E+009,7.977396249771118E-002,-3.368132933974266E-002,-4.312664568424225E-001,8.805108666419983E-001,7.977396249771118E-002,-3.368132933974266E-002,-4.312664568424225E-001,8.805108666419983E-001,
1.401166666666667E+009,6.305226683616638E-002,-2.506167627871037E-002,-3.984571695327759E-001,9.081742763519287E-001,6.305226683616638E-002,-2.506167627871037E-002,-3.984571695327759E-001,9.081742763519287E-001,
1.409533333333334E+009,5.160896107554436E-002,-4.969002678990364E-003,-3.750346302986145E-001,9.165047407150269E-001,5.160896107554436E-002,-4.969002678990364E-003,-3.750346302986145E-001,9.165047407150269E-001,
1.417900000000000E+009,5.178198963403702E-002,1.571522653102875E-002,-3.344961404800415E-001,9.088925719261169E-001,5.178198963403702E-002,1.571522653102875E-002,-3.344961404800415E-001,9.088925719261169E-001,
1.426266666666667E+009,6.421513110399246E-002,3.330675140023232E-002,-3.291658163070679E-001,9.394136071205139E-001,6.421513110399246E-002,3.330675140023232E-002,-3.291658163070679E-001,9.394136071205139E-001,
1.434633333333334E+009,8.394432812929153E-002,3.802715986967087E-002,-2.978514730930328E-001,9.319692254066467E-001,8.394432812929153E-002,3.802715986967087E-002,-2.978514730930328E-001,9.319692254066467E-001,
1.443000000000000E+009,1.062207520008087E-001,3.282439708709717E-002,-2.700584828853607E-001,9.429117441177368E-001,1.062207520008087E-001,3.282439708709717E-002,-2.700584828853607E-001,9.429117441177368E-001,
1.451366666666667E+009,1.209156960248947E-001,1.394552458077669E-002,-2.525459825992584E-001,9.489271044731140E-001,1.209156960248947E-001,1.394552458077669E-002,-2.525459825992584E-001,9.489271044731140E-001,
1.459733333333334E+009,1.260995268821716E-001,-9.119362570345402E-003,-2.370579987764359E-001,9.496526718139648E-001,1.260995268821716E-001,-9.119362570345402E-003,-2.370579987764359E-001,9.496526718139648E-001,
1.468100000000000E+009,1.192327886819840E-001,-3.145801648497582E-002,-2.027539014816284E-001,9.556997418403626E-001,1.192327886819840E-001,-3.145801648497582E-002,-2.027539014816284E-001,9.556997418403626E-001,
1.476466666666667E+009,1.020296066999435E-001,-4.705458506941795E-002,-1.823704987764359E-001,9.703964591026306E-001,1.020296066999435E-001,-4.705458506941795E-002,-1.823704987764359E-001,9.703964591026306E-001,
1.484833333333334E+009,7.942996919155121E-002,-4.957155138254166E-002,-1.508094817399979E-001,9.722373485565186E-001,7.942996919155121E-002,-4.957155138254166E-002,-1.508094817399979E-001,9.722373485565186E-001,
1.493200000000000E+009,6.352591514587402E-002,-4.018694162368774E-002,-1.332482546567917E-001,9.744716882705689E-001,6.352591514587402E-002,-4.018694162368774E-002,-1.332482546567917E-001,9.744716882705689E-001,
1.501566666666667E+009,5.467245727777481E-002,-2.136410214006901E-002,-1.021949499845505E-001,9.783610105514526E-001,5.467245727777481E-002,-2.136410214006901E-002,-1.021949499845505E-001,9.783610105514526E-001,
1.509933333333334E+009,5.585334822535515E-002,-9.481839515501633E-005,-8.548378199338913E-002,9.823006391525269E-001,5.585334822535515E-002,-9.481839515501633E-005,-8.548378199338913E-002,9.823006391525269E-001,
1.518300000000000E+009,7.165360450744629E-002,1.441050786525011E-002,-5.729147046804428E-002,9.874875545501709E-001,7.165360450744629E-002,1.441050786525011E-002,-5.729147046804428E-002,9.874875545501709E-001,
1.526666666666667E+009,9.201234579086304E-002,1.869902014732361E-002,-2.165293507277966E-002,9.785485863685608E-001,9.201234579086304E-002,1.869902014732361E-002,-2.165293507277966E-002,9.785485863685608E-001,
1.535033333333334E+009,1.120355501770973E-001,1.200489420443773E-002,-1.681395340710878E-003,9.874435067176819E-001,1.120355501770973E-001,1.200489420443773E-002,-1.681395340710878E-003,9.874435067176819E-001,
1.543400000000000E+009,1.244719102978706E-001,-6.339351646602154E-003,1.857812516391277E-002,9.795129299163818E-001,1.244719102978706E-001,-6.339351646602154E-003,1.857812516391277E-002,9.795129299163818E-001,
1.551766666666667E+009,1.246145367622376E-001,-3.094176016747952E-002,4.122841358184815E-002,9.735589027404785E-001,1.246145367622376E-001,-3.094176016747952E-002,4.122841358184815E-002,9.735589027404785E-001,
1.560133333333334E+009,1.163719370961189E-001,-5.243136733770371E-002,6.219270080327988E-002,9.786546826362610E-001,1.163719370961189E-001,-5.243136733770371E-002,6.219270080327988E-002,9.786546826362610E-001,
1.568500000000000E+009,1.003137603402138E-001,-6.588025391101837E-002,8.046185970306397E-002,9.818940758705139E-001,1.003137603402138E-001,-6.588025391101837E-002,8.046185970306397E-002,9.818940758705139E-001,
1.576866666666667E+009,7.965304702520371E-002,-6.756140291690826E-002,1.209685504436493E-001,9.721092581748962E-001,7.965304702520371E-002,-6.756140291690826E-002,1.209685504436493E-001,9.721092581748962E-001,
1.585233333333334E+009,6.596334278583527E-002,-5.873740836977959E-002,1.362202763557434E-001,9.739491343498230E-001,6.596334278583527E-002,-5.873740836977959E-002,1.362202763557434E-001,9.739491343498230E-001,
1.593600000000000E+009,5.888842046260834E-002,-4.441512376070023E-002,1.656425148248673E-001,9.674431681632996E-001,5.888842046260834E-002,-4.441512376070023E-002,1.656425148248673E-001,9.674431681632996E-001,
1.601966666666667E+009,6.211974844336510E-002,-2.665454149246216E-002,1.888535469770432E-001,9.649862051010132E-001,6.211974844336510E-002,-2.665454149246216E-002,1.888535469770432E-001,9.649862051010132E-001,
1.610333333333334E+009,7.446094602346420E-002,-1.546090934425592E-002,2.199806720018387E-001,9.553481936454773E-001,7.446094602346420E-002,-1.546090934425592E-002,2.199806720018387E-001,9.553481936454773E-001,
1.618700000000000E+009,9.289834648370743E-002,-1.412912458181381E-002,2.453963905572891E-001,9.499977827072144E-001,9.289834648370743E-002,-1.412912458181381E-002,2.453963905572891E-001,9.499977827072144E-001,
1.627066666666667E+009,1.071613505482674E-001,-2.288612909615040E-002,2.670224905014038E-001,9.411395192146301E-001,1.071613505482674E-001,-2.288612909615040E-002,2.670224905014038E-001,9.411395192146301E-001,
1.635433333333334E+009,1.143973395228386E-001,-3.732051700353622E-002,2.940555810928345E-001,9.411804080009460E-001,1.143973395228386E-001,-3.732051700353622E-002,2.940555810928345E-001,9.411804080009460E-001,
1.643800000000000E+009,1.133712083101273E-001,-5.736461654305458E-002,3.062966763973236E-001,9.293425083160400E-001,1.133712083101273E-001,-5.736461654305458E-002,3.062966763973236E-001,9.293425083160400E-001,
1.652166666666667E+009,1.020835041999817E-001,-7.415410876274109E-002,3.403412997722626E-001,9.176813364028931E-001,1.020835041999817E-001,-7.415410876274109E-002,3.403412997722626E-001,9.176813364028931E-001,
1.660533333333334E+009,8.626276999711990E-002,-8.298964053392410E-002,3.571627140045166E-001,9.143285155296326E-001,8.626276999711990E-002,-8.298964053392410E-002,3.571627140045166E-001,9.143285155296326E-001,
1.668900000000000E+009,6.996509432792664E-002,-8.190834522247315E-002,3.782867789268494E-001,9.028245806694031E-001,6.996509432792664E-002,-8.190834522247315E-002,3.782867789268494E-001,9.028245806694031E-001,
1.677266666666667E+009,5.692688748240471E-002,-7.404048740863800E-002,4.173633456230164E-001,8.915659785270691E-001,5.692688748240471E-002,-7.404048740863800E-002,4.173633456230164E-001,8.915659785270691E-001,
1.685633333333334E+009,5.423798039555550E-002,-5.982770398259163E-002,4.327498972415924E-001,8.847144246101379E-001,5.423798039555550E-002,-5.982770398259163E-002,4.327498972415924E-001,8.847144246101379E-001,
1.694000000000000E+009,5.865608900785446E-002,-4.788430780172348E-002,4.499344229698181E-001,8.713042140007019E-001,5.865608900785446E-002,-4.788430780172348E-002,4.499344229698181E-001,8.713042140007019E-001,
1.702366666666667E+009,7.095854729413986E-002,-3.805547207593918E-002,4.730133116245270E-001,8.628413081169128E-001,7.095854729413986E-002,-3.805547207593918E-002,4.730133116245270E-001,8.628413081169128E-001,
1.710733333333334E+009,8.725072443485260E-002,-3.681205213069916E-002,4.937218725681305E-001,8.423013687133789E-001,8.725072443485260E-002,-3.681205213069916E-002,4.937218725681305E-001,8.423013687133789E-001,
1.719100000000000E+009,1.005919724702835E-001,-4.657129943370819E-002,5.199512839317322E-001,8.259598612785339E-001,1.005919724702835E-001,-4.657129943370819E-002,5.199512839317322E-001,8.259598612785339E-001,
1.727466666666667E+009,1.088143289089203E-001,-6.168245524168015E-002,5.390563607215881E-001,8.172219991683960E-001,1.088143289089203E-001,-6.168245524168015E-002,5.390563607215881E-001,8.172219991683960E-001,
1.735833333333334E+009,1.074155345559120E-001,-7.950697094202042E-002,5.532680153846741E-001,8.013069629669190E-001,1.074155345559120E-001,-7.950697094202042E-002,5.532680153846741E-001,8.013069629669190E-001,
1.744200000000000E+009,9.715133160352707E-002,-9.795429557561874E-002,5.795768499374390E-001,7.793339490890503E-001,9.715133160352707E-002,-9.795429557561874E-002,5.795768499374390E-001,7.793339490890503E-001,
1.752566666666667E+009,8.292320370674133E-002,-1.096721813082695E-001,6.064423322677612E-001,7.720872759819031E-001,8.292320370674133E-002,-1.096721813082695E-001,6.064423322677612E-001,7.720872759819031E-001,
1.760933333333334E+009,6.549020856618881E-002,-1.145770847797394E-001,6.143050789833069E-001,7.591102123260498E-001,6.549020856618881E-002,-1.145770847797394E-001,6.143050789833069E-001,7.591102123260498E-001,
1.769300000000000E+009,4.971397295594215E-002,-1.122124791145325E-001,6.394215822219849E-001,7.499458193778992E-001,4.971397295594215E-002,-1.122124791145325E-001,6.394215822219849E-001,7.499458193778992E-001,
1.777666666666667E+009,4.015496000647545E-002,-1.015624627470970E-001,6.537360548973084E-001,7.396700382232666E-001,4.015496000647545E-002,-1.015624627470970E-001,6.537360548973084E-001,7.396700382232666E-001,
1.786033333333334E+009,3.849316388368607E-002,-9.186894446611404E-002,6.680389642715454E-001,7.085088491439819E-001,3.849316388368607E-002,-9.186894446611404E-002,6.680389642715454E-001,7.085088491439819E-001,
1.794400000000000E+009,4.432522505521774E-002,-7.976894825696945E-002,6.920264959335327E-001,6.946077346801758E-001,4.432522505521774E-002,-7.976894825696945E-002,6.920264959335327E-001,6.946077346801758E-001,
1.802766666666667E+009,5.135428160429001E-002,-7.524079084396362E-002,7.101665139198303E-001,6.744678616523743E-001,5.135428160429001E-002,-7.524079084396362E-002,7.101665139198303E-001,6.744678616523743E-001,
1.811133333333334E+009,6.068102270364761E-002,-7.454886287450790E-002,7.352738380432129E-001,6.534357666969299E-001,6.068102270364761E-002,-7.454886287450790E-002,7.352738380432129E-001,6.534357666969299E-001,
1.819500000000000E+009,6.915220618247986E-002,-7.990673929452896E-002,7.450773119926453E-001,6.262458562850952E-001,6.915220618247986E-002,-7.990673929452896E-002,7.450773119926453E-001,6.262458562850952E-001,
1.827866666666667E+009,7.317353785037994E-002,-8.954807370901108E-002,7.654201984405518E-001,6.155237555503845E-001,7.317353785037994E-002,-8.954807370901108E-002,7.654201984405518E-001,6.155237555503845E-001,
1.836233333333334E+009,6.839544326066971E-002,-1.010754555463791E-001,7.758094072341919E-001,5.963489413261414E-001,6.839544326066971E-002,-1.010754555463791E-001,7.758094072341919E-001,5.963489413261414E-001,
1.844600000000000E+009,5.938778072595596E-002,-1.105187460780144E-001,7.913504242897034E-001,5.884949564933777E-001,5.938778072595596E-002,-1.105187460780144E-001,7.913504242897034E-001,5.884949564933777E-001,
1.852966666666667E+009,4.889152571558952E-002,-1.153900846838951E-001,7.985192537307739E-001,5.545740723609924E-001,4.889152571558952E-002,-1.153900846838951E-001,7.985192537307739E-001,5.545740723609924E-001,
1.861333333333334E+009,3.679625317454338E-002,-1.182732433080673E-001,8.204973340034485E-001,5.341221690177918E-001,3.679625317454338E-002,-1.182732433080673E-001,8.204973340034485E-001,5.341221690177918E-001,
1.869700000000000E+009,2.858824841678143E-002,-1.128528639674187E-001,8.362880349159241E-001,5.145979523658752E-001,2.858824841678143E-002,-1.128528639674187E-001,8.362880349159241E-001,5.145979523658752E-001,
1.878066666666667E+009,2.452020347118378E-002,-1.078972294926643E-001,8.493158817291260E-001,5.007255077362061E-001,2.452020347118378E-002,-1.078972294926643E-001,8.493158817291260E-001,5.007255077362061E-001,
1.886433333333334E+009,2.562801912426949E-002,-1.003611907362938E-001,8.665754795074463E-001,4.738277494907379E-001,2.562801912426949E-002,-1.003611907362938E-001,8.665754795074463E-001,4.738277494907379E-001,
1.894800000000000E+009,3.332070261240006E-002,-9.563983976840973E-002,8.773533701896668E-001,4.532692432403565E-001,3.332070261240006E-002,-9.563983976840973E-002,8.773533701896668E-001,4.532692432403565E-001,
1.903166666666667E+009,4.139068722724915E-002,-9.295883774757385E-002,8.893563151359558E-001,4.238565564155579E-001,4.139068722724915E-002,-9.295883774757385E-002,8.893563151359558E-001,4.238565564155579E-001,
1.911533333333334E+009,4.892483353614807E-002,-9.826374799013138E-002,8.942203521728516E-001,3.936253786087036E-001,4.892483353614807E-002,-9.826374799013138E-002,8.942203521728516E-001,3.936253786087036E-001,
1.919900000000000E+009,5.374485254287720E-002,-1.070315912365913E-001,9.086575508117676E-001,3.786552846431732E-001,5.374485254287720E-002,-1.070315912365913E-001,9.086575508117676E-001,3.786552846431732E-001,
1.928266666666667E+009,5.417548865079880E-002,-1.176049560308456E-001,9.054120779037476E-001,3.417629301548004E-001,5.417548865079880E-002,-1.176049560308456E-001,9.054120779037476E-001,3.417629301548004E-001,
1.936633333333334E+009,4.605936259031296E-002,-1.299025416374207E-001,9.231414198875427E-001,3.329113423824310E-001,4.605936259031296E-002,-1.299025416374207E-001,9.231414198875427E-001,3.329113423824310E-001,
1.945000000000000E+009,3.301535174250603E-002,-1.375317722558975E-001,9.332472085952759E-001,3.036735951900482E-001,3.301535174250603E-002,-1.375317722558975E-001,9.332472085952759E-001,3.036735951900482E-001,
1.953366666666667E+009,1.915766298770905E-002,-1.428420394659042E-001,9.319903254508972E-001,2.835295796394348E-001,1.915766298770905E-002,-1.428420394659042E-001,9.319903254508972E-001,2.835295796394348E-001,
1.961733333333334E+009,2.369803143665195E-003,-1.388056427240372E-001,9.463519454002380E-001,2.620531916618347E-001,2.369803143665195E-003,-1.388056427240372E-001,9.463519454002380E-001,2.620531916618347E-001,
1.970100000000000E+009,-9.461703710258007E-003,-1.325460672378540E-001,9.463035464286804E-001,2.397033870220184E-001,-9.461703710258007E-003,-1.325460672378540E-001,9.463035464286804E-001,2.397033870220184E-001,
1.978466666666667E+009,-1.391774043440819E-002,-1.206187382340431E-001,9.572612047195435E-001,2.070444971323013E-001,-1.391774043440819E-002,-1.206187382340431E-001,9.572612047195435E-001,2.070444971323013E-001,
1.986833333333334E+009,-1.049499586224556E-002,-1.103432402014732E-001,9.591295719146729E-001,1.899412125349045E-001,-1.049499586224556E-002,-1.103432402014732E-001,9.591295719146729E-001,1.899412125349045E-001,
1.995200000000000E+009,6.932519609108567E-004,-1.043163239955902E-001,9.622683525085449E-001,1.711173653602600E-001,6.932519609108567E-004,-1.043163239955902E-001,9.622683525085449E-001,1.711173653602600E-001,
2.003566666666667E+009,1.365452911704779E-002,-1.037161722779274E-001,9.681953191757202E-001,1.347618252038956E-001,1.365452911704779E-002,-1.037161722779274E-001,9.681953191757202E-001,1.347618252038956E-001,
2.011933333333334E+009,2.475394494831562E-002,-1.127338260412216E-001,9.779483079910278E-001,1.064162701368332E-001,2.475394494831562E-002,-1.127338260412216E-001,9.779483079910278E-001,1.064162701368332E-001,
2.020300000000000E+009,3.058663010597229E-002,-1.238972619175911E-001,9.769794344902039E-001,7.417707890272141E-002,3.058663010597229E-002,-1.238972619175911E-001,9.769794344902039E-001,7.417707890272141E-002,
2.028666666666667E+009,2.714259922504425E-002,-1.390535682439804E-001,9.772814512252808E-001,5.855999514460564E-002,2.714259922504425E-002,-1.390535682439804E-001,9.772814512252808E-001,5.855999514460564E-002,
2.037033333333334E+009,1.410128735005856E-002,-1.543627679347992E-001,9.783094525337219E-001,3.072916902601719E-002,1.410128735005856E-002,-1.543627679347992E-001,9.783094525337219E-001,3.072916902601719E-002,
2.045400000000000E+009,-4.794163629412651E-003,-1.616244763135910E-001,9.748675227165222E-001,1.254857424646616E-002,-4.794163629412651E-003,-1.616244763135910E-001,9.748675227165222E-001,1.254857424646616E-002,
2.053766666666667E+009,-2.632943727076054E-002,-1.597615629434586E-001,9.740685820579529E-001,-1.308503933250904E-002,-2.632943727076054E-002,-1.597615629434586E-001,9.740685820579529E-001,-1.308503933250904E-002,
2.062133333333334E+009,-4.293669387698174E-002,-1.525924503803253E-001,9.777086377143860E-001,-3.859773278236389E-002,-4.293669387698174E-002,-1.525924503803253E-001,9.777086377143860E-001,-3.859773278236389E-002,
2.070500000000000E+009,-5.155258998274803E-002,-1.362424194812775E-001,9.777084589004517E-001,-6.551902741193771E-002,-5.155258998274803E-002,-1.362424194812775E-001,9.777084589004517E-001,-6.551902741193771E-002,
2.078866666666667E+009,-5.003170296549797E-002,-1.209924221038818E-001,9.724593162536621E-001,-8.672855794429779E-002,-5.003170296549797E-002,-1.209924221038818E-001,9.724593162536621E-001,-8.672855794429779E-002,
2.087233333333334E+009,-3.939911723136902E-002,-1.131901517510414E-001,9.736145734786987E-001,-1.200938671827316E-001,-3.939911723136902E-002,-1.131901517510414E-001,9.736145734786987E-001,-1.200938671827316E-001,
2.095600000000000E+009,-2.368402294814587E-002,-1.106728762388229E-001,9.761390686035156E-001,-1.422081887722015E-001,-2.368402294814587E-002,-1.106728762388229E-001,9.761390686035156E-001,-1.422081887722015E-001,
2.103966666666667E+009,-1.027352921664715E-002,-1.210755035281181E-001,9.718175530433655E-001,-1.708780378103256E-001,-1.027352921664715E-002,-1.210755035281181E-001,9.718175530433655E-001,-1.708780378103256E-001,
2.112333333333334E+009,-2.849821932613850E-003,-1.375405192375183E-001,9.598827958106995E-001,-1.931344270706177E-001,-2.849821932613850E-003,-1.375405192375183E-001,9.598827958106995E-001,-1.931344270706177E-001,
2.120700000000000E+009,-6.640892475843430E-003,-1.593867689371109E-001,9.527754783630371E-001,-2.217655926942825E-001,-6.640892475843430E-003,-1.593867689371109E-001,9.527754783630371E-001,-2.217655926942825E-001,
2.129066666666667E+009,-2.363318577408791E-002,-1.739608943462372E-001,9.539921879768372E-001,-2.517127692699432E-001,-2.363318577408791E-002,-1.739608943462372E-001,9.539921879768372E-001,-2.517127692699432E-001,
2.137433333333334E+009,-4.881152138113976E-002,-1.813295781612396E-001,9.343748092651367E-001,-2.687186896800995E-001,-4.881152138113976E-002,-1.813295781612396E-001,9.343748092651367E-001,-2.687186896800995E-001,
2.145800000000000E+009,-7.810170203447342E-002,-1.763377338647842E-001,9.304086565971375E-001,-2.891662716865540E-001,-7.810170203447342E-002,-1.763377338647842E-001,9.304086565971375E-001,-2.891662716865540E-001,
2.154166666666667E+009,-1.000722125172615E-001,-1.606279015541077E-001,9.222866296768189E-001,-3.066493868827820E-001,-1.000722125172615E-001,-1.606279015541077E-001,9.222866296768189E-001,-3.066493868827820E-001,
2.162533333333334E+009,-1.120868623256683E-001,-1.363882720470429E-001,9.024011492729187E-001,-3.285561800003052E-001,-1.120868623256683E-001,-1.363882720470429E-001,9.024011492729187E-001,-3.285561800003052E-001,
2.170900000000000E+009,-1.102719753980637E-001,-1.144231334328651E-001,9.093195796012878E-001,-3.578873276710510E-001,-1.102719753980637E-001,-1.144231334328651E-001,9.093195796012878E-001,-3.578873276710510E-001,
2.179266666666667E+009,-9.654148668050766E-002,-1.001504957675934E-001,9.003289341926575E-001,-3.746826052665710E-001,-9.654148668050766E-002,-1.001504957675934E-001,9.003289341926575E-001,-3.746826052665710E-001,
2.187633333333334E+009,-7.738095521926880E-002,-9.641297906637192E-002,8.942130208015442E-001,-4.070841073989868E-001,-7.738095521926880E-002,-9.641297906637192E-002,8.942130208015442E-001,-4.070841073989868E-001,
2.196000000000000E+009,-5.803743004798889E-002,-1.073838919401169E-001,8.756186366081238E-001,-4.297445714473724E-001,-5.803743004798889E-002,-1.073838919401169E-001,8.756186366081238E-001,-4.297445714473724E-001,
2.204366666666667E+009,-4.787700623273850E-002,-1.291528493165970E-001,8.669220209121704E-001,-4.543876051902771E-001,-4.787700623273850E-002,-1.291528493165970E-001,8.669220209121704E-001,-4.543876051902771E-001,
2.212733333333334E+009,-5.184961855411530E-002,-1.532484143972397E-001,8.493602871894836E-001,-4.867146313190460E-001,-5.184961855411530E-002,-1.532484143972397E-001,8.493602871894836E-001,-4.867146313190460E-001,
2.221100000000000E+009,-7.069133222103119E-002,-1.697479635477066E-001,8.269671797752380E-001,-4.966633915901184E-001,-7.069133222103119E-002,-1.697479635477066E-001,8.269671797752380E-001,-4.966633915901184E-001,
2.229466666666667E+009,-9.655218571424484E-002,-1.763753741979599E-001,8.167160749435425E-001,-5.085746049880981E-001,-9.655218571424484E-002,-1.763753741979599E-001,8.167160749435425E-001,-5.085746049880981E-001,
2.237833333333334E+009,-1.277874410152435E-001,-1.661805361509323E-001,8.054286837577820E-001,-5.322351455688477E-001,-1.277874410152435E-001,-1.661805361509323E-001,8.054286837577820E-001,-5.322351455688477E-001,
2.246200000000000E+009,-1.524214744567871E-001,-1.451957970857620E-001,7.924146056175232E-001,-5.506886839866638E-001,-1.524214744567871E-001,-1.451957970857620E-001,7.924146056175232E-001,-5.506886839866638E-001,
2.254566666666667E+009,-1.621960699558258E-001,-1.153735220432282E-001,7.826336622238159E-001,-5.672773122787476E-001,-1.621960699558258E-001,-1.153735220432282E-001,7.826336622238159E-001,-5.672773122787476E-001,
2.262933333333334E+009,-1.602899581193924E-001,-8.968640118837357E-002,7.700339555740356E-001,-5.862182974815369E-001,-1.602899581193924E-001,-8.968640118837357E-002,7.700339555740356E-001,-5.862182974815369E-001,
2.271300000000000E+009,-1.454541981220245E-001,-7.064063102006912E-002,7.536965608596802E-001,-6.052496433258057E-001,-1.454541981220245E-001,-7.064063102006912E-002,7.536965608596802E-001,-6.052496433258057E-001,
2.279666666666667E+009,-1.227147802710533E-001,-6.870223581790924E-002,7.427536249160767E-001,-6.268566250801086E-001,-1.227147802710533E-001,-6.870223581790924E-002,7.427536249160767E-001,-6.268566250801086E-001,
2.288033333333334E+009,-1.052109301090241E-001,-8.087493479251862E-002,7.253738641738892E-001,-6.587268710136414E-001,-1.052109301090241E-001,-8.087493479251862E-002,7.253738641738892E-001,-6.587268710136414E-001,
2.296400000000000E+009,-9.689429402351379E-002,-1.037259846925736E-001,7.015178203582764E-001,-6.783554553985596E-001,-9.689429402351379E-002,-1.037259846925736E-001,7.015178203582764E-001,-6.783554553985596E-001,
2.304766666666667E+009,-1.050904989242554E-001,-1.276954263448715E-001,6.849225163459778E-001,-6.862449645996094E-001,-1.050904989242554E-001,-1.276954263448715E-001,6.849225163459778E-001,-6.862449645996094E-001,
2.313133333333334E+009,-1.274480074644089E-001,-1.406660526990891E-001,6.592373251914978E-001,-7.155790925025940E-001,-1.274480074644089E-001,-1.406660526990891E-001,6.592373251914978E-001,-7.155790925025940E-001,
2.321500000000000E+009,-1.528151482343674E-001,-1.396133601665497E-001,6.407454013824463E-001,-7.217188477516174E-001,-1.528151482343674E-001,-1.396133601665497E-001,6.407454013824463E-001,-7.217188477516174E-001,
2.329866666666667E+009,-1.780038774013519E-001,-1.230236068367958E-001,6.294216513633728E-001,-7.360162734985352E-001,-1.780038774013519E-001,-1.230236068367958E-001,6.294216513633728E-001,-7.360162734985352E-001,
2.338233333333334E+009,-1.949083805084229E-001,-9.690329432487488E-002,6.028620004653931E-001,-7.504895925521851E-001,-1.949083805084229E-001,-9.690329432487488E-002,6.028620004653931E-001,-7.504895925521851E-001,
2.346600000000000E+009,-1.968889981508255E-001,-6.301850080490112E-002,5.855586528778076E-001,-7.672829627990723E-001,-1.968889981508255E-001,-6.301850080490112E-002,5.855586528778076E-001,-7.672829627990723E-001,
2.354966666666667E+009,-1.826566457748413E-001,-3.817591816186905E-002,5.788420438766480E-001,-7.778789401054382E-001,-1.826566457748413E-001,-3.817591816186905E-002,5.788420438766480E-001,-7.778789401054382E-001,
2.363333333333334E+009,-1.606981158256531E-001,-2.781003527343273E-002,5.622920989990234E-001,-7.952506542205811E-001,-1.606981158256531E-001,-2.781003527343273E-002,5.622920989990234E-001,-7.952506542205811E-001,
2.371700000000000E+009,-1.340780407190323E-001,-3.285892307758331E-002,5.421045422554016E-001,-8.167778253555298E-001,-1.340780407190323E-001,-3.285892307758331E-002,5.421045422554016E-001,-8.167778253555298E-001,
2.380066666666667E+009,-1.196413189172745E-001,-5.711876228451729E-002,5.086970329284668E-001,-8.331568837165833E-001,-1.196413189172745E-001,-5.711876228451729E-002,5.086970329284668E-001,-8.331568837165833E-001,
2.388433333333334E+009,-1.225347518920898E-001,-8.736491203308106E-002,4.868660271167755E-001,-8.395611643791199E-001,-1.225347518920898E-001,-8.736491203308106E-002,4.868660271167755E-001,-8.395611643791199E-001,
2.396800000000000E+009,-1.427371054887772E-001,-1.147687062621117E-001,4.498379230499268E-001,-8.572278618812561E-001,-1.427371054887772E-001,-1.147687062621117E-001,4.498379230499268E-001,-8.572278618812561E-001,
2.405166666666667E+009,-1.760838776826859E-001,-1.297003626823425E-001,4.282506704330444E-001,-8.656611442565918E-001,-1.760838776826859E-001,-1.297003626823425E-001,4.282506704330444E-001,-8.656611442565918E-001,
2.413533333333334E+009,-2.148976773023605E-001,-1.201768293976784E-001,4.015589058399200E-001,-8.684175014495850E-001,-2.148976773023605E-001,-1.201768293976784E-001,4.015589058399200E-001,-8.684175014495850E-001,
2.421900000000000E+009,-2.488872855901718E-001,-9.338052570819855E-002,3.904130458831787E-001,-8.756991624832153E-001,-2.488872855901718E-001,-9.338052570819855E-002,3.904130458831787E-001,-8.756991624832153E-001,
2.430266666666667E+009,-2.643670737743378E-001,-5.411220714449883E-002,3.715501725673676E-001,-8.829323649406433E-001,-2.643670737743378E-001,-5.411220714449883E-002,3.715501725673676E-001,-8.829323649406433E-001,
2.438633333333334E+009,-2.642424702644348E-001,-8.049025200307369E-003,3.537167012691498E-001,-8.874931931495667E-001,-2.642424702644348E-001,-8.049025200307369E-003,3.537167012691498E-001,-8.874931931495667E-001,
2.447000000000000E+009,-2.435461282730103E-001,3.148158267140389E-002,3.340682685375214E-001,-9.004771709442139E-001,-2.435461282730103E-001,3.148158267140389E-002,3.340682685375214E-001,-9.004771709442139E-001,
2.455366666666667E+009,-2.105425298213959E-001,5.230706930160523E-002,3.171164691448212E-001,-9.090038537979126E-001,-2.105425298213959E-001,5.230706930160523E-002,3.171164691448212E-001,-9.090038537979126E-001,
2.463733333333334E+009,-1.765233427286148E-001,5.390398576855660E-002,2.937639355659485E-001,-9.266535043716431E-001,-1.765233427286148E-001,5.390398576855660E-002,2.937639355659485E-001,-9.266535043716431E-001,
2.472100000000000E+009,-1.517511457204819E-001,3.463611751794815E-002,2.671568691730499E-001,-9.377022981643677E-001,-1.517511457204819E-001,3.463611751794815E-002,2.671568691730499E-001,-9.377022981643677E-001,
2.480466666666667E+009,-1.446650773286820E-001,4.111936315894127E-003,2.322594821453095E-001,-9.407280683517456E-001,-1.446650773286820E-001,4.111936315894127E-003,2.322594821453095E-001,-9.407280683517456E-001,
2.488833333333334E+009,-1.572529524564743E-001,-2.578448131680489E-002,2.082203924655914E-001,-9.483354687690735E-001,-1.572529524564743E-001,-2.578448131680489E-002,2.082203924655914E-001,-9.483354687690735E-001,
2.497200000000000E+009,-1.830133050680161E-001,-4.169257730245590E-002,1.761760562658310E-001,-9.544275999069214E-001,-1.830133050680161E-001,-4.169257730245590E-002,1.761760562658310E-001,-9.544275999069214E-001,
2.505566666666667E+009,-2.184085845947266E-001,-3.766358643770218E-002,1.461439281702042E-001,-9.535838365554810E-001,-2.184085845947266E-001,-3.766358643770218E-002,1.461439281702042E-001,-9.535838365554810E-001,
2.513933333333334E+009,-2.440610080957413E-001,-1.415927428752184E-002,1.265574246644974E-001,-9.479678273200989E-001,-2.440610080957413E-001,-1.415927428752184E-002,1.265574246644974E-001,-9.479678273200989E-001,
2.522300000000000E+009,-2.562443912029266E-001,1.894640177488327E-002,1.000312492251396E-001,-9.466487765312195E-001,-2.562443912029266E-001,1.894640177488327E-002,1.000312492251396E-001,-9.466487765312195E-001,
2.530666666666667E+009,-2.487606704235077E-001,5.747698619961739E-002,7.959385216236115E-002,-9.522483348846436E-001,-2.487606704235077E-001,5.747698619961739E-002,7.959385216236115E-002,-9.522483348846436E-001,
2.539033333333334E+009,-2.265261411666870E-001,8.931187540292740E-002,6.528807431459427E-002,-9.530879855155945E-001,-2.265261411666870E-001,8.931187540292740E-002,6.528807431459427E-002,-9.530879855155945E-001,
2.547400000000000E+009,-1.941990554332733E-001,1.065501645207405E-001,4.797522723674774E-002,-9.644881486892700E-001,-1.941990554332733E-001,1.065501645207405E-001,4.797522723674774E-002,-9.644881486892700E-001,
2.555766666666667E+009,-1.599927991628647E-001,1.048038452863693E-001,1.817868649959564E-002,-9.715551733970642E-001,-1.599927991628647E-001,1.048038452863693E-001,1.817868649959564E-002,-9.715551733970642E-001,
2.564133333333334E+009,-1.399725377559662E-001,8.345979452133179E-002,-8.547377772629261E-003,-9.705814719200134E-001,-1.399725377559662E-001,8.345979452133179E-002,-8.547377772629261E-003,-9.705814719200134E-001,
2.572500000000000E+009,-1.386211365461350E-001,5.490219593048096E-002,-3.713365644216538E-002,-9.696545004844666E-001,-1.386211365461350E-001,5.490219593048096E-002,-3.713365644216538E-002,-9.696545004844666E-001,
2.580866666666667E+009,-1.550273448228836E-001,2.851707674562931E-002,-6.805457919836044E-002,-9.700555801391602E-001,-1.550273448228836E-001,2.851707674562931E-002,-6.805457919836044E-002,-9.700555801391602E-001,
2.589233333333334E+009,-1.877021491527557E-001,1.661078818142414E-002,-1.009692177176476E-001,-9.605405330657959E-001,-1.877021491527557E-001,1.661078818142414E-002,-1.009692177176476E-001,-9.605405330657959E-001,
2.597600000000000E+009,-2.214403748512268E-001,2.299778908491135E-002,-1.299825906753540E-001,-9.530696272850037E-001,-2.214403748512268E-001,2.299778908491135E-002,-1.299825906753540E-001,-9.530696272850037E-001,
2.605966666666667E+009,-2.471357136964798E-001,4.899159818887711E-002,-1.435910314321518E-001,-9.501003623008728E-001,-2.471357136964798E-001,4.899159818887711E-002,-1.435910314321518E-001,-9.501003623008728E-001,
2.614333333333334E+009,-2.562821507453919E-001,8.341681212186813E-002,-1.636046469211578E-001,-9.358482956886292E-001,-2.562821507453919E-001,8.341681212186813E-002,-1.636046469211578E-001,-9.358482956886292E-001,
2.622700000000000E+009,-2.449688017368317E-001,1.239315643906593E-001,-1.814444214105606E-001,-9.280537366867065E-001,-2.449688017368317E-001,1.239315643906593E-001,-1.814444214105606E-001,-9.280537366867065E-001,
2.631066666666667E+009,-2.182877510786057E-001,1.554394215345383E-001,-2.035727649927139E-001,-9.350160360336304E-001,-2.182877510786057E-001,1.554394215345383E-001,-2.035727649927139E-001,-9.350160360336304E-001,
2.639433333333334E+009,-1.812118738889694E-001,1.698427647352219E-001,-2.208310663700104E-001,-9.256691336631775E-001,-1.812118738889694E-001,1.698427647352219E-001,-2.208310663700104E-001,-9.256691336631775E-001,
2.647800000000000E+009,-1.444842368364334E-001,1.676736176013947E-001,-2.454109191894531E-001,-9.271159172058106E-001,-1.444842368364334E-001,1.676736176013947E-001,-2.454109191894531E-001,-9.271159172058106E-001,
2.656166666666667E+009,-1.216477081179619E-001,1.485979408025742E-001,-2.698531448841095E-001,-9.313622713088989E-001,-1.216477081179619E-001,1.485979408025742E-001,-2.698531448841095E-001,-9.313622713088989E-001,
2.664533333333334E+009,-1.167929843068123E-001,1.219327002763748E-001,-3.028433024883270E-001,-9.149532318115234E-001,-1.167929843068123E-001,1.219327002763748E-001,-3.028433024883270E-001,-9.149532318115234E-001,
2.672900000000000E+009,-1.310841590166092E-001,9.801265597343445E-002,-3.282664418220520E-001,-9.110645055770874E-001,-1.310841590166092E-001,9.801265597343445E-002,-3.282664418220520E-001,-9.110645055770874E-001,
2.681266666666667E+009,-1.594179570674896E-001,8.833493292331696E-002,-3.577202260494232E-001,-8.947146534919739E-001,-1.594179570674896E-001,8.833493292331696E-002,-3.577202260494232E-001,-8.947146534919739E-001,
2.689633333333334E+009,-1.919779181480408E-001,9.613239765167236E-002,-3.807550668716431E-001,-8.840574026107788E-001,-1.919779181480408E-001,9.613239765167236E-002,-3.807550668716431E-001,-8.840574026107788E-001,
2.698000000000000E+009,-2.143309712409973E-001,1.206921190023422E-001,-3.942018747329712E-001,-8.651635646820068E-001,-2.143309712409973E-001,1.206921190023422E-001,-3.942018747329712E-001,-8.651635646820068E-001,
2.706366666666667E+009,-2.187850028276444E-001,1.560848206281662E-001,-4.162687957286835E-001,-8.485692143440247E-001,-2.187850028276444E-001,1.560848206281662E-001,-4.162687957286835E-001,-8.485692143440247E-001,
2.714733333333334E+009,-2.067462950944901E-001,1.898751109838486E-001,-4.286188781261444E-001,-8.445221781730652E-001,-2.067462950944901E-001,1.898751109838486E-001,-4.286188781261444E-001,-8.445221781730652E-001,
2.723100000000000E+009,-1.758422255516052E-001,2.173687070608139E-001,-4.451664090156555E-001,-8.323610424995422E-001,-1.758422255516052E-001,2.173687070608139E-001,-4.451664090156555E-001,-8.323610424995422E-001,
2.731466666666667E+009,-1.348625272512436E-001,2.295364737510681E-001,-4.654488861560822E-001,-8.292680978775024E-001,-1.348625272512436E-001,2.295364737510681E-001,-4.654488861560822E-001,-8.292680978775024E-001,
2.739833333333334E+009,-9.637203812599182E-002,2.226917296648026E-001,-4.869520366191864E-001,-8.184353113174439E-001,-9.637203812599182E-002,2.226917296648026E-001,-4.869520366191864E-001,-8.184353113174439E-001,
2.748200000000000E+009,-6.965797394514084E-002,2.020804286003113E-001,-5.095763206481934E-001,-8.130101561546326E-001,-6.965797394514084E-002,2.020804286003113E-001,-5.095763206481934E-001,-8.130101561546326E-001,
2.756566666666667E+009,-6.152467057108879E-002,1.736809760332108E-001,-5.370984077453613E-001,-8.033973574638367E-001,-6.152467057108879E-002,1.736809760332108E-001,-5.370984077453613E-001,-8.033973574638367E-001,
2.764933333333334E+009,-7.289578020572662E-002,1.485703438520432E-001,-5.711612105369568E-001,-7.931264638900757E-001,-7.289578020572662E-002,1.485703438520432E-001,-5.711612105369568E-001,-7.931264638900757E-001,
2.773300000000000E+009,-9.865874797105789E-002,1.336974352598190E-001,-5.874659419059753E-001,-7.695545554161072E-001,-9.865874797105789E-002,1.336974352598190E-001,-5.874659419059753E-001,-7.695545554161072E-001,
2.781666666666667E+009,-1.309022754430771E-001,1.426904648542404E-001,-6.078954935073853E-001,-7.467691898345947E-001,-1.309022754430771E-001,1.426904648542404E-001,-6.078954935073853E-001,-7.467691898345947E-001,
2.790033333333334E+009,-1.543593704700470E-001,1.639266312122345E-001,-6.262017488479614E-001,-7.287296056747437E-001,-1.543593704700470E-001,1.639266312122345E-001,-6.262017488479614E-001,-7.287296056747437E-001,
2.798400000000000E+009,-1.622088402509689E-001,1.967164278030396E-001,-6.399686932563782E-001,-7.118311524391174E-001,-1.622088402509689E-001,1.967164278030396E-001,-6.399686932563782E-001,-7.118311524391174E-001,
2.806766666666667E+009,-1.476809084415436E-001,2.296406030654907E-001,-6.482066512107849E-001,-6.871961951255798E-001,-1.476809084415436E-001,2.296406030654907E-001,-6.482066512107849E-001,-6.871961951255798E-001,
2.815133333333334E+009,-1.197844892740250E-001,2.514572441577911E-001,-6.601527929306030E-001,-6.770370006561279E-001,-1.197844892740250E-001,2.514572441577911E-001,-6.601527929306030E-001,-6.770370006561279E-001,
2.823500000000000E+009,-8.014484494924545E-002,2.609767615795136E-001,-6.769227981567383E-001,-6.651238799095154E-001,-8.014484494924545E-002,2.609767615795136E-001,-6.769227981567383E-001,-6.651238799095154E-001,
2.831866666666667E+009,-4.188808426260948E-002,2.501952648162842E-001,-6.899884343147278E-001,-6.540979743003845E-001,-4.188808426260948E-002,2.501952648162842E-001,-6.899884343147278E-001,-6.540979743003845E-001,
2.840233333333334E+009,-1.297270134091377E-002,2.270661443471909E-001,-7.147886753082275E-001,-6.432082653045654E-001,-1.297270134091377E-002,2.270661443471909E-001,-7.147886753082275E-001,-6.432082653045654E-001,
2.848600000000000E+009,-1.691330689936876E-003,1.968488544225693E-001,-7.327461838722229E-001,-6.214900016784668E-001,-1.691330689936876E-003,1.968488544225693E-001,-7.327461838722229E-001,-6.214900016784668E-001,
2.856966666666667E+009,-1.093972381204367E-002,1.709779351949692E-001,-7.558066248893738E-001,-6.042073369026184E-001,-1.093972381204367E-002,1.709779351949692E-001,-7.558066248893738E-001,-6.042073369026184E-001,
2.865333333333334E+009,-3.680509701371193E-002,1.579380780458450E-001,-7.779228091239929E-001,-5.845094323158264E-001,-3.680509701371193E-002,1.579380780458450E-001,-7.779228091239929E-001,-5.845094323158264E-001,
2.873700000000000E+009,-6.955827772617340E-002,1.636333912611008E-001,-7.940076589584351E-001,-5.513221621513367E-001,-6.955827772617340E-002,1.636333912611008E-001,-7.940076589584351E-001,-5.513221621513367E-001,
2.882066666666667E+009,-9.392613917589188E-002,1.870644539594650E-001,-8.013283014297485E-001,-5.215234756469727E-001,-9.392613917589188E-002,1.870644539594650E-001,-8.013283014297485E-001,-5.215234756469727E-001,
2.890433333333334E+009,-1.022954583168030E-001,2.225244045257568E-001,-8.099375963211060E-001,-4.986242949962616E-001,-1.022954583168030E-001,2.225244045257568E-001,-8.099375963211060E-001,-4.986242949962616E-001,
2.898800000000000E+009,-8.966065943241119E-002,2.569470405578613E-001,-8.138012886047363E-001,-4.811725020408630E-001,-8.966065943241119E-002,2.569470405578613E-001,-8.138012886047363E-001,-4.811725020408630E-001,
2.907166666666667E+009,-5.998489260673523E-002,2.788043916225433E-001,-8.136789798736572E-001,-4.696598649024963E-001,-5.998489260673523E-002,2.788043916225433E-001,-8.136789798736572E-001,-4.696598649024963E-001,
2.915533333333334E+009,-1.758477091789246E-002,2.866115868091583E-001,-8.266583681106567E-001,-4.478321373462677E-001,-1.758477091789246E-002,2.866115868091583E-001,-8.266583681106567E-001,-4.478321373462677E-001,
2.923900000000000E+009,2.202757820487022E-002,2.736070752143860E-001,-8.376134037971497E-001,-4.387309253215790E-001,2.202757820487022E-002,2.736070752143860E-001,-8.376134037971497E-001,-4.387309253215790E-001,
2.932266666666667E+009,5.267524719238281E-002,2.463852614164352E-001,-8.506214618682861E-001,-4.250452518463135E-001,5.267524719238281E-002,2.463852614164352E-001,-8.506214618682861E-001,-4.250452518463135E-001,
2.940633333333334E+009,6.548421829938889E-002,2.100532799959183E-001,-8.674920797348023E-001,-4.025627672672272E-001,6.548421829938889E-002,2.100532799959183E-001,-8.674920797348023E-001,-4.025627672672272E-001,
2.949000000000000E+009,5.775790661573410E-002,1.754709631204605E-001,-8.907807469367981E-001,-3.714316487312317E-001,5.775790661573410E-002,1.754709631204605E-001,-8.907807469367981E-001,-3.714316487312317E-001,
2.957366666666667E+009,3.333875164389610E-002,1.578573882579804E-001,-9.043481349945068E-001,-3.517759144306183E-001,3.333875164389610E-002,1.578573882579804E-001,-9.043481349945068E-001,-3.517759144306183E-001,
2.965733333333334E+009,-5.456679500639439E-004,1.610519140958786E-001,-9.167810082435608E-001,-3.199922442436218E-001,-5.456679500639439E-004,1.610519140958786E-001,-9.167810082435608E-001,-3.199922442436218E-001,
2.974100000000000E+009,-2.496387064456940E-002,1.852963417768478E-001,-9.229990839958191E-001,-2.828510999679565E-001,-2.496387064456940E-002,1.852963417768478E-001,-9.229990839958191E-001,-2.828510999679565E-001,
2.982466666666667E+009,-3.414507955312729E-002,2.214666008949280E-001,-9.241697192192078E-001,-2.537520527839661E-001,-3.414507955312729E-002,2.214666008949280E-001,-9.241697192192078E-001,-2.537520527839661E-001,
2.990833333333334E+009,-2.348097041249275E-002,2.576544880867004E-001,-9.178370237350464E-001,-2.370671331882477E-001,-2.348097041249275E-002,2.576544880867004E-001,-9.178370237350464E-001,-2.370671331882477E-001,
2.999200000000000E+009,7.189047057181597E-003,2.826396822929382E-001,-9.180373549461365E-001,-2.167847901582718E-001,7.189047057181597E-003,2.826396822929382E-001,-9.180373549461365E-001,-2.167847901582718E-001,
3.007566666666667E+009,4.831057041883469E-002,2.891100645065308E-001,-9.206691980361939E-001,-1.980290114879608E-001,4.831057041883469E-002,2.891100645065308E-001,-9.206691980361939E-001,-1.980290114879608E-001,
3.015933333333334E+009,9.061062335968018E-002,2.718465328216553E-001,-9.223247170448303E-001,-1.863360852003098E-001,9.061062335968018E-002,2.718465328216553E-001,-9.223247170448303E-001,-1.863360852003098E-001,
3.024300000000000E+009,1.204767674207687E-001,2.402162700891495E-001,-9.311698675155640E-001,-1.691622287034988E-001,1.204767674207687E-001,2.402162700891495E-001,-9.311698675155640E-001,-1.691622287034988E-001,
3.032666666666667E+009,1.326765120029450E-001,1.967268139123917E-001,-9.424772262573242E-001,-1.471198350191116E-001,1.326765120029450E-001,1.967268139123917E-001,-9.424772262573242E-001,-1.471198350191116E-001,
3.041033333333334E+009,1.213648319244385E-001,1.574228554964066E-001,-9.556503295898438E-001,-1.238663271069527E-001,1.213648319244385E-001,1.574228554964066E-001,-9.556503295898438E-001,-1.238663271069527E-001,
3.049400000000000E+009,9.191483259201050E-002,1.354558467864990E-001,-9.631643295288086E-001,-8.712847530841827E-002,9.191483259201050E-002,1.354558467864990E-001,-9.631643295288086E-001,-8.712847530841827E-002,
3.057766666666667E+009,5.700935423374176E-002,1.373607665300369E-001,-9.719654321670532E-001,-6.888557970523834E-002,5.700935423374176E-002,1.373607665300369E-001,-9.719654321670532E-001,-6.888557970523834E-002,
3.066133333333334E+009,2.755790017545223E-002,1.626900881528854E-001,-9.636867642402649E-001,-2.557199262082577E-002,2.755790017545223E-002,1.626900881528854E-001,-9.636867642402649E-001,-2.557199262082577E-002,
3.074500000000000E+009,1.896655745804310E-002,2.038185596466065E-001,-9.627619981765747E-001,6.847055163234472E-003,1.896655745804310E-002,2.038185596466065E-001,-9.627619981765747E-001,6.847055163234472E-003,
3.082866666666667E+009,3.384555131196976E-002,2.436582297086716E-001,-9.518889784812927E-001,2.676385827362537E-002,3.384555131196976E-002,2.436582297086716E-001,-9.518889784812927E-001,2.676385827362537E-002,
3.091233333333334E+009,7.043845951557159E-002,2.732979357242584E-001,-9.397727251052856E-001,5.356147140264511E-002,7.043845951557159E-002,2.732979357242584E-001,-9.397727251052856E-001,5.356147140264511E-002,
3.099600000000000E+009,1.172209903597832E-001,2.778101861476898E-001,-9.319223761558533E-001,6.339155882596970E-002,1.172209903597832E-001,2.778101861476898E-001,-9.319223761558533E-001,6.339155882596970E-002,
3.107966666666667E+009,1.644882857799530E-001,2.564069032669067E-001,-9.333533644676209E-001,7.406140118837357E-002,1.644882857799530E-001,2.564069032669067E-001,-9.333533644676209E-001,7.406140118837357E-002,
3.116333333333334E+009,1.986343860626221E-001,2.162049859762192E-001,-9.362432360649109E-001,9.509415179491043E-002,1.986343860626221E-001,2.162049859762192E-001,-9.362432360649109E-001,9.509415179491043E-002,
3.124700000000000E+009,2.068286985158920E-001,1.641191095113754E-001,-9.435946941375732E-001,1.065195426344872E-001,2.068286985158920E-001,1.641191095113754E-001,-9.435946941375732E-001,1.065195426344872E-001,
3.133066666666667E+009,1.924009621143341E-001,1.159484162926674E-001,-9.529394507408142E-001,1.372602730989456E-001,1.924009621143341E-001,1.159484162926674E-001,-9.529394507408142E-001,1.372602730989456E-001,
3.141433333333334E+009,1.573976725339890E-001,8.325517177581787E-002,-9.558300375938416E-001,1.667479872703552E-001,1.573976725339890E-001,8.325517177581787E-002,-9.558300375938416E-001,1.667479872703552E-001,
3.149800000000000E+009,1.110675707459450E-001,7.997218519449234E-002,-9.564495682716370E-001,2.066245228052139E-001,1.110675707459450E-001,7.997218519449234E-002,-9.564495682716370E-001,2.066245228052139E-001,
3.158166666666667E+009,7.350733876228333E-002,1.053888946771622E-001,-9.435757994651794E-001,2.414617836475372E-001,7.350733876228333E-002,1.053888946771622E-001,-9.435757994651794E-001,2.414617836475372E-001,
3.166533333333334E+009,5.862973257899284E-002,1.497826874256134E-001,-9.327517747879028E-001,2.702063918113709E-001,5.862973257899284E-002,1.497826874256134E-001,-9.327517747879028E-001,2.702063918113709E-001,
3.174900000000000E+009,6.955546140670776E-002,1.967605948448181E-001,-9.130613207817078E-001,2.952851057052612E-001,6.955546140670776E-002,1.967605948448181E-001,-9.130613207817078E-001,2.952851057052612E-001,
3.183266666666667E+009,1.065563037991524E-001,2.314144074916840E-001,-8.938981294631958E-001,3.142368495464325E-001,1.065563037991524E-001,2.314144074916840E-001,-8.938981294631958E-001,3.142368495464325E-001,
3.191633333333334E+009,1.554002016782761E-001,2.391249984502792E-001,-8.775382041931152E-001,3.257631659507752E-001,1.554002016782761E-001,2.391249984502792E-001,-8.775382041931152E-001,3.257631659507752E-001,
3.200000000000000E+009,2.021209299564362E-001,2.180392146110535E-001,-8.725596070289612E-001,3.353327512741089E-001,2.021209299564362E-001,2.180392146110535E-001,-8.725596070289612E-001,3.353327512741089E-001,
