% Version 1.00
%
%freq[Hz],re:Trc1_S11,im:Trc1_S11,re:Trc2_S21,im:Trc2_S21,re:Trc3_S11,im:Trc3_S11,re:Trc4_S21,im:Trc4_S21,
6.900000000000000E+008,-4.937957972288132E-002,4.002252966165543E-002,-5.017813444137573E-001,-8.484228253364563E-001,-4.937957972288132E-002,4.002252966165543E-002,-5.017813444137573E-001,-8.484228253364563E-001,
6.983666666666666E+008,-4.172229021787643E-002,4.049003869295120E-002,-5.183165073394775E-001,-8.310017585754395E-001,-4.172229021787643E-002,4.049003869295120E-002,-5.183165073394775E-001,-8.310017585754395E-001,
7.067333333333334E+008,-3.558972477912903E-002,3.753310441970825E-002,-5.472709536552429E-001,-8.043779730796814E-001,-3.558972477912903E-002,3.753310441970825E-002,-5.472709536552429E-001,-8.043779730796814E-001,
7.151000000000000E+008,-3.620626404881477E-002,2.926843985915184E-002,-5.560449957847595E-001,-7.965548634529114E-001,-3.620626404881477E-002,2.926843985915184E-002,-5.560449957847595E-001,-7.965548634529114E-001,
7.234666666666666E+008,-3.609596565365791E-002,2.372777462005615E-002,-5.945616960525513E-001,-7.842975854873657E-001,-3.609596565365791E-002,2.372777462005615E-002,-5.945616960525513E-001,-7.842975854873657E-001,
7.318333333333334E+008,-4.351709038019180E-002,2.054619975388050E-002,-6.002451181411743E-001,-7.792048454284668E-001,-4.351709038019180E-002,2.054619975388050E-002,-6.002451181411743E-001,-7.792048454284668E-001,
7.402000000000000E+008,-5.100147798657417E-002,2.232855930924416E-002,-6.304661631584168E-001,-7.559215426445007E-001,-5.100147798657417E-002,2.232855930924416E-002,-6.304661631584168E-001,-7.559215426445007E-001,
7.485666666666666E+008,-5.606118589639664E-002,2.781647257506847E-002,-6.519173383712769E-001,-7.182283401489258E-001,-5.606118589639664E-002,2.781647257506847E-002,-6.519173383712769E-001,-7.182283401489258E-001,
7.569333333333334E+008,-5.681733042001724E-002,3.688800707459450E-002,-6.673526167869568E-001,-7.206027507781982E-001,-5.681733042001724E-002,3.688800707459450E-002,-6.673526167869568E-001,-7.206027507781982E-001,
7.653000000000000E+008,-5.342841893434525E-002,4.585641995072365E-002,-6.748966574668884E-001,-7.129679322242737E-001,-5.342841893434525E-002,4.585641995072365E-002,-6.748966574668884E-001,-7.129679322242737E-001,
7.736666666666666E+008,-4.552872106432915E-002,5.470643937587738E-002,-6.998339295387268E-001,-7.051281332969666E-001,-4.552872106432915E-002,5.470643937587738E-002,-6.998339295387268E-001,-7.051281332969666E-001,
7.820333333333334E+008,-3.902937844395638E-002,5.871092900633812E-002,-7.230878472328186E-001,-6.821837425231934E-001,-3.902937844395638E-002,5.871092900633812E-002,-7.230878472328186E-001,-6.821837425231934E-001,
7.904000000000000E+008,-2.943047881126404E-002,5.728017911314964E-002,-7.375432252883911E-001,-6.592903137207031E-001,-2.943047881126404E-002,5.728017911314964E-002,-7.375432252883911E-001,-6.592903137207031E-001,
7.987666666666666E+008,-2.205037511885166E-002,5.280430987477303E-002,-7.500681281089783E-001,-6.388377547264099E-001,-2.205037511885166E-002,5.280430987477303E-002,-7.500681281089783E-001,-6.388377547264099E-001,
8.071333333333334E+008,-2.208394743502140E-002,4.831806942820549E-002,-7.630733847618103E-001,-6.257104873657227E-001,-2.208394743502140E-002,4.831806942820549E-002,-7.630733847618103E-001,-6.257104873657227E-001,
8.155000000000000E+008,-2.607381530106068E-002,4.108860343694687E-002,-7.731965780258179E-001,-5.799820423126221E-001,-2.607381530106068E-002,4.108860343694687E-002,-7.731965780258179E-001,-5.799820423126221E-001,
8.238666666666666E+008,-3.085095435380936E-002,3.823066130280495E-002,-8.045383095741272E-001,-5.841975808143616E-001,-3.085095435380936E-002,3.823066130280495E-002,-8.045383095741272E-001,-5.841975808143616E-001,
8.322333333333334E+008,-3.920440003275871E-002,4.013815894722939E-002,-8.160493373870850E-001,-5.561788082122803E-001,-3.920440003275871E-002,4.013815894722939E-002,-8.160493373870850E-001,-5.561788082122803E-001,
8.406000000000000E+008,-4.389476403594017E-002,4.368618503212929E-002,-8.279923200607300E-001,-5.413781404495239E-001,-4.389476403594017E-002,4.368618503212929E-002,-8.279923200607300E-001,-5.413781404495239E-001,
8.489666666666668E+008,-4.437012597918510E-002,5.173193290829659E-002,-8.481484651565552E-001,-5.148510932922363E-001,-4.437012597918510E-002,5.173193290829659E-002,-8.481484651565552E-001,-5.148510932922363E-001,
8.573333333333334E+008,-4.095765203237534E-002,5.933081731200218E-002,-8.527712821960449E-001,-4.977932274341583E-001,-4.095765203237534E-002,5.933081731200218E-002,-8.527712821960449E-001,-4.977932274341583E-001,
8.657000000000000E+008,-3.403045237064362E-002,6.813051551580429E-002,-8.688492774963379E-001,-4.694065153598785E-001,-3.403045237064362E-002,6.813051551580429E-002,-8.688492774963379E-001,-4.694065153598785E-001,
8.740666666666668E+008,-2.546143904328346E-002,7.317358255386353E-002,-8.634346127510071E-001,-4.504285156726837E-001,-2.546143904328346E-002,7.317358255386353E-002,-8.634346127510071E-001,-4.504285156726837E-001,
8.824333333333334E+008,-1.612811349332333E-002,7.204937934875488E-002,-8.945976495742798E-001,-4.186681509017944E-001,-1.612811349332333E-002,7.204937934875488E-002,-8.945976495742798E-001,-4.186681509017944E-001,
8.908000000000000E+008,-8.653350174427033E-003,7.204643636941910E-002,-9.052162170410156E-001,-4.156244993209839E-001,-8.653350174427033E-003,7.204643636941910E-002,-9.052162170410156E-001,-4.156244993209839E-001,
8.991666666666668E+008,-5.963733885437250E-003,6.519054621458054E-002,-9.167989492416382E-001,-3.860443234443665E-001,-5.963733885437250E-003,6.519054621458054E-002,-9.167989492416382E-001,-3.860443234443665E-001,
9.075333333333334E+008,-6.019484717398882E-003,6.068375334143639E-002,-9.084137082099915E-001,-3.606516122817993E-001,-6.019484717398882E-003,6.068375334143639E-002,-9.084137082099915E-001,-3.606516122817993E-001,
9.159000000000000E+008,-8.830652572214603E-003,5.590195581316948E-002,-9.235767126083374E-001,-3.501785695552826E-001,-8.830652572214603E-003,5.590195581316948E-002,-9.235767126083374E-001,-3.501785695552826E-001,
9.242666666666668E+008,-1.402498967945576E-002,5.167628452181816E-002,-9.341875314712524E-001,-3.246451616287231E-001,-1.402498967945576E-002,5.167628452181816E-002,-9.341875314712524E-001,-3.246451616287231E-001,
9.326333333333334E+008,-1.857568882405758E-002,5.392548814415932E-002,-9.386748671531677E-001,-2.906874120235443E-001,-1.857568882405758E-002,5.392548814415932E-002,-9.386748671531677E-001,-2.906874120235443E-001,
9.410000000000000E+008,-2.369245700538158E-002,6.025822460651398E-002,-9.447368979454041E-001,-2.629885971546173E-001,-2.369245700538158E-002,6.025822460651398E-002,-9.447368979454041E-001,-2.629885971546173E-001,
9.493666666666668E+008,-2.429625391960144E-002,6.749411672353745E-002,-9.501916170120239E-001,-2.532906234264374E-001,-2.429625391960144E-002,6.749411672353745E-002,-9.501916170120239E-001,-2.532906234264374E-001,
9.577333333333334E+008,-1.922102272510529E-002,7.551658898591995E-002,-9.752405881881714E-001,-2.115137577056885E-001,-1.922102272510529E-002,7.551658898591995E-002,-9.752405881881714E-001,-2.115137577056885E-001,
9.661000000000000E+008,-1.063115429133177E-002,8.235663920640945E-002,-9.606481194496155E-001,-1.971686631441116E-001,-1.063115429133177E-002,8.235663920640945E-002,-9.606481194496155E-001,-1.971686631441116E-001,
9.744666666666668E+008,-9.738500812090933E-004,8.674056082963944E-002,-9.708759784698486E-001,-1.649130582809448E-001,-9.738500812090933E-004,8.674056082963944E-002,-9.708759784698486E-001,-1.649130582809448E-001,
9.828333333333334E+008,1.263069175183773E-002,8.468626439571381E-002,-9.670590162277222E-001,-1.395002156496048E-001,1.263069175183773E-002,8.468626439571381E-002,-9.670590162277222E-001,-1.395002156496048E-001,
9.912000000000000E+008,2.211473882198334E-002,8.146920055150986E-002,-9.777659177780151E-001,-1.299775540828705E-001,2.211473882198334E-002,8.146920055150986E-002,-9.777659177780151E-001,-1.299775540828705E-001,
9.995666666666668E+008,2.648900449275971E-002,7.234551012516022E-002,-9.815745353698731E-001,-9.363002330064774E-002,2.648900449275971E-002,7.234551012516022E-002,-9.815745353698731E-001,-9.363002330064774E-002,
1.007933333333333E+009,2.652040123939514E-002,6.433257460594177E-002,-9.846130013465881E-001,-7.382972538471222E-002,2.652040123939514E-002,6.433257460594177E-002,-9.846130013465881E-001,-7.382972538471222E-002,
1.016300000000000E+009,2.050444483757019E-002,5.584623664617539E-002,-9.837707877159119E-001,-4.736051335930824E-002,2.050444483757019E-002,5.584623664617539E-002,-9.837707877159119E-001,-4.736051335930824E-002,
1.024666666666667E+009,1.251804549247026E-002,5.528628826141357E-002,-9.849754571914673E-001,-2.659273706376553E-002,1.251804549247026E-002,5.528628826141357E-002,-9.849754571914673E-001,-2.659273706376553E-002,
1.033033333333333E+009,5.536001641303301E-003,5.642794072628021E-002,-9.630234837532044E-001,1.232529804110527E-002,5.536001641303301E-003,5.642794072628021E-002,-9.630234837532044E-001,1.232529804110527E-002,
1.041400000000000E+009,1.743186148814857E-003,6.268178671598434E-002,-9.699594974517822E-001,3.297026455402374E-002,1.743186148814857E-003,6.268178671598434E-002,-9.699594974517822E-001,3.297026455402374E-002,
1.049766666666667E+009,1.272741588763893E-003,7.103504240512848E-002,-9.789194464683533E-001,5.456318333745003E-002,1.272741588763893E-003,7.103504240512848E-002,-9.789194464683533E-001,5.456318333745003E-002,
1.058133333333333E+009,9.594584815204144E-003,7.961869239807129E-002,-9.738888144493103E-001,7.947142422199249E-002,9.594584815204144E-003,7.961869239807129E-002,-9.738888144493103E-001,7.947142422199249E-002,
1.066500000000000E+009,2.240987680852413E-002,8.392087370157242E-002,-9.578295946121216E-001,1.070788577198982E-001,2.240987680852413E-002,8.392087370157242E-002,-9.578295946121216E-001,1.070788577198982E-001,
1.074866666666667E+009,3.451656550168991E-002,8.052602410316467E-002,-9.681271910667419E-001,1.358302533626556E-001,3.451656550168991E-002,8.052602410316467E-002,-9.681271910667419E-001,1.358302533626556E-001,
1.083233333333334E+009,4.708940163254738E-002,7.623329758644104E-002,-9.634780287742615E-001,1.520902067422867E-001,4.708940163254738E-002,7.623329758644104E-002,-9.634780287742615E-001,1.520902067422867E-001,
1.091600000000000E+009,5.150446295738220E-002,6.412310153245926E-002,-9.568797349929810E-001,1.863978654146195E-001,5.150446295738220E-002,6.412310153245926E-002,-9.568797349929810E-001,1.863978654146195E-001,
1.099966666666667E+009,5.309549719095230E-002,5.174219235777855E-002,-9.525234699249268E-001,2.026390284299851E-001,5.309549719095230E-002,5.174219235777855E-002,-9.525234699249268E-001,2.026390284299851E-001,
1.108333333333334E+009,4.512026533484459E-002,4.206964373588562E-002,-9.644042849540710E-001,2.251925915479660E-001,4.512026533484459E-002,4.206964373588562E-002,-9.644042849540710E-001,2.251925915479660E-001,
1.116700000000000E+009,3.346203640103340E-002,4.253296926617622E-002,-9.500221610069275E-001,2.571613788604736E-001,3.346203640103340E-002,4.253296926617622E-002,-9.500221610069275E-001,2.571613788604736E-001,
1.125066666666667E+009,2.180370688438416E-002,4.370275139808655E-002,-9.343016147613525E-001,2.784672975540161E-001,2.180370688438416E-002,4.370275139808655E-002,-9.343016147613525E-001,2.784672975540161E-001,
1.133433333333334E+009,1.175113394856453E-002,5.542927235364914E-002,-9.298087954521179E-001,2.968896627426148E-001,1.175113394856453E-002,5.542927235364914E-002,-9.298087954521179E-001,2.968896627426148E-001,
1.141800000000000E+009,1.303548738360405E-002,6.812264770269394E-002,-9.179422259330750E-001,3.218834698200226E-001,1.303548738360405E-002,6.812264770269394E-002,-9.179422259330750E-001,3.218834698200226E-001,
1.150166666666667E+009,1.979767531156540E-002,8.021764457225800E-002,-9.124785661697388E-001,3.521265983581543E-001,1.979767531156540E-002,8.021764457225800E-002,-9.124785661697388E-001,3.521265983581543E-001,
1.158533333333334E+009,3.780307620763779E-002,8.716867119073868E-002,-9.022193551063538E-001,3.744724392890930E-001,3.780307620763779E-002,8.716867119073868E-002,-9.022193551063538E-001,3.744724392890930E-001,
1.166900000000000E+009,5.737213045358658E-002,8.577208220958710E-002,-8.933081030845642E-001,4.005067050457001E-001,5.737213045358658E-002,8.577208220958710E-002,-8.933081030845642E-001,4.005067050457001E-001,
1.175266666666667E+009,7.315631955862045E-002,7.576368004083633E-002,-8.747507929801941E-001,4.134448468685150E-001,7.315631955862045E-002,7.576368004083633E-002,-8.747507929801941E-001,4.134448468685150E-001,
1.183633333333334E+009,8.588725328445435E-002,6.073865294456482E-002,-8.701103329658508E-001,4.405355751514435E-001,8.588725328445435E-002,6.073865294456482E-002,-8.701103329658508E-001,4.405355751514435E-001,
1.192000000000000E+009,8.727806806564331E-002,4.335792362689972E-002,-8.632363080978394E-001,4.667098522186279E-001,8.727806806564331E-002,4.335792362689972E-002,-8.632363080978394E-001,4.667098522186279E-001,
1.200366666666667E+009,7.803022861480713E-002,2.615010365843773E-002,-8.493688106536865E-001,4.846193194389343E-001,7.803022861480713E-002,2.615010365843773E-002,-8.493688106536865E-001,4.846193194389343E-001,
1.208733333333334E+009,6.098571419715881E-002,1.769457384943962E-002,-8.443538546562195E-001,5.136746764183044E-001,6.098571419715881E-002,1.769457384943962E-002,-8.443538546562195E-001,5.136746764183044E-001,
1.217100000000000E+009,4.314924776554108E-002,1.966135390102863E-002,-8.127123117446899E-001,5.271235704421997E-001,4.314924776554108E-002,1.966135390102863E-002,-8.127123117446899E-001,5.271235704421997E-001,
1.225466666666667E+009,3.185055032372475E-002,3.081758320331574E-002,-8.151716589927673E-001,5.520940423011780E-001,3.185055032372475E-002,3.081758320331574E-002,-8.151716589927673E-001,5.520940423011780E-001,
1.233833333333334E+009,3.022816404700279E-002,4.562520608305931E-002,-7.952029705047607E-001,5.724617242813110E-001,3.022816404700279E-002,4.562520608305931E-002,-7.952029705047607E-001,5.724617242813110E-001,
1.242200000000000E+009,3.613532707095146E-002,5.971494317054749E-002,-7.672476172447205E-001,5.888216495513916E-001,3.613532707095146E-002,5.971494317054749E-002,-7.672476172447205E-001,5.888216495513916E-001,
1.250566666666667E+009,5.140489339828491E-002,6.905569881200790E-002,-7.711597084999085E-001,6.163508296012878E-001,5.140489339828491E-002,6.905569881200790E-002,-7.711597084999085E-001,6.163508296012878E-001,
1.258933333333334E+009,7.206214964389801E-002,6.922575086355209E-002,-7.499710321426392E-001,6.263772845268250E-001,7.206214964389801E-002,6.922575086355209E-002,-7.499710321426392E-001,6.263772845268250E-001,
1.267300000000000E+009,8.991203457117081E-002,5.651619657874107E-002,-7.265928983688355E-001,6.442781686782837E-001,8.991203457117081E-002,5.651619657874107E-002,-7.265928983688355E-001,6.442781686782837E-001,
1.275666666666667E+009,1.010615751147270E-001,3.935216367244721E-002,-7.232669591903687E-001,6.493744850158691E-001,1.010615751147270E-001,3.935216367244721E-002,-7.232669591903687E-001,6.493744850158691E-001,
1.284033333333334E+009,1.026960238814354E-001,1.702207699418068E-002,-6.917318701744080E-001,7.000550031661987E-001,1.026960238814354E-001,1.702207699418068E-002,-6.917318701744080E-001,7.000550031661987E-001,
1.292400000000000E+009,9.097388386726379E-002,-8.190718945115805E-004,-6.883178353309631E-001,6.990632414817810E-001,9.097388386726379E-002,-8.190718945115805E-004,-6.883178353309631E-001,6.990632414817810E-001,
1.300766666666667E+009,7.332991063594818E-002,-8.584964089095593E-003,-6.703475713729858E-001,7.160442471504211E-001,7.332991063594818E-002,-8.584964089095593E-003,-6.703475713729858E-001,7.160442471504211E-001,
1.309133333333334E+009,5.406937375664711E-002,-6.119633559137583E-003,-6.548998951911926E-001,7.437378764152527E-001,5.406937375664711E-002,-6.119633559137583E-003,-6.548998951911926E-001,7.437378764152527E-001,
1.317500000000000E+009,3.983785957098007E-002,5.869229789823294E-003,-6.247054338455200E-001,7.681216001510620E-001,3.983785957098007E-002,5.869229789823294E-003,-6.247054338455200E-001,7.681216001510620E-001,
1.325866666666667E+009,3.519612923264504E-002,2.169178240001202E-002,-6.063373088836670E-001,7.679150700569153E-001,3.519612923264504E-002,2.169178240001202E-002,-6.063373088836670E-001,7.679150700569153E-001,
1.334233333333334E+009,4.208836331963539E-002,3.964540734887123E-002,-5.843772888183594E-001,7.802991271018982E-001,4.208836331963539E-002,3.964540734887123E-002,-5.843772888183594E-001,7.802991271018982E-001,
1.342600000000000E+009,5.890924483537674E-002,4.486691206693649E-002,-5.710139274597168E-001,7.980927228927612E-001,5.890924483537674E-002,4.486691206693649E-002,-5.710139274597168E-001,7.980927228927612E-001,
1.350966666666667E+009,7.677361369132996E-002,4.284404218196869E-002,-5.413783788681030E-001,8.174381256103516E-001,7.677361369132996E-002,4.284404218196869E-002,-5.413783788681030E-001,8.174381256103516E-001,
1.359333333333334E+009,9.274472296237946E-002,2.999814599752426E-002,-5.237155556678772E-001,8.239538669586182E-001,9.274472296237946E-002,2.999814599752426E-002,-5.237155556678772E-001,8.239538669586182E-001,
1.367700000000000E+009,9.963937103748322E-002,8.523343130946159E-003,-5.064159631729126E-001,8.349148631095886E-001,9.963937103748322E-002,8.523343130946159E-003,-5.064159631729126E-001,8.349148631095886E-001,
1.376066666666667E+009,9.408724308013916E-002,-1.476036664098501E-002,-4.807376861572266E-001,8.466794490814209E-001,9.408724308013916E-002,-1.476036664098501E-002,-4.807376861572266E-001,8.466794490814209E-001,
1.384433333333334E+009,7.911024242639542E-002,-2.836571447551251E-002,-4.721080064773560E-001,8.575438857078552E-001,7.911024242639542E-002,-2.836571447551251E-002,-4.721080064773560E-001,8.575438857078552E-001,
1.392800000000000E+009,5.608571320772171E-002,-3.192499652504921E-002,-4.482921063899994E-001,8.643244504928589E-001,5.608571320772171E-002,-3.192499652504921E-002,-4.482921063899994E-001,8.643244504928589E-001,
1.401166666666667E+009,3.901930898427963E-002,-2.384519763290882E-002,-4.166223108768463E-001,8.917842507362366E-001,3.901930898427963E-002,-2.384519763290882E-002,-4.166223108768463E-001,8.917842507362366E-001,
1.409533333333334E+009,2.692909166216850E-002,-4.192826803773642E-003,-3.935040235519409E-001,9.011582136154175E-001,2.692909166216850E-002,-4.192826803773642E-003,-3.935040235519409E-001,9.011582136154175E-001,
1.417900000000000E+009,2.576981298625469E-002,1.681391894817352E-002,-3.539862334728241E-001,8.951825499534607E-001,2.576981298625469E-002,1.681391894817352E-002,-3.539862334728241E-001,8.951825499534607E-001,
1.426266666666667E+009,3.667974099516869E-002,3.507090359926224E-002,-3.490174114704132E-001,9.234246015548706E-001,3.667974099516869E-002,3.507090359926224E-002,-3.490174114704132E-001,9.234246015548706E-001,
1.434633333333334E+009,5.543237552046776E-002,4.162879288196564E-002,-3.192018866539002E-001,9.163341522216797E-001,5.543237552046776E-002,4.162879288196564E-002,-3.192018866539002E-001,9.163341522216797E-001,
1.443000000000000E+009,7.795807719230652E-002,3.845254704356194E-002,-2.930378317832947E-001,9.287312030792236E-001,7.795807719230652E-002,3.845254704356194E-002,-2.930378317832947E-001,9.287312030792236E-001,
1.451366666666667E+009,9.322149306535721E-002,2.159793488681316E-002,-2.744236290454865E-001,9.335321187973023E-001,9.322149306535721E-002,2.159793488681316E-002,-2.744236290454865E-001,9.335321187973023E-001,
1.459733333333334E+009,9.933350980281830E-002,5.031719774706289E-005,-2.603619694709778E-001,9.369349479675293E-001,9.933350980281830E-002,5.031719774706289E-005,-2.603619694709778E-001,9.369349479675293E-001,
1.468100000000000E+009,9.359838813543320E-002,-2.176732942461968E-002,-2.245016843080521E-001,9.445369839668274E-001,9.359838813543320E-002,-2.176732942461968E-002,-2.245016843080521E-001,9.445369839668274E-001,
1.476466666666667E+009,7.759982347488403E-002,-3.652166947722435E-002,-2.058715075254440E-001,9.593647122383118E-001,7.759982347488403E-002,-3.652166947722435E-002,-2.058715075254440E-001,9.593647122383118E-001,
1.484833333333334E+009,5.593373998999596E-002,-3.994930163025856E-002,-1.732744872570038E-001,9.616869688034058E-001,5.593373998999596E-002,-3.994930163025856E-002,-1.732744872570038E-001,9.616869688034058E-001,
1.493200000000000E+009,3.950690850615501E-002,-3.083399124443531E-002,-1.562495231628418E-001,9.628243446350098E-001,3.950690850615501E-002,-3.083399124443531E-002,-1.562495231628418E-001,9.628243446350098E-001,
1.501566666666667E+009,2.973352000117302E-002,-1.213792711496353E-002,-1.265073865652084E-001,9.662528634071350E-001,2.973352000117302E-002,-1.213792711496353E-002,-1.265073865652084E-001,9.662528634071350E-001,
1.509933333333334E+009,3.001291491091251E-002,9.682215750217438E-003,-1.107734069228172E-001,9.711003899574280E-001,3.001291491091251E-002,9.682215750217438E-003,-1.107734069228172E-001,9.711003899574280E-001,
1.518300000000000E+009,4.487747326493263E-002,2.562963962554932E-002,-8.381234109401703E-002,9.775311350822449E-001,4.487747326493263E-002,2.562963962554932E-002,-8.381234109401703E-002,9.775311350822449E-001,
1.526666666666667E+009,6.468999385833740E-002,3.159657120704651E-002,-5.098452791571617E-002,9.704010486602783E-001,6.468999385833740E-002,3.159657120704651E-002,-5.098452791571617E-002,9.704010486602783E-001,
1.535033333333334E+009,8.507453650236130E-002,2.712165191769600E-002,-2.978347614407539E-002,9.803863167762756E-001,8.507453650236130E-002,2.712165191769600E-002,-2.978347614407539E-002,9.803863167762756E-001,
1.543400000000000E+009,9.847906231880188E-002,1.019322872161865E-002,-8.867879398167133E-003,9.731326103210449E-001,9.847906231880188E-002,1.019322872161865E-002,-8.867879398167133E-003,9.731326103210449E-001,
1.551766666666667E+009,1.002562865614891E-001,-1.329309400171042E-002,1.393279433250427E-002,9.681774973869324E-001,1.002562865614891E-001,-1.329309400171042E-002,1.393279433250427E-002,9.681774973869324E-001,
1.560133333333334E+009,9.346226602792740E-002,-3.441135585308075E-002,3.545418754220009E-002,9.740891456604004E-001,9.346226602792740E-002,-3.441135585308075E-002,3.545418754220009E-002,9.740891456604004E-001,
1.568500000000000E+009,7.837989181280136E-002,-4.780277609825134E-002,5.271304398775101E-002,9.771323204040527E-001,7.837989181280136E-002,-4.780277609825134E-002,5.271304398775101E-002,9.771323204040527E-001,
1.576866666666667E+009,5.821471288800240E-002,-4.950485005974770E-002,9.408919513225555E-002,9.677935242652893E-001,5.821471288800240E-002,-4.950485005974770E-002,9.408919513225555E-002,9.677935242652893E-001,
1.585233333333334E+009,4.466023296117783E-002,-4.136964678764343E-002,1.091299057006836E-001,9.678871631622315E-001,4.466023296117783E-002,-4.136964678764343E-002,1.091299057006836E-001,9.678871631622315E-001,
1.593600000000000E+009,3.697069361805916E-002,-2.658437564969063E-002,1.374336928129196E-001,9.630268216133118E-001,3.697069361805916E-002,-2.658437564969063E-002,1.374336928129196E-001,9.630268216133118E-001,
1.601966666666667E+009,3.960955888032913E-002,-8.117053657770157E-003,1.591788530349731E-001,9.612373709678650E-001,3.960955888032913E-002,-8.117053657770157E-003,1.591788530349731E-001,9.612373709678650E-001,
1.610333333333334E+009,5.175793170928955E-002,4.094616044312716E-003,1.900540143251419E-001,9.534859657287598E-001,5.175793170928955E-002,4.094616044312716E-003,1.900540143251419E-001,9.534859657287598E-001,
1.618700000000000E+009,6.987512111663818E-002,7.467082701623440E-003,2.154170423746109E-001,9.495980143547058E-001,6.987512111663818E-002,7.467082701623440E-003,2.154170423746109E-001,9.495980143547058E-001,
1.627066666666667E+009,8.519905805587769E-002,5.494235665537417E-004,2.366652637720108E-001,9.412878155708313E-001,8.519905805587769E-002,5.494235665537417E-004,2.366652637720108E-001,9.412878155708313E-001,
1.635433333333334E+009,9.379067271947861E-002,-1.241430733352900E-002,2.639118731021881E-001,9.413478970527649E-001,9.379067271947861E-002,-1.241430733352900E-002,2.639118731021881E-001,9.413478970527649E-001,
1.643800000000000E+009,9.417048841714859E-002,-3.174219280481339E-002,2.761329710483551E-001,9.303773641586304E-001,9.417048841714859E-002,-3.174219280481339E-002,2.761329710483551E-001,9.303773641586304E-001,
1.652166666666667E+009,8.478744328022003E-002,-4.814998060464859E-002,3.097851872444153E-001,9.214252829551697E-001,8.478744328022003E-002,-4.814998060464859E-002,3.097851872444153E-001,9.214252829551697E-001,
1.660533333333334E+009,6.984695047140122E-002,-5.701594427227974E-002,3.268153369426727E-001,9.171825647354126E-001,6.984695047140122E-002,-5.701594427227974E-002,3.268153369426727E-001,9.171825647354126E-001,
1.668900000000000E+009,5.375155061483383E-002,-5.611279606819153E-002,3.483159542083740E-001,9.055752158164978E-001,5.375155061483383E-002,-5.611279606819153E-002,3.483159542083740E-001,9.055752158164978E-001,
1.677266666666667E+009,4.095879942178726E-002,-4.862934723496437E-002,3.877997994422913E-001,8.966879248619080E-001,4.095879942178726E-002,-4.862934723496437E-002,3.877997994422913E-001,8.966879248619080E-001,
1.685633333333334E+009,3.803564235568047E-002,-3.428138792514801E-002,4.035622477531433E-001,8.896209597587585E-001,3.803564235568047E-002,-3.428138792514801E-002,4.035622477531433E-001,8.896209597587585E-001,
1.694000000000000E+009,4.206892102956772E-002,-2.161647938191891E-002,4.202944040298462E-001,8.766002058982849E-001,4.206892102956772E-002,-2.161647938191891E-002,4.202944040298462E-001,8.766002058982849E-001,
1.702366666666667E+009,5.429812893271446E-002,-1.077735237777233E-002,4.435746967792511E-001,8.679105043411255E-001,5.429812893271446E-002,-1.077735237777233E-002,4.435746967792511E-001,8.679105043411255E-001,
1.710733333333334E+009,7.100007683038712E-002,-8.248297497630119E-003,4.623260498046875E-001,8.500264883041382E-001,7.100007683038712E-002,-8.248297497630119E-003,4.623260498046875E-001,8.500264883041382E-001,
1.719100000000000E+009,8.614385128021240E-002,-1.633095182478428E-002,4.889837205410004E-001,8.349928259849548E-001,8.614385128021240E-002,-1.633095182478428E-002,4.889837205410004E-001,8.349928259849548E-001,
1.727466666666667E+009,9.565612673759460E-002,-3.006315231323242E-002,5.063794255256653E-001,8.279436230659485E-001,9.565612673759460E-002,-3.006315231323242E-002,5.063794255256653E-001,8.279436230659485E-001,
1.735833333333334E+009,9.643068164587021E-002,-4.718002304434776E-002,5.218502283096314E-001,8.129602670669556E-001,9.643068164587021E-002,-4.718002304434776E-002,5.218502283096314E-001,8.129602670669556E-001,
1.744200000000000E+009,8.805378526449204E-002,-6.535852700471878E-002,5.495404005050659E-001,7.912656068801880E-001,8.805378526449204E-002,-6.535852700471878E-002,5.495404005050659E-001,7.912656068801880E-001,
1.752566666666667E+009,7.492628693580627E-002,-7.704392075538635E-002,5.771754980087280E-001,7.853913307189941E-001,7.492628693580627E-002,-7.704392075538635E-002,5.771754980087280E-001,7.853913307189941E-001,
1.760933333333334E+009,5.858752876520157E-002,-8.245823532342911E-002,5.858671069145203E-001,7.726401090621948E-001,5.858752876520157E-002,-8.245823532342911E-002,5.858671069145203E-001,7.726401090621948E-001,
1.769300000000000E+009,4.326644167304039E-002,-7.992087304592133E-002,6.093578934669495E-001,7.640557885169983E-001,4.326644167304039E-002,-7.992087304592133E-002,6.093578934669495E-001,7.640557885169983E-001,
1.777666666666667E+009,3.386478871107101E-002,-6.974494457244873E-002,6.239085793495178E-001,7.542469501495361E-001,3.386478871107101E-002,-6.974494457244873E-002,6.239085793495178E-001,7.542469501495361E-001,
1.786033333333334E+009,3.194069489836693E-002,-5.998769775032997E-002,6.394490599632263E-001,7.239786386489868E-001,3.194069489836693E-002,-5.998769775032997E-002,6.394490599632263E-001,7.239786386489868E-001,
1.794400000000000E+009,3.778387606143951E-002,-4.785720631480217E-002,6.632316708564758E-001,7.092709541320801E-001,3.778387606143951E-002,-4.785720631480217E-002,6.632316708564758E-001,7.092709541320801E-001,
1.802766666666667E+009,4.536667466163635E-002,-4.247743636369705E-002,6.815118193626404E-001,6.906678676605225E-001,4.536667466163635E-002,-4.247743636369705E-002,6.815118193626404E-001,6.906678676605225E-001,
1.811133333333334E+009,5.564008653163910E-002,-4.138244315981865E-002,7.061676979064941E-001,6.723035573959351E-001,5.564008653163910E-002,-4.138244315981865E-002,7.061676979064941E-001,6.723035573959351E-001,
1.819500000000000E+009,6.523567438125610E-002,-4.570798203349114E-002,7.170400023460388E-001,6.463165879249573E-001,6.523567438125610E-002,-4.570798203349114E-002,7.170400023460388E-001,6.463165879249573E-001,
1.827866666666667E+009,7.066877931356430E-002,-5.477110669016838E-002,7.370768189430237E-001,6.354454159736633E-001,7.066877931356430E-002,-5.477110669016838E-002,7.370768189430237E-001,6.354454159736633E-001,
1.836233333333334E+009,6.776684522628784E-002,-6.589912623167038E-002,7.488291263580322E-001,6.186378598213196E-001,6.776684522628784E-002,-6.589912623167038E-002,7.488291263580322E-001,6.186378598213196E-001,
1.844600000000000E+009,6.016044318675995E-002,-7.485496252775192E-002,7.647884488105774E-001,6.114146709442139E-001,6.016044318675995E-002,-7.485496252775192E-002,7.647884488105774E-001,6.114146709442139E-001,
1.852966666666667E+009,5.076065659523010E-002,-8.007574081420898E-002,7.734070420265198E-001,5.778620243072510E-001,5.076065659523010E-002,-8.007574081420898E-002,7.734070420265198E-001,5.778620243072510E-001,
1.861333333333334E+009,4.051313549280167E-002,-8.290376514196396E-002,7.960164546966553E-001,5.590520501136780E-001,4.051313549280167E-002,-8.290376514196396E-002,7.960164546966553E-001,5.590520501136780E-001,
1.869700000000000E+009,3.273434564471245E-002,-7.731553912162781E-002,8.114932775497437E-001,5.403165817260742E-001,3.273434564471245E-002,-7.731553912162781E-002,8.114932775497437E-001,5.403165817260742E-001,
1.878066666666667E+009,2.896771393716335E-002,-7.233490794897080E-002,8.250865340232849E-001,5.252245664596558E-001,2.896771393716335E-002,-7.233490794897080E-002,8.250865340232849E-001,5.252245664596558E-001,
1.886433333333334E+009,3.025884553790093E-002,-6.481613963842392E-002,8.432420492172241E-001,4.991706907749176E-001,3.025884553790093E-002,-6.481613963842392E-002,8.432420492172241E-001,4.991706907749176E-001,
1.894800000000000E+009,3.825177997350693E-002,-6.012836843729019E-002,8.543748855590820E-001,4.796608388423920E-001,3.825177997350693E-002,-6.012836843729019E-002,8.543748855590820E-001,4.796608388423920E-001,
1.903166666666667E+009,4.684930294752121E-002,-5.737047269940376E-002,8.656136393547058E-001,4.497017860412598E-001,4.684930294752121E-002,-5.737047269940376E-002,8.656136393547058E-001,4.497017860412598E-001,
1.911533333333334E+009,5.576483532786369E-002,-6.265259534120560E-002,8.730655908584595E-001,4.224976301193237E-001,5.576483532786369E-002,-6.265259534120560E-002,8.730655908584595E-001,4.224976301193237E-001,
1.919900000000000E+009,6.220303475856781E-002,-7.109490782022476E-002,8.876713514328003E-001,4.082951545715332E-001,6.220303475856781E-002,-7.109490782022476E-002,8.876713514328003E-001,4.082951545715332E-001,
1.928266666666667E+009,6.446561962366104E-002,-8.153448253870010E-002,8.841781616210938E-001,3.717164993286133E-001,6.446561962366104E-002,-8.153448253870010E-002,8.841781616210938E-001,3.717164993286133E-001,
1.936633333333334E+009,5.851311236619949E-002,-9.354254603385925E-002,9.034042358398438E-001,3.614445626735687E-001,5.851311236619949E-002,-9.354254603385925E-002,9.034042358398438E-001,3.614445626735687E-001,
1.945000000000000E+009,4.789823293685913E-002,-1.020809113979340E-001,9.132747650146484E-001,3.365414142608643E-001,4.789823293685913E-002,-1.020809113979340E-001,9.132747650146484E-001,3.365414142608643E-001,
1.953366666666667E+009,3.542720153927803E-002,-1.078626364469528E-001,9.151183366775513E-001,3.159702718257904E-001,3.542720153927803E-002,-1.078626364469528E-001,9.151183366775513E-001,3.159702718257904E-001,
1.961733333333334E+009,1.994786597788334E-002,-1.047408208251000E-001,9.302779436111450E-001,2.939642071723938E-001,1.994786597788334E-002,-1.047408208251000E-001,9.302779436111450E-001,2.939642071723938E-001,
1.970100000000000E+009,8.522278629243374E-003,-9.884112328290939E-002,9.309614896774292E-001,2.710561752319336E-001,8.522278629243374E-003,-9.884112328290939E-002,9.309614896774292E-001,2.710561752319336E-001,
1.978466666666667E+009,4.215449560433626E-003,-8.727981895208359E-002,9.417026638984680E-001,2.415461838245392E-001,4.215449560433626E-003,-8.727981895208359E-002,9.417026638984680E-001,2.415461838245392E-001,
1.986833333333334E+009,6.858801469206810E-003,-7.718650251626968E-002,9.453124403953552E-001,2.232775241136551E-001,6.858801469206810E-003,-7.718650251626968E-002,9.453124403953552E-001,2.232775241136551E-001,
1.995200000000000E+009,1.794473640620709E-002,-7.081014662981033E-002,9.483867287635803E-001,2.058638930320740E-001,1.794473640620709E-002,-7.081014662981033E-002,9.483867287635803E-001,2.058638930320740E-001,
2.003566666666667E+009,3.140588849782944E-002,-7.029808312654495E-002,9.546475410461426E-001,1.712178438901901E-001,3.140588849782944E-002,-7.029808312654495E-002,9.546475410461426E-001,1.712178438901901E-001,
2.011933333333334E+009,4.365178942680359E-002,-7.894067466259003E-002,9.641774892807007E-001,1.433928608894348E-001,4.365178942680359E-002,-7.894067466259003E-002,9.641774892807007E-001,1.433928608894348E-001,
2.020300000000000E+009,5.122704431414604E-002,-9.001713991165161E-002,9.651910662651062E-001,1.120482534170151E-001,5.122704431414604E-002,-9.001713991165161E-002,9.651910662651062E-001,1.120482534170151E-001,
2.028666666666667E+009,5.012644827365875E-002,-1.056277677416802E-001,9.669957756996155E-001,9.673147648572922E-002,5.012644827365875E-002,-1.056277677416802E-001,9.669957756996155E-001,9.673147648572922E-002,
2.037033333333334E+009,4.018751531839371E-002,-1.215889677405357E-001,9.698725342750549E-001,7.068663090467453E-002,4.018751531839371E-002,-1.215889677405357E-001,9.698725342750549E-001,7.068663090467453E-002,
2.045400000000000E+009,2.378378435969353E-002,-1.301352977752686E-001,9.661635160446167E-001,5.213208869099617E-002,2.378378435969353E-002,-1.301352977752686E-001,9.661635160446167E-001,5.213208869099617E-002,
2.053766666666667E+009,3.939916845411062E-003,-1.300050020217896E-001,9.683269858360291E-001,2.613708749413490E-002,3.939916845411062E-003,-1.300050020217896E-001,9.683269858360291E-001,2.613708749413490E-002,
2.062133333333334E+009,-1.150639913976193E-002,-1.235436424612999E-001,9.730607271194458E-001,1.609989412827417E-004,-1.150639913976193E-002,-1.235436424612999E-001,9.730607271194458E-001,1.609989412827417E-004,
2.070500000000000E+009,-2.022030390799046E-002,-1.082093790173531E-001,9.733586311340332E-001,-2.608751319348812E-002,-2.022030390799046E-002,-1.082093790173531E-001,9.733586311340332E-001,-2.608751319348812E-002,
2.078866666666667E+009,-1.925997436046600E-002,-9.333183616399765E-002,9.699588418006897E-001,-4.758178815245628E-002,-1.925997436046600E-002,-9.333183616399765E-002,9.699588418006897E-001,-4.758178815245628E-002,
2.087233333333334E+009,-9.230316616594791E-003,-8.557950705289841E-002,9.704745411872864E-001,-8.146346360445023E-002,-9.230316616594791E-003,-8.557950705289841E-002,9.704745411872864E-001,-8.146346360445023E-002,
2.095600000000000E+009,6.062800530344248E-003,-8.244197070598602E-002,9.734013676643372E-001,-1.019623577594757E-001,6.062800530344248E-003,-8.244197070598602E-002,9.734013676643372E-001,-1.019623577594757E-001,
2.103966666666667E+009,2.086815051734448E-002,-9.262715280056000E-002,9.709352254867554E-001,-1.299239099025726E-001,2.086815051734448E-002,-9.262715280056000E-002,9.709352254867554E-001,-1.299239099025726E-001,
2.112333333333334E+009,2.949962951242924E-002,-1.090362146496773E-001,9.589228034019470E-001,-1.502878963947296E-001,2.949962951242924E-002,-1.090362146496773E-001,9.589228034019470E-001,-1.502878963947296E-001,
2.120700000000000E+009,2.852583304047585E-002,-1.323744803667069E-001,9.543582201004028E-001,-1.816691160202026E-001,2.852583304047585E-002,-1.323744803667069E-001,9.543582201004028E-001,-1.816691160202026E-001,
2.129066666666667E+009,1.482789311558008E-002,-1.487643718719482E-001,9.581829309463501E-001,-2.088167071342468E-001,1.482789311558008E-002,-1.487643718719482E-001,9.581829309463501E-001,-2.088167071342468E-001,
2.137433333333334E+009,-8.210861124098301E-003,-1.588567197322846E-001,9.402671456336975E-001,-2.271806448698044E-001,-8.210861124098301E-003,-1.588567197322846E-001,9.402671456336975E-001,-2.271806448698044E-001,
2.145800000000000E+009,-3.626288101077080E-002,-1.570715159177780E-001,9.376501441001892E-001,-2.495510280132294E-001,-3.626288101077080E-002,-1.570715159177780E-001,9.376501441001892E-001,-2.495510280132294E-001,
2.154166666666667E+009,-5.784870684146881E-002,-1.438248604536057E-001,9.297908544540405E-001,-2.671345174312592E-001,-5.784870684146881E-002,-1.438248604536057E-001,9.297908544540405E-001,-2.671345174312592E-001,
2.162533333333334E+009,-7.019542157649994E-002,-1.214247569441795E-001,9.113356471061707E-001,-2.913022041320801E-001,-7.019542157649994E-002,-1.214247569441795E-001,9.113356471061707E-001,-2.913022041320801E-001,
2.170900000000000E+009,-6.927026063203812E-002,-9.897603839635849E-002,9.195089340209961E-001,-3.193253576755524E-001,-6.927026063203812E-002,-9.897603839635849E-002,9.195089340209961E-001,-3.193253576755524E-001,
2.179266666666667E+009,-5.641924217343330E-002,-8.429811149835587E-002,9.082905054092407E-001,-3.357869088649750E-001,-5.641924217343330E-002,-8.429811149835587E-002,9.082905054092407E-001,-3.357869088649750E-001,
2.187633333333334E+009,-3.784500434994698E-002,-7.971508055925369E-002,9.054628610610962E-001,-3.683435320854187E-001,-3.784500434994698E-002,-7.971508055925369E-002,9.054628610610962E-001,-3.683435320854187E-001,
2.196000000000000E+009,-1.771423779428005E-002,-8.968060463666916E-002,8.864192962646484E-001,-3.904201984405518E-001,-1.771423779428005E-002,-8.968060463666916E-002,8.864192962646484E-001,-3.904201984405518E-001,
2.204366666666667E+009,-6.127903237938881E-003,-1.110243275761604E-001,8.783679008483887E-001,-4.132383167743683E-001,-6.127903237938881E-003,-1.110243275761604E-001,8.783679008483887E-001,-4.132383167743683E-001,
2.212733333333334E+009,-7.528143934905529E-003,-1.363520324230194E-001,8.635928034782410E-001,-4.453001916408539E-001,-7.528143934905529E-003,-1.363520324230194E-001,8.635928034782410E-001,-4.453001916408539E-001,
2.221100000000000E+009,-2.351053431630135E-002,-1.560252904891968E-001,8.432257771492004E-001,-4.565219283103943E-001,-2.351053431630135E-002,-1.560252904891968E-001,8.432257771492004E-001,-4.565219283103943E-001,
2.229466666666667E+009,-4.754515737295151E-002,-1.668052524328232E-001,8.349414467811585E-001,-4.685072600841522E-001,-4.754515737295151E-002,-1.668052524328232E-001,8.349414467811585E-001,-4.685072600841522E-001,
2.237833333333334E+009,-7.770343124866486E-002,-1.609776169061661E-001,8.262144327163696E-001,-4.945911169052124E-001,-7.770343124866486E-002,-1.609776169061661E-001,8.262144327163696E-001,-4.945911169052124E-001,
2.246200000000000E+009,-1.027050539851189E-001,-1.437284946441650E-001,8.125196099281311E-001,-5.141370892524719E-001,-1.027050539851189E-001,-1.437284946441650E-001,8.125196099281311E-001,-5.141370892524719E-001,
2.254566666666667E+009,-1.134725660085678E-001,-1.162445321679115E-001,8.035075068473816E-001,-5.312191247940064E-001,-1.134725660085678E-001,-1.162445321679115E-001,8.035075068473816E-001,-5.312191247940064E-001,
2.262933333333334E+009,-1.127668544650078E-001,-9.118536859750748E-002,7.906309366226196E-001,-5.529989004135132E-001,-1.127668544650078E-001,-9.118536859750748E-002,7.906309366226196E-001,-5.529989004135132E-001,
2.271300000000000E+009,-9.879371523857117E-002,-7.128243893384934E-002,7.739465832710266E-001,-5.721404552459717E-001,-9.879371523857117E-002,-7.128243893384934E-002,7.739465832710266E-001,-5.721404552459717E-001,
2.279666666666667E+009,-7.699837535619736E-002,-6.774812191724777E-002,7.634034752845764E-001,-5.935662984848023E-001,-7.699837535619736E-002,-6.774812191724777E-002,7.634034752845764E-001,-5.935662984848023E-001,
2.288033333333334E+009,-5.860815942287445E-002,-7.842481136322022E-002,7.474961280822754E-001,-6.236632466316223E-001,-5.860815942287445E-002,-7.842481136322022E-002,7.474961280822754E-001,-6.236632466316223E-001,
2.296400000000000E+009,-4.880822449922562E-002,-1.007498353719711E-001,7.252719402313232E-001,-6.429485082626343E-001,-4.880822449922562E-002,-1.007498353719711E-001,7.252719402313232E-001,-6.429485082626343E-001,
2.304766666666667E+009,-5.493094772100449E-002,-1.258123666048050E-001,7.102765440940857E-001,-6.497475504875183E-001,-5.493094772100449E-002,-1.258123666048050E-001,7.102765440940857E-001,-6.497475504875183E-001,
2.313133333333334E+009,-7.591881603002548E-002,-1.424406617879868E-001,6.854556798934937E-001,-6.804768443107605E-001,-7.591881603002548E-002,-1.424406617879868E-001,6.854556798934937E-001,-6.804768443107605E-001,
2.321500000000000E+009,-1.006209701299667E-001,-1.458652317523956E-001,6.709109544754028E-001,-6.870511770248413E-001,-1.006209701299667E-001,-1.458652317523956E-001,6.709109544754028E-001,-6.870511770248413E-001,
2.329866666666667E+009,-1.264764964580536E-001,-1.341348290443420E-001,6.602966189384460E-001,-7.035075426101685E-001,-1.264764964580536E-001,-1.341348290443420E-001,6.602966189384460E-001,-7.035075426101685E-001,
2.338233333333334E+009,-1.450782567262650E-001,-1.112653911113739E-001,6.339586973190308E-001,-7.192487716674805E-001,-1.450782567262650E-001,-1.112653911113739E-001,6.339586973190308E-001,-7.192487716674805E-001,
2.346600000000000E+009,-1.488095968961716E-001,-7.947469502687454E-002,6.163989901542664E-001,-7.369204759597778E-001,-1.488095968961716E-001,-7.947469502687454E-002,6.163989901542664E-001,-7.369204759597778E-001,
2.354966666666667E+009,-1.360629051923752E-001,-5.500770732760429E-002,6.090917587280273E-001,-7.489160299301148E-001,-1.360629051923752E-001,-5.500770732760429E-002,6.090917587280273E-001,-7.489160299301148E-001,
2.363333333333334E+009,-1.142727062106133E-001,-4.342369362711906E-002,5.935930013656616E-001,-7.658125162124634E-001,-1.142727062106133E-001,-4.342369362711906E-002,5.935930013656616E-001,-7.658125162124634E-001,
2.371700000000000E+009,-8.714262396097183E-002,-4.681959003210068E-002,5.737981796264648E-001,-7.880509495735169E-001,-8.714262396097183E-002,-4.681959003210068E-002,5.737981796264648E-001,-7.880509495735169E-001,
2.380066666666667E+009,-7.037736475467682E-002,-6.937930732965469E-002,5.424480438232422E-001,-8.034621477127075E-001,-7.037736475467682E-002,-6.937930732965469E-002,5.424480438232422E-001,-8.034621477127075E-001,
2.388433333333334E+009,-7.014556229114533E-002,-9.917926788330078E-002,5.206685066223145E-001,-8.100746273994446E-001,-7.014556229114533E-002,-9.917926788330078E-002,5.206685066223145E-001,-8.100746273994446E-001,
2.396800000000000E+009,-8.793020993471146E-002,-1.287710964679718E-001,4.872762262821198E-001,-8.292356729507446E-001,-8.793020993471146E-002,-1.287710964679718E-001,4.872762262821198E-001,-8.292356729507446E-001,
2.405166666666667E+009,-1.196840181946755E-001,-1.475885957479477E-001,4.688342809677124E-001,-8.390659689903259E-001,-1.196840181946755E-001,-1.475885957479477E-001,4.688342809677124E-001,-8.390659689903259E-001,
2.413533333333334E+009,-1.597220003604889E-001,-1.447835266590118E-001,4.444661736488342E-001,-8.434235453605652E-001,-1.597220003604889E-001,-1.447835266590118E-001,4.444661736488342E-001,-8.434235453605652E-001,
2.421900000000000E+009,-1.962384134531021E-001,-1.242419853806496E-001,4.322355985641480E-001,-8.523156046867371E-001,-1.962384134531021E-001,-1.242419853806496E-001,4.322355985641480E-001,-8.523156046867371E-001,
2.430266666666667E+009,-2.158353030681610E-001,-8.900483697652817E-002,4.136335253715515E-001,-8.622397780418396E-001,-2.158353030681610E-001,-8.900483697652817E-002,4.136335253715515E-001,-8.622397780418396E-001,
2.438633333333334E+009,-2.205349057912827E-001,-4.537162557244301E-002,3.955036699771881E-001,-8.707132935523987E-001,-2.205349057912827E-001,-4.537162557244301E-002,3.955036699771881E-001,-8.707132935523987E-001,
2.447000000000000E+009,-2.032804340124130E-001,-6.196380127221346E-003,3.750542402267456E-001,-8.851523995399475E-001,-2.032804340124130E-001,-6.196380127221346E-003,3.750542402267456E-001,-8.851523995399475E-001,
2.455366666666667E+009,-1.715427339076996E-001,1.633199863135815E-002,3.560342788696289E-001,-8.932044506072998E-001,-1.715427339076996E-001,1.633199863135815E-002,3.560342788696289E-001,-8.932044506072998E-001,
2.463733333333334E+009,-1.372749805450440E-001,2.014170587062836E-002,3.342270255088806E-001,-9.106889367103577E-001,-1.372749805450440E-001,2.014170587062836E-002,3.342270255088806E-001,-9.106889367103577E-001,
2.472100000000000E+009,-1.106930524110794E-001,2.689583227038384E-003,3.073480725288391E-001,-9.212350249290466E-001,-1.106930524110794E-001,2.689583227038384E-003,3.073480725288391E-001,-9.212350249290466E-001,
2.480466666666667E+009,-1.002690270543098E-001,-2.680863812565804E-002,2.735836803913117E-001,-9.250453710556030E-001,-1.002690270543098E-001,-2.680863812565804E-002,2.735836803913117E-001,-9.250453710556030E-001,
2.488833333333334E+009,-1.103227660059929E-001,-5.735141038894653E-002,2.514786720275879E-001,-9.320570230484009E-001,-1.103227660059929E-001,-5.735141038894653E-002,2.514786720275879E-001,-9.320570230484009E-001,
2.497200000000000E+009,-1.346175819635391E-001,-7.591571658849716E-002,2.215667217969894E-001,-9.391156435012817E-001,-1.346175819635391E-001,-7.591571658849716E-002,2.215667217969894E-001,-9.391156435012817E-001,
2.505566666666667E+009,-1.713902056217194E-001,-7.794486731290817E-002,1.935440152883530E-001,-9.436294436454773E-001,-1.713902056217194E-001,-7.794486731290817E-002,1.935440152883530E-001,-9.436294436454773E-001,
2.513933333333334E+009,-2.005326002836227E-001,-5.971583351492882E-002,1.756552308797836E-001,-9.408461451530457E-001,-2.005326002836227E-001,-5.971583351492882E-002,1.756552308797836E-001,-9.408461451530457E-001,
2.522300000000000E+009,-2.176473438739777E-001,-3.019276261329651E-002,1.493014991283417E-001,-9.429497718811035E-001,-2.176473438739777E-001,-3.019276261329651E-002,1.493014991283417E-001,-9.429497718811035E-001,
2.530666666666667E+009,-2.154890745878220E-001,7.399451918900013E-003,1.258705854415894E-001,-9.509074687957764E-001,-2.154890745878220E-001,7.399451918900013E-003,1.258705854415894E-001,-9.509074687957764E-001,
2.539033333333334E+009,-1.970107257366180E-001,3.891983255743980E-002,1.086815372109413E-001,-9.509776830673218E-001,-1.970107257366180E-001,3.891983255743980E-002,1.086815372109413E-001,-9.509776830673218E-001,
2.547400000000000E+009,-1.666371375322342E-001,5.718543007969856E-002,9.121404588222504E-002,-9.627675414085388E-001,-1.666371375322342E-001,5.718543007969856E-002,9.121404588222504E-002,-9.627675414085388E-001,
2.555766666666667E+009,-1.323163509368897E-001,5.671764910221100E-002,6.306657195091248E-002,-9.695441722869873E-001,-1.323163509368897E-001,5.671764910221100E-002,6.306657195091248E-002,-9.695441722869873E-001,
2.564133333333334E+009,-1.098055988550186E-001,3.656526654958725E-002,3.567236661911011E-002,-9.670076370239258E-001,-1.098055988550186E-001,3.656526654958725E-002,3.567236661911011E-002,-9.670076370239258E-001,
2.572500000000000E+009,-1.044874489307404E-001,7.919839583337307E-003,6.691120099276304E-003,-9.669739603996277E-001,-1.044874489307404E-001,7.919839583337307E-003,6.691120099276304E-003,-9.669739603996277E-001,
2.580866666666667E+009,-1.184509918093681E-001,-1.958899013698101E-002,-2.267884090542793E-002,-9.687922596931458E-001,-1.184509918093681E-001,-1.958899013698101E-002,-2.267884090542793E-002,-9.687922596931458E-001,
2.589233333333334E+009,-1.491248756647110E-001,-3.468803316354752E-002,-5.342100933194161E-002,-9.608687162399292E-001,-1.491248756647110E-001,-3.468803316354752E-002,-5.342100933194161E-002,-9.608687162399292E-001,
2.597600000000000E+009,-1.839373558759689E-001,-3.296883404254913E-002,-8.015792816877365E-002,-9.562885761260986E-001,-1.839373558759689E-001,-3.296883404254913E-002,-8.015792816877365E-002,-9.562885761260986E-001,
2.605966666666667E+009,-2.142470777034760E-001,-1.104976236820221E-002,-9.305939823389053E-002,-9.565393924713135E-001,-2.142470777034760E-001,-1.104976236820221E-002,-9.305939823389053E-002,-9.565393924713135E-001,
2.614333333333334E+009,-2.293437421321869E-001,2.063430286943913E-002,-1.160070896148682E-001,-9.447146654129028E-001,-2.293437421321869E-001,2.063430286943913E-002,-1.160070896148682E-001,-9.447146654129028E-001,
2.622700000000000E+009,-2.252963334321976E-001,6.011948361992836E-002,-1.347261965274811E-001,-9.389076232910156E-001,-2.252963334321976E-001,6.011948361992836E-002,-1.347261965274811E-001,-9.389076232910156E-001,
2.631066666666667E+009,-2.045271545648575E-001,9.266766905784607E-002,-1.561391502618790E-001,-9.494317173957825E-001,-2.045271545648575E-001,9.266766905784607E-002,-1.561391502618790E-001,-9.494317173957825E-001,
2.639433333333334E+009,-1.703557223081589E-001,1.093090847134590E-001,-1.775474548339844E-001,-9.391568899154663E-001,-1.703557223081589E-001,1.093090847134590E-001,-1.775474548339844E-001,-9.391568899154663E-001,
2.647800000000000E+009,-1.340281367301941E-001,1.082705184817314E-001,-2.028118371963501E-001,-9.398074150085449E-001,-1.340281367301941E-001,1.082705184817314E-001,-2.028118371963501E-001,-9.398074150085449E-001,
2.656166666666667E+009,-1.093868166208267E-001,8.970046788454056E-002,-2.255817353725433E-001,-9.436002969741821E-001,-1.093868166208267E-001,8.970046788454056E-002,-2.255817353725433E-001,-9.436002969741821E-001,
2.664533333333334E+009,-1.015456318855286E-001,6.270644813776016E-002,-2.609650492668152E-001,-9.272508621215820E-001,-1.015456318855286E-001,6.270644813776016E-002,-2.609650492668152E-001,-9.272508621215820E-001,
2.672900000000000E+009,-1.129445210099220E-001,3.644743934273720E-002,-2.825410366058350E-001,-9.235664606094360E-001,-1.129445210099220E-001,3.644743934273720E-002,-2.825410366058350E-001,-9.235664606094360E-001,
2.681266666666667E+009,-1.393248885869980E-001,2.339406497776508E-002,-3.109969794750214E-001,-9.103039503097534E-001,-1.393248885869980E-001,2.339406497776508E-002,-3.109969794750214E-001,-9.103039503097534E-001,
2.689633333333334E+009,-1.723630726337433E-001,2.759405411779881E-002,-3.334147036075592E-001,-9.004244804382324E-001,-1.723630726337433E-001,2.759405411779881E-002,-3.334147036075592E-001,-9.004244804382324E-001,
2.698000000000000E+009,-1.983351558446884E-001,4.936814680695534E-002,-3.476864993572235E-001,-8.848868012428284E-001,-1.983351558446884E-001,4.936814680695534E-002,-3.476864993572235E-001,-8.848868012428284E-001,
2.706366666666667E+009,-2.099996656179428E-001,8.301340043544769E-002,-3.712448477745056E-001,-8.713549971580505E-001,-2.099996656179428E-001,8.301340043544769E-002,-3.712448477745056E-001,-8.713549971580505E-001,
2.714733333333334E+009,-2.046910375356674E-001,1.174124404788017E-001,-3.834349215030670E-001,-8.706443905830383E-001,-2.046910375356674E-001,1.174124404788017E-001,-3.834349215030670E-001,-8.706443905830383E-001,
2.723100000000000E+009,-1.801577359437943E-001,1.477660387754440E-001,-4.027969837188721E-001,-8.580870032310486E-001,-1.801577359437943E-001,1.477660387754440E-001,-4.027969837188721E-001,-8.580870032310486E-001,
2.731466666666667E+009,-1.431511789560318E-001,1.634720265865326E-001,-4.274084866046906E-001,-8.541749119758606E-001,-1.431511789560318E-001,1.634720265865326E-001,-4.274084866046906E-001,-8.541749119758606E-001,
2.739833333333334E+009,-1.062735915184021E-001,1.589499264955521E-001,-4.477400481700897E-001,-8.444328904151917E-001,-1.062735915184021E-001,1.589499264955521E-001,-4.477400481700897E-001,-8.444328904151917E-001,
2.748200000000000E+009,-7.923922687768936E-002,1.393866688013077E-001,-4.709780812263489E-001,-8.379390835762024E-001,-7.923922687768936E-002,1.393866688013077E-001,-4.709780812263489E-001,-8.379390835762024E-001,
2.756566666666667E+009,-6.882388144731522E-002,1.099966913461685E-001,-4.971843957901001E-001,-8.295942544937134E-001,-6.882388144731522E-002,1.099966913461685E-001,-4.971843957901001E-001,-8.295942544937134E-001,
2.764933333333334E+009,-7.706366479396820E-002,8.217983692884445E-002,-5.310148596763611E-001,-8.185824751853943E-001,-7.706366479396820E-002,8.217983692884445E-002,-5.310148596763611E-001,-8.185824751853943E-001,
2.773300000000000E+009,-1.002416983246803E-001,6.396365910768509E-002,-5.481027364730835E-001,-7.950799465179443E-001,-1.002416983246803E-001,6.396365910768509E-002,-5.481027364730835E-001,-7.950799465179443E-001,
2.781666666666667E+009,-1.331811249256134E-001,6.755822896957398E-002,-5.664640665054321E-001,-7.757583856582642E-001,-1.331811249256134E-001,6.755822896957398E-002,-5.664640665054321E-001,-7.757583856582642E-001,
2.790033333333334E+009,-1.593060344457626E-001,8.595903217792511E-002,-5.843168497085571E-001,-7.613639235496521E-001,-1.593060344457626E-001,8.595903217792511E-002,-5.843168497085571E-001,-7.613639235496521E-001,
2.798400000000000E+009,-1.731192618608475E-001,1.184566169977188E-001,-6.007718443870544E-001,-7.469450831413269E-001,-1.731192618608475E-001,1.184566169977188E-001,-6.007718443870544E-001,-7.469450831413269E-001,
2.806766666666667E+009,-1.658679544925690E-001,1.539415121078491E-001,-6.141110658645630E-001,-7.227388620376587E-001,-1.658679544925690E-001,1.539415121078491E-001,-6.141110658645630E-001,-7.227388620376587E-001,
2.815133333333334E+009,-1.440162658691406E-001,1.805066168308258E-001,-6.278436183929443E-001,-7.133628129959106E-001,-1.440162658691406E-001,1.805066168308258E-001,-6.278436183929443E-001,-7.133628129959106E-001,
2.823500000000000E+009,-1.088457852602005E-001,1.946615576744080E-001,-6.441513299942017E-001,-7.046126127243042E-001,-1.088457852602005E-001,1.946615576744080E-001,-6.441513299942017E-001,-7.046126127243042E-001,
2.831866666666667E+009,-7.239292562007904E-002,1.883302330970764E-001,-6.591676473617554E-001,-6.917405724525452E-001,-7.239292562007904E-002,1.883302330970764E-001,-6.591676473617554E-001,-6.917405724525452E-001,
2.840233333333334E+009,-4.359344393014908E-002,1.671899110078812E-001,-6.864606738090515E-001,-6.783130168914795E-001,-4.359344393014908E-002,1.671899110078812E-001,-6.864606738090515E-001,-6.783130168914795E-001,
2.848600000000000E+009,-3.155583515763283E-002,1.369792222976685E-001,-7.026885747909546E-001,-6.579107642173767E-001,-3.155583515763283E-002,1.369792222976685E-001,-7.026885747909546E-001,-6.579107642173767E-001,
2.856966666666667E+009,-3.925583884119988E-002,1.080626696348190E-001,-7.237112522125244E-001,-6.421132683753967E-001,-3.925583884119988E-002,1.080626696348190E-001,-7.237112522125244E-001,-6.421132683753967E-001,
2.865333333333334E+009,-6.384168565273285E-002,8.949439227581024E-002,-7.446320056915283E-001,-6.238375902175903E-001,-6.384168565273285E-002,8.949439227581024E-002,-7.446320056915283E-001,-6.238375902175903E-001,
2.873700000000000E+009,-9.571428596973419E-002,9.006371349096298E-002,-7.626984715461731E-001,-5.910535454750061E-001,-9.571428596973419E-002,9.006371349096298E-002,-7.626984715461731E-001,-5.910535454750061E-001,
2.882066666666667E+009,-1.222630590200424E-001,1.092353537678719E-001,-7.701251506805420E-001,-5.644097924232483E-001,-1.222630590200424E-001,1.092353537678719E-001,-7.701251506805420E-001,-5.644097924232483E-001,
2.890433333333334E+009,-1.359472870826721E-001,1.431628316640854E-001,-7.807689905166626E-001,-5.473335981369019E-001,-1.359472870826721E-001,1.431628316640854E-001,-7.807689905166626E-001,-5.473335981369019E-001,
2.898800000000000E+009,-1.294271051883698E-001,1.812697499990463E-001,-7.883514165878296E-001,-5.307583808898926E-001,-1.294271051883698E-001,1.812697499990463E-001,-7.883514165878296E-001,-5.307583808898926E-001,
2.907166666666667E+009,-1.053390726447105E-001,2.099110484123230E-001,-7.930385470390320E-001,-5.164554715156555E-001,-1.053390726447105E-001,2.099110484123230E-001,-7.930385470390320E-001,-5.164554715156555E-001,
2.915533333333334E+009,-6.716424226760864E-002,2.251111418008804E-001,-8.078309297561646E-001,-4.940094947814941E-001,-6.716424226760864E-002,2.251111418008804E-001,-8.078309297561646E-001,-4.940094947814941E-001,
2.923900000000000E+009,-2.871625684201717E-002,2.195911407470703E-001,-8.202662467956543E-001,-4.829370677471161E-001,-2.871625684201717E-002,2.195911407470703E-001,-8.202662467956543E-001,-4.829370677471161E-001,
2.932266666666667E+009,2.280344488099217E-003,1.975566297769547E-001,-8.341104388237000E-001,-4.697505235671997E-001,2.280344488099217E-003,1.975566297769547E-001,-8.341104388237000E-001,-4.697505235671997E-001,
2.940633333333334E+009,1.629187725484371E-002,1.628215461969376E-001,-8.515160679817200E-001,-4.456079304218292E-001,1.629187725484371E-002,1.628215461969376E-001,-8.515160679817200E-001,-4.456079304218292E-001,
2.949000000000000E+009,9.976811707019806E-003,1.267784088850021E-001,-8.728929758071899E-001,-4.161003232002258E-001,9.976811707019806E-003,1.267784088850021E-001,-8.728929758071899E-001,-4.161003232002258E-001,
2.957366666666667E+009,-1.455899700522423E-002,1.044118702411652E-001,-8.855811953544617E-001,-3.994238972663879E-001,-1.455899700522423E-002,1.044118702411652E-001,-8.855811953544617E-001,-3.994238972663879E-001,
2.965733333333334E+009,-4.934772476553917E-002,1.014729663729668E-001,-8.988218307495117E-001,-3.672074377536774E-001,-4.934772476553917E-002,1.014729663729668E-001,-8.988218307495117E-001,-3.672074377536774E-001,
2.974100000000000E+009,-7.762057334184647E-002,1.202721297740936E-001,-9.055681824684143E-001,-3.328516483306885E-001,-7.762057334184647E-002,1.202721297740936E-001,-9.055681824684143E-001,-3.328516483306885E-001,
2.982466666666667E+009,-9.155358374118805E-002,1.539024412631989E-001,-9.091976284980774E-001,-3.074792921543121E-001,-9.155358374118805E-002,1.539024412631989E-001,-9.091976284980774E-001,-3.074792921543121E-001,
2.990833333333334E+009,-8.576019853353500E-002,1.916064620018005E-001,-9.049904346466065E-001,-2.917203307151794E-001,-8.576019853353500E-002,1.916064620018005E-001,-9.049904346466065E-001,-2.917203307151794E-001,
2.999200000000000E+009,-5.966245383024216E-002,2.231432795524597E-001,-9.093537926673889E-001,-2.704177498817444E-001,-5.966245383024216E-002,2.231432795524597E-001,-9.093537926673889E-001,-2.704177498817444E-001,
3.007566666666667E+009,-2.043242380023003E-002,2.385568171739578E-001,-9.139069318771362E-001,-2.496144324541092E-001,-2.043242380023003E-002,2.385568171739578E-001,-9.139069318771362E-001,-2.496144324541092E-001,
3.015933333333334E+009,2.236921340227127E-002,2.307862788438797E-001,-9.166172146797180E-001,-2.380591183900833E-001,2.236921340227127E-002,2.307862788438797E-001,-9.166172146797180E-001,-2.380591183900833E-001,
3.024300000000000E+009,5.497342720627785E-002,2.061903625726700E-001,-9.282404184341431E-001,-2.188581675291061E-001,5.497342720627785E-002,2.061903625726700E-001,-9.282404184341431E-001,-2.188581675291061E-001,
3.032666666666667E+009,6.975072622299194E-002,1.666941344738007E-001,-9.396354556083679E-001,-1.964884698390961E-001,6.975072622299194E-002,1.666941344738007E-001,-9.396354556083679E-001,-1.964884698390961E-001,
3.041033333333334E+009,6.038136035203934E-002,1.276310235261917E-001,-9.502429962158203E-001,-1.723922044038773E-001,6.038136035203934E-002,1.276310235261917E-001,-9.502429962158203E-001,-1.723922044038773E-001,
3.049400000000000E+009,3.107474185526371E-002,1.018673777580261E-001,-9.580976963043213E-001,-1.335396468639374E-001,3.107474185526371E-002,1.018673777580261E-001,-9.580976963043213E-001,-1.335396468639374E-001,
3.057766666666667E+009,-6.804433185607195E-003,9.792906045913696E-002,-9.659944176673889E-001,-1.160285174846649E-001,-6.804433185607195E-003,9.792906045913696E-002,-9.659944176673889E-001,-1.160285174846649E-001,
3.066133333333334E+009,-4.207199811935425E-002,1.171576455235481E-001,-9.595753550529480E-001,-7.688084244728088E-002,-4.207199811935425E-002,1.171576455235481E-001,-9.595753550529480E-001,-7.688084244728088E-002,
3.074500000000000E+009,-5.776617676019669E-002,1.546788811683655E-001,-9.606870412826538E-001,-4.681600630283356E-002,-5.776617676019669E-002,1.546788811683655E-001,-9.606870412826538E-001,-4.681600630283356E-002,
3.082866666666667E+009,-4.904170706868172E-002,1.964003592729569E-001,-9.541205763816834E-001,-2.810444310307503E-002,-4.904170706868172E-002,1.964003592729569E-001,-9.541205763816834E-001,-2.810444310307503E-002,
3.091233333333334E+009,-1.784522831439972E-002,2.318225353956223E-001,-9.471030831336975E-001,-5.402965471148491E-003,-1.784522831439972E-002,2.318225353956223E-001,-9.471030831336975E-001,-5.402965471148491E-003,
3.099600000000000E+009,2.887175045907497E-002,2.463608831167221E-001,-9.406929016113281E-001,9.982385672628880E-003,2.887175045907497E-002,2.463608831167221E-001,-9.406929016113281E-001,9.982385672628880E-003,
3.107966666666667E+009,7.939040660858154E-002,2.357283681631088E-001,-9.441100358963013E-001,2.148582972586155E-002,7.939040660858154E-002,2.357283681631088E-001,-9.441100358963013E-001,2.148582972586155E-002,
3.116333333333334E+009,1.193856447935104E-001,2.034397721290588E-001,-9.468946456909180E-001,4.399686679244041E-002,1.193856447935104E-001,2.034397721290588E-001,-9.468946456909180E-001,4.399686679244041E-002,
3.124700000000000E+009,1.352937072515488E-001,1.556838899850845E-001,-9.547316431999207E-001,6.147253140807152E-002,1.352937072515488E-001,1.556838899850845E-001,-9.547316431999207E-001,6.147253140807152E-002,
3.133066666666667E+009,1.256872266530991E-001,1.079776287078857E-001,-9.628539085388184E-001,9.211008250713348E-002,1.256872266530991E-001,1.079776287078857E-001,-9.628539085388184E-001,9.211008250713348E-002,
3.141433333333334E+009,9.281262010335922E-002,7.238069176673889E-002,-9.645039439201355E-001,1.205706596374512E-001,9.281262010335922E-002,7.238069176673889E-002,-9.645039439201355E-001,1.205706596374512E-001,
3.149800000000000E+009,4.434870555996895E-002,6.386985629796982E-002,-9.637191891670227E-001,1.590626090764999E-001,4.434870555996895E-002,6.386985629796982E-002,-9.637191891670227E-001,1.590626090764999E-001,
3.158166666666667E+009,4.452325229067355E-004,8.398686349391937E-002,-9.505467414855957E-001,1.916323900222778E-001,4.452325229067355E-004,8.398686349391937E-002,-9.505467414855957E-001,1.916323900222778E-001,
3.166533333333334E+009,-2.316671051084995E-002,1.250654757022858E-001,-9.425571560859680E-001,2.174039036035538E-001,-2.316671051084995E-002,1.250654757022858E-001,-9.425571560859680E-001,2.174039036035538E-001,
3.174900000000000E+009,-2.097292989492416E-002,1.735450774431229E-001,-9.282253980636597E-001,2.403138130903244E-001,-2.097292989492416E-002,1.735450774431229E-001,-9.282253980636597E-001,2.403138130903244E-001,
3.183266666666667E+009,1.013579219579697E-002,2.139531075954437E-001,-9.122157692909241E-001,2.590194344520569E-001,1.013579219579697E-002,2.139531075954437E-001,-9.122157692909241E-001,2.590194344520569E-001,
3.191633333333334E+009,5.804860219359398E-002,2.310429215431213E-001,-8.981806039810181E-001,2.736269235610962E-001,5.804860219359398E-002,2.310429215431213E-001,-8.981806039810181E-001,2.736269235610962E-001,
3.200000000000000E+009,1.097087711095810E-001,2.207714021205902E-001,-8.956498503684998E-001,2.850694656372070E-001,1.097087711095810E-001,2.207714021205902E-001,-8.956498503684998E-001,2.850694656372070E-001,
