% Version 1.00
%
%freq[Hz],re:Trc1_S11,im:Trc1_S11,re:Trc2_S21,im:Trc2_S21,re:Trc3_S11,im:Trc3_S11,re:Trc4_S21,im:Trc4_S21,
6.900000000000000E+008,-5.066105350852013E-002,3.968898206949234E-002,-5.023710131645203E-001,-8.484477400779724E-001,-5.066105350852013E-002,3.968898206949234E-002,-5.023710131645203E-001,-8.484477400779724E-001,
6.983666666666666E+008,-4.304138571023941E-002,3.983672708272934E-002,-5.203824043273926E-001,-8.301370143890381E-001,-4.304138571023941E-002,3.983672708272934E-002,-5.203824043273926E-001,-8.301370143890381E-001,
7.067333333333334E+008,-3.715135529637337E-002,3.667308017611504E-002,-5.479528903961182E-001,-8.029857277870178E-001,-3.715135529637337E-002,3.667308017611504E-002,-5.479528903961182E-001,-8.029857277870178E-001,
7.151000000000000E+008,-3.810344263911247E-002,2.841599658131599E-002,-5.567924976348877E-001,-7.958047986030579E-001,-3.810344263911247E-002,2.841599658131599E-002,-5.567924976348877E-001,-7.958047986030579E-001,
7.234666666666666E+008,-3.829413279891014E-002,2.329642884433270E-002,-5.943900346755981E-001,-7.821619510650635E-001,-3.829413279891014E-002,2.329642884433270E-002,-5.943900346755981E-001,-7.821619510650635E-001,
7.318333333333334E+008,-4.592763260006905E-002,2.035446092486382E-002,-6.018205881118774E-001,-7.766606211662293E-001,-4.592763260006905E-002,2.035446092486382E-002,-6.018205881118774E-001,-7.766606211662293E-001,
7.402000000000000E+008,-5.337500944733620E-002,2.248426154255867E-002,-6.312327980995178E-001,-7.531200051307678E-001,-5.337500944733620E-002,2.248426154255867E-002,-6.312327980995178E-001,-7.531200051307678E-001,
7.485666666666666E+008,-5.840192735195160E-002,2.827508747577667E-002,-6.533992886543274E-001,-7.166342139244080E-001,-5.840192735195160E-002,2.827508747577667E-002,-6.533992886543274E-001,-7.166342139244080E-001,
7.569333333333334E+008,-5.909413471817970E-002,3.749794140458107E-002,-6.682891249656677E-001,-7.216914296150208E-001,-5.909413471817970E-002,3.749794140458107E-002,-6.682891249656677E-001,-7.216914296150208E-001,
7.653000000000000E+008,-5.512321367859840E-002,4.672028496861458E-002,-6.764210462570190E-001,-7.122948169708252E-001,-5.512321367859840E-002,4.672028496861458E-002,-6.764210462570190E-001,-7.122948169708252E-001,
7.736666666666666E+008,-4.734948277473450E-002,5.545839667320252E-002,-7.017152905464172E-001,-7.041545510292053E-001,-4.734948277473450E-002,5.545839667320252E-002,-7.017152905464172E-001,-7.041545510292053E-001,
7.820333333333334E+008,-4.085043817758560E-002,5.946406349539757E-002,-7.233018279075623E-001,-6.800605058670044E-001,-4.085043817758560E-002,5.946406349539757E-002,-7.233018279075623E-001,-6.800605058670044E-001,
7.904000000000000E+008,-3.085839003324509E-002,5.751034989953041E-002,-7.377704381942749E-001,-6.554706692695618E-001,-3.085839003324509E-002,5.751034989953041E-002,-7.377704381942749E-001,-6.554706692695618E-001,
7.987666666666666E+008,-2.377010136842728E-002,5.340342223644257E-002,-7.506515979766846E-001,-6.377900242805481E-001,-2.377010136842728E-002,5.340342223644257E-002,-7.506515979766846E-001,-6.377900242805481E-001,
8.071333333333334E+008,-2.384189516305924E-002,4.891041293740273E-002,-7.633779644966126E-001,-6.233977079391480E-001,-2.384189516305924E-002,4.891041293740273E-002,-7.633779644966126E-001,-6.233977079391480E-001,
8.155000000000000E+008,-2.785995975136757E-002,4.159278795123100E-002,-7.741734981536865E-001,-5.791445970535278E-001,-2.785995975136757E-002,4.159278795123100E-002,-7.741734981536865E-001,-5.791445970535278E-001,
8.238666666666666E+008,-3.243446722626686E-002,3.900614380836487E-002,-8.057454228401184E-001,-5.814236402511597E-001,-3.243446722626686E-002,3.900614380836487E-002,-8.057454228401184E-001,-5.814236402511597E-001,
8.322333333333334E+008,-4.083010554313660E-002,4.070237651467323E-002,-8.156493306159973E-001,-5.538214445114136E-001,-4.083010554313660E-002,4.070237651467323E-002,-8.156493306159973E-001,-5.538214445114136E-001,
8.406000000000000E+008,-4.551737755537033E-002,4.454647749662399E-002,-8.288386464118958E-001,-5.410244464874268E-001,-4.551737755537033E-002,4.454647749662399E-002,-8.288386464118958E-001,-5.410244464874268E-001,
8.489666666666668E+008,-4.590702056884766E-002,5.263979732990265E-002,-8.489144444465637E-001,-5.130766034126282E-001,-4.590702056884766E-002,5.263979732990265E-002,-8.489144444465637E-001,-5.130766034126282E-001,
8.573333333333334E+008,-4.240656644105911E-002,6.028718501329422E-002,-8.529300689697266E-001,-4.956627786159515E-001,-4.240656644105911E-002,6.028718501329422E-002,-8.529300689697266E-001,-4.956627786159515E-001,
8.657000000000000E+008,-3.564406931400299E-002,6.886428594589233E-002,-8.714735507965088E-001,-4.676361680030823E-001,-3.564406931400299E-002,6.886428594589233E-002,-8.714735507965088E-001,-4.676361680030823E-001,
8.740666666666668E+008,-2.706042863428593E-002,7.404061406850815E-002,-8.646340966224670E-001,-4.486729204654694E-001,-2.706042863428593E-002,7.404061406850815E-002,-8.646340966224670E-001,-4.486729204654694E-001,
8.824333333333334E+008,-1.793487742543221E-002,7.276390492916107E-002,-8.953645825386047E-001,-4.175093770027161E-001,-1.793487742543221E-002,7.276390492916107E-002,-8.953645825386047E-001,-4.175093770027161E-001,
8.908000000000000E+008,-1.052589807659388E-002,7.310216128826141E-002,-9.067699909210205E-001,-4.132398366928101E-001,-1.052589807659388E-002,7.310216128826141E-002,-9.067699909210205E-001,-4.132398366928101E-001,
8.991666666666668E+008,-7.793169934302568E-003,6.660405546426773E-002,-9.204038381576538E-001,-3.844808340072632E-001,-7.793169934302568E-003,6.660405546426773E-002,-9.204038381576538E-001,-3.844808340072632E-001,
9.075333333333334E+008,-7.732023485004902E-003,6.178995594382286E-002,-9.099054336547852E-001,-3.582648932933807E-001,-7.732023485004902E-003,6.178995594382286E-002,-9.099054336547852E-001,-3.582648932933807E-001,
9.159000000000000E+008,-1.044333260506392E-002,5.702681094408035E-002,-9.245406389236450E-001,-3.477421700954437E-001,-1.044333260506392E-002,5.702681094408035E-002,-9.245406389236450E-001,-3.477421700954437E-001,
9.242666666666668E+008,-1.555286906659603E-002,5.273643881082535E-002,-9.347393512725830E-001,-3.216883540153503E-001,-1.555286906659603E-002,5.273643881082535E-002,-9.347393512725830E-001,-3.216883540153503E-001,
9.326333333333334E+008,-2.019531652331352E-002,5.491712689399719E-002,-9.377279877662659E-001,-2.884048819541931E-001,-2.019531652331352E-002,5.491712689399719E-002,-9.377279877662659E-001,-2.884048819541931E-001,
9.410000000000000E+008,-2.545740082859993E-002,6.121483072638512E-002,-9.442201256752014E-001,-2.607128322124481E-001,-2.545740082859993E-002,6.121483072638512E-002,-9.442201256752014E-001,-2.607128322124481E-001,
9.493666666666668E+008,-2.624958381056786E-002,6.884587556123734E-002,-9.506071805953980E-001,-2.526935338973999E-001,-2.624958381056786E-002,6.884587556123734E-002,-9.506071805953980E-001,-2.526935338973999E-001,
9.577333333333334E+008,-2.084628678858280E-002,7.709534466266632E-002,-9.760801792144775E-001,-2.085148841142654E-001,-2.084628678858280E-002,7.709534466266632E-002,-9.760801792144775E-001,-2.085148841142654E-001,
9.661000000000000E+008,-1.230186689645052E-002,8.428525179624558E-002,-9.598204493522644E-001,-1.949892938137054E-001,-1.230186689645052E-002,8.428525179624558E-002,-9.598204493522644E-001,-1.949892938137054E-001,
9.744666666666668E+008,-2.507897093892098E-003,8.910299092531204E-002,-9.716001749038696E-001,-1.626545488834381E-001,-2.507897093892098E-003,8.910299092531204E-002,-9.716001749038696E-001,-1.626545488834381E-001,
9.828333333333334E+008,1.127212867140770E-002,8.724416792392731E-002,-9.679942727088928E-001,-1.378071904182434E-001,1.127212867140770E-002,8.724416792392731E-002,-9.679942727088928E-001,-1.378071904182434E-001,
9.912000000000000E+008,2.102655544877052E-002,8.404237776994705E-002,-9.787605404853821E-001,-1.283693462610245E-001,2.102655544877052E-002,8.404237776994705E-002,-9.787605404853821E-001,-1.283693462610245E-001,
9.995666666666668E+008,2.577480114996433E-002,7.496295124292374E-002,-9.809781312942505E-001,-9.022375941276550E-002,2.577480114996433E-002,7.496295124292374E-002,-9.809781312942505E-001,-9.022375941276550E-002,
1.007933333333333E+009,2.569228783249855E-002,6.711057573556900E-002,-9.869408607482910E-001,-7.374533265829086E-002,2.569228783249855E-002,6.711057573556900E-002,-9.869408607482910E-001,-7.374533265829086E-002,
1.016300000000000E+009,1.993519626557827E-002,5.801809206604958E-002,-9.881466031074524E-001,-4.583800211548805E-002,1.993519626557827E-002,5.801809206604958E-002,-9.881466031074524E-001,-4.583800211548805E-002,
1.024666666666667E+009,1.173729356378317E-002,5.711603537201881E-002,-9.878199100494385E-001,-2.637517452239990E-002,1.173729356378317E-002,5.711603537201881E-002,-9.878199100494385E-001,-2.637517452239990E-002,
1.033033333333333E+009,4.701615311205387E-003,5.808558687567711E-002,-9.655542969703674E-001,1.174509897828102E-002,4.701615311205387E-003,5.808558687567711E-002,-9.655542969703674E-001,1.174509897828102E-002,
1.041400000000000E+009,7.656039088033140E-004,6.449396908283234E-002,-9.739243388175964E-001,3.467806801199913E-002,7.656039088033140E-004,6.449396908283234E-002,-9.739243388175964E-001,3.467806801199913E-002,
1.049766666666667E+009,3.476989513728768E-004,7.283367216587067E-002,-9.822103977203369E-001,5.622393637895584E-002,3.476989513728768E-004,7.283367216587067E-002,-9.822103977203369E-001,5.622393637895584E-002,
1.058133333333333E+009,8.980677463114262E-003,8.176563680171967E-002,-9.771574735641480E-001,8.080850541591644E-002,8.980677463114262E-003,8.176563680171967E-002,-9.771574735641480E-001,8.080850541591644E-002,
1.066500000000000E+009,2.183978445827961E-002,8.643005043268204E-002,-9.614280462265015E-001,1.083884611725807E-001,2.183978445827961E-002,8.643005043268204E-002,-9.614280462265015E-001,1.083884611725807E-001,
1.074866666666667E+009,3.428289666771889E-002,8.314140886068344E-002,-9.728119373321533E-001,1.395346373319626E-001,3.428289666771889E-002,8.314140886068344E-002,-9.728119373321533E-001,1.395346373319626E-001,
1.083233333333334E+009,4.683119803667069E-002,7.905409485101700E-002,-9.672476649284363E-001,1.538198143243790E-001,4.683119803667069E-002,7.905409485101700E-002,-9.672476649284363E-001,1.538198143243790E-001,
1.091600000000000E+009,5.152627080678940E-002,6.680923700332642E-002,-9.602188467979431E-001,1.889930069446564E-001,5.152627080678940E-002,6.680923700332642E-002,-9.602188467979431E-001,1.889930069446564E-001,
1.099966666666667E+009,5.307040736079216E-002,5.406486243009567E-002,-9.557992219924927E-001,2.038132399320602E-001,5.307040736079216E-002,5.406486243009567E-002,-9.557992219924927E-001,2.038132399320602E-001,
1.108333333333334E+009,4.479581490159035E-002,4.430619999766350E-002,-9.682403802871704E-001,2.279846072196960E-001,4.479581490159035E-002,4.430619999766350E-002,-9.682403802871704E-001,2.279846072196960E-001,
1.116700000000000E+009,3.257525712251663E-002,4.446507245302200E-002,-9.537476897239685E-001,2.598391473293304E-001,3.257525712251663E-002,4.446507245302200E-002,-9.537476897239685E-001,2.598391473293304E-001,
1.125066666666667E+009,2.057087048888207E-002,4.557575285434723E-002,-9.376476407051086E-001,2.812392115592957E-001,2.057087048888207E-002,4.557575285434723E-002,-9.376476407051086E-001,2.812392115592957E-001,
1.133433333333334E+009,1.056254934519529E-002,5.756818130612373E-002,-9.329578876495361E-001,2.992000281810761E-001,1.056254934519529E-002,5.756818130612373E-002,-9.329578876495361E-001,2.992000281810761E-001,
1.141800000000000E+009,1.183136738836765E-002,7.045095413923264E-002,-9.222589135169983E-001,3.250160813331604E-001,1.183136738836765E-002,7.045095413923264E-002,-9.222589135169983E-001,3.250160813331604E-001,
1.150166666666667E+009,1.896186172962189E-002,8.299929648637772E-002,-9.156447052955627E-001,3.558917641639710E-001,1.896186172962189E-002,8.299929648637772E-002,-9.156447052955627E-001,3.558917641639710E-001,
1.158533333333334E+009,3.752957656979561E-002,9.013409912586212E-002,-9.051206111907959E-001,3.766547441482544E-001,3.752957656979561E-002,9.013409912586212E-002,-9.051206111907959E-001,3.766547441482544E-001,
1.166900000000000E+009,5.749525502324104E-002,8.894076943397522E-002,-8.968765735626221E-001,4.035187065601349E-001,5.749525502324104E-002,8.894076943397522E-002,-8.968765735626221E-001,4.035187065601349E-001,
1.175266666666667E+009,7.396154850721359E-002,7.887569814920425E-002,-8.781656026840210E-001,4.182415306568146E-001,7.396154850721359E-002,7.887569814920425E-002,-8.781656026840210E-001,4.182415306568146E-001,
1.183633333333334E+009,8.700618147850037E-002,6.384167820215225E-002,-8.732802867889404E-001,4.440287947654724E-001,8.700618147850037E-002,6.384167820215225E-002,-8.732802867889404E-001,4.440287947654724E-001,
1.192000000000000E+009,8.810021728277206E-002,4.610840231180191E-002,-8.659364581108093E-001,4.697477221488953E-001,8.810021728277206E-002,4.610840231180191E-002,-8.659364581108093E-001,4.697477221488953E-001,
1.200366666666667E+009,7.865653187036514E-002,2.878074534237385E-002,-8.525637984275818E-001,4.886022210121155E-001,7.865653187036514E-002,2.878074534237385E-002,-8.525637984275818E-001,4.886022210121155E-001,
1.208733333333334E+009,6.098360195755959E-002,1.990528963506222E-002,-8.472521901130676E-001,5.165534615516663E-001,6.098360195755959E-002,1.990528963506222E-002,-8.472521901130676E-001,5.165534615516663E-001,
1.217100000000000E+009,4.267735406756401E-002,2.185183204710484E-002,-8.162393569946289E-001,5.314956307411194E-001,4.267735406756401E-002,2.185183204710484E-002,-8.162393569946289E-001,5.314956307411194E-001,
1.225466666666667E+009,3.117219172418118E-002,3.345920890569687E-002,-8.173961639404297E-001,5.562239289283752E-001,3.117219172418118E-002,3.345920890569687E-002,-8.173961639404297E-001,5.562239289283752E-001,
1.233833333333334E+009,2.930113673210144E-002,4.843053594231606E-002,-7.970364093780518E-001,5.780435204505920E-001,2.930113673210144E-002,4.843053594231606E-002,-7.970364093780518E-001,5.780435204505920E-001,
1.242200000000000E+009,3.561119362711906E-002,6.276276707649231E-002,-7.673600912094116E-001,5.929580330848694E-001,3.561119362711906E-002,6.276276707649231E-002,-7.673600912094116E-001,5.929580330848694E-001,
1.250566666666667E+009,5.132643505930901E-002,7.207973301410675E-002,-7.755213379859924E-001,6.198915243148804E-001,5.132643505930901E-002,7.207973301410675E-002,-7.755213379859924E-001,6.198915243148804E-001,
1.258933333333334E+009,7.216008007526398E-002,7.222125679254532E-002,-7.532372474670410E-001,6.334139108657837E-001,7.216008007526398E-002,7.222125679254532E-002,-7.532372474670410E-001,6.334139108657837E-001,
1.267300000000000E+009,9.081821888685226E-002,5.980918183922768E-002,-7.283505797386169E-001,6.489052176475525E-001,9.081821888685226E-002,5.980918183922768E-002,-7.283505797386169E-001,6.489052176475525E-001,
1.275666666666667E+009,1.025088801980019E-001,4.242299869656563E-002,-7.253447771072388E-001,6.543530821800232E-001,1.025088801980019E-001,4.242299869656563E-002,-7.253447771072388E-001,6.543530821800232E-001,
1.284033333333334E+009,1.041481718420982E-001,1.995313726365566E-002,-6.940883994102478E-001,7.050725221633911E-001,1.041481718420982E-001,1.995313726365566E-002,-6.940883994102478E-001,7.050725221633911E-001,
1.292400000000000E+009,9.231074154376984E-002,2.040780615061522E-003,-6.909163594245911E-001,7.050369977951050E-001,9.231074154376984E-002,2.040780615061522E-003,-6.909163594245911E-001,7.050369977951050E-001,
1.300766666666667E+009,7.401575893163681E-002,-5.905248690396547E-003,-6.708082556724548E-001,7.214679718017578E-001,7.401575893163681E-002,-5.905248690396547E-003,-6.708082556724548E-001,7.214679718017578E-001,
1.309133333333334E+009,5.442165955901146E-002,-2.916426630690694E-003,-6.570832133293152E-001,7.492814064025879E-001,5.442165955901146E-002,-2.916426630690694E-003,-6.570832133293152E-001,7.492814064025879E-001,
1.317500000000000E+009,3.992656618356705E-002,9.396287612617016E-003,-6.280922293663025E-001,7.751749753952026E-001,3.992656618356705E-002,9.396287612617016E-003,-6.280922293663025E-001,7.751749753952026E-001,
1.325866666666667E+009,3.517741337418556E-002,2.539117820560932E-002,-6.086324453353882E-001,7.743488550186157E-001,3.517741337418556E-002,2.539117820560932E-002,-6.086324453353882E-001,7.743488550186157E-001,
1.334233333333334E+009,4.237941280007362E-002,4.348718747496605E-002,-5.853546857833862E-001,7.854383587837219E-001,4.237941280007362E-002,4.348718747496605E-002,-5.853546857833862E-001,7.854383587837219E-001,
1.342600000000000E+009,5.960548669099808E-002,4.888683930039406E-002,-5.720635056495667E-001,8.029589653015137E-001,5.960548669099808E-002,4.888683930039406E-002,-5.720635056495667E-001,8.029589653015137E-001,
1.350966666666667E+009,7.789999991655350E-002,4.665542393922806E-002,-5.407059788703919E-001,8.233363628387451E-001,7.789999991655350E-002,4.665542393922806E-002,-5.407059788703919E-001,8.233363628387451E-001,
1.359333333333334E+009,9.482072293758392E-002,3.358805552124977E-002,-5.246566534042358E-001,8.284923434257507E-001,9.482072293758392E-002,3.358805552124977E-002,-5.246566534042358E-001,8.284923434257507E-001,
1.367700000000000E+009,1.021354272961617E-001,1.163488067686558E-002,-5.072233676910400E-001,8.398621678352356E-001,1.021354272961617E-001,1.163488067686558E-002,-5.072233676910400E-001,8.398621678352356E-001,
1.376066666666667E+009,9.648077934980393E-002,-1.208028756082058E-002,-4.808581769466400E-001,8.511163592338562E-001,9.648077934980393E-002,-1.208028756082058E-002,-4.808581769466400E-001,8.511163592338562E-001,
1.384433333333334E+009,8.170346915721893E-002,-2.549038082361221E-002,-4.746168553829193E-001,8.635493516921997E-001,8.170346915721893E-002,-2.549038082361221E-002,-4.746168553829193E-001,8.635493516921997E-001,
1.392800000000000E+009,5.824518203735352E-002,-2.913138270378113E-002,-4.489386975765228E-001,8.702006340026856E-001,5.824518203735352E-002,-2.913138270378113E-002,-4.489386975765228E-001,8.702006340026856E-001,
1.401166666666667E+009,4.063026607036591E-002,-2.069948799908161E-002,-4.166665077209473E-001,8.975014686584473E-001,4.063026607036591E-002,-2.069948799908161E-002,-4.166665077209473E-001,8.975014686584473E-001,
1.409533333333334E+009,2.819604612886906E-002,-1.007667393423617E-003,-3.935678005218506E-001,9.075040817260742E-001,2.819604612886906E-002,-1.007667393423617E-003,-3.935678005218506E-001,9.075040817260742E-001,
1.417900000000000E+009,2.689838781952858E-002,2.053303830325604E-002,-3.540368378162384E-001,9.010041952133179E-001,2.689838781952858E-002,2.053303830325604E-002,-3.540368378162384E-001,9.010041952133179E-001,
1.426266666666667E+009,3.795196115970612E-002,3.886009007692337E-002,-3.472566306591034E-001,9.305044412612915E-001,3.795196115970612E-002,3.886009007692337E-002,-3.472566306591034E-001,9.305044412612915E-001,
1.434633333333334E+009,5.689915269613266E-002,4.537850245833397E-002,-3.192569613456726E-001,9.223127961158752E-001,5.689915269613266E-002,4.537850245833397E-002,-3.192569613456726E-001,9.223127961158752E-001,
1.443000000000000E+009,7.940136641263962E-002,4.190644621849060E-002,-2.930059731006622E-001,9.340451359748840E-001,7.940136641263962E-002,4.190644621849060E-002,-2.930059731006622E-001,9.340451359748840E-001,
1.451366666666667E+009,9.496750682592392E-002,2.474657818675041E-002,-2.739974260330200E-001,9.406303763389587E-001,9.496750682592392E-002,2.474657818675041E-002,-2.739974260330200E-001,9.406303763389587E-001,
1.459733333333334E+009,1.017068475484848E-001,2.618268597871065E-003,-2.598190605640411E-001,9.441871047019959E-001,1.017068475484848E-001,2.618268597871065E-003,-2.598190605640411E-001,9.441871047019959E-001,
1.468100000000000E+009,9.599001705646515E-002,-1.915358565747738E-002,-2.227060496807098E-001,9.509161710739136E-001,9.599001705646515E-002,-1.915358565747738E-002,-2.227060496807098E-001,9.509161710739136E-001,
1.476466666666667E+009,7.981931418180466E-002,-3.382443636655808E-002,-2.044780701398850E-001,9.658925533294678E-001,7.981931418180466E-002,-3.382443636655808E-002,-2.044780701398850E-001,9.658925533294678E-001,
1.484833333333334E+009,5.835120752453804E-002,-3.729201853275299E-002,-1.718761324882507E-001,9.682493805885315E-001,5.835120752453804E-002,-3.729201853275299E-002,-1.718761324882507E-001,9.682493805885315E-001,
1.493200000000000E+009,4.188529774546623E-002,-2.748308889567852E-002,-1.551091969013214E-001,9.682188034057617E-001,4.188529774546623E-002,-2.748308889567852E-002,-1.551091969013214E-001,9.682188034057617E-001,
1.501566666666667E+009,3.178687766194344E-002,-8.608755655586720E-003,-1.232392117381096E-001,9.706863164901733E-001,3.178687766194344E-002,-8.608755655586720E-003,-1.232392117381096E-001,9.706863164901733E-001,
1.509933333333334E+009,3.220599517226219E-002,1.364360935986042E-002,-1.088955551385880E-001,9.775008559226990E-001,3.220599517226219E-002,1.364360935986042E-002,-1.088955551385880E-001,9.775008559226990E-001,
1.518300000000000E+009,4.709089174866676E-002,2.979954890906811E-002,-8.207587897777557E-002,9.846241474151611E-001,4.709089174866676E-002,2.979954890906811E-002,-8.207587897777557E-002,9.846241474151611E-001,
1.526666666666667E+009,6.715735048055649E-002,3.569841757416725E-002,-4.736141860485077E-002,9.758035540580750E-001,6.715735048055649E-002,3.569841757416725E-002,-4.736141860485077E-002,9.758035540580750E-001,
1.535033333333334E+009,8.767659217119217E-002,3.100804425776005E-002,-2.813188359141350E-002,9.864595532417297E-001,8.767659217119217E-002,3.100804425776005E-002,-2.813188359141350E-002,9.864595532417297E-001,
1.543400000000000E+009,1.014028266072273E-001,1.333421282470226E-002,-6.488733459264040E-003,9.786942005157471E-001,1.014028266072273E-001,1.333421282470226E-002,-6.488733459264040E-003,9.786942005157471E-001,
1.551766666666667E+009,1.029747277498245E-001,-1.043387036770582E-002,1.602065376937389E-002,9.730412960052490E-001,1.029747277498245E-001,-1.043387036770582E-002,1.602065376937389E-002,9.730412960052490E-001,
1.560133333333334E+009,9.651897102594376E-002,-3.210487216711044E-002,3.752015903592110E-002,9.801873564720154E-001,9.651897102594376E-002,-3.210487216711044E-002,3.752015903592110E-002,9.801873564720154E-001,
1.568500000000000E+009,8.171782642602921E-002,-4.544275254011154E-002,5.407927557826042E-002,9.822521805763245E-001,8.171782642602921E-002,-4.544275254011154E-002,5.407927557826042E-002,9.822521805763245E-001,
1.576866666666667E+009,6.154456362128258E-002,-4.701687023043633E-002,9.713178873062134E-002,9.735258221626282E-001,6.154456362128258E-002,-4.701687023043633E-002,9.713178873062134E-002,9.735258221626282E-001,
1.585233333333334E+009,4.803740605711937E-002,-3.888147696852684E-002,1.115884408354759E-001,9.739040136337280E-001,4.803740605711937E-002,-3.888147696852684E-002,1.115884408354759E-001,9.739040136337280E-001,
1.593600000000000E+009,4.011254012584686E-002,-2.348551340401173E-002,1.408492922782898E-001,9.692919850349426E-001,4.011254012584686E-002,-2.348551340401173E-002,1.408492922782898E-001,9.692919850349426E-001,
1.601966666666667E+009,4.265661910176277E-002,-4.702551756054163E-003,1.606297791004181E-001,9.680856466293335E-001,4.265661910176277E-002,-4.702551756054163E-003,1.606297791004181E-001,9.680856466293335E-001,
1.610333333333334E+009,5.483110621571541E-002,7.724548224359751E-003,1.939606964588165E-001,9.592757225036621E-001,5.483110621571541E-002,7.724548224359751E-003,1.939606964588165E-001,9.592757225036621E-001,
1.618700000000000E+009,7.309832423925400E-002,1.134624332189560E-002,2.195659279823303E-001,9.554774761199951E-001,7.309832423925400E-002,1.134624332189560E-002,2.195659279823303E-001,9.554774761199951E-001,
1.627066666666667E+009,8.827044814825058E-002,4.449187312275171E-003,2.408306449651718E-001,9.468680024147034E-001,8.827044814825058E-002,4.449187312275171E-003,2.408306449651718E-001,9.468680024147034E-001,
1.635433333333334E+009,9.681863337755203E-002,-8.727689273655415E-003,2.678896486759186E-001,9.465181827545166E-001,9.681863337755203E-002,-8.727689273655415E-003,2.678896486759186E-001,9.465181827545166E-001,
1.643800000000000E+009,9.726082533597946E-002,-2.810261212289333E-002,2.801918089389801E-001,9.360989332199097E-001,9.726082533597946E-002,-2.810261212289333E-002,2.801918089389801E-001,9.360989332199097E-001,
1.652166666666667E+009,8.826190233230591E-002,-4.503930360078812E-002,3.140661418437958E-001,9.275930523872376E-001,8.826190233230591E-002,-4.503930360078812E-002,3.140661418437958E-001,9.275930523872376E-001,
1.660533333333334E+009,7.345716655254364E-002,-5.408013984560967E-002,3.317580223083496E-001,9.228186607360840E-001,7.345716655254364E-002,-5.408013984560967E-002,3.317580223083496E-001,9.228186607360840E-001,
1.668900000000000E+009,5.772639811038971E-002,-5.342953279614449E-002,3.523017764091492E-001,9.111773371696472E-001,5.772639811038971E-002,-5.342953279614449E-002,3.523017764091492E-001,9.111773371696472E-001,
1.677266666666667E+009,4.507705569267273E-002,-4.611585289239883E-002,3.932577371597290E-001,9.017781615257263E-001,4.507705569267273E-002,-4.611585289239883E-002,3.932577371597290E-001,9.017781615257263E-001,
1.685633333333334E+009,4.240550845861435E-002,-3.146410733461380E-002,4.083506762981415E-001,8.936484456062317E-001,4.240550845861435E-002,-3.146410733461380E-002,4.083506762981415E-001,8.936484456062317E-001,
1.694000000000000E+009,4.681001976132393E-002,-1.838163472712040E-002,4.268039762973785E-001,8.823846578598023E-001,4.681001976132393E-002,-1.838163472712040E-002,4.268039762973785E-001,8.823846578598023E-001,
1.702366666666667E+009,5.901434645056725E-002,-7.331778760999441E-003,4.513289630413055E-001,8.732266426086426E-001,5.901434645056725E-002,-7.331778760999441E-003,4.513289630413055E-001,8.732266426086426E-001,
1.710733333333334E+009,7.567798346281052E-002,-4.361451603472233E-003,4.680324494838715E-001,8.536338210105896E-001,7.567798346281052E-002,-4.361451603472233E-003,4.680324494838715E-001,8.536338210105896E-001,
1.719100000000000E+009,9.068530052900314E-002,-1.230765320360661E-002,4.952301383018494E-001,8.393563032150269E-001,9.068530052900314E-002,-1.230765320360661E-002,4.952301383018494E-001,8.393563032150269E-001,
1.727466666666667E+009,1.004319339990616E-001,-2.625335194170475E-002,5.118460655212402E-001,8.301582336425781E-001,1.004319339990616E-001,-2.625335194170475E-002,5.118460655212402E-001,8.301582336425781E-001,
1.735833333333334E+009,1.008943170309067E-001,-4.349359869956970E-002,5.269579887390137E-001,8.153902888298035E-001,1.008943170309067E-001,-4.349359869956970E-002,5.269579887390137E-001,8.153902888298035E-001,
1.744200000000000E+009,9.253372997045517E-002,-6.178459152579308E-002,5.560657382011414E-001,7.956662774085999E-001,9.253372997045517E-002,-6.178459152579308E-002,5.560657382011414E-001,7.956662774085999E-001,
1.752566666666667E+009,7.942257821559906E-002,-7.358116656541824E-002,5.834788084030151E-001,7.883864641189575E-001,7.942257821559906E-002,-7.358116656541824E-002,5.834788084030151E-001,7.883864641189575E-001,
1.760933333333334E+009,6.355898082256317E-002,-7.961007952690125E-002,5.924589037895203E-001,7.749713063240051E-001,6.355898082256317E-002,-7.961007952690125E-002,5.924589037895203E-001,7.749713063240051E-001,
1.769300000000000E+009,4.855981096625328E-002,-7.742080837488174E-002,6.171200871467590E-001,7.661086320877075E-001,4.855981096625328E-002,-7.742080837488174E-002,6.171200871467590E-001,7.661086320877075E-001,
1.777666666666667E+009,3.958103433251381E-002,-6.766534596681595E-002,6.311376094818115E-001,7.569696307182312E-001,3.958103433251381E-002,-6.766534596681595E-002,6.311376094818115E-001,7.569696307182312E-001,
1.786033333333334E+009,3.776092082262039E-002,-5.740800872445107E-002,6.470584273338318E-001,7.267168760299683E-001,3.776092082262039E-002,-5.740800872445107E-002,6.470584273338318E-001,7.267168760299683E-001,
1.794400000000000E+009,4.377490282058716E-002,-4.497535154223442E-002,6.701251268386841E-001,7.118176817893982E-001,4.377490282058716E-002,-4.497535154223442E-002,6.701251268386841E-001,7.118176817893982E-001,
1.802766666666667E+009,5.168364197015762E-002,-3.917090222239494E-002,6.876754164695740E-001,6.921070218086243E-001,5.168364197015762E-002,-3.917090222239494E-002,6.876754164695740E-001,6.921070218086243E-001,
1.811133333333334E+009,6.186785176396370E-002,-3.762623295187950E-002,7.137812376022339E-001,6.746156811714172E-001,6.186785176396370E-002,-3.762623295187950E-002,7.137812376022339E-001,6.746156811714172E-001,
1.819500000000000E+009,7.152565568685532E-002,-4.210931435227394E-002,7.248331904411316E-001,6.477096676826477E-001,7.152565568685532E-002,-4.210931435227394E-002,7.248331904411316E-001,6.477096676826477E-001,
1.827866666666667E+009,7.715086638927460E-002,-5.083469673991203E-002,7.451556324958801E-001,6.369675397872925E-001,7.715086638927460E-002,-5.083469673991203E-002,7.451556324958801E-001,6.369675397872925E-001,
1.836233333333334E+009,7.416312396526337E-002,-6.227942556142807E-002,7.556417584419251E-001,6.182380914688110E-001,7.416312396526337E-002,-6.227942556142807E-002,7.556417584419251E-001,6.182380914688110E-001,
1.844600000000000E+009,6.670994311571121E-002,-7.170043885707855E-002,7.720619440078735E-001,6.123142242431641E-001,6.670994311571121E-002,-7.170043885707855E-002,7.720619440078735E-001,6.123142242431641E-001,
1.852966666666667E+009,5.741658434271812E-002,-7.728120684623718E-002,7.806639075279236E-001,5.781251192092896E-001,5.741658434271812E-002,-7.728120684623718E-002,7.806639075279236E-001,5.781251192092896E-001,
1.861333333333334E+009,4.740589857101440E-002,-8.043481409549713E-002,8.024863600730896E-001,5.599393844604492E-001,4.740589857101440E-002,-8.043481409549713E-002,8.024863600730896E-001,5.599393844604492E-001,
1.869700000000000E+009,3.978189080953598E-002,-7.547990232706070E-002,8.187030553817749E-001,5.397748351097107E-001,3.978189080953598E-002,-7.547990232706070E-002,8.187030553817749E-001,5.397748351097107E-001,
1.878066666666667E+009,3.656460717320442E-002,-7.053776830434799E-002,8.331885337829590E-001,5.260052084922791E-001,3.656460717320442E-002,-7.053776830434799E-002,8.331885337829590E-001,5.260052084922791E-001,
1.886433333333334E+009,3.793483227491379E-002,-6.275160610675812E-002,8.505811095237732E-001,4.995756745338440E-001,3.793483227491379E-002,-6.275160610675812E-002,8.505811095237732E-001,4.995756745338440E-001,
1.894800000000000E+009,4.635373502969742E-002,-5.772181972861290E-002,8.618913292884827E-001,4.793386757373810E-001,4.635373502969742E-002,-5.772181972861290E-002,8.618913292884827E-001,4.793386757373810E-001,
1.903166666666667E+009,5.535252764821053E-002,-5.452714115381241E-002,8.732660412788391E-001,4.488807022571564E-001,5.535252764821053E-002,-5.452714115381241E-002,8.732660412788391E-001,4.488807022571564E-001,
1.911533333333334E+009,6.435320526361466E-002,-5.944800004363060E-002,8.790043592453003E-001,4.204415082931519E-001,6.435320526361466E-002,-5.944800004363060E-002,8.790043592453003E-001,4.204415082931519E-001,
1.919900000000000E+009,7.128900289535523E-002,-6.801309436559677E-002,8.953716754913330E-001,4.074766337871552E-001,7.128900289535523E-002,-6.801309436559677E-002,8.953716754913330E-001,4.074766337871552E-001,
1.928266666666667E+009,7.332929223775864E-002,-7.885646075010300E-002,8.926571011543274E-001,3.708508908748627E-001,7.332929223775864E-002,-7.885646075010300E-002,8.926571011543274E-001,3.708508908748627E-001,
1.936633333333334E+009,6.755164265632629E-002,-9.126342087984085E-002,9.093781709671021E-001,3.594634830951691E-001,6.755164265632629E-002,-9.126342087984085E-002,9.093781709671021E-001,3.594634830951691E-001,
1.945000000000000E+009,5.693306773900986E-002,-1.006066128611565E-001,9.199679493904114E-001,3.346170186996460E-001,5.693306773900986E-002,-1.006066128611565E-001,9.199679493904114E-001,3.346170186996460E-001,
1.953366666666667E+009,4.447835311293602E-002,-1.068089157342911E-001,9.225709438323975E-001,3.131966292858124E-001,4.447835311293602E-002,-1.068089157342911E-001,9.225709438323975E-001,3.131966292858124E-001,
1.961733333333334E+009,2.883722819387913E-002,-1.046601757407188E-001,9.383556246757507E-001,2.912385463714600E-001,2.883722819387913E-002,-1.046601757407188E-001,9.383556246757507E-001,2.912385463714600E-001,
1.970100000000000E+009,1.770055294036865E-002,-9.894380718469620E-002,9.379083514213562E-001,2.693936228752136E-001,1.770055294036865E-002,-9.894380718469620E-002,9.379083514213562E-001,2.693936228752136E-001,
1.978466666666667E+009,1.346027385443449E-002,-8.743757009506226E-002,9.500647187232971E-001,2.387649118900299E-001,1.346027385443449E-002,-8.743757009506226E-002,9.500647187232971E-001,2.387649118900299E-001,
1.986833333333334E+009,1.665836013853550E-002,-7.685389369726181E-002,9.517310857772827E-001,2.205137908458710E-001,1.665836013853550E-002,-7.685389369726181E-002,9.517310857772827E-001,2.205137908458710E-001,
1.995200000000000E+009,2.829561196267605E-002,-7.021117955446243E-002,9.550129175186157E-001,2.031417340040207E-001,2.829561196267605E-002,-7.021117955446243E-002,9.550129175186157E-001,2.031417340040207E-001,
2.003566666666667E+009,4.206338152289391E-002,-6.944590806961060E-002,9.609379768371582E-001,1.677167266607285E-001,4.206338152289391E-002,-6.944590806961060E-002,9.609379768371582E-001,1.677167266607285E-001,
2.011933333333334E+009,5.481122061610222E-002,-7.788073271512985E-002,9.698507785797119E-001,1.391145735979080E-001,5.481122061610222E-002,-7.788073271512985E-002,9.698507785797119E-001,1.391145735979080E-001,
2.020300000000000E+009,6.238546594977379E-002,-8.898594230413437E-002,9.717138409614563E-001,1.079553589224815E-001,6.238546594977379E-002,-8.898594230413437E-002,9.717138409614563E-001,1.079553589224815E-001,
2.028666666666667E+009,6.113868206739426E-002,-1.049509122967720E-001,9.721302986145020E-001,9.189362823963165E-002,6.113868206739426E-002,-1.049509122967720E-001,9.721302986145020E-001,9.189362823963165E-002,
2.037033333333334E+009,5.106414481997490E-002,-1.215309277176857E-001,9.753350019454956E-001,6.610491126775742E-002,5.106414481997490E-002,-1.215309277176857E-001,9.753350019454956E-001,6.610491126775742E-002,
2.045400000000000E+009,3.475471958518028E-002,-1.304332613945007E-001,9.708405137062073E-001,4.782144352793694E-002,3.475471958518028E-002,-1.304332613945007E-001,9.708405137062073E-001,4.782144352793694E-002,
2.053766666666667E+009,1.468677818775177E-002,-1.314495801925659E-001,9.752373695373535E-001,2.222982980310917E-002,1.468677818775177E-002,-1.314495801925659E-001,9.752373695373535E-001,2.222982980310917E-002,
2.062133333333334E+009,-6.281726527959108E-004,-1.256323158740997E-001,9.788498878479004E-001,-4.076239652931690E-003,-6.281726527959108E-004,-1.256323158740997E-001,9.788498878479004E-001,-4.076239652931690E-003,
2.070500000000000E+009,-9.157374501228333E-003,-1.107974946498871E-001,9.790243506431580E-001,-3.009723871946335E-002,-9.157374501228333E-003,-1.107974946498871E-001,9.790243506431580E-001,-3.009723871946335E-002,
2.078866666666667E+009,-7.624440360814333E-003,-9.608426690101624E-002,9.762415289878845E-001,-5.332041904330254E-002,-7.624440360814333E-003,-9.608426690101624E-002,9.762415289878845E-001,-5.332041904330254E-002,
2.087233333333334E+009,2.922438550740480E-003,-8.845800906419754E-002,9.755163192749023E-001,-8.563140034675598E-002,2.922438550740480E-003,-8.845800906419754E-002,9.755163192749023E-001,-8.563140034675598E-002,
2.095600000000000E+009,1.886372454464436E-002,-8.516121655702591E-002,9.782357215881348E-001,-1.077304705977440E-001,1.886372454464436E-002,-8.516121655702591E-002,9.782357215881348E-001,-1.077304705977440E-001,
2.103966666666667E+009,3.395438939332962E-002,-9.558496624231339E-002,9.747343063354492E-001,-1.358222365379334E-001,3.395438939332962E-002,-9.558496624231339E-002,9.747343063354492E-001,-1.358222365379334E-001,
2.112333333333334E+009,4.269270598888397E-002,-1.118863895535469E-001,9.626496434211731E-001,-1.555443108081818E-001,4.269270598888397E-002,-1.118863895535469E-001,9.626496434211731E-001,-1.555443108081818E-001,
2.120700000000000E+009,4.166579991579056E-002,-1.350776255130768E-001,9.577055573463440E-001,-1.869415193796158E-001,4.166579991579056E-002,-1.350776255130768E-001,9.577055573463440E-001,-1.869415193796158E-001,
2.129066666666667E+009,2.701188623905182E-002,-1.520479023456574E-001,9.614057540893555E-001,-2.145124822854996E-001,2.701188623905182E-002,-1.520479023456574E-001,9.614057540893555E-001,-2.145124822854996E-001,
2.137433333333334E+009,3.698630491271615E-003,-1.626491546630859E-001,9.440844058990479E-001,-2.315835058689117E-001,3.698630491271615E-003,-1.626491546630859E-001,9.440844058990479E-001,-2.315835058689117E-001,
2.145800000000000E+009,-2.459450066089630E-002,-1.614276319742203E-001,9.443824291229248E-001,-2.537725567817688E-001,-2.459450066089630E-002,-1.614276319742203E-001,9.443824291229248E-001,-2.537725567817688E-001,
2.154166666666667E+009,-4.688340052962303E-002,-1.484612226486206E-001,9.347429275512695E-001,-2.727221250534058E-001,-4.688340052962303E-002,-1.484612226486206E-001,9.347429275512695E-001,-2.727221250534058E-001,
2.162533333333334E+009,-5.902247503399849E-002,-1.265633106231690E-001,9.152737259864807E-001,-2.966027855873108E-001,-5.902247503399849E-002,-1.265633106231690E-001,9.152737259864807E-001,-2.966027855873108E-001,
2.170900000000000E+009,-5.765337496995926E-002,-1.047648787498474E-001,9.236670732498169E-001,-3.239955008029938E-001,-5.765337496995926E-002,-1.047648787498474E-001,9.236670732498169E-001,-3.239955008029938E-001,
2.179266666666667E+009,-4.390590637922287E-002,-9.028920531272888E-002,9.115133285522461E-001,-3.421947360038757E-001,-4.390590637922287E-002,-9.028920531272888E-002,9.115133285522461E-001,-3.421947360038757E-001,
2.187633333333334E+009,-2.459737099707127E-002,-8.591330796480179E-002,9.087125062942505E-001,-3.750474452972412E-001,-2.459737099707127E-002,-8.591330796480179E-002,9.087125062942505E-001,-3.750474452972412E-001,
2.196000000000000E+009,-3.694781102240086E-003,-9.628245979547501E-002,8.894660472869873E-001,-3.960376083850861E-001,-3.694781102240086E-003,-9.628245979547501E-002,8.894660472869873E-001,-3.960376083850861E-001,
2.204366666666667E+009,8.252939209342003E-003,-1.174566894769669E-001,8.797885179519653E-001,-4.199257493019104E-001,8.252939209342003E-003,-1.174566894769669E-001,8.797885179519653E-001,-4.199257493019104E-001,
2.212733333333334E+009,6.801518145948649E-003,-1.429770141839981E-001,8.638600111007690E-001,-4.509242475032806E-001,6.801518145948649E-003,-1.429770141839981E-001,8.638600111007690E-001,-4.509242475032806E-001,
2.221100000000000E+009,-9.645355865359306E-003,-1.629986166954041E-001,8.451192378997803E-001,-4.627251029014587E-001,-9.645355865359306E-003,-1.629986166954041E-001,8.451192378997803E-001,-4.627251029014587E-001,
2.229466666666667E+009,-3.461833670735359E-002,-1.737356334924698E-001,8.362854123115540E-001,-4.745653271675110E-001,-3.461833670735359E-002,-1.737356334924698E-001,8.362854123115540E-001,-4.745653271675110E-001,
2.237833333333334E+009,-6.523525714874268E-002,-1.684420257806778E-001,8.273229598999023E-001,-4.992344677448273E-001,-6.523525714874268E-002,-1.684420257806778E-001,8.273229598999023E-001,-4.992344677448273E-001,
2.246200000000000E+009,-9.106734395027161E-002,-1.520489305257797E-001,8.154881000518799E-001,-5.205615758895874E-001,-9.106734395027161E-002,-1.520489305257797E-001,8.154881000518799E-001,-5.205615758895874E-001,
2.254566666666667E+009,-1.022645235061646E-001,-1.251430362462997E-001,8.058173656463623E-001,-5.380331873893738E-001,-1.022645235061646E-001,-1.251430362462997E-001,8.058173656463623E-001,-5.380331873893738E-001,
2.262933333333334E+009,-1.020064800977707E-001,-1.007390245795250E-001,7.929635047912598E-001,-5.591671466827393E-001,-1.020064800977707E-001,-1.007390245795250E-001,7.929635047912598E-001,-5.591671466827393E-001,
2.271300000000000E+009,-8.761525154113770E-002,-8.166528493165970E-002,7.767422795295715E-001,-5.787178874015808E-001,-8.761525154113770E-002,-8.166528493165970E-002,7.767422795295715E-001,-5.787178874015808E-001,
2.279666666666667E+009,-6.530033051967621E-002,-7.848963886499405E-002,7.643208503723145E-001,-6.008847951889038E-001,-6.530033051967621E-002,-7.848963886499405E-002,7.643208503723145E-001,-6.008847951889038E-001,
2.288033333333334E+009,-4.607566446065903E-002,-8.981269598007202E-002,7.488827109336853E-001,-6.318140625953674E-001,-4.607566446065903E-002,-8.981269598007202E-002,7.488827109336853E-001,-6.318140625953674E-001,
2.296400000000000E+009,-3.583325073122978E-002,-1.123622432351112E-001,7.255858778953552E-001,-6.493024826049805E-001,-3.583325073122978E-002,-1.123622432351112E-001,7.255858778953552E-001,-6.493024826049805E-001,
2.304766666666667E+009,-4.165094345808029E-002,-1.375041157007217E-001,7.114599943161011E-001,-6.567228436470032E-001,-4.165094345808029E-002,-1.375041157007217E-001,7.114599943161011E-001,-6.567228436470032E-001,
2.313133333333334E+009,-6.298251450061798E-002,-1.541064083576202E-001,6.860574483871460E-001,-6.874558925628662E-001,-6.298251450061798E-002,-1.541064083576202E-001,6.860574483871460E-001,-6.874558925628662E-001,
2.321500000000000E+009,-8.839992433786392E-002,-1.568479537963867E-001,6.715849041938782E-001,-6.940228939056397E-001,-8.839992433786392E-002,-1.568479537963867E-001,6.715849041938782E-001,-6.940228939056397E-001,
2.329866666666667E+009,-1.147072464227676E-001,-1.452016532421112E-001,6.605709195137024E-001,-7.096941471099854E-001,-1.147072464227676E-001,-1.452016532421112E-001,6.605709195137024E-001,-7.096941471099854E-001,
2.338233333333334E+009,-1.337826251983643E-001,-1.228233948349953E-001,6.348570585250855E-001,-7.268180847167969E-001,-1.337826251983643E-001,-1.228233948349953E-001,6.348570585250855E-001,-7.268180847167969E-001,
2.346600000000000E+009,-1.381656527519226E-001,-9.149675071239471E-002,6.167799234390259E-001,-7.451138496398926E-001,-1.381656527519226E-001,-9.149675071239471E-002,6.167799234390259E-001,-7.451138496398926E-001,
2.354966666666667E+009,-1.256372332572937E-001,-6.769972294569016E-002,6.095322370529175E-001,-7.563334107398987E-001,-1.256372332572937E-001,-6.769972294569016E-002,6.095322370529175E-001,-7.563334107398987E-001,
2.363333333333334E+009,-1.040589436888695E-001,-5.722133815288544E-002,5.932749509811401E-001,-7.753614187240601E-001,-1.040589436888695E-001,-5.722133815288544E-002,5.932749509811401E-001,-7.753614187240601E-001,
2.371700000000000E+009,-7.678590714931488E-002,-6.178825721144676E-002,5.718762874603272E-001,-7.963726520538330E-001,-7.678590714931488E-002,-6.178825721144676E-002,5.718762874603272E-001,-7.963726520538330E-001,
2.380066666666667E+009,-5.983512476086617E-002,-8.529293537139893E-002,5.404182076454163E-001,-8.111239671707153E-001,-5.983512476086617E-002,-8.529293537139893E-002,5.404182076454163E-001,-8.111239671707153E-001,
2.388433333333334E+009,-5.967260897159576E-002,-1.161447241902351E-001,5.181179046630859E-001,-8.173233270645142E-001,-5.967260897159576E-002,-1.161447241902351E-001,5.181179046630859E-001,-8.173233270645142E-001,
2.396800000000000E+009,-7.779360562562943E-002,-1.460416018962860E-001,4.845089614391327E-001,-8.364270925521851E-001,-7.779360562562943E-002,-1.460416018962860E-001,4.845089614391327E-001,-8.364270925521851E-001,
2.405166666666667E+009,-1.092500835657120E-001,-1.648423820734024E-001,4.668157994747162E-001,-8.453717231750488E-001,-1.092500835657120E-001,-1.648423820734024E-001,4.668157994747162E-001,-8.453717231750488E-001,
2.413533333333334E+009,-1.501268148422241E-001,-1.611403524875641E-001,4.442392885684967E-001,-8.470907211303711E-001,-1.501268148422241E-001,-1.611403524875641E-001,4.442392885684967E-001,-8.470907211303711E-001,
2.421900000000000E+009,-1.869443506002426E-001,-1.401162594556809E-001,4.304132759571075E-001,-8.589408993721008E-001,-1.869443506002426E-001,-1.401162594556809E-001,4.304132759571075E-001,-8.589408993721008E-001,
2.430266666666667E+009,-2.072157561779022E-001,-1.043750494718552E-001,4.131757915019989E-001,-8.686364889144898E-001,-2.072157561779022E-001,-1.043750494718552E-001,4.131757915019989E-001,-8.686364889144898E-001,
2.438633333333334E+009,-2.129723578691483E-001,-6.100222468376160E-002,3.956226110458374E-001,-8.775188326835632E-001,-2.129723578691483E-001,-6.100222468376160E-002,3.956226110458374E-001,-8.775188326835632E-001,
2.447000000000000E+009,-1.966118365526199E-001,-2.210525050759316E-002,3.730728924274445E-001,-8.938503265380859E-001,-1.966118365526199E-001,-2.210525050759316E-002,3.730728924274445E-001,-8.938503265380859E-001,
2.455366666666667E+009,-1.652625501155853E-001,-6.633124576183036E-005,3.527745902538300E-001,-8.998023867607117E-001,-1.652625501155853E-001,-6.633124576183036E-005,3.527745902538300E-001,-8.998023867607117E-001,
2.463733333333334E+009,-1.308808773756027E-001,2.776833018288016E-003,3.307589888572693E-001,-9.181776046752930E-001,-1.308808773756027E-001,2.776833018288016E-003,3.307589888572693E-001,-9.181776046752930E-001,
2.472100000000000E+009,-1.042519584298134E-001,-1.602550782263279E-002,3.037711679935455E-001,-9.287923574447632E-001,-1.042519584298134E-001,-1.602550782263279E-002,3.037711679935455E-001,-9.287923574447632E-001,
2.480466666666667E+009,-9.353218227624893E-002,-4.629981517791748E-002,2.690476179122925E-001,-9.318559765815735E-001,-9.353218227624893E-002,-4.629981517791748E-002,2.690476179122925E-001,-9.318559765815735E-001,
2.488833333333334E+009,-1.037215888500214E-001,-7.767640799283981E-002,2.471221834421158E-001,-9.387696385383606E-001,-1.037215888500214E-001,-7.767640799283981E-002,2.471221834421158E-001,-9.387696385383606E-001,
2.497200000000000E+009,-1.278248429298401E-001,-9.667093306779862E-002,2.176135331392288E-001,-9.459090828895569E-001,-1.278248429298401E-001,-9.667093306779862E-002,2.176135331392288E-001,-9.459090828895569E-001,
2.505566666666667E+009,-1.647141277790070E-001,-9.749792516231537E-002,1.882613897323608E-001,-9.467994570732117E-001,-1.647141277790070E-001,-9.749792516231537E-002,1.882613897323608E-001,-9.467994570732117E-001,
2.513933333333334E+009,-1.940272748470306E-001,-7.894010096788406E-002,1.712028831243515E-001,-9.448716044425964E-001,-1.940272748470306E-001,-7.894010096788406E-002,1.712028831243515E-001,-9.448716044425964E-001,
2.522300000000000E+009,-2.117495983839035E-001,-4.910083487629890E-002,1.445743888616562E-001,-9.468698501586914E-001,-2.117495983839035E-001,-4.910083487629890E-002,1.445743888616562E-001,-9.468698501586914E-001,
2.530666666666667E+009,-2.104665488004684E-001,-1.186334807425737E-002,1.233938932418823E-001,-9.554750323295593E-001,-2.104665488004684E-001,-1.186334807425737E-002,1.233938932418823E-001,-9.554750323295593E-001,
2.539033333333334E+009,-1.926311403512955E-001,1.951794885098934E-002,1.049935147166252E-001,-9.561119079589844E-001,-1.926311403512955E-001,1.951794885098934E-002,1.049935147166252E-001,-9.561119079589844E-001,
2.547400000000000E+009,-1.638829410076141E-001,3.706446290016174E-002,8.726122230291367E-002,-9.684016108512878E-001,-1.638829410076141E-001,3.706446290016174E-002,8.726122230291367E-002,-9.684016108512878E-001,
2.555766666666667E+009,-1.305241882801056E-001,3.586390241980553E-002,5.823750793933868E-002,-9.756823778152466E-001,-1.305241882801056E-001,3.586390241980553E-002,5.823750793933868E-002,-9.756823778152466E-001,
2.564133333333334E+009,-1.086939573287964E-001,1.471894513815641E-002,2.847968600690365E-002,-9.712128639221191E-001,-1.086939573287964E-001,1.471894513815641E-002,2.847968600690365E-002,-9.712128639221191E-001,
2.572500000000000E+009,-1.041220277547836E-001,-1.497548166662455E-002,1.063640578649938E-003,-9.705078005790710E-001,-1.041220277547836E-001,-1.497548166662455E-002,1.063640578649938E-003,-9.705078005790710E-001,
2.580866666666667E+009,-1.184592396020889E-001,-4.283562675118446E-002,-2.754579111933708E-002,-9.709712266921997E-001,-1.184592396020889E-001,-4.283562675118446E-002,-2.754579111933708E-002,-9.709712266921997E-001,
2.589233333333334E+009,-1.497292369604111E-001,-5.828511714935303E-002,-5.846308544278145E-002,-9.630119800567627E-001,-1.497292369604111E-001,-5.828511714935303E-002,-5.846308544278145E-002,-9.630119800567627E-001,
2.597600000000000E+009,-1.845986843109131E-001,-5.656542256474495E-002,-8.434113860130310E-002,-9.589356780052185E-001,-1.845986843109131E-001,-5.656542256474495E-002,-8.434113860130310E-002,-9.589356780052185E-001,
2.605966666666667E+009,-2.149354815483093E-001,-3.361396864056587E-002,-9.709955006837845E-002,-9.582318663597107E-001,-2.149354815483093E-001,-3.361396864056587E-002,-9.709955006837845E-002,-9.582318663597107E-001,
2.614333333333334E+009,-2.302034944295883E-001,-8.406862616539002E-004,-1.200451999902725E-001,-9.472867250442505E-001,-2.302034944295883E-001,-8.406862616539002E-004,-1.200451999902725E-001,-9.472867250442505E-001,
2.622700000000000E+009,-2.267495989799500E-001,3.939959779381752E-002,-1.392628252506256E-001,-9.414697289466858E-001,-2.267495989799500E-001,3.939959779381752E-002,-1.392628252506256E-001,-9.414697289466858E-001,
2.631066666666667E+009,-2.071436643600464E-001,7.250920683145523E-002,-1.620639264583588E-001,-9.533522725105286E-001,-2.071436643600464E-001,7.250920683145523E-002,-1.620639264583588E-001,-9.533522725105286E-001,
2.639433333333334E+009,-1.739998161792755E-001,8.980063349008560E-002,-1.843963861465454E-001,-9.427561163902283E-001,-1.739998161792755E-001,8.980063349008560E-002,-1.843963861465454E-001,-9.427561163902283E-001,
2.647800000000000E+009,-1.390943825244904E-001,8.869770169258118E-002,-2.098052799701691E-001,-9.433730244636536E-001,-1.390943825244904E-001,8.869770169258118E-002,-2.098052799701691E-001,-9.433730244636536E-001,
2.656166666666667E+009,-1.156608611345291E-001,6.987045705318451E-002,-2.324361056089401E-001,-9.474400877952576E-001,-1.156608611345291E-001,6.987045705318451E-002,-2.324361056089401E-001,-9.474400877952576E-001,
2.664533333333334E+009,-1.086817011237145E-001,4.241237416863442E-002,-2.682725489139557E-001,-9.305437207221985E-001,-1.086817011237145E-001,4.241237416863442E-002,-2.682725489139557E-001,-9.305437207221985E-001,
2.672900000000000E+009,-1.204339638352394E-001,1.586512289941311E-002,-2.912485301494598E-001,-9.252466559410095E-001,-1.204339638352394E-001,1.586512289941311E-002,-2.912485301494598E-001,-9.252466559410095E-001,
2.681266666666667E+009,-1.471540927886963E-001,2.473163651302457E-003,-3.188535571098328E-001,-9.099596738815308E-001,-1.471540927886963E-001,2.473163651302457E-003,-3.188535571098328E-001,-9.099596738815308E-001,
2.689633333333334E+009,-1.802376210689545E-001,6.254270207136869E-003,-3.394829630851746E-001,-9.012233614921570E-001,-1.802376210689545E-001,6.254270207136869E-003,-3.394829630851746E-001,-9.012233614921570E-001,
2.698000000000000E+009,-2.059991806745529E-001,2.826962992548943E-002,-3.538715243339539E-001,-8.857803940773010E-001,-2.059991806745529E-001,2.826962992548943E-002,-3.538715243339539E-001,-8.857803940773010E-001,
2.706366666666667E+009,-2.170909047126770E-001,6.281212717294693E-002,-3.770231604576111E-001,-8.713934421539307E-001,-2.170909047126770E-001,6.281212717294693E-002,-3.770231604576111E-001,-8.713934421539307E-001,
2.714733333333334E+009,-2.110468000173569E-001,9.814313054084778E-002,-3.902852535247803E-001,-8.710767030715942E-001,-2.110468000173569E-001,9.814313054084778E-002,-3.902852535247803E-001,-8.710767030715942E-001,
2.723100000000000E+009,-1.873540133237839E-001,1.291926652193070E-001,-4.100936651229858E-001,-8.600955605506897E-001,-1.873540133237839E-001,1.291926652193070E-001,-4.100936651229858E-001,-8.600955605506897E-001,
2.731466666666667E+009,-1.511496007442474E-001,1.455116122961044E-001,-4.358999133110046E-001,-8.571279048919678E-001,-1.511496007442474E-001,1.455116122961044E-001,-4.358999133110046E-001,-8.571279048919678E-001,
2.739833333333334E+009,-1.157547160983086E-001,1.413949280977249E-001,-4.541223347187042E-001,-8.475531339645386E-001,-1.157547160983086E-001,1.413949280977249E-001,-4.541223347187042E-001,-8.475531339645386E-001,
2.748200000000000E+009,-8.990236371755600E-002,1.223816648125649E-001,-4.795987606048584E-001,-8.395466208457947E-001,-8.990236371755600E-002,1.223816648125649E-001,-4.795987606048584E-001,-8.395466208457947E-001,
2.756566666666667E+009,-8.084483444690704E-002,9.288094192743301E-002,-5.069538354873657E-001,-8.303313255310059E-001,-8.084483444690704E-002,9.288094192743301E-002,-5.069538354873657E-001,-8.303313255310059E-001,
2.764933333333334E+009,-9.031764417886734E-002,6.485278904438019E-002,-5.408700704574585E-001,-8.176447749137878E-001,-9.031764417886734E-002,6.485278904438019E-002,-5.408700704574585E-001,-8.176447749137878E-001,
2.773300000000000E+009,-1.142721697688103E-001,4.639194905757904E-002,-5.551130175590515E-001,-7.942203283309937E-001,-1.142721697688103E-001,4.639194905757904E-002,-5.551130175590515E-001,-7.942203283309937E-001,
2.781666666666667E+009,-1.477373838424683E-001,4.994048550724983E-002,-5.741295218467712E-001,-7.747240662574768E-001,-1.477373838424683E-001,4.994048550724983E-002,-5.741295218467712E-001,-7.747240662574768E-001,
2.790033333333334E+009,-1.738299280405045E-001,6.857959926128388E-002,-5.911213159561157E-001,-7.601028084754944E-001,-1.738299280405045E-001,6.857959926128388E-002,-5.911213159561157E-001,-7.601028084754944E-001,
2.798400000000000E+009,-1.869539767503738E-001,1.015286371111870E-001,-6.062429547309876E-001,-7.459706664085388E-001,-1.869539767503738E-001,1.015286371111870E-001,-6.062429547309876E-001,-7.459706664085388E-001,
2.806766666666667E+009,-1.787555962800980E-001,1.375892758369446E-001,-6.186549663543701E-001,-7.230328917503357E-001,-1.787555962800980E-001,1.375892758369446E-001,-6.186549663543701E-001,-7.230328917503357E-001,
2.815133333333334E+009,-1.565141677856445E-001,1.653371602296829E-001,-6.337715387344360E-001,-7.146847248077393E-001,-1.565141677856445E-001,1.653371602296829E-001,-6.337715387344360E-001,-7.146847248077393E-001,
2.823500000000000E+009,-1.215068921446800E-001,1.801814436912537E-001,-6.515898704528809E-001,-7.041187286376953E-001,-1.215068921446800E-001,1.801814436912537E-001,-6.515898704528809E-001,-7.041187286376953E-001,
2.831866666666667E+009,-8.537897467613220E-002,1.754049658775330E-001,-6.687037348747253E-001,-6.886652112007141E-001,-8.537897467613220E-002,1.754049658775330E-001,-6.687037348747253E-001,-6.886652112007141E-001,
2.840233333333334E+009,-5.782949551939964E-002,1.553354412317276E-001,-6.964960694313049E-001,-6.757428646087647E-001,-5.782949551939964E-002,1.553354412317276E-001,-6.964960694313049E-001,-6.757428646087647E-001,
2.848600000000000E+009,-4.730651155114174E-002,1.259120702743530E-001,-7.120665311813355E-001,-6.555603146553040E-001,-4.730651155114174E-002,1.259120702743530E-001,-7.120665311813355E-001,-6.555603146553040E-001,
2.856966666666667E+009,-5.659099295735359E-002,9.729578346014023E-002,-7.323406934738159E-001,-6.387748718261719E-001,-5.659099295735359E-002,9.729578346014023E-002,-7.323406934738159E-001,-6.387748718261719E-001,
2.865333333333334E+009,-8.224520832300186E-002,7.971730083227158E-002,-7.529416084289551E-001,-6.202359795570374E-001,-8.224520832300186E-002,7.971730083227158E-002,-7.529416084289551E-001,-6.202359795570374E-001,
2.873700000000000E+009,-1.154426857829094E-001,8.037635684013367E-002,-7.695771455764771E-001,-5.882334113121033E-001,-1.154426857829094E-001,8.037635684013367E-002,-7.695771455764771E-001,-5.882334113121033E-001,
2.882066666666667E+009,-1.420557647943497E-001,9.948553889989853E-002,-7.755553722381592E-001,-5.605951547622681E-001,-1.420557647943497E-001,9.948553889989853E-002,-7.755553722381592E-001,-5.605951547622681E-001,
2.890433333333334E+009,-1.553267389535904E-001,1.341307461261749E-001,-7.862213253974915E-001,-5.421652197837830E-001,-1.553267389535904E-001,1.341307461261749E-001,-7.862213253974915E-001,-5.421652197837830E-001,
2.898800000000000E+009,-1.474979370832443E-001,1.722223162651062E-001,-7.940307259559631E-001,-5.261899232864380E-001,-1.474979370832443E-001,1.722223162651062E-001,-7.940307259559631E-001,-5.261899232864380E-001,
2.907166666666667E+009,-1.218987852334976E-001,2.012744992971420E-001,-7.976409792900085E-001,-5.125634670257568E-001,-1.218987852334976E-001,2.012744992971420E-001,-7.976409792900085E-001,-5.125634670257568E-001,
2.915533333333334E+009,-8.217088133096695E-002,2.172374576330185E-001,-8.142262697219849E-001,-4.896532893180847E-001,-8.217088133096695E-002,2.172374576330185E-001,-8.142262697219849E-001,-4.896532893180847E-001,
2.923900000000000E+009,-4.319861158728600E-002,2.131671309471130E-001,-8.272473812103272E-001,-4.814006984233856E-001,-4.319861158728600E-002,2.131671309471130E-001,-8.272473812103272E-001,-4.814006984233856E-001,
2.932266666666667E+009,-1.177695486694574E-002,1.920635700225830E-001,-8.416221141815186E-001,-4.643700718879700E-001,-1.177695486694574E-002,1.920635700225830E-001,-8.416221141815186E-001,-4.643700718879700E-001,
2.940633333333334E+009,1.654313411563635E-003,1.583595275878906E-001,-8.585519790649414E-001,-4.418300092220306E-001,1.654313411563635E-003,1.583595275878906E-001,-8.585519790649414E-001,-4.418300092220306E-001,
2.949000000000000E+009,-5.980177782475948E-003,1.236057430505753E-001,-8.804994821548462E-001,-4.095948934555054E-001,-5.980177782475948E-003,1.236057430505753E-001,-8.804994821548462E-001,-4.095948934555054E-001,
2.957366666666667E+009,-3.126088902354240E-002,1.017960533499718E-001,-8.926187753677368E-001,-3.908944725990295E-001,-3.126088902354240E-002,1.017960533499718E-001,-8.926187753677368E-001,-3.908944725990295E-001,
2.965733333333334E+009,-6.742759793996811E-002,9.977200627326965E-002,-9.048466086387634E-001,-3.590686023235321E-001,-6.742759793996811E-002,9.977200627326965E-002,-9.048466086387634E-001,-3.590686023235321E-001,
2.974100000000000E+009,-9.632519632577896E-002,1.194234937429428E-001,-9.105184674263001E-001,-3.254215717315674E-001,-9.632519632577896E-002,1.194234937429428E-001,-9.105184674263001E-001,-3.254215717315674E-001,
2.982466666666667E+009,-1.106904372572899E-001,1.530092060565949E-001,-9.135230183601379E-001,-3.019351959228516E-001,-1.106904372572899E-001,1.530092060565949E-001,-9.135230183601379E-001,-3.019351959228516E-001,
2.990833333333334E+009,-1.039815247058868E-001,1.907981485128403E-001,-9.097314476966858E-001,-2.855389416217804E-001,-1.039815247058868E-001,1.907981485128403E-001,-9.097314476966858E-001,-2.855389416217804E-001,
2.999200000000000E+009,-7.635205239057541E-002,2.218366563320160E-001,-9.134559035301209E-001,-2.637471258640289E-001,-7.635205239057541E-002,2.218366563320160E-001,-9.134559035301209E-001,-2.637471258640289E-001,
3.007566666666667E+009,-3.552946448326111E-002,2.365641295909882E-001,-9.173756241798401E-001,-2.448220551013947E-001,-3.552946448326111E-002,2.365641295909882E-001,-9.173756241798401E-001,-2.448220551013947E-001,
3.015933333333334E+009,9.004620835185051E-003,2.292860746383667E-001,-9.229195117950440E-001,-2.326430678367615E-001,9.004620835185051E-003,2.292860746383667E-001,-9.229195117950440E-001,-2.326430678367615E-001,
3.024300000000000E+009,4.208373278379440E-002,2.050284743309021E-001,-9.340542554855347E-001,-2.139191180467606E-001,4.208373278379440E-002,2.050284743309021E-001,-9.340542554855347E-001,-2.139191180467606E-001,
3.032666666666667E+009,5.749237537384033E-002,1.661678254604340E-001,-9.454361796379089E-001,-1.896202266216278E-001,5.749237537384033E-002,1.661678254604340E-001,-9.454361796379089E-001,-1.896202266216278E-001,
3.041033333333334E+009,4.774963855743408E-002,1.279220134019852E-001,-9.565535187721252E-001,-1.648224890232086E-001,4.774963855743408E-002,1.279220134019852E-001,-9.565535187721252E-001,-1.648224890232086E-001,
3.049400000000000E+009,1.768948510289192E-002,1.034579426050186E-001,-9.636322855949402E-001,-1.252923011779785E-001,1.768948510289192E-002,1.034579426050186E-001,-9.636322855949402E-001,-1.252923011779785E-001,
3.057766666666667E+009,-2.154720202088356E-002,1.012623161077499E-001,-9.699268341064453E-001,-1.082771047949791E-001,-2.154720202088356E-002,1.012623161077499E-001,-9.699268341064453E-001,-1.082771047949791E-001,
3.066133333333334E+009,-5.675086379051209E-002,1.219691261649132E-001,-9.631255269050598E-001,-6.846042722463608E-002,-5.675086379051209E-002,1.219691261649132E-001,-9.631255269050598E-001,-6.846042722463608E-002,
3.074500000000000E+009,-7.275192439556122E-002,1.607597321271896E-001,-9.632402658462524E-001,-3.700893744826317E-002,-7.275192439556122E-002,1.607597321271896E-001,-9.632402658462524E-001,-3.700893744826317E-002,
3.082866666666667E+009,-6.469615548849106E-002,2.024953365325928E-001,-9.562184810638428E-001,-2.109797298908234E-002,-6.469615548849106E-002,2.024953365325928E-001,-9.562184810638428E-001,-2.109797298908234E-002,
3.091233333333334E+009,-3.152891620993614E-002,2.375876307487488E-001,-9.496697783470154E-001,3.959034569561482E-003,-3.152891620993614E-002,2.375876307487488E-001,-9.496697783470154E-001,3.959034569561482E-003,
3.099600000000000E+009,1.595216989517212E-002,2.505696415901184E-001,-9.429632425308228E-001,1.464846171438694E-002,1.595216989517212E-002,2.505696415901184E-001,-9.429632425308228E-001,1.464846171438694E-002,
3.107966666666667E+009,6.833584606647492E-002,2.388373613357544E-001,-9.472762942314148E-001,2.667802385985851E-002,6.833584606647492E-002,2.388373613357544E-001,-9.472762942314148E-001,2.667802385985851E-002,
3.116333333333334E+009,1.092686802148819E-001,2.060259729623795E-001,-9.508063197135925E-001,5.144436284899712E-002,1.092686802148819E-001,2.060259729623795E-001,-9.508063197135925E-001,5.144436284899712E-002,
3.124700000000000E+009,1.255594491958618E-001,1.582313776016235E-001,-9.582285881042481E-001,6.874889880418778E-002,1.255594491958618E-001,1.582313776016235E-001,-9.582285881042481E-001,6.874889880418778E-002,
3.133066666666667E+009,1.158789768815041E-001,1.105572357773781E-001,-9.659056067466736E-001,1.020780056715012E-001,1.158789768815041E-001,1.105572357773781E-001,-9.659056067466736E-001,1.020780056715012E-001,
3.141433333333334E+009,8.232552558183670E-002,7.631283253431320E-002,-9.668943285942078E-001,1.325880140066147E-001,8.232552558183670E-002,7.631283253431320E-002,-9.668943285942078E-001,1.325880140066147E-001,
3.149800000000000E+009,3.305380791425705E-002,6.970849633216858E-002,-9.660374522209168E-001,1.694021224975586E-001,3.305380791425705E-002,6.970849633216858E-002,-9.660374522209168E-001,1.694021224975586E-001,
3.158166666666667E+009,-1.091413572430611E-002,9.179528802633286E-002,-9.521949291229248E-001,2.011707574129105E-001,-1.091413572430611E-002,9.179528802633286E-002,-9.521949291229248E-001,2.011707574129105E-001,
3.166533333333334E+009,-3.439075127243996E-002,1.346814036369324E-001,-9.429180622100830E-001,2.263634502887726E-001,-3.439075127243996E-002,1.346814036369324E-001,-9.429180622100830E-001,2.263634502887726E-001,
3.174900000000000E+009,-3.114042058587074E-002,1.842203885316849E-001,-9.258473515510559E-001,2.513797283172607E-001,-3.114042058587074E-002,1.842203885316849E-001,-9.258473515510559E-001,2.513797283172607E-001,
3.183266666666667E+009,9.230429423041642E-004,2.243094593286514E-001,-9.098588228225708E-001,2.688798904418945E-001,9.230429423041642E-004,2.243094593286514E-001,-9.098588228225708E-001,2.688798904418945E-001,
3.191633333333334E+009,5.021600425243378E-002,2.399676293134689E-001,-8.980196714401245E-001,2.823558151721954E-001,5.021600425243378E-002,2.399676293134689E-001,-8.980196714401245E-001,2.823558151721954E-001,
3.200000000000000E+009,1.029611304402351E-001,2.275176346302033E-001,-8.952550888061523E-001,2.932651340961456E-001,1.029611304402351E-001,2.275176346302033E-001,-8.952550888061523E-001,2.932651340961456E-001,
