% Version 1.00
%
%freq[Hz],re:Trc1_S11,im:Trc1_S11,re:Trc2_S21,im:Trc2_S21,re:Trc3_S11,im:Trc3_S11,re:Trc4_S21,im:Trc4_S21,
6.900000000000000E+008,-4.209921136498451E-002,2.493172325193882E-002,-4.921295344829559E-001,-8.375418186187744E-001,-4.209921136498451E-002,2.493172325193882E-002,-4.921295344829559E-001,-8.375418186187744E-001,
6.983666666666666E+008,-3.518734499812126E-002,2.519783563911915E-002,-5.084940195083618E-001,-8.219670057296753E-001,-3.518734499812126E-002,2.519783563911915E-002,-5.084940195083618E-001,-8.219670057296753E-001,
7.067333333333334E+008,-2.965629287064076E-002,2.211824990808964E-002,-5.361880660057068E-001,-7.938354611396790E-001,-2.965629287064076E-002,2.211824990808964E-002,-5.361880660057068E-001,-7.938354611396790E-001,
7.151000000000000E+008,-3.063129447400570E-002,1.435224432498217E-002,-5.458423495292664E-001,-7.860331535339356E-001,-3.063129447400570E-002,1.435224432498217E-002,-5.458423495292664E-001,-7.860331535339356E-001,
7.234666666666666E+008,-3.095703385770321E-002,8.899154141545296E-003,-5.846459269523621E-001,-7.734181880950928E-001,-3.095703385770321E-002,8.899154141545296E-003,-5.846459269523621E-001,-7.734181880950928E-001,
7.318333333333334E+008,-3.837051615118980E-002,5.915213376283646E-003,-5.903033018112183E-001,-7.692859768867493E-001,-3.837051615118980E-002,5.915213376283646E-003,-5.903033018112183E-001,-7.692859768867493E-001,
7.402000000000000E+008,-4.581478610634804E-002,7.748738862574101E-003,-6.188235282897949E-001,-7.461761236190796E-001,-4.581478610634804E-002,7.748738862574101E-003,-6.188235282897949E-001,-7.461761236190796E-001,
7.485666666666666E+008,-5.078327655792236E-002,1.294249482452869E-002,-6.402959227561951E-001,-7.083815336227417E-001,-5.078327655792236E-002,1.294249482452869E-002,-6.402959227561951E-001,-7.083815336227417E-001,
7.569333333333334E+008,-5.170657858252525E-002,2.203848958015442E-002,-6.549127101898193E-001,-7.108912467956543E-001,-5.170657858252525E-002,2.203848958015442E-002,-6.549127101898193E-001,-7.108912467956543E-001,
7.653000000000000E+008,-4.844200611114502E-002,3.037486039102078E-002,-6.612894535064697E-001,-7.043927311897278E-001,-4.844200611114502E-002,3.037486039102078E-002,-6.612894535064697E-001,-7.043927311897278E-001,
7.736666666666666E+008,-4.086164757609367E-002,3.891716152429581E-002,-6.876363158226013E-001,-6.952308416366577E-001,-4.086164757609367E-002,3.891716152429581E-002,-6.876363158226013E-001,-6.952308416366577E-001,
7.820333333333334E+008,-3.465300053358078E-002,4.256953671574593E-002,-7.099405527114868E-001,-6.736710071563721E-001,-3.465300053358078E-002,4.256953671574593E-002,-7.099405527114868E-001,-6.736710071563721E-001,
7.904000000000000E+008,-2.574437297880650E-002,4.147957637906075E-002,-7.245872616767883E-001,-6.526537537574768E-001,-2.574437297880650E-002,4.147957637906075E-002,-7.245872616767883E-001,-6.526537537574768E-001,
7.987666666666666E+008,-1.885549537837505E-002,3.683835640549660E-002,-7.362880706787109E-001,-6.316646337509155E-001,-1.885549537837505E-002,3.683835640549660E-002,-7.362880706787109E-001,-6.316646337509155E-001,
8.071333333333334E+008,-1.925815455615521E-002,3.277745470404625E-002,-7.492415308952332E-001,-6.198756098747253E-001,-1.925815455615521E-002,3.277745470404625E-002,-7.492415308952332E-001,-6.198756098747253E-001,
8.155000000000000E+008,-2.331364154815674E-002,2.602281607687473E-002,-7.600767016410828E-001,-5.736266970634460E-001,-2.331364154815674E-002,2.602281607687473E-002,-7.600767016410828E-001,-5.736266970634460E-001,
8.238666666666666E+008,-2.812249213457108E-002,2.312291413545609E-002,-7.910290360450745E-001,-5.776171684265137E-001,-2.812249213457108E-002,2.312291413545609E-002,-7.910290360450745E-001,-5.776171684265137E-001,
8.322333333333334E+008,-3.638605028390884E-002,2.502499893307686E-002,-8.032056093215942E-001,-5.501096248626709E-001,-3.638605028390884E-002,2.502499893307686E-002,-8.032056093215942E-001,-5.501096248626709E-001,
8.406000000000000E+008,-4.135787114501000E-002,2.841288037598133E-002,-8.158147335052490E-001,-5.349997878074646E-001,-4.135787114501000E-002,2.841288037598133E-002,-8.158147335052490E-001,-5.349997878074646E-001,
8.489666666666668E+008,-4.189759120345116E-002,3.572452813386917E-002,-8.341535925865173E-001,-5.100590586662293E-001,-4.189759120345116E-002,3.572452813386917E-002,-8.341535925865173E-001,-5.100590586662293E-001,
8.573333333333334E+008,-3.876868262887001E-002,4.331636801362038E-002,-8.392750024795532E-001,-4.947754740715027E-001,-3.876868262887001E-002,4.331636801362038E-002,-8.392750024795532E-001,-4.947754740715027E-001,
8.657000000000000E+008,-3.248018771409988E-002,5.178296566009522E-002,-8.546282649040222E-001,-4.647844135761261E-001,-3.248018771409988E-002,5.178296566009522E-002,-8.546282649040222E-001,-4.647844135761261E-001,
8.740666666666668E+008,-2.448548749089241E-002,5.669109895825386E-002,-8.495527505874634E-001,-4.468510746955872E-001,-2.448548749089241E-002,5.669109895825386E-002,-8.495527505874634E-001,-4.468510746955872E-001,
8.824333333333334E+008,-1.577306538820267E-002,5.555425584316254E-002,-8.801561594009399E-001,-4.157615900039673E-001,-1.577306538820267E-002,5.555425584316254E-002,-8.801561594009399E-001,-4.157615900039673E-001,
8.908000000000000E+008,-8.422642014920712E-003,5.600306019186974E-002,-8.913649916648865E-001,-4.121884107589722E-001,-8.422642014920712E-003,5.600306019186974E-002,-8.913649916648865E-001,-4.121884107589722E-001,
8.991666666666668E+008,-5.850737914443016E-003,4.942396283149719E-002,-9.028199911117554E-001,-3.828559219837189E-001,-5.850737914443016E-003,4.942396283149719E-002,-9.028199911117554E-001,-3.828559219837189E-001,
9.075333333333334E+008,-5.929283332079649E-003,4.519226029515266E-002,-8.962125182151794E-001,-3.579116463661194E-001,-5.929283332079649E-003,4.519226029515266E-002,-8.962125182151794E-001,-3.579116463661194E-001,
9.159000000000000E+008,-8.953377604484558E-003,4.035011678934097E-002,-9.098269343376160E-001,-3.478476107120514E-001,-8.953377604484558E-003,4.035011678934097E-002,-9.098269343376160E-001,-3.478476107120514E-001,
9.242666666666668E+008,-1.403910014778376E-002,3.630215302109718E-002,-9.206519126892090E-001,-3.230461478233337E-001,-1.403910014778376E-002,3.630215302109718E-002,-9.206519126892090E-001,-3.230461478233337E-001,
9.326333333333334E+008,-1.870728470385075E-002,3.833636268973351E-002,-9.235360622406006E-001,-2.904834747314453E-001,-1.870728470385075E-002,3.833636268973351E-002,-9.235360622406006E-001,-2.904834747314453E-001,
9.410000000000000E+008,-2.385434135794640E-002,4.435747116804123E-002,-9.302479624748230E-001,-2.613205611705780E-001,-2.385434135794640E-002,4.435747116804123E-002,-9.302479624748230E-001,-2.613205611705780E-001,
9.493666666666668E+008,-2.493799477815628E-002,5.109965056180954E-002,-9.361097812652588E-001,-2.531321048736572E-001,-2.493799477815628E-002,5.109965056180954E-002,-9.361097812652588E-001,-2.531321048736572E-001,
9.577333333333334E+008,-2.025056257843971E-002,5.937378853559494E-002,-9.612604379653931E-001,-2.114662528038025E-001,-2.025056257843971E-002,5.937378853559494E-002,-9.612604379653931E-001,-2.114662528038025E-001,
9.661000000000000E+008,-1.243520807474852E-002,6.632401049137116E-002,-9.457041025161743E-001,-1.982185691595078E-001,-1.243520807474852E-002,6.632401049137116E-002,-9.457041025161743E-001,-1.982185691595078E-001,
9.744666666666668E+008,-3.221371676772833E-003,7.070287317037582E-002,-9.559744596481323E-001,-1.656171679496765E-001,-3.221371676772833E-003,7.070287317037582E-002,-9.559744596481323E-001,-1.656171679496765E-001,
9.828333333333334E+008,9.888977743685246E-003,6.894963979721069E-002,-9.535281062126160E-001,-1.417228132486343E-001,9.888977743685246E-003,6.894963979721069E-002,-9.535281062126160E-001,-1.417228132486343E-001,
9.912000000000000E+008,1.941861584782600E-002,6.617048382759094E-002,-9.641384482383728E-001,-1.324862837791443E-001,1.941861584782600E-002,6.617048382759094E-002,-9.641384482383728E-001,-1.324862837791443E-001,
9.995666666666668E+008,2.353499457240105E-002,5.763699486851692E-002,-9.683979153633118E-001,-9.787466377019882E-002,2.353499457240105E-002,5.763699486851692E-002,-9.683979153633118E-001,-9.787466377019882E-002,
1.007933333333333E+009,2.383741177618504E-002,4.977996647357941E-002,-9.753093123435974E-001,-7.878380268812180E-002,2.383741177618504E-002,4.977996647357941E-002,-9.753093123435974E-001,-7.878380268812180E-002,
1.016300000000000E+009,1.736665144562721E-002,4.130549728870392E-002,-9.743704199790955E-001,-5.247163772583008E-002,1.736665144562721E-002,4.130549728870392E-002,-9.743704199790955E-001,-5.247163772583008E-002,
1.024666666666667E+009,9.429678320884705E-003,4.039172455668449E-002,-9.753292798995972E-001,-3.208957985043526E-002,9.429678320884705E-003,4.039172455668449E-002,-9.753292798995972E-001,-3.208957985043526E-002,
1.033033333333333E+009,1.901432988233864E-003,4.134482890367508E-002,-9.535534381866455E-001,7.125989999622107E-003,1.901432988233864E-003,4.134482890367508E-002,-9.535534381866455E-001,7.125989999622107E-003,
1.041400000000000E+009,-2.167960861697793E-003,4.738282784819603E-002,-9.608962535858154E-001,2.818696759641171E-002,-2.167960861697793E-003,4.738282784819603E-002,-9.608962535858154E-001,2.818696759641171E-002,
1.049766666666667E+009,-3.042472992092371E-003,5.551508069038391E-002,-9.706609249114990E-001,4.896536841988564E-002,-3.042472992092371E-003,5.551508069038391E-002,-9.706609249114990E-001,4.896536841988564E-002,
1.058133333333333E+009,4.903721623122692E-003,6.455509364604950E-002,-9.649319648742676E-001,7.367987930774689E-002,4.903721623122692E-003,6.455509364604950E-002,-9.649319648742676E-001,7.367987930774689E-002,
1.066500000000000E+009,1.753085292875767E-002,6.898842006921768E-002,-9.488533139228821E-001,1.014553308486939E-001,1.753085292875767E-002,6.898842006921768E-002,-9.488533139228821E-001,1.014553308486939E-001,
1.074866666666667E+009,2.942304871976376E-002,6.611841171979904E-002,-9.603936672210693E-001,1.286800503730774E-001,2.942304871976376E-002,6.611841171979904E-002,-9.603936672210693E-001,1.286800503730774E-001,
1.083233333333334E+009,4.198738932609558E-002,6.229302659630776E-002,-9.546744823455811E-001,1.463864594697952E-001,4.198738932609558E-002,6.229302659630776E-002,-9.546744823455811E-001,1.463864594697952E-001,
1.091600000000000E+009,4.667245969176292E-002,5.057168379426003E-002,-9.492838382720947E-001,1.798211783170700E-001,4.667245969176292E-002,5.057168379426003E-002,-9.492838382720947E-001,1.798211783170700E-001,
1.099966666666667E+009,4.849169030785561E-002,3.862730413675308E-002,-9.457274079322815E-001,1.964848935604096E-001,4.849169030785561E-002,3.862730413675308E-002,-9.457274079322815E-001,1.964848935604096E-001,
1.108333333333334E+009,4.037050157785416E-002,2.880158647894859E-002,-9.558831453323364E-001,2.183932363986969E-001,4.037050157785416E-002,2.880158647894859E-002,-9.558831453323364E-001,2.183932363986969E-001,
1.116700000000000E+009,2.824620530009270E-002,2.901758812367916E-002,-9.426799416542053E-001,2.518248558044434E-001,2.824620530009270E-002,2.901758812367916E-002,-9.426799416542053E-001,2.518248558044434E-001,
1.125066666666667E+009,1.622944697737694E-002,2.992325648665428E-002,-9.280986189842224E-001,2.714699804782867E-001,1.622944697737694E-002,2.992325648665428E-002,-9.280986189842224E-001,2.714699804782867E-001,
1.133433333333334E+009,5.861370358616114E-003,4.129182547330856E-002,-9.230400323867798E-001,2.896713018417358E-001,5.861370358616114E-003,4.129182547330856E-002,-9.230400323867798E-001,2.896713018417358E-001,
1.141800000000000E+009,6.335395853966475E-003,5.397427454590797E-002,-9.116345047950745E-001,3.151687085628510E-001,6.335395853966475E-003,5.397427454590797E-002,-9.116345047950745E-001,3.151687085628510E-001,
1.150166666666667E+009,1.263217628002167E-002,6.638641655445099E-002,-9.059076309204102E-001,3.441291153430939E-001,1.263217628002167E-002,6.638641655445099E-002,-9.059076309204102E-001,3.441291153430939E-001,
1.158533333333334E+009,3.034160844981670E-002,7.323160767555237E-002,-8.953489065170288E-001,3.658677339553833E-001,3.034160844981670E-002,7.323160767555237E-002,-8.953489065170288E-001,3.658677339553833E-001,
1.166900000000000E+009,4.952760413289070E-002,7.221744209527969E-002,-8.876183629035950E-001,3.914994001388550E-001,4.952760413289070E-002,7.221744209527969E-002,-8.876183629035950E-001,3.914994001388550E-001,
1.175266666666667E+009,6.529104709625244E-002,6.269545108079910E-002,-8.698242306709290E-001,4.040044844150543E-001,6.529104709625244E-002,6.269545108079910E-002,-8.698242306709290E-001,4.040044844150543E-001,
1.183633333333334E+009,7.833129167556763E-002,4.843617230653763E-002,-8.656048774719238E-001,4.296773076057434E-001,7.833129167556763E-002,4.843617230653763E-002,-8.656048774719238E-001,4.296773076057434E-001,
1.192000000000000E+009,8.015260100364685E-002,3.095323219895363E-002,-8.590914607048035E-001,4.587004184722900E-001,8.015260100364685E-002,3.095323219895363E-002,-8.590914607048035E-001,4.587004184722900E-001,
1.200366666666667E+009,7.087904214859009E-002,1.435395330190659E-002,-8.455897569656372E-001,4.756616055965424E-001,7.087904214859009E-002,1.435395330190659E-002,-8.455897569656372E-001,4.756616055965424E-001,
1.208733333333334E+009,5.364286899566650E-002,5.958079826086760E-003,-8.411633372306824E-001,5.056181550025940E-001,5.364286899566650E-002,5.958079826086760E-003,-8.411633372306824E-001,5.056181550025940E-001,
1.217100000000000E+009,3.575478866696358E-002,7.903599180281162E-003,-8.083763718605042E-001,5.186595320701599E-001,3.575478866696358E-002,7.903599180281162E-003,-8.083763718605042E-001,5.186595320701599E-001,
1.225466666666667E+009,2.411171980202198E-002,1.881948858499527E-002,-8.118910193443298E-001,5.443994998931885E-001,2.411171980202198E-002,1.881948858499527E-002,-8.118910193443298E-001,5.443994998931885E-001,
1.233833333333334E+009,2.191128581762314E-002,3.381538763642311E-002,-7.919519543647766E-001,5.643160939216614E-001,2.191128581762314E-002,3.381538763642311E-002,-7.919519543647766E-001,5.643160939216614E-001,
1.242200000000000E+009,2.730537392199040E-002,4.789517819881439E-002,-7.634394168853760E-001,5.804057717323303E-001,2.730537392199040E-002,4.789517819881439E-002,-7.634394168853760E-001,5.804057717323303E-001,
1.250566666666667E+009,4.215462878346443E-002,5.711173638701439E-002,-7.682647109031677E-001,6.074913740158081E-001,4.215462878346443E-002,5.711173638701439E-002,-7.682647109031677E-001,6.074913740158081E-001,
1.258933333333334E+009,6.267057359218597E-002,5.754586309194565E-002,-7.471007704734802E-001,6.174407005310059E-001,6.267057359218597E-002,5.754586309194565E-002,-7.471007704734802E-001,6.174407005310059E-001,
1.267300000000000E+009,8.052565902471542E-002,4.526820406317711E-002,-7.245543599128723E-001,6.348544955253601E-001,8.052565902471542E-002,4.526820406317711E-002,-7.245543599128723E-001,6.348544955253601E-001,
1.275666666666667E+009,9.167473018169403E-002,2.847291342914105E-002,-7.220844626426697E-001,6.402214169502258E-001,9.167473018169403E-002,2.847291342914105E-002,-7.220844626426697E-001,6.402214169502258E-001,
1.284033333333334E+009,9.365024417638779E-002,6.347411312162876E-003,-6.916662454605103E-001,6.910000443458557E-001,9.365024417638779E-002,6.347411312162876E-003,-6.916662454605103E-001,6.910000443458557E-001,
1.292400000000000E+009,8.228867501020432E-002,-1.125917211174965E-002,-6.873569488525391E-001,6.905647516250610E-001,8.228867501020432E-002,-1.125917211174965E-002,-6.873569488525391E-001,6.905647516250610E-001,
1.300766666666667E+009,6.495616585016251E-002,-1.874980516731739E-002,-6.694753170013428E-001,7.077069282531738E-001,6.495616585016251E-002,-1.874980516731739E-002,-6.694753170013428E-001,7.077069282531738E-001,
1.309133333333334E+009,4.541593044996262E-002,-1.620718836784363E-002,-6.533992886543274E-001,7.362199425697327E-001,4.541593044996262E-002,-1.620718836784363E-002,-6.533992886543274E-001,7.362199425697327E-001,
1.317500000000000E+009,3.075780905783176E-002,-4.328315146267414E-003,-6.244510412216187E-001,7.592480182647705E-001,3.075780905783176E-002,-4.328315146267414E-003,-6.244510412216187E-001,7.592480182647705E-001,
1.325866666666667E+009,2.575252577662468E-002,1.157132722437382E-002,-6.072956323623657E-001,7.600477933883667E-001,2.575252577662468E-002,1.157132722437382E-002,-6.072956323623657E-001,7.600477933883667E-001,
1.334233333333334E+009,3.210191056132317E-002,2.931251563131809E-002,-5.847259163856506E-001,7.716522812843323E-001,3.210191056132317E-002,2.931251563131809E-002,-5.847259163856506E-001,7.716522812843323E-001,
1.342600000000000E+009,4.843455180525780E-002,3.477380424737930E-002,-5.724719166755676E-001,7.889609336853027E-001,4.843455180525780E-002,3.477380424737930E-002,-5.724719166755676E-001,7.889609336853027E-001,
1.350966666666667E+009,6.566291302442551E-002,3.297233209013939E-002,-5.414925217628479E-001,8.079831004142761E-001,6.566291302442551E-002,3.297233209013939E-002,-5.414925217628479E-001,8.079831004142761E-001,
1.359333333333334E+009,8.168808370828629E-002,2.042342908680439E-002,-5.270445346832275E-001,8.156393170356751E-001,8.168808370828629E-002,2.042342908680439E-002,-5.270445346832275E-001,8.156393170356751E-001,
1.367700000000000E+009,8.895514905452728E-002,-6.751873297616839E-004,-5.086259841918945E-001,8.262267112731934E-001,8.895514905452728E-002,-6.751873297616839E-004,-5.086259841918945E-001,8.262267112731934E-001,
1.376066666666667E+009,8.387883752584457E-002,-2.380362153053284E-002,-4.825516343116760E-001,8.384177684783936E-001,8.387883752584457E-002,-2.380362153053284E-002,-4.825516343116760E-001,8.384177684783936E-001,
1.384433333333334E+009,6.919225305318832E-002,-3.700254857540131E-002,-4.757459163665772E-001,8.487546443939209E-001,6.919225305318832E-002,-3.700254857540131E-002,-4.757459163665772E-001,8.487546443939209E-001,
1.392800000000000E+009,4.629711061716080E-002,-4.060959443449974E-002,-4.496109783649445E-001,8.564010262489319E-001,4.629711061716080E-002,-4.060959443449974E-002,-4.496109783649445E-001,8.564010262489319E-001,
1.401166666666667E+009,2.921235933899880E-002,-3.250275179743767E-002,-4.190967082977295E-001,8.841384649276733E-001,2.921235933899880E-002,-3.250275179743767E-002,-4.190967082977295E-001,8.841384649276733E-001,
1.409533333333334E+009,1.717830076813698E-002,-1.267102546989918E-002,-3.963838219642639E-001,8.942283987998962E-001,1.717830076813698E-002,-1.267102546989918E-002,-3.963838219642639E-001,8.942283987998962E-001,
1.417900000000000E+009,1.535433810204268E-002,8.341378532350063E-003,-3.579696416854858E-001,8.881049156188965E-001,1.535433810204268E-002,8.341378532350063E-003,-3.579696416854858E-001,8.881049156188965E-001,
1.426266666666667E+009,2.561052888631821E-002,2.662698552012444E-002,-3.525282740592957E-001,9.160385131835938E-001,2.561052888631821E-002,2.662698552012444E-002,-3.525282740592957E-001,9.160385131835938E-001,
1.434633333333334E+009,4.389563575387001E-002,3.349952399730682E-002,-3.226418197154999E-001,9.094845652580261E-001,4.389563575387001E-002,3.349952399730682E-002,-3.226418197154999E-001,9.094845652580261E-001,
1.443000000000000E+009,6.582041084766388E-002,3.052682057023048E-002,-2.977543473243713E-001,9.211816787719727E-001,6.582041084766388E-002,3.052682057023048E-002,-2.977543473243713E-001,9.211816787719727E-001,
1.451366666666667E+009,8.093485981225967E-002,1.402570120990276E-002,-2.792570590972900E-001,9.269033074378967E-001,8.093485981225967E-002,1.402570120990276E-002,-2.792570590972900E-001,9.269033074378967E-001,
1.459733333333334E+009,8.727496862411499E-002,-7.337012793868780E-003,-2.667314112186432E-001,9.299513697624207E-001,8.727496862411499E-002,-7.337012793868780E-003,-2.667314112186432E-001,9.299513697624207E-001,
1.468100000000000E+009,8.173223584890366E-002,-2.874324284493923E-002,-2.302117794752121E-001,9.381804466247559E-001,8.173223584890366E-002,-2.874324284493923E-002,-2.302117794752121E-001,9.381804466247559E-001,
1.476466666666667E+009,6.631341576576233E-002,-4.353544488549233E-002,-2.111849784851074E-001,9.545425772666931E-001,6.631341576576233E-002,-4.353544488549233E-002,-2.111849784851074E-001,9.545425772666931E-001,
1.484833333333334E+009,4.495971649885178E-002,-4.738320037722588E-002,-1.765253245830536E-001,9.572317004203796E-001,4.495971649885178E-002,-4.738320037722588E-002,-1.765253245830536E-001,9.572317004203796E-001,
1.493200000000000E+009,2.864596992731094E-002,-3.810413554310799E-002,-1.609327644109726E-001,9.586763978004456E-001,2.864596992731094E-002,-3.810413554310799E-002,-1.609327644109726E-001,9.586763978004456E-001,
1.501566666666667E+009,1.844630017876625E-002,-1.941631361842156E-002,-1.310203671455383E-001,9.616662859916687E-001,1.844630017876625E-002,-1.941631361842156E-002,-1.310203671455383E-001,9.616662859916687E-001,
1.509933333333334E+009,1.866577751934528E-002,2.474018605425954E-003,-1.151956915855408E-001,9.667482972145081E-001,1.866577751934528E-002,2.474018605425954E-003,-1.151956915855408E-001,9.667482972145081E-001,
1.518300000000000E+009,3.265796974301338E-002,1.889217831194401E-002,-8.891562372446060E-002,9.734699130058289E-001,3.265796974301338E-002,1.889217831194401E-002,-8.891562372446060E-002,9.734699130058289E-001,
1.526666666666667E+009,5.206099525094032E-002,2.542727999389172E-002,-5.676956102252007E-002,9.658288955688477E-001,5.206099525094032E-002,2.542727999389172E-002,-5.676956102252007E-002,9.658288955688477E-001,
1.535033333333334E+009,7.177575677633286E-002,2.132880873978138E-002,-3.533761948347092E-002,9.744305610656738E-001,7.177575677633286E-002,2.132880873978138E-002,-3.533761948347092E-002,9.744305610656738E-001,
1.543400000000000E+009,8.489640802145004E-002,5.033154040575028E-003,-1.505048386752605E-002,9.688951373100281E-001,8.489640802145004E-002,5.033154040575028E-003,-1.505048386752605E-002,9.688951373100281E-001,
1.551766666666667E+009,8.660051226615906E-002,-1.787877827882767E-002,7.493049837648869E-003,9.635886549949646E-001,8.660051226615906E-002,-1.787877827882767E-002,7.493049837648869E-003,9.635886549949646E-001,
1.560133333333334E+009,8.050879836082459E-002,-3.874479234218597E-002,2.871971577405930E-002,9.698051214218140E-001,8.050879836082459E-002,-3.874479234218597E-002,2.871971577405930E-002,9.698051214218140E-001,
1.568500000000000E+009,6.569308042526245E-002,-5.256719142198563E-002,4.580201208591461E-002,9.736191034317017E-001,6.569308042526245E-002,-5.256719142198563E-002,4.580201208591461E-002,9.736191034317017E-001,
1.576866666666667E+009,4.595272243022919E-002,-5.423991009593010E-002,8.734312653541565E-002,9.653853178024292E-001,4.595272243022919E-002,-5.423991009593010E-002,8.734312653541565E-002,9.653853178024292E-001,
1.585233333333334E+009,3.285320103168488E-002,-4.646864905953407E-002,1.036552712321281E-001,9.651376008987427E-001,3.285320103168488E-002,-4.646864905953407E-002,1.036552712321281E-001,9.651376008987427E-001,
1.593600000000000E+009,2.501516230404377E-002,-3.154332563281059E-002,1.310744732618332E-001,9.614134430885315E-001,2.501516230404377E-002,-3.154332563281059E-002,1.310744732618332E-001,9.614134430885315E-001,
1.601966666666667E+009,2.737491019070149E-002,-1.318105962127447E-002,1.527862697839737E-001,9.593834877014160E-001,2.737491019070149E-002,-1.318105962127447E-002,1.527862697839737E-001,9.593834877014160E-001,
1.610333333333334E+009,3.903147205710411E-002,-5.753801669925451E-004,1.834377348423004E-001,9.510069489479065E-001,3.903147205710411E-002,-5.753801669925451E-004,1.834377348423004E-001,9.510069489479065E-001,
1.618700000000000E+009,5.674653872847557E-002,3.334904788061976E-003,2.088589370250702E-001,9.475148916244507E-001,5.674653872847557E-002,3.334904788061976E-003,2.088589370250702E-001,9.475148916244507E-001,
1.627066666666667E+009,7.133462280035019E-002,-2.916062250733376E-003,2.287535220384598E-001,9.393759965896606E-001,7.133462280035019E-002,-2.916062250733376E-003,2.287535220384598E-001,9.393759965896606E-001,
1.635433333333334E+009,7.977505773305893E-002,-1.519041601568461E-002,2.557888925075531E-001,9.399277567863464E-001,7.977505773305893E-002,-1.519041601568461E-002,2.557888925075531E-001,9.399277567863464E-001,
1.643800000000000E+009,8.034116029739380E-002,-3.403439372777939E-002,2.690311074256897E-001,9.301052689552307E-001,8.034116029739380E-002,-3.403439372777939E-002,2.690311074256897E-001,9.301052689552307E-001,
1.652166666666667E+009,7.118532061576843E-002,-5.010773241519928E-002,3.021531105041504E-001,9.208244681358337E-001,7.118532061576843E-002,-5.010773241519928E-002,3.021531105041504E-001,9.208244681358337E-001,
1.660533333333334E+009,5.668114498257637E-002,-5.903260037302971E-002,3.203315734863281E-001,9.174411296844482E-001,5.668114498257637E-002,-5.903260037302971E-002,3.203315734863281E-001,9.174411296844482E-001,
1.668900000000000E+009,4.096951335668564E-002,-5.823065340518951E-002,3.417646586894989E-001,9.044027924537659E-001,4.096951335668564E-002,-5.823065340518951E-002,3.417646586894989E-001,9.044027924537659E-001,
1.677266666666667E+009,2.824979647994041E-002,-5.109970644116402E-002,3.816765844821930E-001,8.963745832443237E-001,2.824979647994041E-002,-5.109970644116402E-002,3.816765844821930E-001,8.963745832443237E-001,
1.685633333333334E+009,2.544888295233250E-002,-3.694586828351021E-002,3.972777426242828E-001,8.898654580116272E-001,2.544888295233250E-002,-3.694586828351021E-002,3.972777426242828E-001,8.898654580116272E-001,
1.694000000000000E+009,2.920883148908615E-002,-2.428023889660835E-002,4.128978848457336E-001,8.769791722297669E-001,2.920883148908615E-002,-2.428023889660835E-002,4.128978848457336E-001,8.769791722297669E-001,
1.702366666666667E+009,4.125568270683289E-002,-1.307698339223862E-002,4.364692866802216E-001,8.661687374114990E-001,4.125568270683289E-002,-1.307698339223862E-002,4.364692866802216E-001,8.661687374114990E-001,
1.710733333333334E+009,5.755327641963959E-002,-1.026974432170391E-002,4.558988511562347E-001,8.508000373840332E-001,5.755327641963959E-002,-1.026974432170391E-002,4.558988511562347E-001,8.508000373840332E-001,
1.719100000000000E+009,7.256960123777390E-002,-1.742759346961975E-002,4.828036129474640E-001,8.347428441047669E-001,7.256960123777390E-002,-1.742759346961975E-002,4.828036129474640E-001,8.347428441047669E-001,
1.727466666666667E+009,8.169588446617127E-002,-3.035888262093067E-002,5.002554059028626E-001,8.291307687759399E-001,8.169588446617127E-002,-3.035888262093067E-002,5.002554059028626E-001,8.291307687759399E-001,
1.735833333333334E+009,8.275143057107925E-002,-4.671226069331169E-002,5.156113505363464E-001,8.151454925537109E-001,8.275143057107925E-002,-4.671226069331169E-002,5.156113505363464E-001,8.151454925537109E-001,
1.744200000000000E+009,7.473930716514587E-002,-6.458478420972824E-002,5.430852770805359E-001,7.926501035690308E-001,7.473930716514587E-002,-6.458478420972824E-002,5.430852770805359E-001,7.926501035690308E-001,
1.752566666666667E+009,6.164452806115151E-002,-7.606445252895355E-002,5.706889629364014E-001,7.871190905570984E-001,6.164452806115151E-002,-7.606445252895355E-002,5.706889629364014E-001,7.871190905570984E-001,
1.760933333333334E+009,4.581768438220024E-002,-8.181088417768478E-002,5.801549553871155E-001,7.761259675025940E-001,4.581768438220024E-002,-8.181088417768478E-002,5.801549553871155E-001,7.761259675025940E-001,
1.769300000000000E+009,3.078651428222656E-002,-7.964821904897690E-002,6.050769090652466E-001,7.661453485488892E-001,3.078651428222656E-002,-7.964821904897690E-002,6.050769090652466E-001,7.661453485488892E-001,
1.777666666666667E+009,2.131682261824608E-002,-6.989057362079620E-002,6.188588142395020E-001,7.550973296165466E-001,2.131682261824608E-002,-6.989057362079620E-002,6.188588142395020E-001,7.550973296165466E-001,
1.786033333333334E+009,1.955471001565456E-002,-6.013943254947662E-002,6.342911124229431E-001,7.261859774589539E-001,1.955471001565456E-002,-6.013943254947662E-002,6.342911124229431E-001,7.261859774589539E-001,
1.794400000000000E+009,2.511847764253616E-002,-4.793517664074898E-002,6.567741632461548E-001,7.109723687171936E-001,2.511847764253616E-002,-4.793517664074898E-002,6.567741632461548E-001,7.109723687171936E-001,
1.802766666666667E+009,3.256827592849731E-002,-4.215067625045776E-002,6.758674383163452E-001,6.929047703742981E-001,3.256827592849731E-002,-4.215067625045776E-002,6.758674383163452E-001,6.929047703742981E-001,
1.811133333333334E+009,4.270209372043610E-002,-4.054832458496094E-002,7.004976272583008E-001,6.737628579139710E-001,4.270209372043610E-002,-4.054832458496094E-002,7.004976272583008E-001,6.737628579139710E-001,
1.819500000000000E+009,5.235503241419792E-002,-4.422439634799957E-002,7.111838459968567E-001,6.494085192680359E-001,5.235503241419792E-002,-4.422439634799957E-002,7.111838459968567E-001,6.494085192680359E-001,
1.827866666666667E+009,5.783394351601601E-002,-5.279759690165520E-002,7.315089702606201E-001,6.387672424316406E-001,5.783394351601601E-002,-5.279759690165520E-002,7.315089702606201E-001,6.387672424316406E-001,
1.836233333333334E+009,5.543562769889832E-002,-6.359698623418808E-002,7.426653504371643E-001,6.210158467292786E-001,5.543562769889832E-002,-6.359698623418808E-002,7.426653504371643E-001,6.210158467292786E-001,
1.844600000000000E+009,4.792051389813423E-002,-7.238554954528809E-002,7.605918645858765E-001,6.143318414688110E-001,4.792051389813423E-002,-7.238554954528809E-002,7.605918645858765E-001,6.143318414688110E-001,
1.852966666666667E+009,3.892305120825768E-002,-7.752548903226852E-002,7.683426737785339E-001,5.811406373977661E-001,3.892305120825768E-002,-7.752548903226852E-002,7.683426737785339E-001,5.811406373977661E-001,
1.861333333333334E+009,2.855397202074528E-002,-8.063753694295883E-002,7.906973958015442E-001,5.625017285346985E-001,2.855397202074528E-002,-8.063753694295883E-002,7.906973958015442E-001,5.625017285346985E-001,
1.869700000000000E+009,2.077533118426800E-002,-7.542050629854202E-002,8.055973649024963E-001,5.441172719001770E-001,2.077533118426800E-002,-7.542050629854202E-002,8.055973649024963E-001,5.441172719001770E-001,
1.878066666666667E+009,1.693701744079590E-002,-7.052923738956451E-002,8.202919960021973E-001,5.290925502777100E-001,1.693701744079590E-002,-7.052923738956451E-002,8.202919960021973E-001,5.290925502777100E-001,
1.886433333333334E+009,1.811782829463482E-002,-6.299945712089539E-002,8.386574387550354E-001,5.027800798416138E-001,1.811782829463482E-002,-6.299945712089539E-002,8.386574387550354E-001,5.027800798416138E-001,
1.894800000000000E+009,2.594029903411865E-002,-5.796807259321213E-002,8.495150208473206E-001,4.833006560802460E-001,2.594029903411865E-002,-5.796807259321213E-002,8.495150208473206E-001,4.833006560802460E-001,
1.903166666666667E+009,3.454354405403137E-002,-5.467893928289414E-002,8.620910048484802E-001,4.545397162437439E-001,3.454354405403137E-002,-5.467893928289414E-002,8.620910048484802E-001,4.545397162437439E-001,
1.911533333333334E+009,4.359318688511848E-002,-5.936471000313759E-002,8.693449497222900E-001,4.273815751075745E-001,4.359318688511848E-002,-5.936471000313759E-002,8.693449497222900E-001,4.273815751075745E-001,
1.919900000000000E+009,5.027700960636139E-002,-6.696294993162155E-002,8.835356831550598E-001,4.131755530834198E-001,5.027700960636139E-002,-6.696294993162155E-002,8.835356831550598E-001,4.131755530834198E-001,
1.928266666666667E+009,5.279704183340073E-002,-7.726791501045227E-002,8.800171017646790E-001,3.776799738407135E-001,5.279704183340073E-002,-7.726791501045227E-002,8.800171017646790E-001,3.776799738407135E-001,
1.936633333333334E+009,4.716278985142708E-002,-8.898124098777771E-002,9.006536602973938E-001,3.677794337272644E-001,4.716278985142708E-002,-8.898124098777771E-002,9.006536602973938E-001,3.677794337272644E-001,
1.945000000000000E+009,3.688805550336838E-002,-9.769588708877564E-002,9.096282124519348E-001,3.422471582889557E-001,3.688805550336838E-002,-9.769588708877564E-002,9.096282124519348E-001,3.422471582889557E-001,
1.953366666666667E+009,2.455057203769684E-002,-1.036545112729073E-001,9.117032885551453E-001,3.210351169109345E-001,2.455057203769684E-002,-1.036545112729073E-001,9.117032885551453E-001,3.210351169109345E-001,
1.961733333333334E+009,8.796378038823605E-003,-1.009354516863823E-001,9.274805784225464E-001,2.978314459323883E-001,8.796378038823605E-003,-1.009354516863823E-001,9.274805784225464E-001,2.978314459323883E-001,
1.970100000000000E+009,-2.630290808156133E-003,-9.531730413436890E-002,9.294131398200989E-001,2.765994071960449E-001,-2.630290808156133E-003,-9.531730413436890E-002,9.294131398200989E-001,2.765994071960449E-001,
1.978466666666667E+009,-7.003374397754669E-003,-8.367706090211868E-002,9.382030963897705E-001,2.466787099838257E-001,-7.003374397754669E-003,-8.367706090211868E-002,9.382030963897705E-001,2.466787099838257E-001,
1.986833333333334E+009,-4.295244812965393E-003,-7.334856688976288E-002,9.420431256294251E-001,2.270607203245163E-001,-4.295244812965393E-003,-7.334856688976288E-002,9.420431256294251E-001,2.270607203245163E-001,
1.995200000000000E+009,6.662696599960327E-003,-6.672325730323792E-002,9.456042051315308E-001,2.098983824253082E-001,6.662696599960327E-003,-6.672325730323792E-002,9.456042051315308E-001,2.098983824253082E-001,
2.003566666666667E+009,2.037542685866356E-002,-6.548786163330078E-002,9.515610337257385E-001,1.755346357822418E-001,2.037542685866356E-002,-6.548786163330078E-002,9.515610337257385E-001,1.755346357822418E-001,
2.011933333333334E+009,3.276740387082100E-002,-7.346589118242264E-002,9.611181616783142E-001,1.483030617237091E-001,3.276740387082100E-002,-7.346589118242264E-002,9.611181616783142E-001,1.483030617237091E-001,
2.020300000000000E+009,4.082569107413292E-002,-8.426120877265930E-002,9.639093279838562E-001,1.169964149594307E-001,4.082569107413292E-002,-8.426120877265930E-002,9.639093279838562E-001,1.169964149594307E-001,
2.028666666666667E+009,3.993465378880501E-002,-9.990671277046204E-002,9.652018547058106E-001,1.026979386806488E-001,3.993465378880501E-002,-9.990671277046204E-002,9.652018547058106E-001,1.026979386806488E-001,
2.037033333333334E+009,3.025305457413197E-002,-1.158156171441078E-001,9.686283469200134E-001,7.565963268280029E-002,3.025305457413197E-002,-1.158156171441078E-001,9.686283469200134E-001,7.565963268280029E-002,
2.045400000000000E+009,1.429650094360113E-002,-1.245109066367149E-001,9.660266637802124E-001,5.720214918255806E-002,1.429650094360113E-002,-1.245109066367149E-001,9.660266637802124E-001,5.720214918255806E-002,
2.053766666666667E+009,-5.411602556705475E-003,-1.246099025011063E-001,9.669263362884522E-001,3.208250552415848E-002,-5.411602556705475E-003,-1.246099025011063E-001,9.669263362884522E-001,3.208250552415848E-002,
2.062133333333334E+009,-2.131647057831287E-002,-1.185587048530579E-001,9.717489480972290E-001,5.298075266182423E-003,-2.131647057831287E-002,-1.185587048530579E-001,9.717489480972290E-001,5.298075266182423E-003,
2.070500000000000E+009,-3.028399683535099E-002,-1.034564077854157E-001,9.722970724105835E-001,-2.114701271057129E-002,-3.028399683535099E-002,-1.034564077854157E-001,9.722970724105835E-001,-2.114701271057129E-002,
2.078866666666667E+009,-2.949124574661255E-002,-8.869387954473496E-002,9.691280722618103E-001,-4.221380874514580E-002,-2.949124574661255E-002,-8.869387954473496E-002,9.691280722618103E-001,-4.221380874514580E-002,
2.087233333333334E+009,-1.931545883417130E-002,-8.034021407365799E-002,9.693597555160523E-001,-7.609916478395462E-002,-1.931545883417130E-002,-8.034021407365799E-002,9.693597555160523E-001,-7.609916478395462E-002,
2.095600000000000E+009,-3.561566350981593E-003,-7.674288749694824E-002,9.727166891098023E-001,-9.632086008787155E-002,-3.561566350981593E-003,-7.674288749694824E-002,9.727166891098023E-001,-9.632086008787155E-002,
2.103966666666667E+009,1.157890073955059E-002,-8.614499866962433E-002,9.707282185554504E-001,-1.235824227333069E-001,1.157890073955059E-002,-8.614499866962433E-002,9.707282185554504E-001,-1.235824227333069E-001,
2.112333333333334E+009,2.064958214759827E-002,-1.019866541028023E-001,9.586024284362793E-001,-1.443600058555603E-001,2.064958214759827E-002,-1.019866541028023E-001,9.586024284362793E-001,-1.443600058555603E-001,
2.120700000000000E+009,1.998220197856426E-002,-1.250296682119370E-001,9.546124935150147E-001,-1.755276024341583E-001,1.998220197856426E-002,-1.250296682119370E-001,9.546124935150147E-001,-1.755276024341583E-001,
2.129066666666667E+009,6.432409863919020E-003,-1.413716375827789E-001,9.584282040596008E-001,-2.032398432493210E-001,6.432409863919020E-003,-1.413716375827789E-001,9.584282040596008E-001,-2.032398432493210E-001,
2.137433333333334E+009,-1.611694879829884E-002,-1.515825539827347E-001,9.399224519729614E-001,-2.212011814117432E-001,-1.611694879829884E-002,-1.515825539827347E-001,9.399224519729614E-001,-2.212011814117432E-001,
2.145800000000000E+009,-4.402789473533630E-002,-1.505274474620819E-001,9.390637278556824E-001,-2.435804456472397E-001,-4.402789473533630E-002,-1.505274474620819E-001,9.390637278556824E-001,-2.435804456472397E-001,
2.154166666666667E+009,-6.563875824213028E-002,-1.374302059412003E-001,9.297693371772766E-001,-2.618144750595093E-001,-6.563875824213028E-002,-1.374302059412003E-001,9.297693371772766E-001,-2.618144750595093E-001,
2.162533333333334E+009,-7.846440374851227E-002,-1.156744658946991E-001,9.126952886581421E-001,-2.858158349990845E-001,-7.846440374851227E-002,-1.156744658946991E-001,9.126952886581421E-001,-2.858158349990845E-001,
2.170900000000000E+009,-7.788018882274628E-002,-9.346538782119751E-002,9.203557372093201E-001,-3.136021196842194E-001,-7.788018882274628E-002,-9.346538782119751E-002,9.203557372093201E-001,-3.136021196842194E-001,
2.179266666666667E+009,-6.495562940835953E-002,-7.848799228668213E-002,9.095482826232910E-001,-3.303657174110413E-001,-6.495562940835953E-002,-7.848799228668213E-002,9.095482826232910E-001,-3.303657174110413E-001,
2.187633333333334E+009,-4.623879864811897E-002,-7.359811663627625E-002,9.058572053909302E-001,-3.628278970718384E-001,-4.623879864811897E-002,-7.359811663627625E-002,9.058572053909302E-001,-3.628278970718384E-001,
2.196000000000000E+009,-2.588694170117378E-002,-8.295103162527084E-002,8.883075714111328E-001,-3.845686912536621E-001,-2.588694170117378E-002,-8.295103162527084E-002,8.883075714111328E-001,-3.845686912536621E-001,
2.204366666666667E+009,-1.399208605289459E-002,-1.038987264037132E-001,8.798163533210754E-001,-4.083313643932343E-001,-1.399208605289459E-002,-1.038987264037132E-001,8.798163533210754E-001,-4.083313643932343E-001,
2.212733333333334E+009,-1.476408820599318E-002,-1.287206858396530E-001,8.667128682136536E-001,-4.394915401935577E-001,-1.476408820599318E-002,-1.287206858396530E-001,8.667128682136536E-001,-4.394915401935577E-001,
2.221100000000000E+009,-3.068904206156731E-002,-1.479335874319077E-001,8.457365036010742E-001,-4.517670869827271E-001,-3.068904206156731E-002,-1.479335874319077E-001,8.457365036010742E-001,-4.517670869827271E-001,
2.229466666666667E+009,-5.475557595491409E-002,-1.588164716959000E-001,8.374735713005066E-001,-4.632109403610230E-001,-5.475557595491409E-002,-1.588164716959000E-001,8.374735713005066E-001,-4.632109403610230E-001,
2.237833333333334E+009,-8.467876166105270E-002,-1.532425582408905E-001,8.275530338287354E-001,-4.896246194839478E-001,-8.467876166105270E-002,-1.532425582408905E-001,8.275530338287354E-001,-4.896246194839478E-001,
2.246200000000000E+009,-1.096519753336906E-001,-1.362696886062622E-001,8.151425719261169E-001,-5.091083049774170E-001,-1.096519753336906E-001,-1.362696886062622E-001,8.151425719261169E-001,-5.091083049774170E-001,
2.254566666666667E+009,-1.205105036497116E-001,-1.091049760580063E-001,8.066173791885376E-001,-5.259237289428711E-001,-1.205105036497116E-001,-1.091049760580063E-001,8.066173791885376E-001,-5.259237289428711E-001,
2.262933333333334E+009,-1.204872727394104E-001,-8.437240868806839E-002,7.935019135475159E-001,-5.485005378723145E-001,-1.204872727394104E-001,-8.437240868806839E-002,7.935019135475159E-001,-5.485005378723145E-001,
2.271300000000000E+009,-1.065666228532791E-001,-6.428723782300949E-002,7.777554392814636E-001,-5.676963925361633E-001,-1.065666228532791E-001,-6.428723782300949E-002,7.777554392814636E-001,-5.676963925361633E-001,
2.279666666666667E+009,-8.464921265840530E-002,-6.066162139177322E-002,7.665683627128601E-001,-5.895536541938782E-001,-8.464921265840530E-002,-6.066162139177322E-002,7.665683627128601E-001,-5.895536541938782E-001,
2.288033333333334E+009,-6.563093513250351E-002,-7.141848653554916E-002,7.507541775703430E-001,-6.182857155799866E-001,-6.563093513250351E-002,-7.141848653554916E-002,7.507541775703430E-001,-6.182857155799866E-001,
2.296400000000000E+009,-5.547770112752914E-002,-9.311494976282120E-002,7.285087704658508E-001,-6.382174491882324E-001,-5.547770112752914E-002,-9.311494976282120E-002,7.285087704658508E-001,-6.382174491882324E-001,
2.304766666666667E+009,-6.099856644868851E-002,-1.180925369262695E-001,7.147168517112732E-001,-6.458044052124023E-001,-6.099856644868851E-002,-1.180925369262695E-001,7.147168517112732E-001,-6.458044052124023E-001,
2.313133333333334E+009,-8.134084194898605E-002,-1.345690339803696E-001,6.901276111602783E-001,-6.780153512954712E-001,-8.134084194898605E-002,-1.345690339803696E-001,6.901276111602783E-001,-6.780153512954712E-001,
2.321500000000000E+009,-1.059553325176239E-001,-1.379266083240509E-001,6.750287413597107E-001,-6.841148138046265E-001,-1.059553325176239E-001,-1.379266083240509E-001,6.750287413597107E-001,-6.841148138046265E-001,
2.329866666666667E+009,-1.318441182374954E-001,-1.262703388929367E-001,6.646284461021423E-001,-7.006880640983582E-001,-1.318441182374954E-001,-1.262703388929367E-001,6.646284461021423E-001,-7.006880640983582E-001,
2.338233333333334E+009,-1.503815650939941E-001,-1.037895679473877E-001,6.386849880218506E-001,-7.170386910438538E-001,-1.503815650939941E-001,-1.037895679473877E-001,6.386849880218506E-001,-7.170386910438538E-001,
2.346600000000000E+009,-1.543942093849182E-001,-7.204136997461319E-002,6.196875572204590E-001,-7.344869375228882E-001,-1.543942093849182E-001,-7.204136997461319E-002,6.196875572204590E-001,-7.344869375228882E-001,
2.354966666666667E+009,-1.421819925308228E-001,-4.785512387752533E-002,6.135092973709106E-001,-7.475323677062988E-001,-1.421819925308228E-001,-4.785512387752533E-002,6.135092973709106E-001,-7.475323677062988E-001,
2.363333333333334E+009,-1.207255870103836E-001,-3.593382984399796E-002,5.970599651336670E-001,-7.639455795288086E-001,-1.207255870103836E-001,-3.593382984399796E-002,5.970599651336670E-001,-7.639455795288086E-001,
2.371700000000000E+009,-9.368071705102921E-002,-3.924198076128960E-002,5.774613618850708E-001,-7.853389978408814E-001,-9.368071705102921E-002,-3.924198076128960E-002,5.774613618850708E-001,-7.853389978408814E-001,
2.380066666666667E+009,-7.647012174129486E-002,-6.114029139280319E-002,5.452825427055359E-001,-8.007099032402039E-001,-7.647012174129486E-002,-6.114029139280319E-002,5.452825427055359E-001,-8.007099032402039E-001,
2.388433333333334E+009,-7.596220076084137E-002,-9.076602011919022E-002,5.249925851821899E-001,-8.078049421310425E-001,-7.596220076084137E-002,-9.076602011919022E-002,5.249925851821899E-001,-8.078049421310425E-001,
2.396800000000000E+009,-9.282636642456055E-002,-1.206683516502380E-001,4.921858012676239E-001,-8.267218470573425E-001,-9.282636642456055E-002,-1.206683516502380E-001,4.921858012676239E-001,-8.267218470573425E-001,
2.405166666666667E+009,-1.242598369717598E-001,-1.394008398056030E-001,4.735981225967407E-001,-8.372361063957214E-001,-1.242598369717598E-001,-1.394008398056030E-001,4.735981225967407E-001,-8.372361063957214E-001,
2.413533333333334E+009,-1.637211441993713E-001,-1.364770084619522E-001,4.496547877788544E-001,-8.424662351608276E-001,-1.637211441993713E-001,-1.364770084619522E-001,4.496547877788544E-001,-8.424662351608276E-001,
2.421900000000000E+009,-2.000741958618164E-001,-1.158592849969864E-001,4.359028041362763E-001,-8.513739705085754E-001,-2.000741958618164E-001,-1.158592849969864E-001,4.359028041362763E-001,-8.513739705085754E-001,
2.430266666666667E+009,-2.199575453996658E-001,-8.092933893203735E-002,4.179050624370575E-001,-8.618680834770203E-001,-2.199575453996658E-001,-8.092933893203735E-002,4.179050624370575E-001,-8.618680834770203E-001,
2.438633333333334E+009,-2.247585803270340E-001,-3.749449923634529E-002,3.985802531242371E-001,-8.699016571044922E-001,-2.247585803270340E-001,-3.749449923634529E-002,3.985802531242371E-001,-8.699016571044922E-001,
2.447000000000000E+009,-2.082772105932236E-001,1.406978000886738E-003,3.784462809562683E-001,-8.840524554252625E-001,-2.082772105932236E-001,1.406978000886738E-003,3.784462809562683E-001,-8.840524554252625E-001,
2.455366666666667E+009,-1.771403700113297E-001,2.378355339169502E-002,3.596357703208923E-001,-8.921977281570435E-001,-1.771403700113297E-001,2.378355339169502E-002,3.596357703208923E-001,-8.921977281570435E-001,
2.463733333333334E+009,-1.431379169225693E-001,2.793647907674313E-002,3.371239006519318E-001,-9.088726639747620E-001,-1.431379169225693E-001,2.793647907674313E-002,3.371239006519318E-001,-9.088726639747620E-001,
2.472100000000000E+009,-1.161544620990753E-001,1.089364569634199E-002,3.112078011035919E-001,-9.205051660537720E-001,-1.161544620990753E-001,1.089364569634199E-002,3.112078011035919E-001,-9.205051660537720E-001,
2.480466666666667E+009,-1.053234636783600E-001,-1.826891675591469E-002,2.778548896312714E-001,-9.232895970344544E-001,-1.053234636783600E-001,-1.826891675591469E-002,2.778548896312714E-001,-9.232895970344544E-001,
2.488833333333334E+009,-1.148174628615379E-001,-4.851144552230835E-002,2.559842467308044E-001,-9.316499829292297E-001,-1.148174628615379E-001,-4.851144552230835E-002,2.559842467308044E-001,-9.316499829292297E-001,
2.497200000000000E+009,-1.387191116809845E-001,-6.712111830711365E-002,2.266752868890762E-001,-9.387440681457520E-001,-1.387191116809845E-001,-6.712111830711365E-002,2.266752868890762E-001,-9.387440681457520E-001,
2.505566666666667E+009,-1.744102984666824E-001,-6.852195411920548E-002,1.972026079893112E-001,-9.414921402931213E-001,-1.744102984666824E-001,-6.852195411920548E-002,1.972026079893112E-001,-9.414921402931213E-001,
2.513933333333334E+009,-2.031300365924835E-001,-5.021127313375473E-002,1.787802428007126E-001,-9.390383958816528E-001,-2.031300365924835E-001,-5.021127313375473E-002,1.787802428007126E-001,-9.390383958816528E-001,
2.522300000000000E+009,-2.202473729848862E-001,-2.102193050086498E-002,1.523594409227371E-001,-9.424094557762146E-001,-2.202473729848862E-001,-2.102193050086498E-002,1.523594409227371E-001,-9.424094557762146E-001,
2.530666666666667E+009,-2.182097584009171E-001,1.598593406379223E-002,1.294392198324204E-001,-9.495251178741455E-001,-2.182097584009171E-001,1.598593406379223E-002,1.294392198324204E-001,-9.495251178741455E-001,
2.539033333333334E+009,-2.000349909067154E-001,4.715741798281670E-002,1.123175248503685E-001,-9.494448900222778E-001,-2.000349909067154E-001,4.715741798281670E-002,1.123175248503685E-001,-9.494448900222778E-001,
2.547400000000000E+009,-1.703793704509735E-001,6.542103737592697E-002,9.491914510726929E-002,-9.615802764892578E-001,-1.703793704509735E-001,6.542103737592697E-002,9.491914510726929E-002,-9.615802764892578E-001,
2.555766666666667E+009,-1.364212185144424E-001,6.521081924438477E-002,6.788881123065949E-002,-9.687567353248596E-001,-1.364212185144424E-001,6.521081924438477E-002,6.788881123065949E-002,-9.687567353248596E-001,
2.564133333333334E+009,-1.138621792197228E-001,4.543566331267357E-002,4.051638767123222E-002,-9.651757478713989E-001,-1.138621792197228E-001,4.543566331267357E-002,4.051638767123222E-002,-9.651757478713989E-001,
2.572500000000000E+009,-1.080107390880585E-001,1.693828403949738E-002,1.142821833491325E-002,-9.659479856491089E-001,-1.080107390880585E-001,1.693828403949738E-002,1.142821833491325E-002,-9.659479856491089E-001,
2.580866666666667E+009,-1.213908195495606E-001,-1.018129754811525E-002,-1.747089251875877E-002,-9.673331379890442E-001,-1.213908195495606E-001,-1.018129754811525E-002,-1.747089251875877E-002,-9.673331379890442E-001,
2.589233333333334E+009,-1.512467265129089E-001,-2.528747729957104E-002,-4.868017137050629E-002,-9.594669342041016E-001,-1.512467265129089E-001,-2.528747729957104E-002,-4.868017137050629E-002,-9.594669342041016E-001,
2.597600000000000E+009,-1.857087165117264E-001,-2.387652359902859E-002,-7.536630332469940E-002,-9.568040370941162E-001,-1.857087165117264E-001,-2.387652359902859E-002,-7.536630332469940E-002,-9.568040370941162E-001,
2.605966666666667E+009,-2.151906192302704E-001,-1.929173362441361E-003,-8.823821693658829E-002,-9.570404291152954E-001,-2.151906192302704E-001,-1.929173362441361E-003,-8.823821693658829E-002,-9.570404291152954E-001,
2.614333333333334E+009,-2.300075590610504E-001,2.984070032835007E-002,-1.119112372398377E-001,-9.457952380180359E-001,-2.300075590610504E-001,2.984070032835007E-002,-1.119112372398377E-001,-9.457952380180359E-001,
2.622700000000000E+009,-2.257575541734695E-001,6.909631192684174E-002,-1.309153586626053E-001,-9.384531974792481E-001,-2.257575541734695E-001,6.909631192684174E-002,-1.309153586626053E-001,-9.384531974792481E-001,
2.631066666666667E+009,-2.055695652961731E-001,1.010627001523972E-001,-1.529397964477539E-001,-9.485285878181458E-001,-2.055695652961731E-001,1.010627001523972E-001,-1.529397964477539E-001,-9.485285878181458E-001,
2.639433333333334E+009,-1.720466017723084E-001,1.175485253334045E-001,-1.742789745330811E-001,-9.385084509849548E-001,-1.720466017723084E-001,1.175485253334045E-001,-1.742789745330811E-001,-9.385084509849548E-001,
2.647800000000000E+009,-1.363404840230942E-001,1.171308830380440E-001,-2.004057615995407E-001,-9.392109513282776E-001,-1.363404840230942E-001,1.171308830380440E-001,-2.004057615995407E-001,-9.392109513282776E-001,
2.656166666666667E+009,-1.120390743017197E-001,9.872481226921082E-002,-2.221817374229431E-001,-9.430482387542725E-001,-1.120390743017197E-001,9.872481226921082E-002,-2.221817374229431E-001,-9.430482387542725E-001,
2.664533333333334E+009,-1.036723405122757E-001,7.185333967208862E-002,-2.581705152988434E-001,-9.271622896194458E-001,-1.036723405122757E-001,7.185333967208862E-002,-2.581705152988434E-001,-9.271622896194458E-001,
2.672900000000000E+009,-1.146540716290474E-001,4.606374353170395E-002,-2.784843742847443E-001,-9.237264394760132E-001,-1.146540716290474E-001,4.606374353170395E-002,-2.784843742847443E-001,-9.237264394760132E-001,
2.681266666666667E+009,-1.405742764472961E-001,3.266947343945503E-002,-3.058822751045227E-001,-9.117877483367920E-001,-1.405742764472961E-001,3.266947343945503E-002,-3.058822751045227E-001,-9.117877483367920E-001,
2.689633333333334E+009,-1.734459996223450E-001,3.663587570190430E-002,-3.291835486888886E-001,-9.020425081253052E-001,-1.734459996223450E-001,3.663587570190430E-002,-3.291835486888886E-001,-9.020425081253052E-001,
2.698000000000000E+009,-1.987531483173370E-001,5.811046808958054E-002,-3.448011577129364E-001,-8.864162564277649E-001,-1.987531483173370E-001,5.811046808958054E-002,-3.448011577129364E-001,-8.864162564277649E-001,
2.706366666666667E+009,-2.097930312156677E-001,9.187954664230347E-002,-3.689527809619904E-001,-8.712562322616577E-001,-2.097930312156677E-001,9.187954664230347E-002,-3.689527809619904E-001,-8.712562322616577E-001,
2.714733333333334E+009,-2.041535377502441E-001,1.264318823814392E-001,-3.821454942226410E-001,-8.706865906715393E-001,-2.041535377502441E-001,1.264318823814392E-001,-3.821454942226410E-001,-8.706865906715393E-001,
2.723100000000000E+009,-1.798807084560394E-001,1.565560698509216E-001,-4.017735719680786E-001,-8.590435981750488E-001,-1.798807084560394E-001,1.565560698509216E-001,-4.017735719680786E-001,-8.590435981750488E-001,
2.731466666666667E+009,-1.434138417243958E-001,1.718314737081528E-001,-4.244511723518372E-001,-8.544967770576477E-001,-1.434138417243958E-001,1.718314737081528E-001,-4.244511723518372E-001,-8.544967770576477E-001,
2.739833333333334E+009,-1.071501374244690E-001,1.678720861673355E-001,-4.455627501010895E-001,-8.440175056457520E-001,-1.071501374244690E-001,1.678720861673355E-001,-4.455627501010895E-001,-8.440175056457520E-001,
2.748200000000000E+009,-8.017979562282562E-002,1.488507091999054E-001,-4.693411588668823E-001,-8.377184867858887E-001,-8.017979562282562E-002,1.488507091999054E-001,-4.693411588668823E-001,-8.377184867858887E-001,
2.756566666666667E+009,-6.963800638914108E-002,1.196747571229935E-001,-4.955688118934631E-001,-8.298481702804565E-001,-6.963800638914108E-002,1.196747571229935E-001,-4.955688118934631E-001,-8.298481702804565E-001,
2.764933333333334E+009,-7.791692018508911E-002,9.183936566114426E-002,-5.269940495491028E-001,-8.205916881561279E-001,-7.791692018508911E-002,9.183936566114426E-002,-5.269940495491028E-001,-8.205916881561279E-001,
2.773300000000000E+009,-1.003269106149674E-001,7.341966032981873E-002,-5.436387062072754E-001,-7.961410284042358E-001,-1.003269106149674E-001,7.341966032981873E-002,-5.436387062072754E-001,-7.961410284042358E-001,
2.781666666666667E+009,-1.324704587459564E-001,7.742322981357575E-002,-5.635482072830200E-001,-7.781473994255066E-001,-1.324704587459564E-001,7.742322981357575E-002,-5.635482072830200E-001,-7.781473994255066E-001,
2.790033333333334E+009,-1.581796556711197E-001,9.507501870393753E-002,-5.814747810363770E-001,-7.635343670845032E-001,-1.581796556711197E-001,9.507501870393753E-002,-5.814747810363770E-001,-7.635343670845032E-001,
2.798400000000000E+009,-1.715587973594666E-001,1.273412406444550E-001,-5.996130704879761E-001,-7.488567233085632E-001,-1.715587973594666E-001,1.273412406444550E-001,-5.996130704879761E-001,-7.488567233085632E-001,
2.806766666666667E+009,-1.638328582048416E-001,1.623620390892029E-001,-6.112112998962402E-001,-7.254586219787598E-001,-1.638328582048416E-001,1.623620390892029E-001,-6.112112998962402E-001,-7.254586219787598E-001,
2.815133333333334E+009,-1.417867839336395E-001,1.888551414012909E-001,-6.263607740402222E-001,-7.149159312248230E-001,-1.417867839336395E-001,1.888551414012909E-001,-6.263607740402222E-001,-7.149159312248230E-001,
2.823500000000000E+009,-1.069190278649330E-001,2.028041034936905E-001,-6.434404850006104E-001,-7.043428421020508E-001,-1.069190278649330E-001,2.028041034936905E-001,-6.434404850006104E-001,-7.043428421020508E-001,
2.831866666666667E+009,-7.141526043415070E-002,1.968155652284622E-001,-6.571115255355835E-001,-6.937340497970581E-001,-7.141526043415070E-002,1.968155652284622E-001,-6.571115255355835E-001,-6.937340497970581E-001,
2.840233333333334E+009,-4.263916984200478E-002,1.761917769908905E-001,-6.844457387924194E-001,-6.795629262924194E-001,-4.263916984200478E-002,1.761917769908905E-001,-6.844457387924194E-001,-6.795629262924194E-001,
2.848600000000000E+009,-3.037472441792488E-002,1.463299244642258E-001,-7.009718418121338E-001,-6.584376692771912E-001,-3.037472441792488E-002,1.463299244642258E-001,-7.009718418121338E-001,-6.584376692771912E-001,
2.856966666666667E+009,-3.823966905474663E-002,1.178218573331833E-001,-7.215362787246704E-001,-6.431127190589905E-001,-3.823966905474663E-002,1.178218573331833E-001,-7.215362787246704E-001,-6.431127190589905E-001,
2.865333333333334E+009,-6.235442683100700E-002,9.938868880271912E-002,-7.428104877471924E-001,-6.247667670249939E-001,-6.235442683100700E-002,9.938868880271912E-002,-7.428104877471924E-001,-6.247667670249939E-001,
2.873700000000000E+009,-9.397196024656296E-002,9.964639693498612E-002,-7.619928121566773E-001,-5.934747457504273E-001,-9.397196024656296E-002,9.964639693498612E-002,-7.619928121566773E-001,-5.934747457504273E-001,
2.882066666666667E+009,-1.204786524176598E-001,1.182482168078423E-001,-7.697502374649048E-001,-5.665038228034973E-001,-1.204786524176598E-001,1.182482168078423E-001,-7.697502374649048E-001,-5.665038228034973E-001,
2.890433333333334E+009,-1.338944882154465E-001,1.515544652938843E-001,-7.800628542900085E-001,-5.476807951927185E-001,-1.338944882154465E-001,1.515544652938843E-001,-7.800628542900085E-001,-5.476807951927185E-001,
2.898800000000000E+009,-1.267228126525879E-001,1.889450401067734E-001,-7.855710387229919E-001,-5.319270491600037E-001,-1.267228126525879E-001,1.889450401067734E-001,-7.855710387229919E-001,-5.319270491600037E-001,
2.907166666666667E+009,-1.020296290516853E-001,2.174591273069382E-001,-7.911078333854675E-001,-5.172243714332581E-001,-1.020296290516853E-001,2.174591273069382E-001,-7.911078333854675E-001,-5.172243714332581E-001,
2.915533333333334E+009,-6.383138895034790E-002,2.325050979852676E-001,-8.066897392272949E-001,-4.957296252250671E-001,-6.383138895034790E-002,2.325050979852676E-001,-8.066897392272949E-001,-4.957296252250671E-001,
2.923900000000000E+009,-2.615272067487240E-002,2.268711477518082E-001,-8.183484077453613E-001,-4.851548373699188E-001,-2.615272067487240E-002,2.268711477518082E-001,-8.183484077453613E-001,-4.851548373699188E-001,
2.932266666666667E+009,4.769767168909311E-003,2.051086425781250E-001,-8.321053981781006E-001,-4.703057706356049E-001,4.769767168909311E-003,2.051086425781250E-001,-8.321053981781006E-001,-4.703057706356049E-001,
2.940633333333334E+009,1.862100325524807E-002,1.712568551301956E-001,-8.508258461952210E-001,-4.486109018325806E-001,1.862100325524807E-002,1.712568551301956E-001,-8.508258461952210E-001,-4.486109018325806E-001,
2.949000000000000E+009,1.266101840883493E-002,1.353845149278641E-001,-8.719397187232971E-001,-4.172759354114533E-001,1.266101840883493E-002,1.353845149278641E-001,-8.719397187232971E-001,-4.172759354114533E-001,
2.957366666666667E+009,-1.153131574392319E-002,1.130929738283157E-001,-8.837794065475464E-001,-4.002315104007721E-001,-1.153131574392319E-002,1.130929738283157E-001,-8.837794065475464E-001,-4.002315104007721E-001,
2.965733333333334E+009,-4.631888493895531E-002,1.101718321442604E-001,-8.975856900215149E-001,-3.693179786205292E-001,-4.631888493895531E-002,1.101718321442604E-001,-8.975856900215149E-001,-3.693179786205292E-001,
2.974100000000000E+009,-7.406100630760193E-002,1.288436204195023E-001,-9.047703742980957E-001,-3.334143757820129E-001,-7.406100630760193E-002,1.288436204195023E-001,-9.047703742980957E-001,-3.334143757820129E-001,
2.982466666666667E+009,-8.795927464962006E-002,1.622545272111893E-001,-9.083202481269836E-001,-3.071368336677551E-001,-8.795927464962006E-002,1.622545272111893E-001,-9.083202481269836E-001,-3.071368336677551E-001,
2.990833333333334E+009,-8.209923654794693E-002,1.994614154100418E-001,-9.042884707450867E-001,-2.916978299617767E-001,-8.209923654794693E-002,1.994614154100418E-001,-9.042884707450867E-001,-2.916978299617767E-001,
2.999200000000000E+009,-5.585848912596703E-002,2.301407009363174E-001,-9.091763496398926E-001,-2.720306217670441E-001,-5.585848912596703E-002,2.301407009363174E-001,-9.091763496398926E-001,-2.720306217670441E-001,
3.007566666666667E+009,-1.646161451935768E-002,2.449619621038437E-001,-9.133538603782654E-001,-2.523542940616608E-001,-1.646161451935768E-002,2.449619621038437E-001,-9.133538603782654E-001,-2.523542940616608E-001,
3.015933333333334E+009,2.618917264044285E-002,2.370498925447464E-001,-9.158569574356079E-001,-2.391581386327744E-001,2.618917264044285E-002,2.370498925447464E-001,-9.158569574356079E-001,-2.391581386327744E-001,
3.024300000000000E+009,5.823994055390358E-002,2.127525508403778E-001,-9.267836809158325E-001,-2.203287929296494E-001,5.823994055390358E-002,2.127525508403778E-001,-9.267836809158325E-001,-2.203287929296494E-001,
3.032666666666667E+009,7.300108671188355E-002,1.732634902000427E-001,-9.384964108467102E-001,-1.952881366014481E-001,7.300108671188355E-002,1.732634902000427E-001,-9.384964108467102E-001,-1.952881366014481E-001,
3.041033333333334E+009,6.368180364370346E-002,1.347841620445252E-001,-9.487234354019165E-001,-1.726249754428864E-001,6.368180364370346E-002,1.347841620445252E-001,-9.487234354019165E-001,-1.726249754428864E-001,
3.049400000000000E+009,3.467355668544769E-002,1.095946058630943E-001,-9.575738310813904E-001,-1.361428648233414E-001,3.467355668544769E-002,1.095946058630943E-001,-9.575738310813904E-001,-1.361428648233414E-001,
3.057766666666667E+009,-2.486387500539422E-003,1.056070998311043E-001,-9.658045172691345E-001,-1.188607513904572E-001,-2.486387500539422E-003,1.056070998311043E-001,-9.658045172691345E-001,-1.188607513904572E-001,
3.066133333333334E+009,-3.734022006392479E-002,1.249195337295532E-001,-9.601607918739319E-001,-7.998356968164444E-002,-3.734022006392479E-002,1.249195337295532E-001,-9.601607918739319E-001,-7.998356968164444E-002,
3.074500000000000E+009,-5.352981388568878E-002,1.622240394353867E-001,-9.621826410293579E-001,-5.036849528551102E-002,-5.352981388568878E-002,1.622240394353867E-001,-9.621826410293579E-001,-5.036849528551102E-002,
3.082866666666667E+009,-4.443788528442383E-002,2.038251310586929E-001,-9.544607400894165E-001,-2.778264321386814E-002,-4.443788528442383E-002,2.038251310586929E-001,-9.544607400894165E-001,-2.778264321386814E-002,
3.091233333333334E+009,-1.325524691492319E-002,2.385017424821854E-001,-9.466893672943115E-001,-3.691592486575246E-003,-1.325524691492319E-002,2.385017424821854E-001,-9.466893672943115E-001,-3.691592486575246E-003,
3.099600000000000E+009,3.355396166443825E-002,2.522060573101044E-001,-9.392976760864258E-001,1.129256933927536E-002,3.355396166443825E-002,2.522060573101044E-001,-9.392976760864258E-001,1.129256933927536E-002,
3.107966666666667E+009,8.435220271348953E-002,2.413332462310791E-001,-9.428766965866089E-001,2.490864135324955E-002,8.435220271348953E-002,2.413332462310791E-001,-9.428766965866089E-001,2.490864135324955E-002,
3.116333333333334E+009,1.235688254237175E-001,2.092009186744690E-001,-9.468728303909302E-001,4.357026517391205E-002,1.235688254237175E-001,2.092009186744690E-001,-9.468728303909302E-001,4.357026517391205E-002,
3.124700000000000E+009,1.391211152076721E-001,1.620088666677475E-001,-9.546964168548584E-001,5.904122069478035E-002,1.391211152076721E-001,1.620088666677475E-001,-9.546964168548584E-001,5.904122069478035E-002,
3.133066666666667E+009,1.296968460083008E-001,1.149448603391647E-001,-9.625051617622376E-001,8.949413150548935E-002,1.296968460083008E-001,1.149448603391647E-001,-9.625051617622376E-001,8.949413150548935E-002,
3.141433333333334E+009,9.714656323194504E-002,7.956787943840027E-002,-9.650223255157471E-001,1.177337318658829E-001,9.714656323194504E-002,7.956787943840027E-002,-9.650223255157471E-001,1.177337318658829E-001,
3.149800000000000E+009,4.948578402400017E-002,7.081674784421921E-002,-9.653353095054627E-001,1.572373956441879E-001,4.948578402400017E-002,7.081674784421921E-002,-9.653353095054627E-001,1.572373956441879E-001,
3.158166666666667E+009,5.907025653868914E-003,9.069076180458069E-002,-9.512177109718323E-001,1.909994632005692E-001,5.907025653868914E-003,9.069076180458069E-002,-9.512177109718323E-001,1.909994632005692E-001,
3.166533333333334E+009,-1.728983409702778E-002,1.313739269971848E-001,-9.426944255828857E-001,2.183055728673935E-001,-1.728983409702778E-002,1.313739269971848E-001,-9.426944255828857E-001,2.183055728673935E-001,
3.174900000000000E+009,-1.503319013863802E-002,1.796657294034958E-001,-9.274325966835022E-001,2.423273324966431E-001,-1.503319013863802E-002,1.796657294034958E-001,-9.274325966835022E-001,2.423273324966431E-001,
3.183266666666667E+009,1.602750830352306E-002,2.196995764970779E-001,-9.123201370239258E-001,2.610070705413818E-001,1.602750830352306E-002,2.196995764970779E-001,-9.123201370239258E-001,2.610070705413818E-001,
3.191633333333334E+009,6.382317841053009E-002,2.360264956951141E-001,-8.972732424736023E-001,2.743717432022095E-001,6.382317841053009E-002,2.360264956951141E-001,-8.972732424736023E-001,2.743717432022095E-001,
3.200000000000000E+009,1.152033954858780E-001,2.248203009366989E-001,-8.949458599090576E-001,2.862830758094788E-001,1.152033954858780E-001,2.248203009366989E-001,-8.949458599090576E-001,2.862830758094788E-001,
