% Version 1.00
%
%freq[Hz],re:Trc1_S11,im:Trc1_S11,re:Trc2_S21,im:Trc2_S21,re:Trc3_S11,im:Trc3_S11,re:Trc4_S21,im:Trc4_S21,
6.900000000000000E+008,-5.600491166114807E-002,2.720339456573129E-003,-4.625665545463562E-001,-8.451681137084961E-001,-5.600491166114807E-002,2.720339456573129E-003,-4.625665545463562E-001,-8.451681137084961E-001,
6.983666666666666E+008,-4.882765561342239E-002,3.126071067526937E-003,-4.839064776897430E-001,-8.245865702629089E-001,-4.882765561342239E-002,3.126071067526937E-003,-4.839064776897430E-001,-8.245865702629089E-001,
7.067333333333334E+008,-4.354764148592949E-002,1.121938228607178E-003,-5.131855607032776E-001,-8.034800887107849E-001,-4.354764148592949E-002,1.121938228607178E-003,-5.131855607032776E-001,-8.034800887107849E-001,
7.151000000000000E+008,-4.398294910788536E-002,-6.158025935292244E-003,-5.248752236366272E-001,-7.986489534378052E-001,-4.398294910788536E-002,-6.158025935292244E-003,-5.248752236366272E-001,-7.986489534378052E-001,
7.234666666666666E+008,-4.460403695702553E-002,-1.091504283249378E-002,-5.635980367660523E-001,-7.826275825500488E-001,-4.460403695702553E-002,-1.091504283249378E-002,-5.635980367660523E-001,-7.826275825500488E-001,
7.318333333333334E+008,-5.244687572121620E-002,-1.419796235859394E-002,-5.670124292373657E-001,-7.802212238311768E-001,-5.244687572121620E-002,-1.419796235859394E-002,-5.670124292373657E-001,-7.802212238311768E-001,
7.402000000000000E+008,-6.052242964506149E-002,-1.242946181446314E-002,-5.971443653106690E-001,-7.600294947624207E-001,-6.052242964506149E-002,-1.242946181446314E-002,-5.971443653106690E-001,-7.600294947624207E-001,
7.485666666666666E+008,-6.564497947692871E-002,-6.759861949831247E-003,-6.196917891502380E-001,-7.221583127975464E-001,-6.564497947692871E-002,-6.759861949831247E-003,-6.196917891502380E-001,-7.221583127975464E-001,
7.569333333333334E+008,-6.717764586210251E-002,2.351577859371901E-003,-6.404057741165161E-001,-7.264063954353333E-001,-6.717764586210251E-002,2.351577859371901E-003,-6.404057741165161E-001,-7.264063954353333E-001,
7.653000000000000E+008,-6.483733654022217E-002,1.123387832194567E-002,-6.434643864631653E-001,-7.223228812217712E-001,-6.483733654022217E-002,1.123387832194567E-002,-6.434643864631653E-001,-7.223228812217712E-001,
7.736666666666666E+008,-5.796036496758461E-002,2.031962387263775E-002,-6.685311794281006E-001,-7.079100012779236E-001,-5.796036496758461E-002,2.031962387263775E-002,-6.685311794281006E-001,-7.079100012779236E-001,
7.820333333333334E+008,-5.222772806882858E-002,2.493895031511784E-002,-6.913541555404663E-001,-6.921653151512146E-001,-5.222772806882858E-002,2.493895031511784E-002,-6.913541555404663E-001,-6.921653151512146E-001,
7.904000000000000E+008,-4.308608919382095E-002,2.396725490689278E-002,-7.076042294502258E-001,-6.673982739448547E-001,-4.308608919382095E-002,2.396725490689278E-002,-7.076042294502258E-001,-6.673982739448547E-001,
7.987666666666666E+008,-3.673796355724335E-002,2.080754935741425E-002,-7.212005853652954E-001,-6.505800485610962E-001,-3.673796355724335E-002,2.080754935741425E-002,-7.212005853652954E-001,-6.505800485610962E-001,
8.071333333333334E+008,-3.698825091123581E-002,1.677994430065155E-002,-7.348213791847229E-001,-6.387857198715210E-001,-3.698825091123581E-002,1.677994430065155E-002,-7.348213791847229E-001,-6.387857198715210E-001,
8.155000000000000E+008,-4.136526957154274E-002,1.048483978956938E-002,-7.451671957969666E-001,-5.925894975662231E-001,-4.136526957154274E-002,1.048483978956938E-002,-7.451671957969666E-001,-5.925894975662231E-001,
8.238666666666666E+008,-4.627175256609917E-002,7.937926799058914E-003,-7.755903601646423E-001,-5.961600542068481E-001,-4.627175256609917E-002,7.937926799058914E-003,-7.755903601646423E-001,-5.961600542068481E-001,
8.322333333333334E+008,-5.495413392782211E-002,9.818013757467270E-003,-7.870115637779236E-001,-5.698524117469788E-001,-5.495413392782211E-002,9.818013757467270E-003,-7.870115637779236E-001,-5.698524117469788E-001,
8.406000000000000E+008,-6.021613255143166E-002,1.323103532195091E-002,-7.994986772537231E-001,-5.582093000411987E-001,-6.021613255143166E-002,1.323103532195091E-002,-7.994986772537231E-001,-5.582093000411987E-001,
8.489666666666668E+008,-6.153842434287071E-002,2.095880359411240E-002,-8.205378055572510E-001,-5.315496325492859E-001,-6.153842434287071E-002,2.095880359411240E-002,-8.205378055572510E-001,-5.315496325492859E-001,
8.573333333333334E+008,-5.939485132694244E-002,2.904571034014225E-002,-8.283916711807251E-001,-5.137323141098023E-001,-5.939485132694244E-002,2.904571034014225E-002,-8.283916711807251E-001,-5.137323141098023E-001,
8.657000000000000E+008,-5.314274877309799E-002,3.794559463858604E-002,-8.429316282272339E-001,-4.836077690124512E-001,-5.314274877309799E-002,3.794559463858604E-002,-8.429316282272339E-001,-4.836077690124512E-001,
8.740666666666668E+008,-4.562683403491974E-002,4.400746151804924E-002,-8.405391573905945E-001,-4.665609896183014E-001,-4.562683403491974E-002,4.400746151804924E-002,-8.405391573905945E-001,-4.665609896183014E-001,
8.824333333333334E+008,-3.685751929879189E-002,4.362721741199493E-002,-8.718592524528503E-001,-4.379317164421082E-001,-3.685751929879189E-002,4.362721741199493E-002,-8.718592524528503E-001,-4.379317164421082E-001,
8.908000000000000E+008,-2.985731884837151E-002,4.482214525341988E-002,-8.860744237899780E-001,-4.335930049419403E-001,-2.985731884837151E-002,4.482214525341988E-002,-8.860744237899780E-001,-4.335930049419403E-001,
8.991666666666668E+008,-2.661430276930332E-002,3.835558518767357E-002,-8.961168527603149E-001,-4.018298387527466E-001,-2.661430276930332E-002,3.835558518767357E-002,-8.961168527603149E-001,-4.018298387527466E-001,
9.075333333333334E+008,-2.701498195528984E-002,3.468536958098412E-002,-8.893454074859619E-001,-3.796960413455963E-001,-2.701498195528984E-002,3.468536958098412E-002,-8.893454074859619E-001,-3.796960413455963E-001,
9.159000000000000E+008,-3.047185204923153E-002,3.022922389209271E-002,-9.032021760940552E-001,-3.698835670948029E-001,-3.047185204923153E-002,3.022922389209271E-002,-9.032021760940552E-001,-3.698835670948029E-001,
9.242666666666668E+008,-3.576886653900147E-002,2.629635669291019E-002,-9.159356951713562E-001,-3.436658084392548E-001,-3.576886653900147E-002,2.629635669291019E-002,-9.159356951713562E-001,-3.436658084392548E-001,
9.326333333333334E+008,-4.031243175268173E-002,2.861437574028969E-002,-9.196858406066895E-001,-3.127018809318543E-001,-4.031243175268173E-002,2.861437574028969E-002,-9.196858406066895E-001,-3.127018809318543E-001,
9.410000000000000E+008,-4.628115519881249E-002,3.511515259742737E-002,-9.296070337295532E-001,-2.849197983741760E-001,-4.628115519881249E-002,3.511515259742737E-002,-9.296070337295532E-001,-2.849197983741760E-001,
9.493666666666668E+008,-4.809548333287239E-002,4.215253889560700E-002,-9.325368404388428E-001,-2.750551998615265E-001,-4.809548333287239E-002,4.215253889560700E-002,-9.325368404388428E-001,-2.750551998615265E-001,
9.577333333333334E+008,-4.338354617357254E-002,5.080802738666534E-002,-9.593977928161621E-001,-2.335467785596848E-001,-4.338354617357254E-002,5.080802738666534E-002,-9.593977928161621E-001,-2.335467785596848E-001,
9.661000000000000E+008,-3.605899587273598E-002,5.853289365768433E-002,-9.442516565322876E-001,-2.197402566671372E-001,-3.605899587273598E-002,5.853289365768433E-002,-9.442516565322876E-001,-2.197402566671372E-001,
9.744666666666668E+008,-2.735996805131435E-002,6.387240439653397E-002,-9.541935324668884E-001,-1.884334981441498E-001,-2.735996805131435E-002,6.387240439653397E-002,-9.541935324668884E-001,-1.884334981441498E-001,
9.828333333333334E+008,-1.405340246856213E-002,6.277855485677719E-002,-9.567801356315613E-001,-1.633610725402832E-001,-1.405340246856213E-002,6.277855485677719E-002,-9.567801356315613E-001,-1.633610725402832E-001,
9.912000000000000E+008,-4.389491397887468E-003,6.103922426700592E-002,-9.655082821846008E-001,-1.544343084096909E-001,-4.389491397887468E-003,6.103922426700592E-002,-9.655082821846008E-001,-1.544343084096909E-001,
9.995666666666668E+008,-1.858322357293218E-004,5.277000740170479E-002,-9.715942144393921E-001,-1.196408420801163E-001,-1.858322357293218E-004,5.277000740170479E-002,-9.715942144393921E-001,-1.196408420801163E-001,
1.007933333333333E+009,-9.435868560103700E-005,4.501546546816826E-002,-9.766927361488342E-001,-9.952687472105026E-002,-9.435868560103700E-005,4.501546546816826E-002,-9.766927361488342E-001,-9.952687472105026E-002,
1.016300000000000E+009,-6.105417385697365E-003,3.738512471318245E-002,-9.775170683860779E-001,-7.126109302043915E-002,-6.105417385697365E-003,3.738512471318245E-002,-9.775170683860779E-001,-7.126109302043915E-002,
1.024666666666667E+009,-1.455837581306696E-002,3.629597276449204E-002,-9.804434776306152E-001,-5.205321684479713E-002,-1.455837581306696E-002,3.629597276449204E-002,-9.804434776306152E-001,-5.205321684479713E-002,
1.033033333333333E+009,-2.207701094448566E-002,3.763353079557419E-002,-9.593160152435303E-001,-1.050975453108549E-002,-2.207701094448566E-002,3.763353079557419E-002,-9.593160152435303E-001,-1.050975453108549E-002,
1.041400000000000E+009,-2.670049294829369E-002,4.401504248380661E-002,-9.656656384468079E-001,7.237279321998358E-003,-2.670049294829369E-002,4.401504248380661E-002,-9.656656384468079E-001,7.237279321998358E-003,
1.049766666666667E+009,-2.828498184680939E-002,5.232180282473564E-002,-9.758534431457520E-001,2.819934859871864E-002,-2.828498184680939E-002,5.232180282473564E-002,-9.758534431457520E-001,2.819934859871864E-002,
1.058133333333333E+009,-2.038170211017132E-002,6.193186342716217E-002,-9.726967215538025E-001,5.531043931841850E-002,-2.038170211017132E-002,6.193186342716217E-002,-9.726967215538025E-001,5.531043931841850E-002,
1.066500000000000E+009,-8.631807751953602E-003,6.722352653741837E-002,-9.550113081932068E-001,8.079674094915390E-002,-8.631807751953602E-003,6.722352653741837E-002,-9.550113081932068E-001,8.079674094915390E-002,
1.074866666666667E+009,3.583973972126842E-003,6.572955846786499E-002,-9.649801254272461E-001,1.090468764305115E-001,3.583973972126842E-003,6.572955846786499E-002,-9.649801254272461E-001,1.090468764305115E-001,
1.083233333333334E+009,1.669309288263321E-002,6.263329088687897E-002,-9.646694660186768E-001,1.267116665840149E-001,1.669309288263321E-002,6.263329088687897E-002,-9.646694660186768E-001,1.267116665840149E-001,
1.091600000000000E+009,2.189142070710659E-002,5.168386548757553E-002,-9.579913020133972E-001,1.614471077919006E-001,2.189142070710659E-002,5.168386548757553E-002,-9.579913020133972E-001,1.614471077919006E-001,
1.099966666666667E+009,2.368658967316151E-002,3.962883725762367E-002,-9.554692506790161E-001,1.790327578783035E-001,2.368658967316151E-002,3.962883725762367E-002,-9.554692506790161E-001,1.790327578783035E-001,
1.108333333333334E+009,1.589287258684635E-002,2.989469282329083E-002,-9.675253033638001E-001,2.000021934509277E-001,1.589287258684635E-002,2.989469282329083E-002,-9.675253033638001E-001,2.000021934509277E-001,
1.116700000000000E+009,3.633024403825402E-003,3.080842643976212E-002,-9.549617171287537E-001,2.340802252292633E-001,3.633024403825402E-003,3.080842643976212E-002,-9.549617171287537E-001,2.340802252292633E-001,
1.125066666666667E+009,-8.760510943830013E-003,3.179843351244927E-002,-9.389100074768066E-001,2.550311982631683E-001,-8.760510943830013E-003,3.179843351244927E-002,-9.389100074768066E-001,2.550311982631683E-001,
1.133433333333334E+009,-1.989422738552094E-002,4.376868903636932E-002,-9.345387816429138E-001,2.716281116008759E-001,-1.989422738552094E-002,4.376868903636932E-002,-9.345387816429138E-001,2.716281116008759E-001,
1.141800000000000E+009,-1.996795646846294E-002,5.714614689350128E-002,-9.243665933609009E-001,2.974705696105957E-001,-1.996795646846294E-002,5.714614689350128E-002,-9.243665933609009E-001,2.974705696105957E-001,
1.150166666666667E+009,-1.368548348546028E-002,7.005069404840469E-002,-9.188993573188782E-001,3.249830901622772E-001,-1.368548348546028E-002,7.005069404840469E-002,-9.188993573188782E-001,3.249830901622772E-001,
1.158533333333334E+009,3.356928704306483E-003,7.833120226860046E-002,-9.102456569671631E-001,3.500061333179474E-001,3.356928704306483E-003,7.833120226860046E-002,-9.102456569671631E-001,3.500061333179474E-001,
1.166900000000000E+009,2.266252972185612E-002,7.884424924850464E-002,-9.025226235389710E-001,3.764871954917908E-001,2.266252972185612E-002,7.884424924850464E-002,-9.025226235389710E-001,3.764871954917908E-001,
1.175266666666667E+009,3.961385786533356E-002,6.976405531167984E-002,-8.839513063430786E-001,3.926033377647400E-001,3.961385786533356E-002,6.976405531167984E-002,-8.839513063430786E-001,3.926033377647400E-001,
1.183633333333334E+009,5.301013588905335E-002,5.553615093231201E-002,-8.801759481430054E-001,4.209823012351990E-001,5.301013588905335E-002,5.553615093231201E-002,-8.801759481430054E-001,4.209823012351990E-001,
1.192000000000000E+009,5.509494245052338E-002,3.872856870293617E-002,-8.735066652297974E-001,4.443457424640656E-001,5.509494245052338E-002,3.872856870293617E-002,-8.735066652297974E-001,4.443457424640656E-001,
1.200366666666667E+009,4.685528203845024E-002,2.227749861776829E-002,-8.615173697471619E-001,4.649730622768402E-001,4.685528203845024E-002,2.227749861776829E-002,-8.615173697471619E-001,4.649730622768402E-001,
1.208733333333334E+009,2.981850504875183E-002,1.364566665142775E-002,-8.595029115676880E-001,4.934810996055603E-001,2.981850504875183E-002,1.364566665142775E-002,-8.595029115676880E-001,4.934810996055603E-001,
1.217100000000000E+009,1.165499072521925E-002,1.574602909386158E-002,-8.275780677795410E-001,5.092975497245789E-001,1.165499072521925E-002,1.574602909386158E-002,-8.275780677795410E-001,5.092975497245789E-001,
1.225466666666667E+009,-6.962087354622781E-004,2.705937437713146E-002,-8.277943134307861E-001,5.322803854942322E-001,-6.962087354622781E-004,2.705937437713146E-002,-8.277943134307861E-001,5.322803854942322E-001,
1.233833333333334E+009,-3.061304800212383E-003,4.277008399367333E-002,-8.089473843574524E-001,5.530446767807007E-001,-3.061304800212383E-003,4.277008399367333E-002,-8.089473843574524E-001,5.530446767807007E-001,
1.242200000000000E+009,1.788084977306426E-003,5.797078460454941E-002,-7.812712192535400E-001,5.701006054878235E-001,1.788084977306426E-003,5.797078460454941E-002,-7.812712192535400E-001,5.701006054878235E-001,
1.250566666666667E+009,1.638413034379482E-002,6.888007372617722E-002,-7.855994105339050E-001,5.985191464424133E-001,1.638413034379482E-002,6.888007372617722E-002,-7.855994105339050E-001,5.985191464424133E-001,
1.258933333333334E+009,3.724328055977821E-002,6.992905586957932E-002,-7.670992016792297E-001,6.067540645599365E-001,3.724328055977821E-002,6.992905586957932E-002,-7.670992016792297E-001,6.067540645599365E-001,
1.267300000000000E+009,5.548935383558273E-002,5.870477855205536E-002,-7.433087229728699E-001,6.265888810157776E-001,5.548935383558273E-002,5.870477855205536E-002,-7.433087229728699E-001,6.265888810157776E-001,
1.275666666666667E+009,6.731359660625458E-002,4.238386824727058E-002,-7.390203475952148E-001,6.316053271293640E-001,6.731359660625458E-002,4.238386824727058E-002,-7.390203475952148E-001,6.316053271293640E-001,
1.284033333333334E+009,7.042579352855682E-002,2.043459936976433E-002,-7.101670503616333E-001,6.860798001289368E-001,7.042579352855682E-002,2.043459936976433E-002,-7.101670503616333E-001,6.860798001289368E-001,
1.292400000000000E+009,5.951028317213059E-002,2.133679343387485E-003,-7.071567177772522E-001,6.865699887275696E-001,5.951028317213059E-002,2.133679343387485E-003,-7.071567177772522E-001,6.865699887275696E-001,
1.300766666666667E+009,4.236370697617531E-002,-5.802453029900789E-003,-6.874271035194397E-001,7.016168832778931E-001,4.236370697617531E-002,-5.802453029900789E-003,-6.874271035194397E-001,7.016168832778931E-001,
1.309133333333334E+009,2.261145226657391E-002,-2.616031793877482E-003,-6.714075803756714E-001,7.314950823783875E-001,2.261145226657391E-002,-2.616031793877482E-003,-6.714075803756714E-001,7.314950823783875E-001,
1.317500000000000E+009,7.573367562144995E-003,9.729900397360325E-003,-6.423529386520386E-001,7.546489834785461E-001,7.573367562144995E-003,9.729900397360325E-003,-6.423529386520386E-001,7.546489834785461E-001,
1.325866666666667E+009,2.061829669401050E-003,2.625799737870693E-002,-6.224961876869202E-001,7.540496587753296E-001,2.061829669401050E-003,2.625799737870693E-002,-6.224961876869202E-001,7.540496587753296E-001,
1.334233333333334E+009,8.111757226288319E-003,4.578125104308128E-002,-6.021603345870972E-001,7.673719525337219E-001,8.111757226288319E-003,4.578125104308128E-002,-6.021603345870972E-001,7.673719525337219E-001,
1.342600000000000E+009,2.463322319090366E-002,5.271621793508530E-002,-5.897196531295776E-001,7.857748270034790E-001,2.463322319090366E-002,5.271621793508530E-002,-5.897196531295776E-001,7.857748270034790E-001,
1.350966666666667E+009,4.253850132226944E-002,5.183370038866997E-002,-5.601387619972229E-001,8.048557043075562E-001,4.253850132226944E-002,5.183370038866997E-002,-5.601387619972229E-001,8.048557043075562E-001,
1.359333333333334E+009,5.894764885306358E-002,4.015422239899635E-002,-5.470985770225525E-001,8.148765563964844E-001,5.894764885306358E-002,4.015422239899635E-002,-5.470985770225525E-001,8.148765563964844E-001,
1.367700000000000E+009,6.699610501527786E-002,1.894424483180046E-002,-5.283427238464356E-001,8.272468447685242E-001,6.699610501527786E-002,1.894424483180046E-002,-5.283427238464356E-001,8.272468447685242E-001,
1.376066666666667E+009,6.246635317802429E-002,-4.047930240631104E-003,-5.019637942314148E-001,8.389776945114136E-001,6.246635317802429E-002,-4.047930240631104E-003,-5.019637942314148E-001,8.389776945114136E-001,
1.384433333333334E+009,4.815408587455750E-002,-1.773249916732311E-002,-4.931445121765137E-001,8.495884537696838E-001,4.815408587455750E-002,-1.773249916732311E-002,-4.931445121765137E-001,8.495884537696838E-001,
1.392800000000000E+009,2.581681497395039E-002,-2.098590135574341E-002,-4.712220728397369E-001,8.597037792205811E-001,2.581681497395039E-002,-2.098590135574341E-002,-4.712220728397369E-001,8.597037792205811E-001,
1.401166666666667E+009,8.422716520726681E-003,-1.272585429251194E-002,-4.386050999164581E-001,8.860802054405212E-001,8.422716520726681E-003,-1.272585429251194E-002,-4.386050999164581E-001,8.860802054405212E-001,
1.409533333333334E+009,-3.360299626365304E-003,7.012103218585253E-003,-4.146873354911804E-001,8.940952420234680E-001,-3.360299626365304E-003,7.012103218585253E-003,-4.146873354911804E-001,8.940952420234680E-001,
1.417900000000000E+009,-5.753635428845882E-003,2.947961352765560E-002,-3.759460747241974E-001,8.927884101867676E-001,-5.753635428845882E-003,2.947961352765560E-002,-3.759460747241974E-001,8.927884101867676E-001,
1.426266666666667E+009,5.133064929395914E-003,4.912042617797852E-002,-3.689458072185516E-001,9.176215529441834E-001,5.133064929395914E-003,4.912042617797852E-002,-3.689458072185516E-001,9.176215529441834E-001,
1.434633333333334E+009,2.343129180371761E-002,5.740577727556229E-002,-3.425671756267548E-001,9.119101166725159E-001,2.343129180371761E-002,5.740577727556229E-002,-3.425671756267548E-001,9.119101166725159E-001,
1.443000000000000E+009,4.649625346064568E-002,5.521757528185844E-002,-3.183029890060425E-001,9.249086380004883E-001,4.649625346064568E-002,5.521757528185844E-002,-3.183029890060425E-001,9.249086380004883E-001,
1.451366666666667E+009,6.231750175356865E-002,3.967002406716347E-002,-2.968799769878388E-001,9.322179555892944E-001,6.231750175356865E-002,3.967002406716347E-002,-2.968799769878388E-001,9.322179555892944E-001,
1.459733333333334E+009,6.899406760931015E-002,1.907242462038994E-002,-2.832659482955933E-001,9.347970485687256E-001,6.899406760931015E-002,1.907242462038994E-002,-2.832659482955933E-001,9.347970485687256E-001,
1.468100000000000E+009,6.441610306501389E-002,-2.302718348801136E-003,-2.474354505538940E-001,9.448435306549072E-001,6.441610306501389E-002,-2.302718348801136E-003,-2.474354505538940E-001,9.448435306549072E-001,
1.476466666666667E+009,4.902767390012741E-002,-1.765487715601921E-002,-2.286263108253479E-001,9.612111449241638E-001,4.902767390012741E-002,-1.765487715601921E-002,-2.286263108253479E-001,9.612111449241638E-001,
1.484833333333334E+009,2.812522649765015E-002,-2.154668234288693E-002,-1.944374591112137E-001,9.632400870323181E-001,2.812522649765015E-002,-2.154668234288693E-002,-1.944374591112137E-001,9.632400870323181E-001,
1.493200000000000E+009,1.137803774327040E-002,-1.241616345942020E-002,-1.759462654590607E-001,9.642721414566040E-001,1.137803774327040E-002,-1.241616345942020E-002,-1.759462654590607E-001,9.642721414566040E-001,
1.501566666666667E+009,1.478022779338062E-003,7.017636206001043E-003,-1.468868851661682E-001,9.685385823249817E-001,1.478022779338062E-003,7.017636206001043E-003,-1.468868851661682E-001,9.685385823249817E-001,
1.509933333333334E+009,1.916984794661403E-003,3.001650236546993E-002,-1.311299800872803E-001,9.720482826232910E-001,1.916984794661403E-003,3.001650236546993E-002,-1.311299800872803E-001,9.720482826232910E-001,
1.518300000000000E+009,1.693871058523655E-002,4.724664241075516E-002,-1.059600487351418E-001,9.795526862144470E-001,1.693871058523655E-002,4.724664241075516E-002,-1.059600487351418E-001,9.795526862144470E-001,
1.526666666666667E+009,3.714772686362267E-002,5.450159683823586E-002,-7.241076976060867E-002,9.706775546073914E-001,3.714772686362267E-002,5.450159683823586E-002,-7.241076976060867E-002,9.706775546073914E-001,
1.535033333333334E+009,5.769563093781471E-002,5.257959291338921E-002,-5.331002548336983E-002,9.841026067733765E-001,5.769563093781471E-002,5.257959291338921E-002,-5.331002548336983E-002,9.841026067733765E-001,
1.543400000000000E+009,7.236081361770630E-002,3.613818064332008E-002,-3.075045533478260E-002,9.776545166969299E-001,7.236081361770630E-002,3.613818064332008E-002,-3.075045533478260E-002,9.776545166969299E-001,
1.551766666666667E+009,7.519492506980896E-002,1.362660154700279E-002,-6.139035802334547E-003,9.775831103324890E-001,7.519492506980896E-002,1.362660154700279E-002,-6.139035802334547E-003,9.775831103324890E-001,
1.560133333333334E+009,6.942016631364822E-002,-7.171099539846182E-003,1.383546553552151E-002,9.791125655174255E-001,6.942016631364822E-002,-7.171099539846182E-003,1.383546553552151E-002,9.791125655174255E-001,
1.568500000000000E+009,5.485379323363304E-002,-2.095000259578228E-002,3.461917489767075E-002,9.845949411392212E-001,5.485379323363304E-002,-2.095000259578228E-002,3.461917489767075E-002,9.845949411392212E-001,
1.576866666666667E+009,3.591689094901085E-002,-2.248797565698624E-002,7.401101291179657E-002,9.748678207397461E-001,3.591689094901085E-002,-2.248797565698624E-002,7.401101291179657E-002,9.748678207397461E-001,
1.585233333333334E+009,2.235337905585766E-002,-1.433559879660606E-002,9.014095366001129E-002,9.776857495307922E-001,2.235337905585766E-002,-1.433559879660606E-002,9.014095366001129E-002,9.776857495307922E-001,
1.593600000000000E+009,1.446356624364853E-002,2.940534614026547E-004,1.157003715634346E-001,9.713231325149536E-001,1.446356624364853E-002,2.940534614026547E-004,1.157003715634346E-001,9.713231325149536E-001,
1.601966666666667E+009,1.757778786122799E-002,1.960144750773907E-002,1.401304155588150E-001,9.709856510162354E-001,1.757778786122799E-002,1.960144750773907E-002,1.401304155588150E-001,9.709856510162354E-001,
1.610333333333334E+009,3.033445216715336E-002,3.299790993332863E-002,1.702646017074585E-001,9.629830121994019E-001,3.033445216715336E-002,3.299790993332863E-002,1.702646017074585E-001,9.629830121994019E-001,
1.618700000000000E+009,4.869113117456436E-002,3.800768032670021E-002,1.955972760915756E-001,9.622416496276856E-001,4.869113117456436E-002,3.800768032670021E-002,1.955972760915756E-001,9.622416496276856E-001,
1.627066666666667E+009,6.496909260749817E-002,3.205011039972305E-002,2.161531001329422E-001,9.521076083183289E-001,6.496909260749817E-002,3.205011039972305E-002,2.161531001329422E-001,9.521076083183289E-001,
1.635433333333334E+009,7.516801357269287E-002,2.027200348675251E-002,2.459731549024582E-001,9.522845149040222E-001,7.516801357269287E-002,2.027200348675251E-002,2.459731549024582E-001,9.522845149040222E-001,
1.643800000000000E+009,7.624272257089615E-002,1.581400749273598E-003,2.577503323554993E-001,9.436758756637573E-001,7.624272257089615E-002,1.581400749273598E-003,2.577503323554993E-001,9.436758756637573E-001,
1.652166666666667E+009,6.814032047986984E-002,-1.461463794112206E-002,2.932333350181580E-001,9.352530241012573E-001,6.814032047986984E-002,-1.461463794112206E-002,2.932333350181580E-001,9.352530241012573E-001,
1.660533333333334E+009,5.373826995491982E-002,-2.304070629179478E-002,3.105267882347107E-001,9.302455186843872E-001,5.373826995491982E-002,-2.304070629179478E-002,3.105267882347107E-001,9.302455186843872E-001,
1.668900000000000E+009,3.793089464306831E-002,-2.218977361917496E-002,3.348444998264313E-001,9.183497428894043E-001,3.793089464306831E-002,-2.218977361917496E-002,3.348444998264313E-001,9.183497428894043E-001,
1.677266666666667E+009,2.617339603602886E-002,-1.510628126561642E-002,3.729801774024963E-001,9.107506871223450E-001,2.617339603602886E-002,-1.510628126561642E-002,3.729801774024963E-001,9.107506871223450E-001,
1.685633333333334E+009,2.306561544537544E-002,-8.149823988787830E-004,3.882599472999573E-001,9.052354097366333E-001,2.306561544537544E-002,-8.149823988787830E-004,3.882599472999573E-001,9.052354097366333E-001,
1.694000000000000E+009,2.780880965292454E-002,1.206505019217730E-002,4.066230356693268E-001,8.896021246910095E-001,2.780880965292454E-002,1.206505019217730E-002,4.066230356693268E-001,8.896021246910095E-001,
1.702366666666667E+009,4.109239578247070E-002,2.416240982711315E-002,4.284605979919434E-001,8.857998847961426E-001,4.109239578247070E-002,2.416240982711315E-002,4.284605979919434E-001,8.857998847961426E-001,
1.710733333333334E+009,5.811300873756409E-002,2.702710963785648E-002,4.475947618484497E-001,8.659138679504395E-001,5.811300873756409E-002,2.702710963785648E-002,4.475947618484497E-001,8.659138679504395E-001,
1.719100000000000E+009,7.425375282764435E-002,2.046656794846058E-002,4.750163555145264E-001,8.513748049736023E-001,7.425375282764435E-002,2.046656794846058E-002,4.750163555145264E-001,8.513748049736023E-001,
1.727466666666667E+009,8.541865646839142E-002,7.639931514859200E-003,4.936281740665436E-001,8.445829749107361E-001,8.541865646839142E-002,7.639931514859200E-003,4.936281740665436E-001,8.445829749107361E-001,
1.735833333333334E+009,8.738210797309876E-002,-9.041264653205872E-003,5.080055594444275E-001,8.304779529571533E-001,8.738210797309876E-002,-9.041264653205872E-003,5.080055594444275E-001,8.304779529571533E-001,
1.744200000000000E+009,8.056187629699707E-002,-2.677042782306671E-002,5.376229882240295E-001,8.090323805809021E-001,8.056187629699707E-002,-2.677042782306671E-002,5.376229882240295E-001,8.090323805809021E-001,
1.752566666666667E+009,6.868472695350647E-002,-3.884091228246689E-002,5.670663714408875E-001,8.045935630798340E-001,6.868472695350647E-002,-3.884091228246689E-002,5.670663714408875E-001,8.045935630798340E-001,
1.760933333333334E+009,5.288508534431458E-002,-4.391910508275032E-002,5.776156783103943E-001,7.888750433921814E-001,5.288508534431458E-002,-4.391910508275032E-002,5.776156783103943E-001,7.888750433921814E-001,
1.769300000000000E+009,3.844025358557701E-002,-4.216216504573822E-002,6.016379594802856E-001,7.809941768646240E-001,3.844025358557701E-002,-4.216216504573822E-002,6.016379594802856E-001,7.809941768646240E-001,
1.777666666666667E+009,2.946679852902889E-002,-3.196134418249130E-002,6.148528456687927E-001,7.712054252624512E-001,2.946679852902889E-002,-3.196134418249130E-002,6.148528456687927E-001,7.712054252624512E-001,
1.786033333333334E+009,2.783484756946564E-002,-2.219248563051224E-002,6.314067840576172E-001,7.414104938507080E-001,2.783484756946564E-002,-2.219248563051224E-002,6.314067840576172E-001,7.414104938507080E-001,
1.794400000000000E+009,3.490483760833740E-002,-1.007477566599846E-002,6.560861468315125E-001,7.243230342864990E-001,3.490483760833740E-002,-1.007477566599846E-002,6.560861468315125E-001,7.243230342864990E-001,
1.802766666666667E+009,4.302253946661949E-002,-4.176313988864422E-003,6.740344762802124E-001,7.088824510574341E-001,4.302253946661949E-002,-4.176313988864422E-003,6.740344762802124E-001,7.088824510574341E-001,
1.811133333333334E+009,5.435492470860481E-002,-2.795084379613400E-003,6.974493265151978E-001,6.911419034004211E-001,5.435492470860481E-002,-2.795084379613400E-003,6.974493265151978E-001,6.911419034004211E-001,
1.819500000000000E+009,6.515375524759293E-002,-6.676768418401480E-003,7.104018330574036E-001,6.656853556632996E-001,6.515375524759293E-002,-6.676768418401480E-003,7.104018330574036E-001,6.656853556632996E-001,
1.827866666666667E+009,7.207985967397690E-002,-1.508456282317638E-002,7.291185259819031E-001,6.550678610801697E-001,7.207985967397690E-002,-1.508456282317638E-002,7.291185259819031E-001,6.550678610801697E-001,
1.836233333333334E+009,7.077686488628388E-002,-2.608339488506317E-002,7.421866655349731E-001,6.360453367233276E-001,7.077686488628388E-002,-2.608339488506317E-002,7.421866655349731E-001,6.360453367233276E-001,
1.844600000000000E+009,6.466977298259735E-002,-3.501154854893684E-002,7.592474222183228E-001,6.301617622375488E-001,6.466977298259735E-002,-3.501154854893684E-002,7.592474222183228E-001,6.301617622375488E-001,
1.852966666666667E+009,5.571231245994568E-002,-4.052720591425896E-002,7.696340680122376E-001,5.972811579704285E-001,5.571231245994568E-002,-4.052720591425896E-002,7.696340680122376E-001,5.972811579704285E-001,
1.861333333333334E+009,4.694048315286636E-002,-4.349898174405098E-002,7.926210761070252E-001,5.792797207832336E-001,4.694048315286636E-002,-4.349898174405098E-002,7.926210761070252E-001,5.792797207832336E-001,
1.869700000000000E+009,3.924587368965149E-002,-3.855100646615028E-002,8.087268471717835E-001,5.598928332328796E-001,3.924587368965149E-002,-3.855100646615028E-002,8.087268471717835E-001,5.598928332328796E-001,
1.878066666666667E+009,3.654341027140617E-002,-3.342064097523689E-002,8.180987238883972E-001,5.450045466423035E-001,3.654341027140617E-002,-3.342064097523689E-002,8.180987238883972E-001,5.450045466423035E-001,
1.886433333333334E+009,3.767867013812065E-002,-2.636818215250969E-002,8.403456211090088E-001,5.180805921554565E-001,3.767867013812065E-002,-2.636818215250969E-002,8.403456211090088E-001,5.180805921554565E-001,
1.894800000000000E+009,4.712027683854103E-002,-2.161512151360512E-002,8.530140519142151E-001,4.998794794082642E-001,4.712027683854103E-002,-2.161512151360512E-002,8.530140519142151E-001,4.998794794082642E-001,
1.903166666666667E+009,5.632597580552101E-002,-1.859115809202194E-002,8.630404472351074E-001,4.685904085636139E-001,5.632597580552101E-002,-1.859115809202194E-002,8.630404472351074E-001,4.685904085636139E-001,
1.911533333333334E+009,6.653887033462524E-002,-2.360293827950954E-002,8.717804551124573E-001,4.417140483856201E-001,6.653887033462524E-002,-2.360293827950954E-002,8.717804551124573E-001,4.417140483856201E-001,
1.919900000000000E+009,7.507011294364929E-002,-3.199874609708786E-002,8.870259523391724E-001,4.289199709892273E-001,7.507011294364929E-002,-3.199874609708786E-002,8.870259523391724E-001,4.289199709892273E-001,
1.928266666666667E+009,7.882077246904373E-002,-4.236738011240959E-002,8.862937092781067E-001,3.913752734661102E-001,7.882077246904373E-002,-4.236738011240959E-002,8.862937092781067E-001,3.913752734661102E-001,
1.936633333333334E+009,7.420672476291657E-002,-5.472341924905777E-002,9.054836630821228E-001,3.821808099746704E-001,7.420672476291657E-002,-5.472341924905777E-002,9.054836630821228E-001,3.821808099746704E-001,
1.945000000000000E+009,6.507053226232529E-002,-6.368022412061691E-002,9.158700108528137E-001,3.561034798622131E-001,6.507053226232529E-002,-6.368022412061691E-002,9.158700108528137E-001,3.561034798622131E-001,
1.953366666666667E+009,5.350092053413391E-002,-7.048083841800690E-002,9.172422885894775E-001,3.365871012210846E-001,5.350092053413391E-002,-7.048083841800690E-002,9.172422885894775E-001,3.365871012210846E-001,
1.961733333333334E+009,3.842910379171372E-002,-6.800620257854462E-002,9.349630475044251E-001,3.147270083427429E-001,3.842910379171372E-002,-6.800620257854462E-002,9.349630475044251E-001,3.147270083427429E-001,
1.970100000000000E+009,2.733893319964409E-002,-6.289415061473846E-002,9.370639920234680E-001,2.906925976276398E-001,2.733893319964409E-002,-6.289415061473846E-002,9.370639920234680E-001,2.906925976276398E-001,
1.978466666666667E+009,2.323727309703827E-002,-5.119013786315918E-002,9.460354447364807E-001,2.617889940738678E-001,2.323727309703827E-002,-5.119013786315918E-002,9.460354447364807E-001,2.617889940738678E-001,
1.986833333333334E+009,2.630669064819813E-002,-4.172674193978310E-002,9.491262435913086E-001,2.420583963394165E-001,2.630669064819813E-002,-4.172674193978310E-002,9.491262435913086E-001,2.420583963394165E-001,
1.995200000000000E+009,3.828096762299538E-002,-3.488138690590859E-002,9.526911377906799E-001,2.235190570354462E-001,3.828096762299538E-002,-3.488138690590859E-002,9.526911377906799E-001,2.235190570354462E-001,
2.003566666666667E+009,5.341302976012230E-002,-3.494239598512650E-002,9.606941938400269E-001,1.901422739028931E-001,5.341302976012230E-002,-3.494239598512650E-002,9.606941938400269E-001,1.901422739028931E-001,
2.011933333333334E+009,6.747564673423767E-002,-4.375696927309036E-002,9.685535430908203E-001,1.636814326047897E-001,6.747564673423767E-002,-4.375696927309036E-002,9.685535430908203E-001,1.636814326047897E-001,
2.020300000000000E+009,7.640589028596878E-002,-5.512259528040886E-002,9.716582894325256E-001,1.320843398571014E-001,7.640589028596878E-002,-5.512259528040886E-002,9.716582894325256E-001,1.320843398571014E-001,
2.028666666666667E+009,7.702647894620895E-002,-7.174724340438843E-002,9.741744399070740E-001,1.137967556715012E-001,7.702647894620895E-002,-7.174724340438843E-002,9.741744399070740E-001,1.137967556715012E-001,
2.037033333333334E+009,6.860271096229553E-002,-8.843960613012314E-002,9.782049655914307E-001,8.793443441390991E-002,6.860271096229553E-002,-8.843960613012314E-002,9.782049655914307E-001,8.793443441390991E-002,
2.045400000000000E+009,5.311289057135582E-002,-9.885665029287338E-002,9.771683216094971E-001,7.169055193662643E-002,5.311289057135582E-002,-9.885665029287338E-002,9.771683216094971E-001,7.169055193662643E-002,
2.053766666666667E+009,3.366173431277275E-002,-9.895488619804382E-002,9.786359667778015E-001,4.185138270258904E-002,3.366173431277275E-002,-9.895488619804382E-002,9.786359667778015E-001,4.185138270258904E-002,
2.062133333333334E+009,1.831244491040707E-002,-9.383953362703323E-002,9.829460382461548E-001,1.598622277379036E-002,1.831244491040707E-002,-9.383953362703323E-002,9.829460382461548E-001,1.598622277379036E-002,
2.070500000000000E+009,9.483934380114079E-003,-7.912806421518326E-002,9.848052859306335E-001,-1.150155998766422E-002,9.483934380114079E-003,-7.912806421518326E-002,9.848052859306335E-001,-1.150155998766422E-002,
2.078866666666667E+009,1.029332727193832E-002,-6.468160450458527E-002,9.801143407821655E-001,-3.237332403659821E-002,1.029332727193832E-002,-6.468160450458527E-002,9.801143407821655E-001,-3.237332403659821E-002,
2.087233333333334E+009,2.083571255207062E-002,-5.716031417250633E-002,9.818967580795288E-001,-6.684908270835877E-002,2.083571255207062E-002,-5.716031417250633E-002,9.818967580795288E-001,-6.684908270835877E-002,
2.095600000000000E+009,3.718781098723412E-002,-5.468792095780373E-002,9.841858744621277E-001,-8.658386766910553E-002,3.718781098723412E-002,-5.468792095780373E-002,9.841858744621277E-001,-8.658386766910553E-002,
2.103966666666667E+009,5.363281071186066E-002,-6.538861244916916E-002,9.819192290306091E-001,-1.155394762754440E-001,5.363281071186066E-002,-6.538861244916916E-002,9.819192290306091E-001,-1.155394762754440E-001,
2.112333333333334E+009,6.359708309173584E-002,-8.225342631340027E-002,9.693891406059265E-001,-1.333925127983093E-001,6.359708309173584E-002,-8.225342631340027E-002,9.693891406059265E-001,-1.333925127983093E-001,
2.120700000000000E+009,6.425230205059052E-002,-1.065851151943207E-001,9.657599925994873E-001,-1.660862863063812E-001,6.425230205059052E-002,-1.065851151943207E-001,9.657599925994873E-001,-1.660862863063812E-001,
2.129066666666667E+009,5.235248804092407E-002,-1.242816448211670E-001,9.703800082206726E-001,-1.930238306522369E-001,5.235248804092407E-002,-1.242816448211670E-001,9.703800082206726E-001,-1.930238306522369E-001,
2.137433333333334E+009,3.034011088311672E-002,-1.365139484405518E-001,9.538014531135559E-001,-2.118809223175049E-001,3.034011088311672E-002,-1.365139484405518E-001,9.538014531135559E-001,-2.118809223175049E-001,
2.145800000000000E+009,2.934598829597235E-003,-1.361814886331558E-001,9.530811309814453E-001,-2.333813309669495E-001,2.934598829597235E-003,-1.361814886331558E-001,9.530811309814453E-001,-2.333813309669495E-001,
2.154166666666667E+009,-1.878905668854713E-002,-1.240862905979157E-001,9.444002509117127E-001,-2.541858255863190E-001,-1.878905668854713E-002,-1.240862905979157E-001,9.444002509117127E-001,-2.541858255863190E-001,
2.162533333333334E+009,-3.158745169639587E-002,-1.029690876603127E-001,9.267612099647522E-001,-2.795017063617706E-001,-3.158745169639587E-002,-1.029690876603127E-001,9.267612099647522E-001,-2.795017063617706E-001,
2.170900000000000E+009,-3.105849586427212E-002,-8.081668615341187E-002,9.367604255676270E-001,-3.070221841335297E-001,-3.105849586427212E-002,-8.081668615341187E-002,9.367604255676270E-001,-3.070221841335297E-001,
2.179266666666667E+009,-1.805822923779488E-002,-6.651022285223007E-002,9.220193028450012E-001,-3.227868974208832E-001,-1.805822923779488E-002,-6.651022285223007E-002,9.220193028450012E-001,-3.227868974208832E-001,
2.187633333333334E+009,9.412227664142847E-004,-6.245182082056999E-002,9.193571209907532E-001,-3.568236529827118E-001,9.412227664142847E-004,-6.245182082056999E-002,9.193571209907532E-001,-3.568236529827118E-001,
2.196000000000000E+009,2.204737626016140E-002,-7.291571795940399E-002,9.008668065071106E-001,-3.799885213375092E-001,2.204737626016140E-002,-7.291571795940399E-002,9.008668065071106E-001,-3.799885213375092E-001,
2.204366666666667E+009,3.474165499210358E-002,-9.500796347856522E-002,8.915295004844666E-001,-4.007265269756317E-001,3.474165499210358E-002,-9.500796347856522E-002,8.915295004844666E-001,-4.007265269756317E-001,
2.212733333333334E+009,3.456236794590950E-002,-1.216569244861603E-001,8.791503310203552E-001,-4.328063428401947E-001,3.456236794590950E-002,-1.216569244861603E-001,8.791503310203552E-001,-4.328063428401947E-001,
2.221100000000000E+009,1.948643475770950E-002,-1.432338356971741E-001,8.611284494400024E-001,-4.444769024848938E-001,1.948643475770950E-002,-1.432338356971741E-001,8.611284494400024E-001,-4.444769024848938E-001,
2.229466666666667E+009,-4.113660659641028E-003,-1.558504849672318E-001,8.515075445175171E-001,-4.585188627243042E-001,-4.113660659641028E-003,-1.558504849672318E-001,8.515075445175171E-001,-4.585188627243042E-001,
2.237833333333334E+009,-3.414676338434219E-002,-1.520116478204727E-001,8.436698913574219E-001,-4.840726852416992E-001,-3.414676338434219E-002,-1.520116478204727E-001,8.436698913574219E-001,-4.840726852416992E-001,
2.246200000000000E+009,-5.917667225003243E-002,-1.358005553483963E-001,8.324069976806641E-001,-5.072239637374878E-001,-5.917667225003243E-002,-1.358005553483963E-001,8.324069976806641E-001,-5.072239637374878E-001,
2.254566666666667E+009,-7.024326175451279E-002,-1.096704676747322E-001,8.217448592185974E-001,-5.220760107040405E-001,-7.024326175451279E-002,-1.096704676747322E-001,8.217448592185974E-001,-5.220760107040405E-001,
2.262933333333334E+009,-7.003436982631683E-002,-8.504987508058548E-002,8.086190223693848E-001,-5.468633770942688E-001,-7.003436982631683E-002,-8.504987508058548E-002,8.086190223693848E-001,-5.468633770942688E-001,
2.271300000000000E+009,-5.601575598120689E-002,-6.554886698722839E-002,7.922192811965942E-001,-5.670439600944519E-001,-5.601575598120689E-002,-6.554886698722839E-002,7.922192811965942E-001,-5.670439600944519E-001,
2.279666666666667E+009,-3.400737792253494E-002,-6.231262534856796E-002,7.807953357696533E-001,-5.863787531852722E-001,-3.400737792253494E-002,-6.231262534856796E-002,7.807953357696533E-001,-5.863787531852722E-001,
2.288033333333334E+009,-1.473197806626558E-002,-7.409497350454330E-002,7.643964886665344E-001,-6.170472502708435E-001,-1.473197806626558E-002,-7.409497350454330E-002,7.643964886665344E-001,-6.170472502708435E-001,
2.296400000000000E+009,-4.236299078911543E-003,-9.733824431896210E-002,7.431743741035461E-001,-6.367537975311279E-001,-4.236299078911543E-003,-9.733824431896210E-002,7.431743741035461E-001,-6.367537975311279E-001,
2.304766666666667E+009,-9.990784339606762E-003,-1.236734911799431E-001,7.301765084266663E-001,-6.422738432884216E-001,-9.990784339606762E-003,-1.236734911799431E-001,7.301765084266663E-001,-6.422738432884216E-001,
2.313133333333334E+009,-3.024985082447529E-002,-1.427068561315537E-001,7.044379711151123E-001,-6.746789813041687E-001,-3.024985082447529E-002,-1.427068561315537E-001,7.044379711151123E-001,-6.746789813041687E-001,
2.321500000000000E+009,-5.523094534873962E-002,-1.480141431093216E-001,6.904677152633667E-001,-6.823091506958008E-001,-5.523094534873962E-002,-1.480141431093216E-001,6.904677152633667E-001,-6.823091506958008E-001,
2.329866666666667E+009,-8.160654455423355E-002,-1.387228071689606E-001,6.822084188461304E-001,-6.979324221611023E-001,-8.160654455423355E-002,-1.387228071689606E-001,6.822084188461304E-001,-6.979324221611023E-001,
2.338233333333334E+009,-1.008337587118149E-001,-1.168978586792946E-001,6.538044214248657E-001,-7.172033786773682E-001,-1.008337587118149E-001,-1.168978586792946E-001,6.538044214248657E-001,-7.172033786773682E-001,
2.346600000000000E+009,-1.049839705228806E-001,-8.678500354290009E-002,6.359819173812866E-001,-7.378073334693909E-001,-1.049839705228806E-001,-8.678500354290009E-002,6.359819173812866E-001,-7.378073334693909E-001,
2.354966666666667E+009,-9.234138578176498E-002,-6.258921325206757E-002,6.304312348365784E-001,-7.523160576820374E-001,-9.234138578176498E-002,-6.258921325206757E-002,6.304312348365784E-001,-7.523160576820374E-001,
2.363333333333334E+009,-7.073243707418442E-002,-5.116685479879379E-002,6.109567284584045E-001,-7.685034275054932E-001,-7.073243707418442E-002,-5.116685479879379E-002,6.109567284584045E-001,-7.685034275054932E-001,
2.371700000000000E+009,-4.351699352264404E-002,-5.502865463495255E-002,5.909559726715088E-001,-7.885297536849976E-001,-4.351699352264404E-002,-5.502865463495255E-002,5.909559726715088E-001,-7.885297536849976E-001,
2.380066666666667E+009,-2.617166750133038E-002,-7.812946289777756E-002,5.593437552452087E-001,-8.016647100448608E-001,-2.617166750133038E-002,-7.812946289777756E-002,5.593437552452087E-001,-8.016647100448608E-001,
2.388433333333334E+009,-2.537732198834419E-002,-1.095657348632813E-001,5.397619605064392E-001,-8.066448569297791E-001,-2.537732198834419E-002,-1.095657348632813E-001,5.397619605064392E-001,-8.066448569297791E-001,
2.396800000000000E+009,-4.288519173860550E-002,-1.410839110612869E-001,5.076076388359070E-001,-8.290504813194275E-001,-4.288519173860550E-002,-1.410839110612869E-001,5.076076388359070E-001,-8.290504813194275E-001,
2.405166666666667E+009,-7.458373159170151E-002,-1.619408577680588E-001,4.882103204727173E-001,-8.388941287994385E-001,-7.458373159170151E-002,-1.619408577680588E-001,4.882103204727173E-001,-8.388941287994385E-001,
2.413533333333334E+009,-1.159738823771477E-001,-1.618863940238953E-001,4.648872315883637E-001,-8.441036343574524E-001,-1.159738823771477E-001,-1.618863940238953E-001,4.648872315883637E-001,-8.441036343574524E-001,
2.421900000000000E+009,-1.538926512002945E-001,-1.434857398271561E-001,4.511352479457855E-001,-8.549625873565674E-001,-1.538926512002945E-001,-1.434857398271561E-001,4.511352479457855E-001,-8.549625873565674E-001,
2.430266666666667E+009,-1.748237162828445E-001,-1.098667979240418E-001,4.332592487335205E-001,-8.665104508399963E-001,-1.748237162828445E-001,-1.098667979240418E-001,4.332592487335205E-001,-8.665104508399963E-001,
2.438633333333334E+009,-1.813873350620270E-001,-6.731646507978439E-002,4.150158464908600E-001,-8.768210411071777E-001,-1.813873350620270E-001,-6.731646507978439E-002,4.150158464908600E-001,-8.768210411071777E-001,
2.447000000000000E+009,-1.652347445487976E-001,-2.882869541645050E-002,3.923334479331970E-001,-8.914176225662231E-001,-1.652347445487976E-001,-2.882869541645050E-002,3.923334479331970E-001,-8.914176225662231E-001,
2.455366666666667E+009,-1.345465034246445E-001,-6.770577281713486E-003,3.753982782363892E-001,-9.008018970489502E-001,-1.345465034246445E-001,-6.770577281713486E-003,3.753982782363892E-001,-9.008018970489502E-001,
2.463733333333334E+009,-1.000477746129036E-001,-2.536329906433821E-003,3.490483164787293E-001,-9.153839945793152E-001,-1.000477746129036E-001,-2.536329906433821E-003,3.490483164787293E-001,-9.153839945793152E-001,
2.472100000000000E+009,-7.266394048929215E-002,-2.114625275135040E-002,3.221945464611054E-001,-9.268255233764648E-001,-7.266394048929215E-002,-2.114625275135040E-002,3.221945464611054E-001,-9.268255233764648E-001,
2.480466666666667E+009,-6.224871054291725E-002,-5.147731304168701E-002,2.892470359802246E-001,-9.304766654968262E-001,-6.224871054291725E-002,-5.147731304168701E-002,2.892470359802246E-001,-9.304766654968262E-001,
2.488833333333334E+009,-7.252555340528488E-002,-8.286806195974350E-002,2.681097090244293E-001,-9.373691678047180E-001,-7.252555340528488E-002,-8.286806195974350E-002,2.681097090244293E-001,-9.373691678047180E-001,
2.497200000000000E+009,-9.770990908145905E-002,-1.027951315045357E-001,2.371177822351456E-001,-9.450017809867859E-001,-9.770990908145905E-002,-1.027951315045357E-001,2.371177822351456E-001,-9.450017809867859E-001,
2.505566666666667E+009,-1.350313872098923E-001,-1.069159507751465E-001,2.108109146356583E-001,-9.479463696479797E-001,-1.350313872098923E-001,-1.069159507751465E-001,2.108109146356583E-001,-9.479463696479797E-001,
2.513933333333334E+009,-1.657488048076630E-001,-9.008383005857468E-002,1.915346384048462E-001,-9.475391507148743E-001,-1.657488048076630E-001,-9.008383005857468E-002,1.915346384048462E-001,-9.475391507148743E-001,
2.522300000000000E+009,-1.844176948070526E-001,-6.167790293693543E-002,1.665068566799164E-001,-9.488522410392761E-001,-1.844176948070526E-001,-6.167790293693543E-002,1.665068566799164E-001,-9.488522410392761E-001,
2.530666666666667E+009,-1.850491017103195E-001,-2.550666779279709E-002,1.448199450969696E-001,-9.624246954917908E-001,-1.850491017103195E-001,-2.550666779279709E-002,1.448199450969696E-001,-9.624246954917908E-001,
2.539033333333334E+009,-1.678930073976517E-001,5.386008881032467E-003,1.252564489841461E-001,-9.611660242080689E-001,-1.678930073976517E-001,5.386008881032467E-003,1.252564489841461E-001,-9.611660242080689E-001,
2.547400000000000E+009,-1.388055831193924E-001,2.311107330024242E-002,1.049668639898300E-001,-9.722020626068115E-001,-1.388055831193924E-001,2.311107330024242E-002,1.049668639898300E-001,-9.722020626068115E-001,
2.555766666666667E+009,-1.046766787767410E-001,2.236411720514298E-002,7.509681582450867E-002,-9.789583086967468E-001,-1.046766787767410E-001,2.236411720514298E-002,7.509681582450867E-002,-9.789583086967468E-001,
2.564133333333334E+009,-8.199616521596909E-002,1.631952356547117E-003,4.761585965752602E-002,-9.755994677543640E-001,-8.199616521596909E-002,1.631952356547117E-003,4.761585965752602E-002,-9.755994677543640E-001,
2.572500000000000E+009,-7.675960659980774E-002,-2.757906727492809E-002,2.029565535485745E-002,-9.744674563407898E-001,-7.675960659980774E-002,-2.757906727492809E-002,2.029565535485745E-002,-9.744674563407898E-001,
2.580866666666667E+009,-9.156359732151032E-002,-5.633833631873131E-002,-8.609746582806110E-003,-9.768920540809631E-001,-9.156359732151032E-002,-5.633833631873131E-002,-8.609746582806110E-003,-9.768920540809631E-001,
2.589233333333334E+009,-1.219778433442116E-001,-7.261007279157639E-002,-3.948631510138512E-002,-9.683782458305359E-001,-1.219778433442116E-001,-7.261007279157639E-002,-3.948631510138512E-002,-9.683782458305359E-001,
2.597600000000000E+009,-1.579247266054153E-001,-7.244635373353958E-002,-6.434576958417893E-002,-9.633211493492127E-001,-1.579247266054153E-001,-7.244635373353958E-002,-6.434576958417893E-002,-9.633211493492127E-001,
2.605966666666667E+009,-1.899368315935135E-001,-5.154133960604668E-002,-7.529439032077789E-002,-9.663105607032776E-001,-1.899368315935135E-001,-5.154133960604668E-002,-7.529439032077789E-002,-9.663105607032776E-001,
2.614333333333334E+009,-2.073147594928742E-001,-2.079351246356964E-002,-9.902086853981018E-002,-9.574841260910034E-001,-2.073147594928742E-001,-2.079351246356964E-002,-9.902086853981018E-002,-9.574841260910034E-001,
2.622700000000000E+009,-2.060096710920334E-001,1.783565804362297E-002,-1.180829331278801E-001,-9.519042968750000E-001,-2.060096710920334E-001,1.783565804362297E-002,-1.180829331278801E-001,-9.519042968750000E-001,
2.631066666666667E+009,-1.877241432666779E-001,5.062966793775559E-002,-1.436772942543030E-001,-9.632362723350525E-001,-1.877241432666779E-001,5.062966793775559E-002,-1.436772942543030E-001,-9.632362723350525E-001,
2.639433333333334E+009,-1.551826149225235E-001,6.709847599267960E-002,-1.651541590690613E-001,-9.524175524711609E-001,-1.551826149225235E-001,6.709847599267960E-002,-1.651541590690613E-001,-9.524175524711609E-001,
2.647800000000000E+009,-1.201458424329758E-001,6.623952090740204E-002,-1.915619820356369E-001,-9.541903138160706E-001,-1.201458424329758E-001,6.623952090740204E-002,-1.915619820356369E-001,-9.541903138160706E-001,
2.656166666666667E+009,-9.596915543079376E-002,4.702390357851982E-002,-2.167497426271439E-001,-9.559212327003479E-001,-9.596915543079376E-002,4.702390357851982E-002,-2.167497426271439E-001,-9.559212327003479E-001,
2.664533333333334E+009,-8.801808953285217E-002,1.950634829699993E-002,-2.514984011650085E-001,-9.392855763435364E-001,-8.801808953285217E-002,1.950634829699993E-002,-2.514984011650085E-001,-9.392855763435364E-001,
2.672900000000000E+009,-9.973525255918503E-002,-7.693111896514893E-003,-2.738661468029022E-001,-9.340151548385620E-001,-9.973525255918503E-002,-7.693111896514893E-003,-2.738661468029022E-001,-9.340151548385620E-001,
2.681266666666667E+009,-1.271640807390213E-001,-2.209099009633064E-002,-3.009365797042847E-001,-9.224194288253784E-001,-1.271640807390213E-001,-2.209099009633064E-002,-3.009365797042847E-001,-9.224194288253784E-001,
2.689633333333334E+009,-1.617627739906311E-001,-1.903254166245461E-002,-3.221061229705811E-001,-9.130874276161194E-001,-1.617627739906311E-001,-1.903254166245461E-002,-3.221061229705811E-001,-9.130874276161194E-001,
2.698000000000000E+009,-1.894401013851166E-001,1.730164396576583E-003,-3.352204561233521E-001,-8.996072411537170E-001,-1.894401013851166E-001,1.730164396576583E-003,-3.352204561233521E-001,-8.996072411537170E-001,
2.706366666666667E+009,-2.033544927835465E-001,3.553799912333489E-002,-3.593626022338867E-001,-8.857595920562744E-001,-2.033544927835465E-001,3.553799912333489E-002,-3.593626022338867E-001,-8.857595920562744E-001,
2.714733333333334E+009,-2.002300173044205E-001,7.106555253267288E-002,-3.755978345870972E-001,-8.862067461013794E-001,-2.002300173044205E-001,7.106555253267288E-002,-3.755978345870972E-001,-8.862067461013794E-001,
2.723100000000000E+009,-1.777435690164566E-001,1.016683578491211E-001,-3.947699069976807E-001,-8.751271367073059E-001,-1.777435690164566E-001,1.016683578491211E-001,-3.947699069976807E-001,-8.751271367073059E-001,
2.731466666666667E+009,-1.430305540561676E-001,1.182461678981781E-001,-4.201740324497223E-001,-8.730804920196533E-001,-1.430305540561676E-001,1.182461678981781E-001,-4.201740324497223E-001,-8.730804920196533E-001,
2.739833333333334E+009,-1.075561493635178E-001,1.143741533160210E-001,-4.416879117488861E-001,-8.623773455619812E-001,-1.075561493635178E-001,1.143741533160210E-001,-4.416879117488861E-001,-8.623773455619812E-001,
2.748200000000000E+009,-8.104029297828674E-002,9.488905221223831E-002,-4.672954380512238E-001,-8.544700741767883E-001,-8.104029297828674E-002,9.488905221223831E-002,-4.672954380512238E-001,-8.544700741767883E-001,
2.756566666666667E+009,-7.110343873500824E-002,6.493197381496429E-002,-4.928295612335205E-001,-8.447930216789246E-001,-7.110343873500824E-002,6.493197381496429E-002,-4.928295612335205E-001,-8.447930216789246E-001,
2.764933333333334E+009,-8.004800230264664E-002,3.630529344081879E-002,-5.269306898117065E-001,-8.330809473991394E-001,-8.004800230264664E-002,3.630529344081879E-002,-5.269306898117065E-001,-8.330809473991394E-001,
2.773300000000000E+009,-1.040651351213455E-001,1.760776154696941E-002,-5.423826575279236E-001,-8.086290359497070E-001,-1.040651351213455E-001,1.760776154696941E-002,-5.423826575279236E-001,-8.086290359497070E-001,
2.781666666666667E+009,-1.383631974458695E-001,2.049487642943859E-002,-5.602774620056152E-001,-7.906395196914673E-001,-1.383631974458695E-001,2.049487642943859E-002,-5.602774620056152E-001,-7.906395196914673E-001,
2.790033333333334E+009,-1.660951226949692E-001,3.864505887031555E-002,-5.791282653808594E-001,-7.758168578147888E-001,-1.660951226949692E-001,3.864505887031555E-002,-5.791282653808594E-001,-7.758168578147888E-001,
2.798400000000000E+009,-1.819811910390854E-001,7.049553096294403E-002,-5.935868024826050E-001,-7.632370591163635E-001,-1.819811910390854E-001,7.049553096294403E-002,-5.935868024826050E-001,-7.632370591163635E-001,
2.806766666666667E+009,-1.766856908798218E-001,1.066649034619331E-001,-6.064899563789368E-001,-7.421733140945435E-001,-1.766856908798218E-001,1.066649034619331E-001,-6.064899563789368E-001,-7.421733140945435E-001,
2.815133333333334E+009,-1.562750041484833E-001,1.350318491458893E-001,-6.249117255210877E-001,-7.316941022872925E-001,-1.562750041484833E-001,1.350318491458893E-001,-6.249117255210877E-001,-7.316941022872925E-001,
2.823500000000000E+009,-1.230668574571610E-001,1.502046138048172E-001,-6.426840424537659E-001,-7.216248512268066E-001,-1.230668574571610E-001,1.502046138048172E-001,-6.426840424537659E-001,-7.216248512268066E-001,
2.831866666666667E+009,-8.762694150209427E-002,1.449523568153381E-001,-6.598218083381653E-001,-7.094005942344666E-001,-8.762694150209427E-002,1.449523568153381E-001,-6.598218083381653E-001,-7.094005942344666E-001,
2.840233333333334E+009,-6.019413471221924E-002,1.244981139898300E-001,-6.858931183815002E-001,-6.978808045387268E-001,-6.019413471221924E-002,1.244981139898300E-001,-6.858931183815002E-001,-6.978808045387268E-001,
2.848600000000000E+009,-4.849710315465927E-002,9.449534863233566E-002,-7.045261859893799E-001,-6.730887889862061E-001,-4.849710315465927E-002,9.449534863233566E-002,-7.045261859893799E-001,-6.730887889862061E-001,
2.856966666666667E+009,-5.753322690725327E-002,6.506362557411194E-002,-7.261303067207336E-001,-6.566427946090698E-001,-5.753322690725327E-002,6.506362557411194E-002,-7.261303067207336E-001,-6.566427946090698E-001,
2.865333333333334E+009,-8.350621908903122E-002,4.586506634950638E-002,-7.460225224494934E-001,-6.376596689224243E-001,-8.350621908903122E-002,4.586506634950638E-002,-7.460225224494934E-001,-6.376596689224243E-001,
2.873700000000000E+009,-1.175595223903656E-001,4.540080204606056E-002,-7.591038346290588E-001,-6.060935854911804E-001,-1.175595223903656E-001,4.540080204606056E-002,-7.591038346290588E-001,-6.060935854911804E-001,
2.882066666666667E+009,-1.455141901969910E-001,6.530772894620895E-002,-7.676828503608704E-001,-5.782664418220520E-001,-1.455141901969910E-001,6.530772894620895E-002,-7.676828503608704E-001,-5.782664418220520E-001,
2.890433333333334E+009,-1.614779084920883E-001,9.886465221643448E-002,-7.790353894233704E-001,-5.624817013740540E-001,-1.614779084920883E-001,9.886465221643448E-002,-7.790353894233704E-001,-5.624817013740540E-001,
2.898800000000000E+009,-1.568870395421982E-001,1.379118114709854E-001,-7.857336401939392E-001,-5.491052865982056E-001,-1.568870395421982E-001,1.379118114709854E-001,-7.857336401939392E-001,-5.491052865982056E-001,
2.907166666666667E+009,-1.339993625879288E-001,1.685213297605515E-001,-7.945929169654846E-001,-5.360772013664246E-001,-1.339993625879288E-001,1.685213297605515E-001,-7.945929169654846E-001,-5.360772013664246E-001,
2.915533333333334E+009,-9.721054136753082E-002,1.850522905588150E-001,-8.101691603660584E-001,-5.115842223167419E-001,-9.721054136753082E-002,1.850522905588150E-001,-8.101691603660584E-001,-5.115842223167419E-001,
2.923900000000000E+009,-5.944220721721649E-002,1.815834641456604E-001,-8.254017233848572E-001,-5.002463459968567E-001,-5.944220721721649E-002,1.815834641456604E-001,-8.254017233848572E-001,-5.002463459968567E-001,
2.932266666666667E+009,-2.828011102974415E-002,1.600616425275803E-001,-8.415385484695435E-001,-4.840089082717896E-001,-2.828011102974415E-002,1.600616425275803E-001,-8.415385484695435E-001,-4.840089082717896E-001,
2.940633333333334E+009,-1.511436142027378E-002,1.260324120521545E-001,-8.587402701377869E-001,-4.597726166248322E-001,-1.511436142027378E-002,1.260324120521545E-001,-8.587402701377869E-001,-4.597726166248322E-001,
2.949000000000000E+009,-2.220945060253143E-002,8.996713161468506E-002,-8.787097930908203E-001,-4.284301400184631E-001,-2.220945060253143E-002,8.996713161468506E-002,-8.787097930908203E-001,-4.284301400184631E-001,
2.957366666666667E+009,-4.836260899901390E-002,6.796358525753021E-002,-8.900409936904907E-001,-4.097661077976227E-001,-4.836260899901390E-002,6.796358525753021E-002,-8.900409936904907E-001,-4.097661077976227E-001,
2.965733333333334E+009,-8.448142558336258E-002,6.453738361597061E-002,-9.005721211433411E-001,-3.786508440971375E-001,-8.448142558336258E-002,6.453738361597061E-002,-9.005721211433411E-001,-3.786508440971375E-001,
2.974100000000000E+009,-1.154220700263977E-001,8.444217592477799E-002,-9.087315797805786E-001,-3.466358482837677E-001,-1.154220700263977E-001,8.444217592477799E-002,-9.087315797805786E-001,-3.466358482837677E-001,
2.982466666666667E+009,-1.314773410558701E-001,1.188839375972748E-001,-9.095877408981323E-001,-3.229409456253052E-001,-1.314773410558701E-001,1.188839375972748E-001,-9.095877408981323E-001,-3.229409456253052E-001,
2.990833333333334E+009,-1.271895021200180E-001,1.578385829925537E-001,-9.080065488815308E-001,-3.069244325160980E-001,-1.271895021200180E-001,1.578385829925537E-001,-9.080065488815308E-001,-3.069244325160980E-001,
2.999200000000000E+009,-1.030476391315460E-001,1.908059865236282E-001,-9.147579669952393E-001,-2.875517606735230E-001,-1.030476391315460E-001,1.908059865236282E-001,-9.147579669952393E-001,-2.875517606735230E-001,
3.007566666666667E+009,-6.442894786596298E-002,2.078737020492554E-001,-9.223169684410095E-001,-2.677270770072937E-001,-6.442894786596298E-002,2.078737020492554E-001,-9.223169684410095E-001,-2.677270770072937E-001,
3.015933333333334E+009,-2.130385302007198E-002,2.021737098693848E-001,-9.262973070144653E-001,-2.532229125499725E-001,-2.130385302007198E-002,2.021737098693848E-001,-9.262973070144653E-001,-2.532229125499725E-001,
3.024300000000000E+009,1.080024801194668E-002,1.784807443618774E-001,-9.398735165596008E-001,-2.334763854742050E-001,1.080024801194668E-002,1.784807443618774E-001,-9.398735165596008E-001,-2.334763854742050E-001,
3.032666666666667E+009,2.515375614166260E-002,1.396666765213013E-001,-9.516448974609375E-001,-2.078715860843658E-001,2.515375614166260E-002,1.396666765213013E-001,-9.516448974609375E-001,-2.078715860843658E-001,
3.041033333333334E+009,1.565157994627953E-002,1.004452332854271E-001,-9.620985388755798E-001,-1.804104149341583E-001,1.565157994627953E-002,1.004452332854271E-001,-9.620985388755798E-001,-1.804104149341583E-001,
3.049400000000000E+009,-1.497368421405554E-002,7.539601624011993E-002,-9.661378860473633E-001,-1.424026340246201E-001,-1.497368421405554E-002,7.539601624011993E-002,-9.661378860473633E-001,-1.424026340246201E-001,
3.057766666666667E+009,-5.467783659696579E-002,7.188305258750916E-002,-9.743157625198364E-001,-1.268864125013351E-001,-5.467783659696579E-002,7.188305258750916E-002,-9.743157625198364E-001,-1.268864125013351E-001,
3.066133333333334E+009,-9.082948416471481E-002,9.253539144992828E-002,-9.657036066055298E-001,-8.594933152198792E-002,-9.082948416471481E-002,9.253539144992828E-002,-9.657036066055298E-001,-8.594933152198792E-002,
3.074500000000000E+009,-1.096651032567024E-001,1.313756257295609E-001,-9.662847518920898E-001,-6.189915165305138E-002,-1.096651032567024E-001,1.313756257295609E-001,-9.662847518920898E-001,-6.189915165305138E-002,
3.082866666666667E+009,-1.028262153267860E-001,1.752637177705765E-001,-9.598129391670227E-001,-4.218424484133720E-002,-1.028262153267860E-001,1.752637177705765E-001,-9.598129391670227E-001,-4.218424484133720E-002,
3.091233333333334E+009,-7.250055670738220E-002,2.131059616804123E-001,-9.555075764656067E-001,-1.826901175081730E-002,-7.250055670738220E-002,2.131059616804123E-001,-9.555075764656067E-001,-1.826901175081730E-002,
3.099600000000000E+009,-2.720941603183746E-002,2.295115888118744E-001,-9.520351290702820E-001,-7.144959177821875E-003,-2.720941603183746E-002,2.295115888118744E-001,-9.520351290702820E-001,-7.144959177821875E-003,
3.107966666666667E+009,2.390090376138687E-002,2.214049845933914E-001,-9.588662385940552E-001,9.028377011418343E-003,2.390090376138687E-002,2.214049845933914E-001,-9.588662385940552E-001,9.028377011418343E-003,
3.116333333333334E+009,6.435232609510422E-002,1.903050541877747E-001,-9.622561931610107E-001,3.470835462212563E-002,6.435232609510422E-002,1.903050541877747E-001,-9.622561931610107E-001,3.470835462212563E-002,
3.124700000000000E+009,8.035489916801453E-002,1.429580301046372E-001,-9.714630842208862E-001,5.305273458361626E-002,8.035489916801453E-002,1.429580301046372E-001,-9.714630842208862E-001,5.305273458361626E-002,
3.133066666666667E+009,7.020542770624161E-002,9.507772326469421E-002,-9.776930212974548E-001,8.753009140491486E-002,7.020542770624161E-002,9.507772326469421E-002,-9.776930212974548E-001,8.753009140491486E-002,
3.141433333333334E+009,3.596302494406700E-002,6.092538684606552E-002,-9.775824546813965E-001,1.184051036834717E-001,3.596302494406700E-002,6.092538684606552E-002,-9.775824546813965E-001,1.184051036834717E-001,
3.149800000000000E+009,-1.347153075039387E-002,5.342264845967293E-002,-9.741325974464417E-001,1.565123349428177E-001,-1.347153075039387E-002,5.342264845967293E-002,-9.741325974464417E-001,1.565123349428177E-001,
3.158166666666667E+009,-5.822148546576500E-002,7.515961676836014E-002,-9.579264521598816E-001,1.888668537139893E-001,-5.822148546576500E-002,7.515961676836014E-002,-9.579264521598816E-001,1.888668537139893E-001,
3.166533333333334E+009,-8.345071971416473E-002,1.173990070819855E-001,-9.491409063339233E-001,2.105632871389389E-001,-8.345071971416473E-002,1.173990070819855E-001,-9.491409063339233E-001,2.105632871389389E-001,
3.174900000000000E+009,-8.222001791000366E-002,1.682200133800507E-001,-9.350543022155762E-001,2.325186133384705E-001,-8.222001791000366E-002,1.682200133800507E-001,-9.350543022155762E-001,2.325186133384705E-001,
3.183266666666667E+009,-5.202305689454079E-002,2.110207825899124E-001,-9.215708374977112E-001,2.482339888811112E-001,-5.202305689454079E-002,2.110207825899124E-001,-9.215708374977112E-001,2.482339888811112E-001,
3.191633333333334E+009,-5.296146497130394E-003,2.302986979484558E-001,-9.123189449310303E-001,2.623440921306610E-001,-5.296146497130394E-003,2.302986979484558E-001,-9.123189449310303E-001,2.623440921306610E-001,
3.200000000000000E+009,4.674622789025307E-002,2.223118692636490E-001,-9.124256968498230E-001,2.753163576126099E-001,4.674622789025307E-002,2.223118692636490E-001,-9.124256968498230E-001,2.753163576126099E-001,
