% Version 1.00
%
%freq[Hz],re:Trc1_S11,im:Trc1_S11,re:Trc2_S21,im:Trc2_S21,re:Trc3_S11,im:Trc3_S11,re:Trc4_S21,im:Trc4_S21,
6.900000000000000E+008,-5.581240728497505E-002,4.739892482757568E-002,-5.158180594444275E-001,-8.450278639793396E-001,-5.581240728497505E-002,4.739892482757568E-002,-5.158180594444275E-001,-8.450278639793396E-001,
6.983666666666666E+008,-4.832077026367188E-002,4.771573841571808E-002,-5.297302603721619E-001,-8.271513581275940E-001,-4.832077026367188E-002,4.771573841571808E-002,-5.297302603721619E-001,-8.271513581275940E-001,
7.067333333333334E+008,-4.162266477942467E-002,4.446998611092567E-002,-5.594252943992615E-001,-8.000439405441284E-001,-4.162266477942467E-002,4.446998611092567E-002,-5.594252943992615E-001,-8.000439405441284E-001,
7.151000000000000E+008,-4.299364611506462E-002,3.637637197971344E-002,-5.661765933036804E-001,-7.896193265914917E-001,-4.299364611506462E-002,3.637637197971344E-002,-5.661765933036804E-001,-7.896193265914917E-001,
7.234666666666666E+008,-4.354995116591454E-002,3.099365904927254E-002,-6.040789484977722E-001,-7.830895185470581E-001,-4.354995116591454E-002,3.099365904927254E-002,-6.040789484977722E-001,-7.830895185470581E-001,
7.318333333333334E+008,-5.122502893209457E-002,2.837464399635792E-002,-6.091927289962769E-001,-7.727325558662415E-001,-5.122502893209457E-002,2.837464399635792E-002,-6.091927289962769E-001,-7.727325558662415E-001,
7.402000000000000E+008,-5.832995474338532E-002,3.127915784716606E-002,-6.406667232513428E-001,-7.524750828742981E-001,-5.832995474338532E-002,3.127915784716606E-002,-6.406667232513428E-001,-7.524750828742981E-001,
7.485666666666666E+008,-6.313150376081467E-002,3.716028854250908E-002,-6.628990173339844E-001,-7.141873240470886E-001,-6.313150376081467E-002,3.716028854250908E-002,-6.628990173339844E-001,-7.141873240470886E-001,
7.569333333333334E+008,-6.328986585140228E-002,4.676508530974388E-002,-6.765527725219727E-001,-7.096447944641113E-001,-6.328986585140228E-002,4.676508530974388E-002,-6.765527725219727E-001,-7.096447944641113E-001,
7.653000000000000E+008,-5.942783877253532E-002,5.545173212885857E-002,-6.852477788925171E-001,-7.052450180053711E-001,-5.942783877253532E-002,5.545173212885857E-002,-6.852477788925171E-001,-7.052450180053711E-001,
7.736666666666666E+008,-5.133139714598656E-002,6.494263559579849E-002,-7.106314301490784E-001,-6.943258047103882E-001,-5.133139714598656E-002,6.494263559579849E-002,-7.106314301490784E-001,-6.943258047103882E-001,
7.820333333333334E+008,-4.385390132665634E-002,6.819623708724976E-002,-7.328104972839356E-001,-6.734973192214966E-001,-4.385390132665634E-002,6.819623708724976E-002,-7.328104972839356E-001,-6.734973192214966E-001,
7.904000000000000E+008,-3.451606631278992E-002,6.669937074184418E-002,-7.466027140617371E-001,-6.496769785881043E-001,-3.451606631278992E-002,6.669937074184418E-002,-7.466027140617371E-001,-6.496769785881043E-001,
7.987666666666666E+008,-2.725423872470856E-002,6.258945167064667E-002,-7.595550417900085E-001,-6.348741650581360E-001,-2.725423872470856E-002,6.258945167064667E-002,-7.595550417900085E-001,-6.348741650581360E-001,
8.071333333333334E+008,-2.703358978033066E-002,5.800298228859901E-002,-7.719410061836243E-001,-6.177823543548584E-001,-2.703358978033066E-002,5.800298228859901E-002,-7.719410061836243E-001,-6.177823543548584E-001,
8.155000000000000E+008,-3.123413212597370E-002,5.093473568558693E-002,-7.809736132621765E-001,-5.710197687149048E-001,-3.123413212597370E-002,5.093473568558693E-002,-7.809736132621765E-001,-5.710197687149048E-001,
8.238666666666666E+008,-3.597726672887802E-002,4.900258034467697E-002,-8.140427470207214E-001,-5.764771699905396E-001,-3.597726672887802E-002,4.900258034467697E-002,-8.140427470207214E-001,-5.764771699905396E-001,
8.322333333333334E+008,-4.364187642931938E-002,5.134417861700058E-002,-8.255061507225037E-001,-5.462723970413208E-001,-4.364187642931938E-002,5.134417861700058E-002,-8.255061507225037E-001,-5.462723970413208E-001,
8.406000000000000E+008,-4.859382286667824E-002,5.520367249846458E-002,-8.339233994483948E-001,-5.319873094558716E-001,-4.859382286667824E-002,5.520367249846458E-002,-8.339233994483948E-001,-5.319873094558716E-001,
8.489666666666668E+008,-4.813743755221367E-002,6.345806270837784E-002,-8.567300438880920E-001,-5.060557126998901E-001,-4.813743755221367E-002,6.345806270837784E-002,-8.567300438880920E-001,-5.060557126998901E-001,
8.573333333333334E+008,-4.464628547430039E-002,7.122513651847839E-002,-8.607299923896790E-001,-4.902308881282806E-001,-4.464628547430039E-002,7.122513651847839E-002,-8.607299923896790E-001,-4.902308881282806E-001,
8.657000000000000E+008,-3.716777637600899E-002,8.036620169878006E-002,-8.784253001213074E-001,-4.592637419700623E-001,-3.716777637600899E-002,8.036620169878006E-002,-8.784253001213074E-001,-4.592637419700623E-001,
8.740666666666668E+008,-2.859525568783283E-002,8.536412566900253E-002,-8.712312579154968E-001,-4.380103647708893E-001,-2.859525568783283E-002,8.536412566900253E-002,-8.712312579154968E-001,-4.380103647708893E-001,
8.824333333333334E+008,-1.917563751339912E-002,8.370190858840942E-002,-9.021086096763611E-001,-4.058896601200104E-001,-1.917563751339912E-002,8.370190858840942E-002,-9.021086096763611E-001,-4.058896601200104E-001,
8.908000000000000E+008,-1.132545061409473E-002,8.420176804065704E-002,-9.150416254997253E-001,-4.010560214519501E-001,-1.132545061409473E-002,8.420176804065704E-002,-9.150416254997253E-001,-4.010560214519501E-001,
8.991666666666668E+008,-8.959371596574783E-003,7.693530619144440E-002,-9.231122732162476E-001,-3.751637339591980E-001,-8.959371596574783E-003,7.693530619144440E-002,-9.231122732162476E-001,-3.751637339591980E-001,
9.075333333333334E+008,-8.534604683518410E-003,7.269477099180222E-002,-9.174268245697022E-001,-3.462302982807159E-001,-8.534604683518410E-003,7.269477099180222E-002,-9.174268245697022E-001,-3.462302982807159E-001,
9.159000000000000E+008,-1.078424043953419E-002,6.843903660774231E-002,-9.313691854476929E-001,-3.364874124526978E-001,-1.078424043953419E-002,6.843903660774231E-002,-9.313691854476929E-001,-3.364874124526978E-001,
9.242666666666668E+008,-1.570384390652180E-002,6.429374217987061E-002,-9.419030547142029E-001,-3.114068210124970E-001,-1.570384390652180E-002,6.429374217987061E-002,-9.419030547142029E-001,-3.114068210124970E-001,
9.326333333333334E+008,-1.993749663233757E-002,6.690943986177445E-002,-9.445663094520569E-001,-2.765576541423798E-001,-1.993749663233757E-002,6.690943986177445E-002,-9.445663094520569E-001,-2.765576541423798E-001,
9.410000000000000E+008,-2.516723982989788E-002,7.326878607273102E-002,-9.511834979057312E-001,-2.505239248275757E-001,-2.516723982989788E-002,7.326878607273102E-002,-9.511834979057312E-001,-2.505239248275757E-001,
9.493666666666668E+008,-2.509508840739727E-002,8.096867054700851E-002,-9.581298232078552E-001,-2.379861027002335E-001,-2.509508840739727E-002,8.096867054700851E-002,-9.581298232078552E-001,-2.379861027002335E-001,
9.577333333333334E+008,-1.994692534208298E-002,8.910319209098816E-002,-9.806613922119141E-001,-1.975847184658051E-001,-1.994692534208298E-002,8.910319209098816E-002,-9.806613922119141E-001,-1.975847184658051E-001,
9.661000000000000E+008,-1.091584097594023E-002,9.602998197078705E-002,-9.683563709259033E-001,-1.840044409036636E-001,-1.091584097594023E-002,9.602998197078705E-002,-9.683563709259033E-001,-1.840044409036636E-001,
9.744666666666668E+008,-8.789247949607670E-004,1.006286963820458E-001,-9.762719273567200E-001,-1.515789330005646E-001,-8.789247949607670E-004,1.006286963820458E-001,-9.762719273567200E-001,-1.515789330005646E-001,
9.828333333333334E+008,1.289839018136263E-002,9.877482056617737E-002,-9.718446135520935E-001,-1.269796639680862E-001,1.289839018136263E-002,9.877482056617737E-002,-9.718446135520935E-001,-1.269796639680862E-001,
9.912000000000000E+008,2.328480593860149E-002,9.528627991676331E-002,-9.835572242736816E-001,-1.153204515576363E-001,2.328480593860149E-002,9.528627991676331E-002,-9.835572242736816E-001,-1.153204515576363E-001,
9.995666666666668E+008,2.789579145610333E-002,8.598504960536957E-002,-9.857279658317566E-001,-7.884558290243149E-002,2.789579145610333E-002,8.598504960536957E-002,-9.857279658317566E-001,-7.884558290243149E-002,
1.007933333333333E+009,2.775702439248562E-002,7.851617783308029E-002,-9.941705465316773E-001,-6.007377430796623E-002,2.775702439248562E-002,7.851617783308029E-002,-9.941705465316773E-001,-6.007377430796623E-002,
1.016300000000000E+009,2.227443829178810E-002,6.976911425590515E-002,-9.917446970939636E-001,-3.272869810461998E-002,2.227443829178810E-002,6.976911425590515E-002,-9.917446970939636E-001,-3.272869810461998E-002,
1.024666666666667E+009,1.396805234253407E-002,6.907530874013901E-002,-9.918543100357056E-001,-1.175251789391041E-002,1.396805234253407E-002,6.907530874013901E-002,-9.918543100357056E-001,-1.175251789391041E-002,
1.033033333333333E+009,7.459700573235750E-003,7.067862153053284E-002,-9.708141088485718E-001,2.939436025917530E-002,7.459700573235750E-003,7.067862153053284E-002,-9.708141088485718E-001,2.939436025917530E-002,
1.041400000000000E+009,3.867725376039743E-003,7.662671059370041E-002,-9.777728319168091E-001,4.699681699275971E-002,3.867725376039743E-003,7.662671059370041E-002,-9.777728319168091E-001,4.699681699275971E-002,
1.049766666666667E+009,3.777466947212815E-003,8.542759716510773E-002,-9.866877794265747E-001,7.016740739345551E-002,3.777466947212815E-003,8.542759716510773E-002,-9.866877794265747E-001,7.016740739345551E-002,
1.058133333333333E+009,1.273209415376186E-002,9.422428905963898E-002,-9.787431955337524E-001,9.691297262907028E-002,1.273209415376186E-002,9.422428905963898E-002,-9.787431955337524E-001,9.691297262907028E-002,
1.066500000000000E+009,2.690157294273377E-002,9.850767999887466E-002,-9.622266888618469E-001,1.234685704112053E-001,2.690157294273377E-002,9.850767999887466E-002,-9.622266888618469E-001,1.234685704112053E-001,
1.074866666666667E+009,3.888401761651039E-002,9.478183835744858E-002,-9.693061709403992E-001,1.502339839935303E-001,3.888401761651039E-002,9.478183835744858E-002,-9.693061709403992E-001,1.502339839935303E-001,
1.083233333333334E+009,5.215306207537651E-002,9.046059846878052E-002,-9.681194424629211E-001,1.704767197370529E-001,5.215306207537651E-002,9.046059846878052E-002,-9.681194424629211E-001,1.704767197370529E-001,
1.091600000000000E+009,5.664216354489327E-002,7.763434201478958E-002,-9.603195190429688E-001,2.033527791500092E-001,5.664216354489327E-002,7.763434201478958E-002,-9.603195190429688E-001,2.033527791500092E-001,
1.099966666666667E+009,5.798247829079628E-002,6.541661918163300E-002,-9.577263593673706E-001,2.178870737552643E-001,5.798247829079628E-002,6.541661918163300E-002,-9.577263593673706E-001,2.178870737552643E-001,
1.108333333333334E+009,5.010504648089409E-002,5.565867200493813E-002,-9.669877886772156E-001,2.447340488433838E-001,5.010504648089409E-002,5.565867200493813E-002,-9.669877886772156E-001,2.447340488433838E-001,
1.116700000000000E+009,3.820792585611343E-002,5.624129250645638E-002,-9.546083211898804E-001,2.757990360260010E-001,3.820792585611343E-002,5.624129250645638E-002,-9.546083211898804E-001,2.757990360260010E-001,
1.125066666666667E+009,2.710159681737423E-002,5.763348937034607E-002,-9.362899661064148E-001,2.980358004570007E-001,2.710159681737423E-002,5.763348937034607E-002,-9.362899661064148E-001,2.980358004570007E-001,
1.133433333333334E+009,1.702236011624336E-002,7.008273154497147E-002,-9.332178235054016E-001,3.175328969955444E-001,1.702236011624336E-002,7.008273154497147E-002,-9.332178235054016E-001,3.175328969955444E-001,
1.141800000000000E+009,1.966592296957970E-002,8.289710432291031E-002,-9.163608551025391E-001,3.412717282772064E-001,1.966592296957970E-002,8.289710432291031E-002,-9.163608551025391E-001,3.412717282772064E-001,
1.150166666666667E+009,2.690097317099571E-002,9.492383897304535E-002,-9.122292995452881E-001,3.687102496623993E-001,2.690097317099571E-002,9.492383897304535E-002,-9.122292995452881E-001,3.687102496623993E-001,
1.158533333333334E+009,4.604468122124672E-002,1.019157096743584E-001,-9.013326764106751E-001,3.930066823959351E-001,4.604468122124672E-002,1.019157096743584E-001,-9.013326764106751E-001,3.930066823959351E-001,
1.166900000000000E+009,6.675831973552704E-002,9.925151616334915E-002,-8.901317119598389E-001,4.187869727611542E-001,6.675831973552704E-002,9.925151616334915E-002,-8.901317119598389E-001,4.187869727611542E-001,
1.175266666666667E+009,8.301447331905365E-002,8.959142118692398E-002,-8.756113052368164E-001,4.309834241867065E-001,8.301447331905365E-002,8.959142118692398E-002,-8.756113052368164E-001,4.309834241867065E-001,
1.183633333333334E+009,9.600074589252472E-002,7.351193577051163E-002,-8.679766654968262E-001,4.582573175430298E-001,9.600074589252472E-002,7.351193577051163E-002,-8.679766654968262E-001,4.582573175430298E-001,
1.192000000000000E+009,9.734207391738892E-002,5.586268380284309E-002,-8.622904419898987E-001,4.831761121749878E-001,9.734207391738892E-002,5.586268380284309E-002,-8.622904419898987E-001,4.831761121749878E-001,
1.200366666666667E+009,8.681903779506683E-002,3.786879405379295E-002,-8.473694920539856E-001,5.022401213645935E-001,8.681903779506683E-002,3.786879405379295E-002,-8.473694920539856E-001,5.022401213645935E-001,
1.208733333333334E+009,6.974883377552033E-002,2.962320670485497E-002,-8.421956896781921E-001,5.330272912979126E-001,6.974883377552033E-002,2.962320670485497E-002,-8.421956896781921E-001,5.330272912979126E-001,
1.217100000000000E+009,5.181474983692169E-002,3.203503042459488E-002,-8.083966970443726E-001,5.468583703041077E-001,5.181474983692169E-002,3.203503042459488E-002,-8.083966970443726E-001,5.468583703041077E-001,
1.225466666666667E+009,4.141394048929215E-002,4.351788759231567E-002,-8.121187686920166E-001,5.731407403945923E-001,4.141394048929215E-002,4.351788759231567E-002,-8.121187686920166E-001,5.731407403945923E-001,
1.233833333333334E+009,4.060356691479683E-002,5.846423283219338E-002,-7.900446653366089E-001,5.918421745300293E-001,4.060356691479683E-002,5.846423283219338E-002,-7.900446653366089E-001,5.918421745300293E-001,
1.242200000000000E+009,4.695487767457962E-002,7.342977076768875E-002,-7.604234814643860E-001,6.092019081115723E-001,4.695487767457962E-002,7.342977076768875E-002,-7.604234814643860E-001,6.092019081115723E-001,
1.250566666666667E+009,6.326186656951904E-002,8.216415345668793E-002,-7.669305205345154E-001,6.373994946479797E-001,6.326186656951904E-002,8.216415345668793E-002,-7.669305205345154E-001,6.373994946479797E-001,
1.258933333333334E+009,8.451137691736221E-002,8.140724897384644E-002,-7.424529194831848E-001,6.465348005294800E-001,8.451137691736221E-002,8.140724897384644E-002,-7.424529194831848E-001,6.465348005294800E-001,
1.267300000000000E+009,1.033208295702934E-001,6.788197904825211E-002,-7.188786864280701E-001,6.620092988014221E-001,1.033208295702934E-001,6.788197904825211E-002,-7.188786864280701E-001,6.620092988014221E-001,
1.275666666666667E+009,1.148348599672318E-001,4.941931366920471E-002,-7.131459712982178E-001,6.708394885063171E-001,1.148348599672318E-001,4.941931366920471E-002,-7.131459712982178E-001,6.708394885063171E-001,
1.284033333333334E+009,1.155212819576263E-001,2.733842842280865E-002,-6.846367120742798E-001,7.142433524131775E-001,1.155212819576263E-001,2.733842842280865E-002,-6.846367120742798E-001,7.142433524131775E-001,
1.292400000000000E+009,1.033116057515144E-001,9.172582998871803E-003,-6.790632605552673E-001,7.169254422187805E-001,1.033116057515144E-001,9.172582998871803E-003,-6.790632605552673E-001,7.169254422187805E-001,
1.300766666666667E+009,8.502170443534851E-002,1.532795373350382E-003,-6.624552607536316E-001,7.342875003814697E-001,8.502170443534851E-002,1.532795373350382E-003,-6.624552607536316E-001,7.342875003814697E-001,
1.309133333333334E+009,6.618782877922058E-002,4.310276824980974E-003,-6.450096964836121E-001,7.628105282783508E-001,6.618782877922058E-002,4.310276824980974E-003,-6.450096964836121E-001,7.628105282783508E-001,
1.317500000000000E+009,5.236390605568886E-002,1.711954176425934E-002,-6.153756976127625E-001,7.917751073837280E-001,5.236390605568886E-002,1.711954176425934E-002,-6.153756976127625E-001,7.917751073837280E-001,
1.325866666666667E+009,4.859908670186997E-002,3.308564051985741E-002,-5.963539481163025E-001,7.863035202026367E-001,4.859908670186997E-002,3.308564051985741E-002,-5.963539481163025E-001,7.863035202026367E-001,
1.334233333333334E+009,5.713415145874023E-002,5.071008950471878E-002,-5.728351473808289E-001,7.976839542388916E-001,5.713415145874023E-002,5.071008950471878E-002,-5.728351473808289E-001,7.976839542388916E-001,
1.342600000000000E+009,7.451719790697098E-002,5.543684959411621E-002,-5.578292012214661E-001,8.174313902854919E-001,7.451719790697098E-002,5.543684959411621E-002,-5.578292012214661E-001,8.174313902854919E-001,
1.350966666666667E+009,9.341152757406235E-002,5.243350565433502E-002,-5.275951623916626E-001,8.360948562622070E-001,9.341152757406235E-002,5.243350565433502E-002,-5.275951623916626E-001,8.360948562622070E-001,
1.359333333333334E+009,1.091612204909325E-001,3.871074318885803E-002,-5.089179873466492E-001,8.443590998649597E-001,1.091612204909325E-001,3.871074318885803E-002,-5.089179873466492E-001,8.443590998649597E-001,
1.367700000000000E+009,1.167766153812408E-001,1.548224501311779E-002,-4.922944605350494E-001,8.516459465026856E-001,1.167766153812408E-001,1.548224501311779E-002,-4.922944605350494E-001,8.516459465026856E-001,
1.376066666666667E+009,1.106729358434677E-001,-7.316404953598976E-003,-4.671680927276611E-001,8.642102479934692E-001,1.106729358434677E-001,-7.316404953598976E-003,-4.671680927276611E-001,8.642102479934692E-001,
1.384433333333334E+009,9.525457024574280E-002,-2.111016213893890E-002,-4.605422019958496E-001,8.747323751449585E-001,9.525457024574280E-002,-2.111016213893890E-002,-4.605422019958496E-001,8.747323751449585E-001,
1.392800000000000E+009,7.211249321699143E-002,-2.452897280454636E-002,-4.364247620105743E-001,8.842564821243286E-001,7.211249321699143E-002,-2.452897280454636E-002,-4.364247620105743E-001,8.842564821243286E-001,
1.401166666666667E+009,5.440261960029602E-002,-1.567055471241474E-002,-4.012796878814697E-001,9.084900617599487E-001,5.440261960029602E-002,-1.567055471241474E-002,-4.012796878814697E-001,9.084900617599487E-001,
1.409533333333334E+009,4.316097497940064E-002,3.950305748730898E-003,-3.766049742698669E-001,9.164252281188965E-001,4.316097497940064E-002,3.950305748730898E-003,-3.766049742698669E-001,9.164252281188965E-001,
1.417900000000000E+009,4.331466183066368E-002,2.532838098704815E-002,-3.344317376613617E-001,9.098361730575562E-001,4.331466183066368E-002,2.532838098704815E-002,-3.344317376613617E-001,9.098361730575562E-001,
1.426266666666667E+009,5.542929843068123E-002,4.301842302083969E-002,-3.320685625076294E-001,9.406571984291077E-001,5.542929843068123E-002,4.301842302083969E-002,-3.320685625076294E-001,9.406571984291077E-001,
1.434633333333334E+009,7.498809695243835E-002,4.799945279955864E-002,-3.007020056247711E-001,9.336669445037842E-001,7.498809695243835E-002,4.799945279955864E-002,-3.007020056247711E-001,9.336669445037842E-001,
1.443000000000000E+009,9.783867001533508E-002,4.387687146663666E-002,-2.737474441528320E-001,9.421713948249817E-001,9.783867001533508E-002,4.387687146663666E-002,-2.737474441528320E-001,9.421713948249817E-001,
1.451366666666667E+009,1.127744615077972E-001,2.504056319594383E-002,-2.526950240135193E-001,9.519644379615784E-001,1.127744615077972E-001,2.504056319594383E-002,-2.526950240135193E-001,9.519644379615784E-001,
1.459733333333334E+009,1.183524504303932E-001,2.833387115970254E-003,-2.394831627607346E-001,9.505084753036499E-001,1.183524504303932E-001,2.833387115970254E-003,-2.394831627607346E-001,9.505084753036499E-001,
1.468100000000000E+009,1.118056550621986E-001,-1.909278519451618E-002,-2.050146460533142E-001,9.587050080299377E-001,1.118056550621986E-001,-1.909278519451618E-002,-2.050146460533142E-001,9.587050080299377E-001,
1.476466666666667E+009,9.565144032239914E-002,-3.309123218059540E-002,-1.868971586227417E-001,9.743173122406006E-001,9.565144032239914E-002,-3.309123218059540E-002,-1.868971586227417E-001,9.743173122406006E-001,
1.484833333333334E+009,7.438822835683823E-002,-3.671228140592575E-002,-1.518060117959976E-001,9.773385524749756E-001,7.438822835683823E-002,-3.671228140592575E-002,-1.518060117959976E-001,9.773385524749756E-001,
1.493200000000000E+009,5.814213678240776E-002,-2.695808187127113E-002,-1.359759271144867E-001,9.762756824493408E-001,5.814213678240776E-002,-2.695808187127113E-002,-1.359759271144867E-001,9.762756824493408E-001,
1.501566666666667E+009,4.908841475844383E-002,-7.836475968360901E-003,-1.033286079764366E-001,9.810882806777954E-001,4.908841475844383E-002,-7.836475968360901E-003,-1.033286079764366E-001,9.810882806777954E-001,
1.509933333333334E+009,5.025433003902435E-002,1.347706560045481E-002,-8.651620149612427E-002,9.831584095954895E-001,5.025433003902435E-002,1.347706560045481E-002,-8.651620149612427E-002,9.831584095954895E-001,
1.518300000000000E+009,6.608600169420242E-002,2.875108271837235E-002,-6.233168765902519E-002,9.928138256072998E-001,6.608600169420242E-002,2.875108271837235E-002,-6.233168765902519E-002,9.928138256072998E-001,
1.526666666666667E+009,8.642140030860901E-002,3.289251774549484E-002,-2.456420473754406E-002,9.787505269050598E-001,8.642140030860901E-002,3.289251774549484E-002,-2.456420473754406E-002,9.787505269050598E-001,
1.535033333333334E+009,1.072262227535248E-001,2.710784599184990E-002,-5.300244782119989E-003,9.892970919609070E-001,1.072262227535248E-001,2.710784599184990E-002,-5.300244782119989E-003,9.892970919609070E-001,
1.543400000000000E+009,1.204060390591621E-001,8.491368964314461E-003,1.459365058690310E-002,9.813660979270935E-001,1.204060390591621E-001,8.491368964314461E-003,1.459365058690310E-002,9.813660979270935E-001,
1.551766666666667E+009,1.210498139262199E-001,-1.597712934017181E-002,3.594113886356354E-002,9.755295515060425E-001,1.210498139262199E-001,-1.597712934017181E-002,3.594113886356354E-002,9.755295515060425E-001,
1.560133333333334E+009,1.138020083308220E-001,-3.809218481183052E-002,5.967790260910988E-002,9.866576194763184E-001,1.138020083308220E-001,-3.809218481183052E-002,5.967790260910988E-002,9.866576194763184E-001,
1.568500000000000E+009,9.890188276767731E-002,-5.129543691873550E-002,7.595099508762360E-002,9.868336915969849E-001,9.890188276767731E-002,-5.129543691873550E-002,7.595099508762360E-002,9.868336915969849E-001,
1.576866666666667E+009,7.832543551921845E-002,-5.237487331032753E-002,1.184460148215294E-001,9.746377468109131E-001,7.832543551921845E-002,-5.237487331032753E-002,1.184460148215294E-001,9.746377468109131E-001,
1.585233333333334E+009,6.452140212059021E-002,-4.404845088720322E-002,1.345707029104233E-001,9.722249507904053E-001,6.452140212059021E-002,-4.404845088720322E-002,1.345707029104233E-001,9.722249507904053E-001,
1.593600000000000E+009,5.709004774689674E-002,-2.871818281710148E-002,1.602981239557266E-001,9.670398235321045E-001,5.709004774689674E-002,-2.871818281710148E-002,1.602981239557266E-001,9.670398235321045E-001,
1.601966666666667E+009,6.024243682622910E-002,-1.054214127361774E-002,1.858516037464142E-001,9.686588048934937E-001,6.024243682622910E-002,-1.054214127361774E-002,1.858516037464142E-001,9.686588048934937E-001,
1.610333333333334E+009,7.302018254995346E-002,5.080576520413160E-004,2.159152030944824E-001,9.573950171470642E-001,7.302018254995346E-002,5.080576520413160E-004,2.159152030944824E-001,9.573950171470642E-001,
1.618700000000000E+009,9.136529266834259E-002,3.492575371637940E-003,2.417755573987961E-001,9.553752541542053E-001,9.136529266834259E-002,3.492575371637940E-003,2.417755573987961E-001,9.553752541542053E-001,
1.627066666666667E+009,1.065705418586731E-001,-5.471304524689913E-003,2.636463344097138E-001,9.410064220428467E-001,1.065705418586731E-001,-5.471304524689913E-003,2.636463344097138E-001,9.410064220428467E-001,
1.635433333333334E+009,1.144232600927353E-001,-1.955170370638371E-002,2.925753593444824E-001,9.425009489059448E-001,1.144232600927353E-001,-1.955170370638371E-002,2.925753593444824E-001,9.425009489059448E-001,
1.643800000000000E+009,1.140740513801575E-001,-3.937721997499466E-002,3.030647337436676E-001,9.331346750259399E-001,1.140740513801575E-001,-3.937721997499466E-002,3.030647337436676E-001,9.331346750259399E-001,
1.652166666666667E+009,1.044465899467468E-001,-5.661628767848015E-002,3.376494944095612E-001,9.217289686203003E-001,1.044465899467468E-001,-5.661628767848015E-002,3.376494944095612E-001,9.217289686203003E-001,
1.660533333333334E+009,8.952561020851135E-002,-6.517690420150757E-002,3.517613112926483E-001,9.183284640312195E-001,8.952561020851135E-002,-6.517690420150757E-002,3.517613112926483E-001,9.183284640312195E-001,
1.668900000000000E+009,7.297031581401825E-002,-6.436196714639664E-002,3.778161704540253E-001,9.048582315444946E-001,7.297031581401825E-002,-6.436196714639664E-002,3.778161704540253E-001,9.048582315444946E-001,
1.677266666666667E+009,6.155266612768173E-002,-5.716783180832863E-002,4.150027036666870E-001,8.976686000823975E-001,6.155266612768173E-002,-5.716783180832863E-002,4.150027036666870E-001,8.976686000823975E-001,
1.685633333333334E+009,5.877547711133957E-002,-4.241246357560158E-002,4.317884743213654E-001,8.874053359031677E-001,5.877547711133957E-002,-4.241246357560158E-002,4.317884743213654E-001,8.874053359031677E-001,
1.694000000000000E+009,6.361967325210571E-002,-3.041496872901917E-002,4.499331712722778E-001,8.745017051696777E-001,6.361967325210571E-002,-3.041496872901917E-002,4.499331712722778E-001,8.745017051696777E-001,
1.702366666666667E+009,7.581049203872681E-002,-2.088607661426067E-002,4.716713428497315E-001,8.666545152664185E-001,7.581049203872681E-002,-2.088607661426067E-002,4.716713428497315E-001,8.666545152664185E-001,
1.710733333333334E+009,9.242928028106690E-002,-1.950792409479618E-002,4.912591278553009E-001,8.467089533805847E-001,9.242928028106690E-002,-1.950792409479618E-002,4.912591278553009E-001,8.467089533805847E-001,
1.719100000000000E+009,1.064966171979904E-001,-2.879207581281662E-002,5.168089270591736E-001,8.293633460998535E-001,1.064966171979904E-001,-2.879207581281662E-002,5.168089270591736E-001,8.293633460998535E-001,
1.727466666666667E+009,1.154041662812233E-001,-4.357802495360375E-002,5.360571742057800E-001,8.202994465827942E-001,1.154041662812233E-001,-4.357802495360375E-002,5.360571742057800E-001,8.202994465827942E-001,
1.735833333333334E+009,1.146657690405846E-001,-6.192588433623314E-002,5.506760478019714E-001,8.041791319847107E-001,1.146657690405846E-001,-6.192588433623314E-002,5.506760478019714E-001,8.041791319847107E-001,
1.744200000000000E+009,1.052291467785835E-001,-8.031047880649567E-002,5.775361657142639E-001,7.818056344985962E-001,1.052291467785835E-001,-8.031047880649567E-002,5.775361657142639E-001,7.818056344985962E-001,
1.752566666666667E+009,9.172610193490982E-002,-9.225373715162277E-002,6.042956113815308E-001,7.762373685836792E-001,9.172610193490982E-002,-9.225373715162277E-002,6.042956113815308E-001,7.762373685836792E-001,
1.760933333333334E+009,7.496374845504761E-002,-9.734070301055908E-002,6.111406087875366E-001,7.622401714324951E-001,7.496374845504761E-002,-9.734070301055908E-002,6.111406087875366E-001,7.622401714324951E-001,
1.769300000000000E+009,6.014436483383179E-002,-9.538408368825913E-002,6.354601383209229E-001,7.551389932632446E-001,6.014436483383179E-002,-9.538408368825913E-002,6.354601383209229E-001,7.551389932632446E-001,
1.777666666666667E+009,5.082236602902412E-002,-8.511248230934143E-002,6.523228287696838E-001,7.437646985054016E-001,5.082236602902412E-002,-8.511248230934143E-002,6.523228287696838E-001,7.437646985054016E-001,
1.786033333333334E+009,4.900725930929184E-002,-7.551223039627075E-002,6.676200628280640E-001,7.123638391494751E-001,4.900725930929184E-002,-7.551223039627075E-002,6.676200628280640E-001,7.123638391494751E-001,
1.794400000000000E+009,5.519734323024750E-002,-6.350842863321304E-002,6.916666626930237E-001,6.965830922126770E-001,5.519734323024750E-002,-6.350842863321304E-002,6.916666626930237E-001,6.965830922126770E-001,
1.802766666666667E+009,6.252402812242508E-002,-5.879409983754158E-002,7.093250751495361E-001,6.787308454513550E-001,6.252402812242508E-002,-5.879409983754158E-002,7.093250751495361E-001,6.787308454513550E-001,
1.811133333333334E+009,7.192906737327576E-002,-5.765450373291969E-002,7.314604520797730E-001,6.574657559394836E-001,7.192906737327576E-002,-5.765450373291969E-002,7.314604520797730E-001,6.574657559394836E-001,
1.819500000000000E+009,8.130012452602387E-002,-6.318986415863037E-002,7.443239092826843E-001,6.308786869049072E-001,8.130012452602387E-002,-6.318986415863037E-002,7.443239092826843E-001,6.308786869049072E-001,
1.827866666666667E+009,8.584899455308914E-002,-7.344022393226624E-002,7.644636631011963E-001,6.185666918754578E-001,8.584899455308914E-002,-7.344022393226624E-002,7.644636631011963E-001,6.185666918754578E-001,
1.836233333333334E+009,8.158276230096817E-002,-8.520901948213577E-002,7.753081321716309E-001,6.006583571434021E-001,8.158276230096817E-002,-8.520901948213577E-002,7.753081321716309E-001,6.006583571434021E-001,
1.844600000000000E+009,7.333778589963913E-002,-9.479438513517380E-002,7.916154265403748E-001,5.939576029777527E-001,7.333778589963913E-002,-9.479438513517380E-002,7.916154265403748E-001,5.939576029777527E-001,
1.852966666666667E+009,6.349712610244751E-002,-1.008399873971939E-001,7.980598807334900E-001,5.599303245544434E-001,6.349712610244751E-002,-1.008399873971939E-001,7.980598807334900E-001,5.599303245544434E-001,
1.861333333333334E+009,5.291198566555977E-002,-1.047998219728470E-001,8.229566216468811E-001,5.381351113319397E-001,5.291198566555977E-002,-1.047998219728470E-001,8.229566216468811E-001,5.381351113319397E-001,
1.869700000000000E+009,4.528853669762611E-002,-9.862931817770004E-002,8.333239555358887E-001,5.201233029365540E-001,4.528853669762611E-002,-9.862931817770004E-002,8.333239555358887E-001,5.201233029365540E-001,
1.878066666666667E+009,4.156398773193359E-002,-9.411033242940903E-002,8.484978079795837E-001,5.062643289566040E-001,4.156398773193359E-002,-9.411033242940903E-002,8.484978079795837E-001,5.062643289566040E-001,
1.886433333333334E+009,4.283116757869721E-002,-8.685842156410217E-002,8.672218322753906E-001,4.777650833129883E-001,4.283116757869721E-002,-8.685842156410217E-002,8.672218322753906E-001,4.777650833129883E-001,
1.894800000000000E+009,5.085073038935661E-002,-8.234647661447525E-002,8.773958683013916E-001,4.570595026016235E-001,5.085073038935661E-002,-8.234647661447525E-002,8.773958683013916E-001,4.570595026016235E-001,
1.903166666666667E+009,5.899813026189804E-002,-7.927437126636505E-002,8.849213123321533E-001,4.268133640289307E-001,5.899813026189804E-002,-7.927437126636505E-002,8.849213123321533E-001,4.268133640289307E-001,
1.911533333333334E+009,6.709995120763779E-002,-8.563859015703201E-002,8.971617817878723E-001,3.988371193408966E-001,6.709995120763779E-002,-8.563859015703201E-002,8.971617817878723E-001,3.988371193408966E-001,
1.919900000000000E+009,7.213458418846130E-002,-9.444548934698105E-002,9.082761406898499E-001,3.822312355041504E-001,7.213458418846130E-002,-9.444548934698105E-002,9.082761406898499E-001,3.822312355041504E-001,
1.928266666666667E+009,7.365413010120392E-002,-1.054359227418900E-001,9.029091000556946E-001,3.448781967163086E-001,7.365413010120392E-002,-1.054359227418900E-001,9.029091000556946E-001,3.448781967163086E-001,
1.936633333333334E+009,6.592029333114624E-002,-1.185455024242401E-001,9.225080609321594E-001,3.332667350769043E-001,6.592029333114624E-002,-1.185455024242401E-001,9.225080609321594E-001,3.332667350769043E-001,
1.945000000000000E+009,5.421283841133118E-002,-1.276806294918060E-001,9.320348501205444E-001,3.097470402717590E-001,5.421283841133118E-002,-1.276806294918060E-001,9.320348501205444E-001,3.097470402717590E-001,
1.953366666666667E+009,4.100928083062172E-002,-1.340204775333405E-001,9.328085184097290E-001,2.903272509574890E-001,4.100928083062172E-002,-1.340204775333405E-001,9.328085184097290E-001,2.903272509574890E-001,
1.961733333333334E+009,2.496871538460255E-002,-1.305758804082871E-001,9.470435976982117E-001,2.669057250022888E-001,2.496871538460255E-002,-1.305758804082871E-001,9.470435976982117E-001,2.669057250022888E-001,
1.970100000000000E+009,1.322957500815392E-002,-1.241972744464874E-001,9.470415711402893E-001,2.438537627458572E-001,1.322957500815392E-002,-1.241972744464874E-001,9.470415711402893E-001,2.438537627458572E-001,
1.978466666666667E+009,9.266234934329987E-003,-1.129069179296494E-001,9.587895274162293E-001,2.148421853780747E-001,9.266234934329987E-003,-1.129069179296494E-001,9.587895274162293E-001,2.148421853780747E-001,
1.986833333333334E+009,1.218349579721689E-002,-1.030573472380638E-001,9.610428214073181E-001,1.942641735076904E-001,1.218349579721689E-002,-1.030573472380638E-001,9.610428214073181E-001,1.942641735076904E-001,
1.995200000000000E+009,2.349669858813286E-002,-9.666937589645386E-002,9.641233682632446E-001,1.760618686676025E-001,2.349669858813286E-002,-9.666937589645386E-002,9.641233682632446E-001,1.760618686676025E-001,
2.003566666666667E+009,3.603022545576096E-002,-9.690266847610474E-002,9.694348573684692E-001,1.358769983053207E-001,3.603022545576096E-002,-9.690266847610474E-002,9.694348573684692E-001,1.358769983053207E-001,
2.011933333333334E+009,4.780102148652077E-002,-1.055988445878029E-001,9.774796366691589E-001,1.123797595500946E-001,4.780102148652077E-002,-1.055988445878029E-001,9.774796366691589E-001,1.123797595500946E-001,
2.020300000000000E+009,5.413835868239403E-002,-1.174516454339027E-001,9.773786067962647E-001,7.939802855253220E-002,5.413835868239403E-002,-1.174516454339027E-001,9.773786067962647E-001,7.939802855253220E-002,
2.028666666666667E+009,5.126758664846420E-002,-1.333612054586411E-001,9.783978462219238E-001,6.327895820140839E-002,5.126758664846420E-002,-1.333612054586411E-001,9.783978462219238E-001,6.327895820140839E-002,
2.037033333333334E+009,3.869517147541046E-002,-1.499443054199219E-001,9.830078482627869E-001,3.706194460391998E-002,3.869517147541046E-002,-1.499443054199219E-001,9.830078482627869E-001,3.706194460391998E-002,
2.045400000000000E+009,2.142551168799400E-002,-1.579687446355820E-001,9.757167100906372E-001,2.115799114108086E-002,2.142551168799400E-002,-1.579687446355820E-001,9.757167100906372E-001,2.115799114108086E-002,
2.053766666666667E+009,1.241602731170133E-004,-1.579444855451584E-001,9.765383005142212E-001,-8.430991321802139E-003,1.241602731170133E-004,-1.579444855451584E-001,9.765383005142212E-001,-8.430991321802139E-003,
2.062133333333334E+009,-1.523607876151800E-002,-1.514925956726074E-001,9.808285236358643E-001,-3.376108035445213E-002,-1.523607876151800E-002,-1.514925956726074E-001,9.808285236358643E-001,-3.376108035445213E-002,
2.070500000000000E+009,-2.369077503681183E-002,-1.358740478754044E-001,9.813091158866882E-001,-5.834104865789414E-002,-2.369077503681183E-002,-1.358740478754044E-001,9.813091158866882E-001,-5.834104865789414E-002,
2.078866666666667E+009,-2.264990657567978E-002,-1.210996508598328E-001,9.743452072143555E-001,-8.286383748054504E-002,-2.264990657567978E-002,-1.210996508598328E-001,9.743452072143555E-001,-8.286383748054504E-002,
2.087233333333334E+009,-1.167005486786366E-002,-1.134073510766029E-001,9.737549424171448E-001,-1.140547841787338E-001,-1.167005486786366E-002,-1.134073510766029E-001,9.737549424171448E-001,-1.140547841787338E-001,
2.095600000000000E+009,3.628842066973448E-003,-1.113193705677986E-001,9.775669574737549E-001,-1.368474513292313E-001,3.628842066973448E-003,-1.113193705677986E-001,9.775669574737549E-001,-1.368474513292313E-001,
2.103966666666667E+009,1.734614558517933E-002,-1.224117428064346E-001,9.765557646751404E-001,-1.668817847967148E-001,1.734614558517933E-002,-1.224117428064346E-001,9.765557646751404E-001,-1.668817847967148E-001,
2.112333333333334E+009,2.411656081676483E-002,-1.382635086774826E-001,9.606115818023682E-001,-1.869230866432190E-001,2.411656081676483E-002,-1.382635086774826E-001,9.606115818023682E-001,-1.869230866432190E-001,
2.120700000000000E+009,2.072149515151978E-002,-1.618592739105225E-001,9.560053348541260E-001,-2.175312787294388E-001,2.072149515151978E-002,-1.618592739105225E-001,9.560053348541260E-001,-2.175312787294388E-001,
2.129066666666667E+009,4.086854401975870E-003,-1.776574105024338E-001,9.575003385543823E-001,-2.456138432025909E-001,4.086854401975870E-003,-1.776574105024338E-001,9.575003385543823E-001,-2.456138432025909E-001,
2.137433333333334E+009,-2.150117047131062E-002,-1.867527663707733E-001,9.367298483848572E-001,-2.626158893108368E-001,-2.150117047131062E-002,-1.867527663707733E-001,9.367298483848572E-001,-2.626158893108368E-001,
2.145800000000000E+009,-5.053295195102692E-002,-1.838696897029877E-001,9.347540736198425E-001,-2.864164113998413E-001,-5.053295195102692E-002,-1.838696897029877E-001,9.347540736198425E-001,-2.864164113998413E-001,
2.154166666666667E+009,-7.186152040958405E-002,-1.692484170198441E-001,9.274890422821045E-001,-3.008549511432648E-001,-7.186152040958405E-002,-1.692484170198441E-001,9.274890422821045E-001,-3.008549511432648E-001,
2.162533333333334E+009,-8.383638411760330E-002,-1.460725069046021E-001,9.071626663208008E-001,-3.258428275585175E-001,-8.383638411760330E-002,-1.460725069046021E-001,9.071626663208008E-001,-3.258428275585175E-001,
2.170900000000000E+009,-8.232704550027847E-002,-1.242355033755302E-001,9.151220321655273E-001,-3.524585962295532E-001,-8.232704550027847E-002,-1.242355033755302E-001,9.151220321655273E-001,-3.524585962295532E-001,
2.179266666666667E+009,-6.832993775606155E-002,-1.096223369240761E-001,9.051370620727539E-001,-3.705796003341675E-001,-6.832993775606155E-002,-1.096223369240761E-001,9.051370620727539E-001,-3.705796003341675E-001,
2.187633333333334E+009,-4.892067238688469E-002,-1.061654463410378E-001,8.981471657752991E-001,-4.067814648151398E-001,-4.892067238688469E-002,-1.061654463410378E-001,8.981471657752991E-001,-4.067814648151398E-001,
2.196000000000000E+009,-2.997224964201450E-002,-1.174419820308685E-001,8.788113594055176E-001,-4.266665875911713E-001,-2.997224964201450E-002,-1.174419820308685E-001,8.788113594055176E-001,-4.266665875911713E-001,
2.204366666666667E+009,-1.918736658990383E-002,-1.396571695804596E-001,8.701642155647278E-001,-4.524144530296326E-001,-1.918736658990383E-002,-1.396571695804596E-001,8.701642155647278E-001,-4.524144530296326E-001,
2.212733333333334E+009,-2.335247583687306E-002,-1.642235368490219E-001,8.520703315734863E-001,-4.811948537826538E-001,-2.335247583687306E-002,-1.642235368490219E-001,8.520703315734863E-001,-4.811948537826538E-001,
2.221100000000000E+009,-4.246240109205246E-002,-1.821079552173615E-001,8.286497592926025E-001,-4.915724694728851E-001,-4.246240109205246E-002,-1.821079552173615E-001,8.286497592926025E-001,-4.915724694728851E-001,
2.229466666666667E+009,-6.834664195775986E-002,-1.904452294111252E-001,8.216587901115418E-001,-5.026946663856506E-001,-6.834664195775986E-002,-1.904452294111252E-001,8.216587901115418E-001,-5.026946663856506E-001,
2.237833333333334E+009,-1.002099364995956E-001,-1.833438575267792E-001,8.115075826644898E-001,-5.299365520477295E-001,-1.002099364995956E-001,-1.833438575267792E-001,8.115075826644898E-001,-5.299365520477295E-001,
2.246200000000000E+009,-1.259129494428635E-001,-1.643696874380112E-001,7.970287203788757E-001,-5.483944416046143E-001,-1.259129494428635E-001,-1.643696874380112E-001,7.970287203788757E-001,-5.483944416046143E-001,
2.254566666666667E+009,-1.359575986862183E-001,-1.354413628578186E-001,7.884202599525452E-001,-5.618823766708374E-001,-1.359575986862183E-001,-1.354413628578186E-001,7.884202599525452E-001,-5.618823766708374E-001,
2.262933333333334E+009,-1.346807777881622E-001,-1.110559031367302E-001,7.750557661056519E-001,-5.842075347900391E-001,-1.346807777881622E-001,-1.110559031367302E-001,7.750557661056519E-001,-5.842075347900391E-001,
2.271300000000000E+009,-1.203318163752556E-001,-9.187917411327362E-002,7.588285803794861E-001,-6.046341657638550E-001,-1.203318163752556E-001,-9.187917411327362E-002,7.588285803794861E-001,-6.046341657638550E-001,
2.279666666666667E+009,-9.785372763872147E-002,-8.987189829349518E-002,7.473506927490234E-001,-6.260479688644409E-001,-9.785372763872147E-002,-8.987189829349518E-002,7.473506927490234E-001,-6.260479688644409E-001,
2.288033333333334E+009,-7.999753952026367E-002,-1.021260023117065E-001,7.295001149177551E-001,-6.564661264419556E-001,-7.999753952026367E-002,-1.021260023117065E-001,7.295001149177551E-001,-6.564661264419556E-001,
2.296400000000000E+009,-7.083196938037872E-002,-1.248084977269173E-001,7.057363390922546E-001,-6.754251718521118E-001,-7.083196938037872E-002,-1.248084977269173E-001,7.057363390922546E-001,-6.754251718521118E-001,
2.304766666666667E+009,-7.931005954742432E-002,-1.488715708255768E-001,6.900668740272522E-001,-6.832622289657593E-001,-7.931005954742432E-002,-1.488715708255768E-001,6.900668740272522E-001,-6.832622289657593E-001,
2.313133333333334E+009,-1.020257696509361E-001,-1.628404557704926E-001,6.619721055030823E-001,-7.123637199401856E-001,-1.020257696509361E-001,-1.628404557704926E-001,6.619721055030823E-001,-7.123637199401856E-001,
2.321500000000000E+009,-1.281230449676514E-001,-1.633489876985550E-001,6.456710100173950E-001,-7.174598574638367E-001,-1.281230449676514E-001,-1.633489876985550E-001,6.456710100173950E-001,-7.174598574638367E-001,
2.329866666666667E+009,-1.544533371925354E-001,-1.485314220190048E-001,6.372600793838501E-001,-7.335750460624695E-001,-1.544533371925354E-001,-1.485314220190048E-001,6.372600793838501E-001,-7.335750460624695E-001,
2.338233333333334E+009,-1.725729703903198E-001,-1.237508058547974E-001,6.095541715621948E-001,-7.487609982490540E-001,-1.725729703903198E-001,-1.237508058547974E-001,6.095541715621948E-001,-7.487609982490540E-001,
2.346600000000000E+009,-1.757290512323380E-001,-9.141157567501068E-002,5.932291746139526E-001,-7.646497488021851E-001,-1.757290512323380E-001,-9.141157567501068E-002,5.932291746139526E-001,-7.646497488021851E-001,
2.354966666666667E+009,-1.623982936143875E-001,-6.838396191596985E-002,5.854674577713013E-001,-7.757418751716614E-001,-1.623982936143875E-001,-6.838396191596985E-002,5.854674577713013E-001,-7.757418751716614E-001,
2.363333333333334E+009,-1.406684368848801E-001,-5.811318010091782E-002,5.667200088500977E-001,-7.967754006385803E-001,-1.406684368848801E-001,-5.811318010091782E-002,5.667200088500977E-001,-7.967754006385803E-001,
2.371700000000000E+009,-1.141120493412018E-001,-6.399184465408325E-002,5.462476015090942E-001,-8.163268566131592E-001,-1.141120493412018E-001,-6.399184465408325E-002,5.462476015090942E-001,-8.163268566131592E-001,
2.380066666666667E+009,-9.891951829195023E-002,-8.809180557727814E-002,5.143603682518005E-001,-8.322936892509460E-001,-9.891951829195023E-002,-8.809180557727814E-002,5.143603682518005E-001,-8.322936892509460E-001,
2.388433333333334E+009,-1.015542075037956E-001,-1.188323274254799E-001,4.920019507408142E-001,-8.375631570816040E-001,-1.015542075037956E-001,-1.188323274254799E-001,4.920019507408142E-001,-8.375631570816040E-001,
2.396800000000000E+009,-1.213943362236023E-001,-1.464387178421021E-001,4.559217989444733E-001,-8.540335297584534E-001,-1.213943362236023E-001,-1.464387178421021E-001,4.559217989444733E-001,-8.540335297584534E-001,
2.405166666666667E+009,-1.546593308448792E-001,-1.625291258096695E-001,4.357047080993652E-001,-8.641722202301025E-001,-1.546593308448792E-001,-1.625291258096695E-001,4.357047080993652E-001,-8.641722202301025E-001,
2.413533333333334E+009,-1.958067864179611E-001,-1.539092361927033E-001,4.108521938323975E-001,-8.636615872383118E-001,-1.958067864179611E-001,-1.539092361927033E-001,4.108521938323975E-001,-8.636615872383118E-001,
2.421900000000000E+009,-2.315316945314407E-001,-1.295270919799805E-001,4.008260071277618E-001,-8.735836744308472E-001,-2.315316945314407E-001,-1.295270919799805E-001,4.008260071277618E-001,-8.735836744308472E-001,
2.430266666666667E+009,-2.481226325035095E-001,-9.109590202569962E-002,3.777954280376434E-001,-8.792922496795654E-001,-2.481226325035095E-001,-9.109590202569962E-002,3.777954280376434E-001,-8.792922496795654E-001,
2.438633333333334E+009,-2.525687813758850E-001,-4.542822390794754E-002,3.628387749195099E-001,-8.884903788566589E-001,-2.525687813758850E-001,-4.542822390794754E-002,3.628387749195099E-001,-8.884903788566589E-001,
2.447000000000000E+009,-2.330144196748734E-001,-7.162320893257856E-003,3.423401713371277E-001,-9.038378000259399E-001,-2.330144196748734E-001,-7.162320893257856E-003,3.423401713371277E-001,-9.038378000259399E-001,
2.455366666666667E+009,-2.012452334165573E-001,1.388988737016916E-002,3.245261609554291E-001,-9.122080802917481E-001,-2.012452334165573E-001,1.388988737016916E-002,3.245261609554291E-001,-9.122080802917481E-001,
2.463733333333334E+009,-1.671122908592224E-001,1.518756989389658E-002,2.990317344665527E-001,-9.290639162063599E-001,-1.671122908592224E-001,1.518756989389658E-002,2.990317344665527E-001,-9.290639162063599E-001,
2.472100000000000E+009,-1.414836347103119E-001,-4.272773396223784E-003,2.730097174644470E-001,-9.394862651824951E-001,-1.414836347103119E-001,-4.272773396223784E-003,2.730097174644470E-001,-9.394862651824951E-001,
2.480466666666667E+009,-1.338806897401810E-001,-3.490132093429565E-002,2.370465844869614E-001,-9.411971569061279E-001,-1.338806897401810E-001,-3.490132093429565E-002,2.370465844869614E-001,-9.411971569061279E-001,
2.488833333333334E+009,-1.462006270885468E-001,-6.491793692111969E-002,2.132079154253006E-001,-9.494529366493225E-001,-1.462006270885468E-001,-6.491793692111969E-002,2.132079154253006E-001,-9.494529366493225E-001,
2.497200000000000E+009,-1.721037030220032E-001,-8.127532899379730E-002,1.854522228240967E-001,-9.547758698463440E-001,-1.721037030220032E-001,-8.127532899379730E-002,1.854522228240967E-001,-9.547758698463440E-001,
2.505566666666667E+009,-2.088807076215744E-001,-7.794268429279327E-002,1.520943194627762E-001,-9.534209370613098E-001,-2.088807076215744E-001,-7.794268429279327E-002,1.520943194627762E-001,-9.534209370613098E-001,
2.513933333333334E+009,-2.365432530641556E-001,-5.562697723507881E-002,1.341548264026642E-001,-9.493515491485596E-001,-2.365432530641556E-001,-5.562697723507881E-002,1.341548264026642E-001,-9.493515491485596E-001,
2.522300000000000E+009,-2.512692213058472E-001,-2.347304113209248E-002,1.109314933419228E-001,-9.502175450325012E-001,-2.512692213058472E-001,-2.347304113209248E-002,1.109314933419228E-001,-9.502175450325012E-001,
2.530666666666667E+009,-2.463648170232773E-001,1.528696902096272E-002,8.685576915740967E-002,-9.563521742820740E-001,-2.463648170232773E-001,1.528696902096272E-002,8.685576915740967E-002,-9.563521742820740E-001,
2.539033333333334E+009,-2.265153676271439E-001,4.668409749865532E-002,7.126137614250183E-002,-9.583033323287964E-001,-2.265153676271439E-001,4.668409749865532E-002,7.126137614250183E-002,-9.583033323287964E-001,
2.547400000000000E+009,-1.952030807733536E-001,6.366641074419022E-002,5.462952703237534E-002,-9.693763256072998E-001,-1.952030807733536E-001,6.366641074419022E-002,5.462952703237534E-002,-9.693763256072998E-001,
2.555766666666667E+009,-1.624687463045120E-001,6.125476583838463E-002,2.464362233877182E-002,-9.767798185348511E-001,-1.624687463045120E-001,6.125476583838463E-002,2.464362233877182E-002,-9.767798185348511E-001,
2.564133333333334E+009,-1.423059105873108E-001,3.941493108868599E-002,-8.357939077541232E-004,-9.702650308609009E-001,-1.423059105873108E-001,3.941493108868599E-002,-8.357939077541232E-004,-9.702650308609009E-001,
2.572500000000000E+009,-1.403898447751999E-001,1.034456491470337E-002,-3.329974040389061E-002,-9.721115231513977E-001,-1.403898447751999E-001,1.034456491470337E-002,-3.329974040389061E-002,-9.721115231513977E-001,
2.580866666666667E+009,-1.561361700296402E-001,-1.582471095025539E-002,-6.410740315914154E-002,-9.727476239204407E-001,-1.561361700296402E-001,-1.582471095025539E-002,-6.410740315914154E-002,-9.727476239204407E-001,
2.589233333333334E+009,-1.893158107995987E-001,-2.816474251449108E-002,-9.710792452096939E-002,-9.607139825820923E-001,-1.893158107995987E-001,-2.816474251449108E-002,-9.710792452096939E-002,-9.607139825820923E-001,
2.597600000000000E+009,-2.231032252311707E-001,-2.278414927423000E-002,-1.208637431263924E-001,-9.534744620323181E-001,-2.231032252311707E-001,-2.278414927423000E-002,-1.208637431263924E-001,-9.534744620323181E-001,
2.605966666666667E+009,-2.515250146389008E-001,3.253376577049494E-003,-1.349232941865921E-001,-9.534422755241394E-001,-2.515250146389008E-001,3.253376577049494E-003,-1.349232941865921E-001,-9.534422755241394E-001,
2.614333333333334E+009,-2.624310255050659E-001,3.769602999091148E-002,-1.574893891811371E-001,-9.402592778205872E-001,-2.624310255050659E-001,3.769602999091148E-002,-1.574893891811371E-001,-9.402592778205872E-001,
2.622700000000000E+009,-2.550729811191559E-001,7.888639718294144E-002,-1.772493720054627E-001,-9.315724372863770E-001,-2.550729811191559E-001,7.888639718294144E-002,-1.772493720054627E-001,-9.315724372863770E-001,
2.631066666666667E+009,-2.316473275423050E-001,1.116197183728218E-001,-1.998008787631989E-001,-9.431564807891846E-001,-2.316473275423050E-001,1.116197183728218E-001,-1.998008787631989E-001,-9.431564807891846E-001,
2.639433333333334E+009,-1.968375593423843E-001,1.262785941362381E-001,-2.160219550132752E-001,-9.343001246452332E-001,-1.968375593423843E-001,1.262785941362381E-001,-2.160219550132752E-001,-9.343001246452332E-001,
2.647800000000000E+009,-1.611599773168564E-001,1.240842118859291E-001,-2.422722429037094E-001,-9.335386753082275E-001,-1.611599773168564E-001,1.240842118859291E-001,-2.422722429037094E-001,-9.335386753082275E-001,
2.656166666666667E+009,-1.384466439485550E-001,1.048794314265251E-001,-2.660944461822510E-001,-9.377189278602600E-001,-1.384466439485550E-001,1.048794314265251E-001,-2.660944461822510E-001,-9.377189278602600E-001,
2.664533333333334E+009,-1.327483206987381E-001,7.816441357135773E-002,-3.016160130500794E-001,-9.195830821990967E-001,-1.327483206987381E-001,7.816441357135773E-002,-3.016160130500794E-001,-9.195830821990967E-001,
2.672900000000000E+009,-1.473777592182159E-001,5.362217500805855E-002,-3.240515887737274E-001,-9.156407117843628E-001,-1.473777592182159E-001,5.362217500805855E-002,-3.240515887737274E-001,-9.156407117843628E-001,
2.681266666666667E+009,-1.754459291696549E-001,4.369001835584641E-002,-3.534374535083771E-001,-8.993632197380066E-001,-1.754459291696549E-001,4.369001835584641E-002,-3.534374535083771E-001,-8.993632197380066E-001,
2.689633333333334E+009,-2.073794305324554E-001,5.024351924657822E-002,-3.743585348129273E-001,-8.889527916908264E-001,-2.073794305324554E-001,5.024351924657822E-002,-3.743585348129273E-001,-8.889527916908264E-001,
2.698000000000000E+009,-2.306559234857559E-001,7.486509531736374E-002,-3.874021470546722E-001,-8.714367151260376E-001,-2.306559234857559E-001,7.486509531736374E-002,-3.874021470546722E-001,-8.714367151260376E-001,
2.706366666666667E+009,-2.378299236297607E-001,1.117170974612236E-001,-4.110776782035828E-001,-8.557755947113037E-001,-2.378299236297607E-001,1.117170974612236E-001,-4.110776782035828E-001,-8.557755947113037E-001,
2.714733333333334E+009,-2.283071130514145E-001,1.457233130931854E-001,-4.228616952896118E-001,-8.524454236030579E-001,-2.283071130514145E-001,1.457233130931854E-001,-4.228616952896118E-001,-8.524454236030579E-001,
2.723100000000000E+009,-2.004759013652802E-001,1.746454089879990E-001,-4.397708475589752E-001,-8.421790003776550E-001,-2.004759013652802E-001,1.746454089879990E-001,-4.397708475589752E-001,-8.421790003776550E-001,
2.731466666666667E+009,-1.611427664756775E-001,1.886715739965439E-001,-4.645128846168518E-001,-8.365345001220703E-001,-1.611427664756775E-001,1.886715739965439E-001,-4.645128846168518E-001,-8.365345001220703E-001,
2.739833333333334E+009,-1.251413971185684E-001,1.823246926069260E-001,-4.850540757179260E-001,-8.261359930038452E-001,-1.251413971185684E-001,1.823246926069260E-001,-4.850540757179260E-001,-8.261359930038452E-001,
2.748200000000000E+009,-9.966328740119934E-002,1.622949242591858E-001,-5.089924931526184E-001,-8.209623694419861E-001,-9.966328740119934E-002,1.622949242591858E-001,-5.089924931526184E-001,-8.209623694419861E-001,
2.756566666666667E+009,-9.165716171264648E-002,1.334571242332459E-001,-5.378242135047913E-001,-8.116211891174316E-001,-9.165716171264648E-002,1.334571242332459E-001,-5.378242135047913E-001,-8.116211891174316E-001,
2.764933333333334E+009,-1.029541492462158E-001,1.070266142487526E-001,-5.682791471481323E-001,-7.979174256324768E-001,-1.029541492462158E-001,1.070266142487526E-001,-5.682791471481323E-001,-7.979174256324768E-001,
2.773300000000000E+009,-1.279581189155579E-001,9.249964356422424E-002,-5.880529880523682E-001,-7.747304439544678E-001,-1.279581189155579E-001,9.249964356422424E-002,-5.880529880523682E-001,-7.747304439544678E-001,
2.781666666666667E+009,-1.607688069343567E-001,9.961087256669998E-002,-6.053282618522644E-001,-7.525222301483154E-001,-1.607688069343567E-001,9.961087256669998E-002,-6.053282618522644E-001,-7.525222301483154E-001,
2.790033333333334E+009,-1.847939938306809E-001,1.210762560367584E-001,-6.216548085212708E-001,-7.346264719963074E-001,-1.847939938306809E-001,1.210762560367584E-001,-6.216548085212708E-001,-7.346264719963074E-001,
2.798400000000000E+009,-1.941768974065781E-001,1.552910208702087E-001,-6.364524364471436E-001,-7.195345759391785E-001,-1.941768974065781E-001,1.552910208702087E-001,-6.364524364471436E-001,-7.195345759391785E-001,
2.806766666666667E+009,-1.825362294912338E-001,1.904365420341492E-001,-6.457384824752808E-001,-6.962588429450989E-001,-1.825362294912338E-001,1.904365420341492E-001,-6.457384824752808E-001,-6.962588429450989E-001,
2.815133333333334E+009,-1.564500331878662E-001,2.148464918136597E-001,-6.593038439750671E-001,-6.858709454536438E-001,-1.564500331878662E-001,2.148464918136597E-001,-6.593038439750671E-001,-6.858709454536438E-001,
2.823500000000000E+009,-1.189641952514648E-001,2.266099900007248E-001,-6.761419177055359E-001,-6.756871938705444E-001,-1.189641952514648E-001,2.266099900007248E-001,-6.761419177055359E-001,-6.756871938705444E-001,
2.831866666666667E+009,-8.244439959526062E-002,2.175398021936417E-001,-6.909090280532837E-001,-6.611601114273071E-001,-8.244439959526062E-002,2.175398021936417E-001,-6.909090280532837E-001,-6.611601114273071E-001,
2.840233333333334E+009,-5.477116256952286E-002,1.959463357925415E-001,-7.182628512382507E-001,-6.496914029121399E-001,-5.477116256952286E-002,1.959463357925415E-001,-7.182628512382507E-001,-6.496914029121399E-001,
2.848600000000000E+009,-4.491214081645012E-002,1.659352779388428E-001,-7.357657551765442E-001,-6.272881627082825E-001,-4.491214081645012E-002,1.659352779388428E-001,-7.357657551765442E-001,-6.272881627082825E-001,
2.856966666666667E+009,-5.509846284985542E-002,1.389735043048859E-001,-7.573965191841126E-001,-6.108412146568298E-001,-5.509846284985542E-002,1.389735043048859E-001,-7.573965191841126E-001,-6.108412146568298E-001,
2.865333333333334E+009,-8.120698481798172E-002,1.248365864157677E-001,-7.786867022514343E-001,-5.907657742500305E-001,-8.120698481798172E-002,1.248365864157677E-001,-7.786867022514343E-001,-5.907657742500305E-001,
2.873700000000000E+009,-1.122959107160568E-001,1.293597966432571E-001,-7.938115000724793E-001,-5.529396533966065E-001,-1.122959107160568E-001,1.293597966432571E-001,-7.938115000724793E-001,-5.529396533966065E-001,
2.882066666666667E+009,-1.369889080524445E-001,1.514965593814850E-001,-7.987879514694214E-001,-5.264836549758911E-001,-1.369889080524445E-001,1.514965593814850E-001,-7.987879514694214E-001,-5.264836549758911E-001,
2.890433333333334E+009,-1.469603478908539E-001,1.874718815088272E-001,-8.089644312858582E-001,-5.079650282859802E-001,-1.469603478908539E-001,1.874718815088272E-001,-8.089644312858582E-001,-5.079650282859802E-001,
2.898800000000000E+009,-1.352507174015045E-001,2.242194414138794E-001,-8.115409612655640E-001,-4.921724498271942E-001,-1.352507174015045E-001,2.242194414138794E-001,-8.115409612655640E-001,-4.921724498271942E-001,
2.907166666666667E+009,-1.064819470047951E-001,2.505384683609009E-001,-8.173561096191406E-001,-4.773941338062286E-001,-1.064819470047951E-001,2.505384683609009E-001,-8.173561096191406E-001,-4.773941338062286E-001,
2.915533333333334E+009,-6.637273728847504E-002,2.613925039768219E-001,-8.290980458259583E-001,-4.560059010982513E-001,-6.637273728847504E-002,2.613925039768219E-001,-8.290980458259583E-001,-4.560059010982513E-001,
2.923900000000000E+009,-2.788056991994381E-002,2.526546418666840E-001,-8.421083688735962E-001,-4.469135403633118E-001,-2.788056991994381E-002,2.526546418666840E-001,-8.421083688735962E-001,-4.469135403633118E-001,
2.932266666666667E+009,2.380136167630553E-003,2.278595417737961E-001,-8.570531606674194E-001,-4.326156973838806E-001,2.380136167630553E-003,2.278595417737961E-001,-8.570531606674194E-001,-4.326156973838806E-001,
2.940633333333334E+009,1.393228210508823E-002,1.931277513504028E-001,-8.733119964599609E-001,-4.062513411045075E-001,1.393228210508823E-002,1.931277513504028E-001,-8.733119964599609E-001,-4.062513411045075E-001,
2.949000000000000E+009,5.224399734288454E-003,1.582980602979660E-001,-8.971130251884460E-001,-3.755942285060883E-001,5.224399734288454E-003,1.582980602979660E-001,-8.971130251884460E-001,-3.755942285060883E-001,
2.957366666666667E+009,-2.033641003072262E-002,1.394635587930679E-001,-9.081827998161316E-001,-3.571135997772217E-001,-2.033641003072262E-002,1.394635587930679E-001,-9.081827998161316E-001,-3.571135997772217E-001,
2.965733333333334E+009,-5.479521676898003E-002,1.417008191347122E-001,-9.200861454010010E-001,-3.243647217750549E-001,-5.479521676898003E-002,1.417008191347122E-001,-9.200861454010010E-001,-3.243647217750549E-001,
2.974100000000000E+009,-7.933534681797028E-002,1.640832424163818E-001,-9.222318530082703E-001,-2.871459424495697E-001,-7.933534681797028E-002,1.640832424163818E-001,-9.222318530082703E-001,-2.871459424495697E-001,
2.982466666666667E+009,-8.947446942329407E-002,1.997940838336945E-001,-9.259962439537048E-001,-2.603766620159149E-001,-8.947446942329407E-002,1.997940838336945E-001,-9.259962439537048E-001,-2.603766620159149E-001,
2.990833333333334E+009,-7.893227040767670E-002,2.375362664461136E-001,-9.188603758811951E-001,-2.435598671436310E-001,-7.893227040767670E-002,2.375362664461136E-001,-9.188603758811951E-001,-2.435598671436310E-001,
2.999200000000000E+009,-4.851220175623894E-002,2.647314965724945E-001,-9.191960692405701E-001,-2.264230698347092E-001,-4.851220175623894E-002,2.647314965724945E-001,-9.191960692405701E-001,-2.264230698347092E-001,
3.007566666666667E+009,-7.754968944936991E-003,2.755729854106903E-001,-9.226108789443970E-001,-2.083311527967453E-001,-7.754968944936991E-003,2.755729854106903E-001,-9.226108789443970E-001,-2.083311527967453E-001,
3.015933333333334E+009,3.491014242172241E-002,2.631795704364777E-001,-9.271892309188843E-001,-1.949787586927414E-001,3.491014242172241E-002,2.631795704364777E-001,-9.271892309188843E-001,-1.949787586927414E-001,
3.024300000000000E+009,6.549715995788574E-002,2.359209060668945E-001,-9.381132721900940E-001,-1.771052032709122E-001,6.549715995788574E-002,2.359209060668945E-001,-9.381132721900940E-001,-1.771052032709122E-001,
3.032666666666667E+009,7.717286795377731E-002,1.949223279953003E-001,-9.524164199829102E-001,-1.537038534879684E-001,7.717286795377731E-002,1.949223279953003E-001,-9.524164199829102E-001,-1.537038534879684E-001,
3.041033333333334E+009,6.523274630308151E-002,1.569435298442841E-001,-9.637148380279541E-001,-1.284520030021668E-001,6.523274630308151E-002,1.569435298442841E-001,-9.637148380279541E-001,-1.284520030021668E-001,
3.049400000000000E+009,3.486447036266327E-002,1.349578946828842E-001,-9.684138894081116E-001,-8.872833102941513E-002,3.486447036266327E-002,1.349578946828842E-001,-9.684138894081116E-001,-8.872833102941513E-002,
3.057766666666667E+009,-2.039471641182900E-003,1.359744071960449E-001,-9.760451316833496E-001,-6.806180626153946E-002,-2.039471641182900E-003,1.359744071960449E-001,-9.760451316833496E-001,-6.806180626153946E-002,
3.066133333333334E+009,-3.282126411795616E-002,1.585516631603241E-001,-9.658253192901611E-001,-2.492112107574940E-002,-3.282126411795616E-002,1.585516631603241E-001,-9.658253192901611E-001,-2.492112107574940E-002,
3.074500000000000E+009,-4.403381794691086E-002,1.989497691392899E-001,-9.646341800689697E-001,2.687437692657113E-003,-4.403381794691086E-002,1.989497691392899E-001,-9.646341800689697E-001,2.687437692657113E-003,
3.082866666666667E+009,-2.928117662668228E-002,2.396026700735092E-001,-9.542627930641174E-001,2.421930991113186E-002,-2.928117662668228E-002,2.396026700735092E-001,-9.542627930641174E-001,2.421930991113186E-002,
3.091233333333334E+009,5.963991396129131E-003,2.705992162227631E-001,-9.451556801795960E-001,4.444821178913117E-002,5.963991396129131E-003,2.705992162227631E-001,-9.451556801795960E-001,4.444821178913117E-002,
3.099600000000000E+009,5.411776527762413E-002,2.802358567714691E-001,-9.385672807693481E-001,5.549205094575882E-002,5.411776527762413E-002,2.802358567714691E-001,-9.385672807693481E-001,5.549205094575882E-002,
3.107966666666667E+009,1.045392602682114E-001,2.638673782348633E-001,-9.412515759468079E-001,6.938793510198593E-002,1.045392602682114E-001,2.638673782348633E-001,-9.412515759468079E-001,6.938793510198593E-002,
3.116333333333334E+009,1.404507160186768E-001,2.276780158281326E-001,-9.430427551269531E-001,8.777718245983124E-002,1.404507160186768E-001,2.276780158281326E-001,-9.430427551269531E-001,8.777718245983124E-002,
3.124700000000000E+009,1.521992832422257E-001,1.786040663719177E-001,-9.529803991317749E-001,1.059577688574791E-001,1.521992832422257E-001,1.786040663719177E-001,-9.529803991317749E-001,1.059577688574791E-001,
3.133066666666667E+009,1.385741233825684E-001,1.325537860393524E-001,-9.610968232154846E-001,1.391336917877197E-001,1.385741233825684E-001,1.325537860393524E-001,-9.610968232154846E-001,1.391336917877197E-001,
3.141433333333334E+009,1.035791561007500E-001,1.006860435009003E-001,-9.634873270988464E-001,1.670498251914978E-001,1.035791561007500E-001,1.006860435009003E-001,-9.634873270988464E-001,1.670498251914978E-001,
3.149800000000000E+009,5.532670766115189E-002,9.628520905971527E-002,-9.618232846260071E-001,2.095812261104584E-001,5.532670766115189E-002,9.628520905971527E-002,-9.618232846260071E-001,2.095812261104584E-001,
3.158166666666667E+009,1.532060094177723E-002,1.214741691946983E-001,-9.459859132766724E-001,2.413148581981659E-001,1.532060094177723E-002,1.214741691946983E-001,-9.459859132766724E-001,2.413148581981659E-001,
3.166533333333334E+009,-2.826400101184845E-003,1.649070829153061E-001,-9.321132302284241E-001,2.697946727275848E-001,-2.826400101184845E-003,1.649070829153061E-001,-9.321132302284241E-001,2.697946727275848E-001,
3.174900000000000E+009,6.573379039764404E-003,2.123477607965469E-001,-9.154822230339050E-001,2.945268154144287E-001,6.573379039764404E-003,2.123477607965469E-001,-9.154822230339050E-001,2.945268154144287E-001,
3.183266666666667E+009,4.284750670194626E-002,2.492779791355133E-001,-8.967648744583130E-001,3.106827437877655E-001,4.284750670194626E-002,2.492779791355133E-001,-8.967648744583130E-001,3.106827437877655E-001,
3.191633333333334E+009,9.250349551439285E-002,2.602738440036774E-001,-8.809266090393066E-001,3.214258253574371E-001,9.250349551439285E-002,2.602738440036774E-001,-8.809266090393066E-001,3.214258253574371E-001,
3.200000000000000E+009,1.435105502605438E-001,2.435002475976944E-001,-8.788671493530273E-001,3.307387232780457E-001,1.435105502605438E-001,2.435002475976944E-001,-8.788671493530273E-001,3.307387232780457E-001,
