% Version 1.00
%
%freq[Hz],re:Trc1_S11,im:Trc1_S11,re:Trc2_S21,im:Trc2_S21,re:Trc3_S11,im:Trc3_S11,re:Trc4_S21,im:Trc4_S21,
6.900000000000000E+008,-5.705674365162849E-002,7.890680432319641E-002,-4.758776426315308E-001,-8.570128679275513E-001,-5.705674365162849E-002,7.890680432319641E-002,-4.758776426315308E-001,-8.570128679275513E-001,
6.983666666666666E+008,-4.827798530459404E-002,7.970838993787766E-002,-4.928051829338074E-001,-8.404102325439453E-001,-4.827798530459404E-002,7.970838993787766E-002,-4.928051829338074E-001,-8.404102325439453E-001,
7.067333333333334E+008,-4.060985147953033E-002,7.717464864253998E-002,-5.230696797370911E-001,-8.172646760940552E-001,-4.060985147953033E-002,7.717464864253998E-002,-5.230696797370911E-001,-8.172646760940552E-001,
7.151000000000000E+008,-4.026465490460396E-002,6.804690510034561E-002,-5.341069698333740E-001,-8.085039258003235E-001,-4.026465490460396E-002,6.804690510034561E-002,-5.341069698333740E-001,-8.085039258003235E-001,
7.234666666666666E+008,-3.857153281569481E-002,6.221244111657143E-002,-5.726156830787659E-001,-7.968724370002747E-001,-3.857153281569481E-002,6.221244111657143E-002,-5.726156830787659E-001,-7.968724370002747E-001,
7.318333333333334E+008,-4.520420357584953E-002,5.881090462207794E-002,-5.812382102012634E-001,-7.946951389312744E-001,-4.520420357584953E-002,5.881090462207794E-002,-5.812382102012634E-001,-7.946951389312744E-001,
7.402000000000000E+008,-5.132488533854485E-002,6.026869267225266E-002,-6.095697283744812E-001,-7.673363089561462E-001,-5.132488533854485E-002,6.026869267225266E-002,-6.095697283744812E-001,-7.673363089561462E-001,
7.485666666666666E+008,-5.564084276556969E-002,6.515110284090042E-002,-6.339532136917114E-001,-7.300990819931030E-001,-5.564084276556969E-002,6.515110284090042E-002,-6.339532136917114E-001,-7.300990819931030E-001,
7.569333333333334E+008,-5.551135912537575E-002,7.315225899219513E-002,-6.483925580978394E-001,-7.309809327125549E-001,-5.551135912537575E-002,7.315225899219513E-002,-6.483925580978394E-001,-7.309809327125549E-001,
7.653000000000000E+008,-5.150562152266502E-002,8.175627887248993E-002,-6.571282744407654E-001,-7.221388816833496E-001,-5.150562152266502E-002,8.175627887248993E-002,-6.571282744407654E-001,-7.221388816833496E-001,
7.736666666666666E+008,-4.250463843345642E-002,9.012982249259949E-002,-6.815002560615540E-001,-7.199364900588989E-001,-4.250463843345642E-002,9.012982249259949E-002,-6.815002560615540E-001,-7.199364900588989E-001,
7.820333333333334E+008,-3.533882275223732E-002,9.369284659624100E-002,-7.045090794563294E-001,-6.937581896781921E-001,-3.533882275223732E-002,9.369284659624100E-002,-7.045090794563294E-001,-6.937581896781921E-001,
7.904000000000000E+008,-2.497779577970505E-002,9.199102967977524E-002,-7.171853184700012E-001,-6.710114479064941E-001,-2.497779577970505E-002,9.199102967977524E-002,-7.171853184700012E-001,-6.710114479064941E-001,
7.987666666666666E+008,-1.626706495881081E-002,8.727604150772095E-002,-7.310811281204224E-001,-6.514022946357727E-001,-1.626706495881081E-002,8.727604150772095E-002,-7.310811281204224E-001,-6.514022946357727E-001,
8.071333333333334E+008,-1.516808569431305E-002,8.289065212011337E-002,-7.459666728973389E-001,-6.375170350074768E-001,-1.516808569431305E-002,8.289065212011337E-002,-7.459666728973389E-001,-6.375170350074768E-001,
8.155000000000000E+008,-1.854334771633148E-002,7.551471889019013E-002,-7.565490603446960E-001,-5.912940502166748E-001,-1.854334771633148E-002,7.551471889019013E-002,-7.565490603446960E-001,-5.912940502166748E-001,
8.238666666666666E+008,-2.164665423333645E-002,7.250310480594635E-002,-7.897011041641235E-001,-5.968641042709351E-001,-2.164665423333645E-002,7.250310480594635E-002,-7.897011041641235E-001,-5.968641042709351E-001,
8.322333333333334E+008,-2.933335304260254E-002,7.390252500772476E-002,-7.989037632942200E-001,-5.668779015541077E-001,-2.933335304260254E-002,7.390252500772476E-002,-7.989037632942200E-001,-5.668779015541077E-001,
8.406000000000000E+008,-3.248691186308861E-002,7.711027562618256E-002,-8.152232766151428E-001,-5.513304471969605E-001,-3.248691186308861E-002,7.711027562618256E-002,-8.152232766151428E-001,-5.513304471969605E-001,
8.489666666666668E+008,-3.251040354371071E-002,8.511559665203095E-002,-8.329200148582459E-001,-5.299152731895447E-001,-3.251040354371071E-002,8.511559665203095E-002,-8.329200148582459E-001,-5.299152731895447E-001,
8.573333333333334E+008,-2.835083752870560E-002,9.172365069389343E-002,-8.359922766685486E-001,-5.132367014884949E-001,-2.835083752870560E-002,9.172365069389343E-002,-8.359922766685486E-001,-5.132367014884949E-001,
8.657000000000000E+008,-2.099145576357842E-002,9.999180585145950E-002,-8.541013598442078E-001,-4.803448319435120E-001,-2.099145576357842E-002,9.999180585145950E-002,-8.541013598442078E-001,-4.803448319435120E-001,
8.740666666666668E+008,-1.107437722384930E-002,1.048649176955223E-001,-8.465490937232971E-001,-4.643548727035523E-001,-1.107437722384930E-002,1.048649176955223E-001,-8.465490937232971E-001,-4.643548727035523E-001,
8.824333333333334E+008,-6.940664607100189E-004,1.028582081198692E-001,-8.822960257530212E-001,-4.344566464424133E-001,-6.940664607100189E-004,1.028582081198692E-001,-8.822960257530212E-001,-4.344566464424133E-001,
8.908000000000000E+008,8.477167226374149E-003,1.025156080722809E-001,-8.923454284667969E-001,-4.314978718757629E-001,8.477167226374149E-003,1.025156080722809E-001,-8.923454284667969E-001,-4.314978718757629E-001,
8.991666666666668E+008,1.227449253201485E-002,9.518590569496155E-002,-9.066371917724609E-001,-4.042277038097382E-001,1.227449253201485E-002,9.518590569496155E-002,-9.066371917724609E-001,-4.042277038097382E-001,
9.075333333333334E+008,1.393965631723404E-002,8.998580276966095E-002,-8.996924161911011E-001,-3.751191496849060E-001,1.393965631723404E-002,8.998580276966095E-002,-8.996924161911011E-001,-3.751191496849060E-001,
9.159000000000000E+008,1.280288863927126E-002,8.386054635047913E-002,-9.134290218353272E-001,-3.664884567260742E-001,1.280288863927126E-002,8.386054635047913E-002,-9.134290218353272E-001,-3.664884567260742E-001,
9.242666666666668E+008,8.721127174794674E-003,7.795017957687378E-002,-9.241455793380737E-001,-3.427852094173431E-001,8.721127174794674E-003,7.795017957687378E-002,-9.241455793380737E-001,-3.427852094173431E-001,
9.326333333333334E+008,4.872919060289860E-003,7.899866998195648E-002,-9.333273768424988E-001,-3.060073852539063E-001,4.872919060289860E-003,7.899866998195648E-002,-9.333273768424988E-001,-3.060073852539063E-001,
9.410000000000000E+008,1.887653779704124E-004,8.376076072454453E-002,-9.374124407768250E-001,-2.781730294227600E-001,1.887653779704124E-004,8.376076072454453E-002,-9.374124407768250E-001,-2.781730294227600E-001,
9.493666666666668E+008,-5.669315578415990E-004,8.940176665782929E-002,-9.413325786590576E-001,-2.705712914466858E-001,-5.669315578415990E-004,8.940176665782929E-002,-9.413325786590576E-001,-2.705712914466858E-001,
9.577333333333334E+008,4.111940506845713E-003,9.624432772397995E-002,-9.688686728477478E-001,-2.283646166324616E-001,4.111940506845713E-003,9.624432772397995E-002,-9.688686728477478E-001,-2.283646166324616E-001,
9.661000000000000E+008,1.287107076495886E-002,1.022428944706917E-001,-9.544479250907898E-001,-2.115275263786316E-001,1.287107076495886E-002,1.022428944706917E-001,-9.544479250907898E-001,-2.115275263786316E-001,
9.744666666666668E+008,2.299364469945431E-002,1.065398305654526E-001,-9.666737318038940E-001,-1.829961985349655E-001,2.299364469945431E-002,1.065398305654526E-001,-9.666737318038940E-001,-1.829961985349655E-001,
9.828333333333334E+008,3.691631183028221E-002,1.032411307096481E-001,-9.635145068168640E-001,-1.567978262901306E-001,3.691631183028221E-002,1.032411307096481E-001,-9.635145068168640E-001,-1.567978262901306E-001,
9.912000000000000E+008,4.664990305900574E-002,9.914620220661163E-002,-9.723609685897827E-001,-1.468151509761810E-001,4.664990305900574E-002,9.914620220661163E-002,-9.723609685897827E-001,-1.468151509761810E-001,
9.995666666666668E+008,5.200389400124550E-002,8.864369988441467E-002,-9.781522154808044E-001,-1.093912869691849E-001,5.200389400124550E-002,8.864369988441467E-002,-9.781522154808044E-001,-1.093912869691849E-001,
1.007933333333333E+009,5.286481231451035E-002,8.029444515705109E-002,-9.880425930023193E-001,-9.173361957073212E-002,5.286481231451035E-002,8.029444515705109E-002,-9.880425930023193E-001,-9.173361957073212E-002,
1.016300000000000E+009,4.742296785116196E-002,6.985465437173843E-002,-9.833928942680359E-001,-6.620241701602936E-002,4.742296785116196E-002,6.985465437173843E-002,-9.833928942680359E-001,-6.620241701602936E-002,
1.024666666666667E+009,3.877955675125122E-002,6.800125539302826E-002,-9.875355362892151E-001,-4.339466616511345E-002,3.877955675125122E-002,6.800125539302826E-002,-9.875355362892151E-001,-4.339466616511345E-002,
1.033033333333333E+009,3.188248351216316E-002,6.748730689287186E-002,-9.670394062995911E-001,-2.561831846833229E-003,3.188248351216316E-002,6.748730689287186E-002,-9.670394062995911E-001,-2.561831846833229E-003,
1.041400000000000E+009,2.736339531838894E-002,7.292204350233078E-002,-9.764670729637146E-001,2.024998329579830E-002,2.736339531838894E-002,7.292204350233078E-002,-9.764670729637146E-001,2.024998329579830E-002,
1.049766666666667E+009,2.659305185079575E-002,8.070894330739975E-002,-9.833303093910217E-001,4.121981188654900E-002,2.659305185079575E-002,8.070894330739975E-002,-9.833303093910217E-001,4.121981188654900E-002,
1.058133333333333E+009,3.379493951797485E-002,8.818088471889496E-002,-9.768431186676025E-001,6.802067905664444E-002,3.379493951797485E-002,8.818088471889496E-002,-9.768431186676025E-001,6.802067905664444E-002,
1.066500000000000E+009,4.717674106359482E-002,9.313455224037170E-002,-9.663692116737366E-001,9.412080049514771E-002,4.717674106359482E-002,9.313455224037170E-002,-9.663692116737366E-001,9.412080049514771E-002,
1.074866666666667E+009,5.903567373752594E-002,8.857019245624542E-002,-9.726835489273071E-001,1.236825510859489E-001,5.903567373752594E-002,8.857019245624542E-002,-9.726835489273071E-001,1.236825510859489E-001,
1.083233333333334E+009,7.164325565099716E-002,8.358058333396912E-002,-9.691355228424072E-001,1.416269242763519E-001,7.164325565099716E-002,8.358058333396912E-002,-9.691355228424072E-001,1.416269242763519E-001,
1.091600000000000E+009,7.662860304117203E-002,7.057410478591919E-002,-9.621012806892395E-001,1.758921444416046E-001,7.662860304117203E-002,7.057410478591919E-002,-9.621012806892395E-001,1.758921444416046E-001,
1.099966666666667E+009,7.831487804651260E-002,5.682529881596565E-002,-9.578546881675720E-001,1.897195726633072E-001,7.831487804651260E-002,5.682529881596565E-002,-9.578546881675720E-001,1.897195726633072E-001,
1.108333333333334E+009,7.053806632757187E-002,4.641548544168472E-002,-9.719541072845459E-001,2.155626416206360E-001,7.053806632757187E-002,4.641548544168472E-002,-9.719541072845459E-001,2.155626416206360E-001,
1.116700000000000E+009,5.898443609476090E-002,4.473556950688362E-002,-9.588692188262940E-001,2.520160973072052E-001,5.898443609476090E-002,4.473556950688362E-002,-9.588692188262940E-001,2.520160973072052E-001,
1.125066666666667E+009,4.636256024241447E-002,4.493049904704094E-002,-9.419366717338562E-001,2.697432637214661E-001,4.636256024241447E-002,4.493049904704094E-002,-9.419366717338562E-001,2.697432637214661E-001,
1.133433333333334E+009,3.539279103279114E-002,5.626023560762405E-002,-9.388049840927124E-001,2.890388965606690E-001,3.539279103279114E-002,5.626023560762405E-002,-9.388049840927124E-001,2.890388965606690E-001,
1.141800000000000E+009,3.560520708560944E-002,6.823434680700302E-002,-9.288893938064575E-001,3.141566216945648E-001,3.560520708560944E-002,6.823434680700302E-002,-9.288893938064575E-001,3.141566216945648E-001,
1.150166666666667E+009,4.153899848461151E-002,8.066036552190781E-002,-9.201612472534180E-001,3.480682373046875E-001,4.153899848461151E-002,8.066036552190781E-002,-9.201612472534180E-001,3.480682373046875E-001,
1.158533333333334E+009,5.937105044722557E-002,8.761066943407059E-002,-9.103716015815735E-001,3.699285686016083E-001,5.937105044722557E-002,8.761066943407059E-002,-9.103716015815735E-001,3.699285686016083E-001,
1.166900000000000E+009,7.866086810827255E-002,8.579006791114807E-002,-9.012886881828308E-001,3.937469124794006E-001,7.866086810827255E-002,8.579006791114807E-002,-9.012886881828308E-001,3.937469124794006E-001,
1.175266666666667E+009,9.439147263765335E-002,7.538884133100510E-002,-8.802140355110169E-001,4.075112938880920E-001,9.439147263765335E-002,7.538884133100510E-002,-8.802140355110169E-001,4.075112938880920E-001,
1.183633333333334E+009,1.068567261099815E-001,5.958333611488342E-002,-8.742526769638062E-001,4.361453354358673E-001,1.068567261099815E-001,5.958333611488342E-002,-8.742526769638062E-001,4.361453354358673E-001,
1.192000000000000E+009,1.088385432958603E-001,4.172677919268608E-002,-8.713040947914124E-001,4.619308710098267E-001,1.088385432958603E-001,4.172677919268608E-002,-8.713040947914124E-001,4.619308710098267E-001,
1.200366666666667E+009,9.906607121229172E-002,2.366220951080322E-002,-8.570660948753357E-001,4.789047837257385E-001,9.906607121229172E-002,2.366220951080322E-002,-8.570660948753357E-001,4.789047837257385E-001,
1.208733333333334E+009,8.169777691364288E-002,1.403689011931419E-002,-8.528700470924377E-001,5.085983872413635E-001,8.169777691364288E-002,1.403689011931419E-002,-8.528700470924377E-001,5.085983872413635E-001,
1.217100000000000E+009,6.324126571416855E-002,1.537849195301533E-002,-8.231214880943298E-001,5.259625315666199E-001,6.324126571416855E-002,1.537849195301533E-002,-8.231214880943298E-001,5.259625315666199E-001,
1.225466666666667E+009,5.111817643046379E-002,2.606220357120037E-002,-8.238241076469421E-001,5.497510433197022E-001,5.111817643046379E-002,2.606220357120037E-002,-8.238241076469421E-001,5.497510433197022E-001,
1.233833333333334E+009,4.874464124441147E-002,4.096474871039391E-002,-8.045363426208496E-001,5.706058740615845E-001,4.874464124441147E-002,4.096474871039391E-002,-8.045363426208496E-001,5.706058740615845E-001,
1.242200000000000E+009,5.432170629501343E-002,5.492011830210686E-002,-7.767181992530823E-001,5.870223045349121E-001,5.432170629501343E-002,5.492011830210686E-002,-7.767181992530823E-001,5.870223045349121E-001,
1.250566666666667E+009,6.880227476358414E-002,6.457980722188950E-002,-7.802354693412781E-001,6.190267205238342E-001,6.880227476358414E-002,6.457980722188950E-002,-7.802354693412781E-001,6.190267205238342E-001,
1.258933333333334E+009,8.950870484113693E-002,6.479457020759583E-002,-7.566351294517517E-001,6.270050406455994E-001,8.950870484113693E-002,6.479457020759583E-002,-7.566351294517517E-001,6.270050406455994E-001,
1.267300000000000E+009,1.073361933231354E-001,5.196800455451012E-002,-7.331121563911438E-001,6.432082056999207E-001,1.073361933231354E-001,5.196800455451012E-002,-7.331121563911438E-001,6.432082056999207E-001,
1.275666666666667E+009,1.181688457727432E-001,3.426410630345345E-002,-7.307302355766296E-001,6.500081419944763E-001,1.181688457727432E-001,3.426410630345345E-002,-7.307302355766296E-001,6.500081419944763E-001,
1.284033333333334E+009,1.195659562945366E-001,1.124550495296717E-002,-6.978879570960999E-001,7.003811001777649E-001,1.195659562945366E-001,1.124550495296717E-002,-6.978879570960999E-001,7.003811001777649E-001,
1.292400000000000E+009,1.075380071997643E-001,-7.136971689760685E-003,-6.971117258071899E-001,6.989827752113342E-001,1.075380071997643E-001,-7.136971689760685E-003,-6.971117258071899E-001,6.989827752113342E-001,
1.300766666666667E+009,8.919985592365265E-002,-1.568334549665451E-002,-6.775691509246826E-001,7.178499102592468E-001,8.919985592365265E-002,-1.568334549665451E-002,-6.775691509246826E-001,7.178499102592468E-001,
1.309133333333334E+009,6.869814544916153E-002,-1.356921717524529E-002,-6.633399128913879E-001,7.453696131706238E-001,6.869814544916153E-002,-1.356921717524529E-002,-6.633399128913879E-001,7.453696131706238E-001,
1.317500000000000E+009,5.408183857798576E-002,-2.090036403387785E-003,-6.298951506614685E-001,7.720321416854858E-001,5.408183857798576E-002,-2.090036403387785E-003,-6.298951506614685E-001,7.720321416854858E-001,
1.325866666666667E+009,4.857250303030014E-002,1.399309094995260E-002,-6.150601506233215E-001,7.696971297264099E-001,4.857250303030014E-002,1.399309094995260E-002,-6.150601506233215E-001,7.696971297264099E-001,
1.334233333333334E+009,5.511558800935745E-002,3.221150115132332E-002,-5.911822915077210E-001,7.844356894493103E-001,5.511558800935745E-002,3.221150115132332E-002,-5.911822915077210E-001,7.844356894493103E-001,
1.342600000000000E+009,7.178954780101776E-002,3.742239996790886E-002,-5.772740840911865E-001,8.024734258651733E-001,7.178954780101776E-002,3.742239996790886E-002,-5.772740840911865E-001,8.024734258651733E-001,
1.350966666666667E+009,8.963637053966522E-002,3.617071360349655E-002,-5.477141737937927E-001,8.191738128662109E-001,8.963637053966522E-002,3.617071360349655E-002,-5.477141737937927E-001,8.191738128662109E-001,
1.359333333333334E+009,1.053867414593697E-001,2.308455109596252E-002,-5.294910073280335E-001,8.286349773406982E-001,1.053867414593697E-001,2.308455109596252E-002,-5.294910073280335E-001,8.286349773406982E-001,
1.367700000000000E+009,1.120915114879608E-001,1.744762063026428E-003,-5.114080905914307E-001,8.399526476860046E-001,1.120915114879608E-001,1.744762063026428E-003,-5.114080905914307E-001,8.399526476860046E-001,
1.376066666666667E+009,1.061278879642487E-001,-2.149133384227753E-002,-4.857740402221680E-001,8.506791591644287E-001,1.061278879642487E-001,-2.149133384227753E-002,-4.857740402221680E-001,8.506791591644287E-001,
1.384433333333334E+009,9.075768291950226E-002,-3.553097695112228E-002,-4.758543074131012E-001,8.625227212905884E-001,9.075768291950226E-002,-3.553097695112228E-002,-4.758543074131012E-001,8.625227212905884E-001,
1.392800000000000E+009,6.723089516162872E-002,-3.915487229824066E-002,-4.550125896930695E-001,8.693860173225403E-001,6.723089516162872E-002,-3.915487229824066E-002,-4.550125896930695E-001,8.693860173225403E-001,
1.401166666666667E+009,4.909090325236321E-002,-3.142753615975380E-002,-4.210506677627564E-001,8.976908326148987E-001,4.909090325236321E-002,-3.142753615975380E-002,-4.210506677627564E-001,8.976908326148987E-001,
1.409533333333334E+009,3.614755719900131E-002,-1.150352973490953E-002,-3.981584310531616E-001,9.075834751129150E-001,3.614755719900131E-002,-1.150352973490953E-002,-3.981584310531616E-001,9.075834751129150E-001,
1.417900000000000E+009,3.491324186325073E-002,9.380383417010307E-003,-3.578293919563294E-001,8.992453813552856E-001,3.491324186325073E-002,9.380383417010307E-003,-3.578293919563294E-001,8.992453813552856E-001,
1.426266666666667E+009,4.547258466482163E-002,2.775358594954014E-002,-3.540048301219940E-001,9.305543899536133E-001,4.547258466482163E-002,2.775358594954014E-002,-3.540048301219940E-001,9.305543899536133E-001,
1.434633333333334E+009,6.433499604463577E-002,3.469786047935486E-002,-3.211908340454102E-001,9.245872497558594E-001,6.433499604463577E-002,3.469786047935486E-002,-3.211908340454102E-001,9.245872497558594E-001,
1.443000000000000E+009,8.713917434215546E-002,3.145099431276321E-002,-2.943286299705505E-001,9.365472197532654E-001,8.713917434215546E-002,3.145099431276321E-002,-2.943286299705505E-001,9.365472197532654E-001,
1.451366666666667E+009,1.026980206370354E-001,1.491221692413092E-002,-2.769681513309479E-001,9.430354237556458E-001,1.026980206370354E-001,1.491221692413092E-002,-2.769681513309479E-001,9.430354237556458E-001,
1.459733333333334E+009,1.083429753780365E-001,-6.738143041729927E-003,-2.611867189407349E-001,9.459838271141052E-001,1.083429753780365E-001,-6.738143041729927E-003,-2.611867189407349E-001,9.459838271141052E-001,
1.468100000000000E+009,1.019128635525703E-001,-2.843404747545719E-002,-2.245999872684479E-001,9.524009227752686E-001,1.019128635525703E-001,-2.843404747545719E-002,-2.245999872684479E-001,9.524009227752686E-001,
1.476466666666667E+009,8.573758602142334E-002,-4.272279515862465E-002,-2.058083266019821E-001,9.677633643150330E-001,8.573758602142334E-002,-4.272279515862465E-002,-2.058083266019821E-001,9.677633643150330E-001,
1.484833333333334E+009,6.372188776731491E-002,-4.588907212018967E-002,-1.714642792940140E-001,9.694526791572571E-001,6.372188776731491E-002,-4.588907212018967E-002,-1.714642792940140E-001,9.694526791572571E-001,
1.493200000000000E+009,4.651052132248879E-002,-3.679543733596802E-002,-1.575501114130020E-001,9.721676111221314E-001,4.651052132248879E-002,-3.679543733596802E-002,-1.575501114130020E-001,9.721676111221314E-001,
1.501566666666667E+009,3.589764982461929E-002,-1.804419234395027E-002,-1.231644153594971E-001,9.748294353485107E-001,3.589764982461929E-002,-1.804419234395027E-002,-1.231644153594971E-001,9.748294353485107E-001,
1.509933333333334E+009,3.594154119491577E-002,4.216874949634075E-003,-1.095670759677887E-001,9.809062480926514E-001,3.594154119491577E-002,4.216874949634075E-003,-1.095670759677887E-001,9.809062480926514E-001,
1.518300000000000E+009,5.108348280191422E-002,1.983492821455002E-002,-7.888871431350708E-002,9.865047931671143E-001,5.108348280191422E-002,1.983492821455002E-002,-7.888871431350708E-002,9.865047931671143E-001,
1.526666666666667E+009,7.088723778724670E-002,2.578682079911232E-002,-4.461159929633141E-002,9.769593477249146E-001,7.088723778724670E-002,2.578682079911232E-002,-4.461159929633141E-002,9.769593477249146E-001,
1.535033333333334E+009,9.148015826940537E-002,2.180695161223412E-002,-2.427311614155769E-002,9.902401566505432E-001,9.148015826940537E-002,2.180695161223412E-002,-2.427311614155769E-002,9.902401566505432E-001,
1.543400000000000E+009,1.045966893434525E-001,5.037693306803703E-003,-3.960231784731150E-003,9.813646674156189E-001,1.045966893434525E-001,5.037693306803703E-003,-3.960231784731150E-003,9.813646674156189E-001,
1.551766666666667E+009,1.067589372396469E-001,-1.818180084228516E-002,2.058701775968075E-002,9.767614603042603E-001,1.067589372396469E-001,-1.818180084228516E-002,2.058701775968075E-002,9.767614603042603E-001,
1.560133333333334E+009,1.004273071885109E-001,-3.914197161793709E-002,4.135331138968468E-002,9.841886758804321E-001,1.004273071885109E-001,-3.914197161793709E-002,4.135331138968468E-002,9.841886758804321E-001,
1.568500000000000E+009,8.507046103477478E-002,-5.163728445768356E-002,5.876579880714417E-002,9.854408502578735E-001,8.507046103477478E-002,-5.163728445768356E-002,5.876579880714417E-002,9.854408502578735E-001,
1.576866666666667E+009,6.468131393194199E-002,-5.305934324860573E-002,9.953511506319046E-002,9.760170578956604E-001,6.468131393194199E-002,-5.305934324860573E-002,9.953511506319046E-002,9.760170578956604E-001,
1.585233333333334E+009,5.102523788809776E-002,-4.402656480669975E-002,1.153471916913986E-001,9.771993756294251E-001,5.102523788809776E-002,-4.402656480669975E-002,1.153471916913986E-001,9.771993756294251E-001,
1.593600000000000E+009,4.276084899902344E-002,-2.949224971234798E-002,1.454316228628159E-001,9.702762961387634E-001,4.276084899902344E-002,-2.949224971234798E-002,1.454316228628159E-001,9.702762961387634E-001,
1.601966666666667E+009,4.535609856247902E-002,-1.056754309684038E-002,1.643266975879669E-001,9.701776504516602E-001,4.535609856247902E-002,-1.056754309684038E-002,1.643266975879669E-001,9.701776504516602E-001,
1.610333333333334E+009,5.763559043407440E-002,1.507674227468669E-003,1.980412453413010E-001,9.628994464874268E-001,5.763559043407440E-002,1.507674227468669E-003,1.980412453413010E-001,9.628994464874268E-001,
1.618700000000000E+009,7.572193443775177E-002,4.957001656293869E-003,2.245867997407913E-001,9.575781822204590E-001,7.572193443775177E-002,4.957001656293869E-003,2.245867997407913E-001,9.575781822204590E-001,
1.627066666666667E+009,9.114236384630203E-002,-2.293672179803252E-003,2.447882443666458E-001,9.490853548049927E-001,9.114236384630203E-002,-2.293672179803252E-003,2.447882443666458E-001,9.490853548049927E-001,
1.635433333333334E+009,1.000444293022156E-001,-1.538918260484934E-002,2.741116285324097E-001,9.446895718574524E-001,1.000444293022156E-001,-1.538918260484934E-002,2.741116285324097E-001,9.446895718574524E-001,
1.643800000000000E+009,1.007823646068573E-001,-3.451867401599884E-002,2.865130901336670E-001,9.366371631622315E-001,1.007823646068573E-001,-3.451867401599884E-002,2.865130901336670E-001,9.366371631622315E-001,
1.652166666666667E+009,9.153696894645691E-002,-5.082700774073601E-002,3.217144310474396E-001,9.269319176673889E-001,9.153696894645691E-002,-5.082700774073601E-002,3.217144310474396E-001,9.269319176673889E-001,
1.660533333333334E+009,7.773803174495697E-002,-5.882365629076958E-002,3.355501294136047E-001,9.232682585716248E-001,7.773803174495697E-002,-5.882365629076958E-002,3.355501294136047E-001,9.232682585716248E-001,
1.668900000000000E+009,6.167250499129295E-002,-5.738978460431099E-002,3.596387803554535E-001,9.099841713905335E-001,6.167250499129295E-002,-5.738978460431099E-002,3.596387803554535E-001,9.099841713905335E-001,
1.677266666666667E+009,4.901043325662613E-002,-4.939385131001473E-002,4.001940786838532E-001,9.024194478988648E-001,4.901043325662613E-002,-4.939385131001473E-002,4.001940786838532E-001,9.024194478988648E-001,
1.685633333333334E+009,4.625580832362175E-002,-3.435126319527626E-002,4.154435396194458E-001,8.944040536880493E-001,4.625580832362175E-002,-3.435126319527626E-002,4.154435396194458E-001,8.944040536880493E-001,
1.694000000000000E+009,5.023752897977829E-002,-2.179730311036110E-002,4.332734942436218E-001,8.799547553062439E-001,5.023752897977829E-002,-2.179730311036110E-002,4.332734942436218E-001,8.799547553062439E-001,
1.702366666666667E+009,6.243538111448288E-002,-1.112302672117949E-002,4.587379395961762E-001,8.729520440101624E-001,6.243538111448288E-002,-1.112302672117949E-002,4.587379395961762E-001,8.729520440101624E-001,
1.710733333333334E+009,7.897076010704041E-002,-8.286210708320141E-003,4.753803610801697E-001,8.524768948554993E-001,7.897076010704041E-002,-8.286210708320141E-003,4.753803610801697E-001,8.524768948554993E-001,
1.719100000000000E+009,9.470661729574204E-002,-1.647732593119144E-002,5.035377740859985E-001,8.375754952430725E-001,9.470661729574204E-002,-1.647732593119144E-002,5.035377740859985E-001,8.375754952430725E-001,
1.727466666666667E+009,1.035488918423653E-001,-3.112590499222279E-002,5.198118686676025E-001,8.314107656478882E-001,1.035488918423653E-001,-3.112590499222279E-002,5.198118686676025E-001,8.314107656478882E-001,
1.735833333333334E+009,1.047514528036118E-001,-4.822792485356331E-002,5.403723716735840E-001,8.139731884002686E-001,1.047514528036118E-001,-4.822792485356331E-002,5.403723716735840E-001,8.139731884002686E-001,
1.744200000000000E+009,9.658960998058319E-002,-6.689218431711197E-002,5.636615157127380E-001,7.937332391738892E-001,9.658960998058319E-002,-6.689218431711197E-002,5.636615157127380E-001,7.937332391738892E-001,
1.752566666666667E+009,8.433742076158524E-002,-7.880287617444992E-002,5.932638049125671E-001,7.864419817924500E-001,8.433742076158524E-002,-7.880287617444992E-002,5.932638049125671E-001,7.864419817924500E-001,
1.760933333333334E+009,6.902747601270676E-002,-8.297045528888702E-002,5.977613925933838E-001,7.744402885437012E-001,6.902747601270676E-002,-8.297045528888702E-002,5.977613925933838E-001,7.744402885437012E-001,
1.769300000000000E+009,5.397877842187882E-002,-8.082959800958633E-002,6.279969811439514E-001,7.628022432327271E-001,5.397877842187882E-002,-8.082959800958633E-002,6.279969811439514E-001,7.628022432327271E-001,
1.777666666666667E+009,4.539627954363823E-002,-6.993055343627930E-002,6.390108466148377E-001,7.514432072639465E-001,4.539627954363823E-002,-6.993055343627930E-002,6.390108466148377E-001,7.514432072639465E-001,
1.786033333333334E+009,4.384481906890869E-002,-5.974821746349335E-002,6.557317376136780E-001,7.211214900016785E-001,4.384481906890869E-002,-5.974821746349335E-002,6.557317376136780E-001,7.211214900016785E-001,
1.794400000000000E+009,4.993887245655060E-002,-4.736370220780373E-002,6.778418421745300E-001,7.077619433403015E-001,4.993887245655060E-002,-4.736370220780373E-002,6.778418421745300E-001,7.077619433403015E-001,
1.802766666666667E+009,5.733530595898628E-002,-4.158449918031693E-002,6.952660679817200E-001,6.880584359169006E-001,5.733530595898628E-002,-4.158449918031693E-002,6.952660679817200E-001,6.880584359169006E-001,
1.811133333333334E+009,6.751510500907898E-002,-4.092294350266457E-002,7.213947176933289E-001,6.676589846611023E-001,6.751510500907898E-002,-4.092294350266457E-002,7.213947176933289E-001,6.676589846611023E-001,
1.819500000000000E+009,7.730700820684433E-002,-4.591402038931847E-002,7.328729033470154E-001,6.411153078079224E-001,7.730700820684433E-002,-4.591402038931847E-002,7.328729033470154E-001,6.411153078079224E-001,
1.827866666666667E+009,8.297671377658844E-002,-5.575805157423019E-002,7.535409927368164E-001,6.301569342613220E-001,8.297671377658844E-002,-5.575805157423019E-002,7.535409927368164E-001,6.301569342613220E-001,
1.836233333333334E+009,8.042616397142410E-002,-6.763681769371033E-002,7.629231214523315E-001,6.136695742607117E-001,8.042616397142410E-002,-6.763681769371033E-002,7.629231214523315E-001,6.136695742607117E-001,
1.844600000000000E+009,7.336160540580750E-002,-7.710715383291245E-002,7.820464968681335E-001,6.037664413452148E-001,7.336160540580750E-002,-7.710715383291245E-002,7.820464968681335E-001,6.037664413452148E-001,
1.852966666666667E+009,6.468512117862701E-002,-8.291719108819962E-002,7.895079851150513E-001,5.699433088302612E-001,6.468512117862701E-002,-8.291719108819962E-002,7.895079851150513E-001,5.699433088302612E-001,
1.861333333333334E+009,5.516561120748520E-002,-8.629372715950012E-002,8.122413754463196E-001,5.519976019859314E-001,5.516561120748520E-002,-8.629372715950012E-002,8.122413754463196E-001,5.519976019859314E-001,
1.869700000000000E+009,4.763271659612656E-002,-8.109855651855469E-002,8.272379040718079E-001,5.300462245941162E-001,4.763271659612656E-002,-8.109855651855469E-002,8.272379040718079E-001,5.300462245941162E-001,
1.878066666666667E+009,4.500763118267059E-002,-7.574710994958878E-002,8.407407402992249E-001,5.182336568832398E-001,4.500763118267059E-002,-7.574710994958878E-002,8.407407402992249E-001,5.182336568832398E-001,
1.886433333333334E+009,4.678240790963173E-002,-6.796408444643021E-002,8.601372838020325E-001,4.899219870567322E-001,4.678240790963173E-002,-6.796408444643021E-002,8.601372838020325E-001,4.899219870567322E-001,
1.894800000000000E+009,5.486924946308136E-002,-6.324014067649841E-002,8.707154393196106E-001,4.695374667644501E-001,5.486924946308136E-002,-6.324014067649841E-002,8.707154393196106E-001,4.695374667644501E-001,
1.903166666666667E+009,6.343396753072739E-002,-6.022657081484795E-002,8.816913366317749E-001,4.391221106052399E-001,6.343396753072739E-002,-6.022657081484795E-002,8.816913366317749E-001,4.391221106052399E-001,
1.911533333333334E+009,7.213428616523743E-002,-6.568870693445206E-002,8.872327208518982E-001,4.113052487373352E-001,7.213428616523743E-002,-6.568870693445206E-002,8.872327208518982E-001,4.113052487373352E-001,
1.919900000000000E+009,7.823172956705093E-002,-7.516901940107346E-002,9.029237627983093E-001,3.965426087379456E-001,7.823172956705093E-002,-7.516901940107346E-002,9.029237627983093E-001,3.965426087379456E-001,
1.928266666666667E+009,8.056724816560745E-002,-8.624397963285446E-002,8.986667394638062E-001,3.580247461795807E-001,8.056724816560745E-002,-8.624397963285446E-002,8.986667394638062E-001,3.580247461795807E-001,
1.936633333333334E+009,7.454127818346024E-002,-9.971495717763901E-002,9.152507781982422E-001,3.510327041149139E-001,7.454127818346024E-002,-9.971495717763901E-002,9.152507781982422E-001,3.510327041149139E-001,
1.945000000000000E+009,6.443160772323608E-002,-1.091823428869247E-001,9.276541471481323E-001,3.227918446063995E-001,6.443160772323608E-002,-1.091823428869247E-001,9.276541471481323E-001,3.227918446063995E-001,
1.953366666666667E+009,5.253559350967407E-002,-1.157492399215698E-001,9.287773370742798E-001,3.018848896026611E-001,5.253559350967407E-002,-1.157492399215698E-001,9.287773370742798E-001,3.018848896026611E-001,
1.961733333333334E+009,3.711724653840065E-002,-1.136511117219925E-001,9.445966482162476E-001,2.791805267333984E-001,3.711724653840065E-002,-1.136511117219925E-001,9.445966482162476E-001,2.791805267333984E-001,
1.970100000000000E+009,2.699825540184975E-002,-1.078176498413086E-001,9.455470442771912E-001,2.583664059638977E-001,2.699825540184975E-002,-1.078176498413086E-001,9.455470442771912E-001,2.583664059638977E-001,
1.978466666666667E+009,2.348505705595017E-002,-9.655796736478806E-002,9.557172656059265E-001,2.262505441904068E-001,2.348505705595017E-002,-9.655796736478806E-002,9.557172656059265E-001,2.262505441904068E-001,
1.986833333333334E+009,2.633547037839890E-002,-8.590618520975113E-002,9.565504789352417E-001,2.062085717916489E-001,2.633547037839890E-002,-8.590618520975113E-002,9.565504789352417E-001,2.062085717916489E-001,
1.995200000000000E+009,3.801431879401207E-002,-7.974813133478165E-002,9.606619477272034E-001,1.882758587598801E-001,3.801431879401207E-002,-7.974813133478165E-002,9.606619477272034E-001,1.882758587598801E-001,
2.003566666666667E+009,5.186748132109642E-002,-7.953953742980957E-002,9.680487513542175E-001,1.519678235054016E-001,5.186748132109642E-002,-7.953953742980957E-002,9.680487513542175E-001,1.519678235054016E-001,
2.011933333333334E+009,6.375608593225479E-002,-8.847129344940186E-002,9.746326804161072E-001,1.238866150379181E-001,6.375608593225479E-002,-8.847129344940186E-002,9.746326804161072E-001,1.238866150379181E-001,
2.020300000000000E+009,7.087870687246323E-002,-1.007175967097282E-001,9.762341976165772E-001,9.269554167985916E-002,7.087870687246323E-002,-1.007175967097282E-001,9.762341976165772E-001,9.269554167985916E-002,
2.028666666666667E+009,6.861658394336700E-002,-1.178155913949013E-001,9.763318300247192E-001,7.714750617742539E-002,6.861658394336700E-002,-1.178155913949013E-001,9.763318300247192E-001,7.714750617742539E-002,
2.037033333333334E+009,5.805612727999687E-002,-1.350752562284470E-001,9.786177873611450E-001,4.884773865342140E-002,5.805612727999687E-002,-1.350752562284470E-001,9.786177873611450E-001,4.884773865342140E-002,
2.045400000000000E+009,4.109350591897965E-002,-1.446529477834702E-001,9.744288325309753E-001,3.164588660001755E-002,4.109350591897965E-002,-1.446529477834702E-001,9.744288325309753E-001,3.164588660001755E-002,
2.053766666666667E+009,2.128593251109123E-002,-1.458774209022522E-001,9.768403768539429E-001,4.599057137966156E-003,2.128593251109123E-002,-1.458774209022522E-001,9.768403768539429E-001,4.599057137966156E-003,
2.062133333333334E+009,5.934050772339106E-003,-1.402676105499268E-001,9.811282753944397E-001,-2.106186375021935E-002,5.934050772339106E-003,-1.402676105499268E-001,9.811282753944397E-001,-2.106186375021935E-002,
2.070500000000000E+009,-1.568777253851295E-003,-1.256782412528992E-001,9.803044199943543E-001,-4.799596965312958E-002,-1.568777253851295E-003,-1.256782412528992E-001,9.803044199943543E-001,-4.799596965312958E-002,
2.078866666666667E+009,4.517369088716805E-004,-1.108873412013054E-001,9.765242934226990E-001,-6.995899975299835E-002,4.517369088716805E-004,-1.108873412013054E-001,9.765242934226990E-001,-6.995899975299835E-002,
2.087233333333334E+009,1.111998222768307E-002,-1.033660992980003E-001,9.759733676910400E-001,-1.052239686250687E-001,1.111998222768307E-002,-1.033660992980003E-001,9.759733676910400E-001,-1.052239686250687E-001,
2.095600000000000E+009,2.678598277270794E-002,-1.005894765257835E-001,9.784205555915833E-001,-1.256518363952637E-001,2.678598277270794E-002,-1.005894765257835E-001,9.784205555915833E-001,-1.256518363952637E-001,
2.103966666666667E+009,4.134598001837730E-002,-1.118799000978470E-001,9.743473529815674E-001,-1.549958735704422E-001,4.134598001837730E-002,-1.118799000978470E-001,9.743473529815674E-001,-1.549958735704422E-001,
2.112333333333334E+009,4.904229193925858E-002,-1.286331713199616E-001,9.613083004951477E-001,-1.764845550060272E-001,4.904229193925858E-002,-1.286331713199616E-001,9.613083004951477E-001,-1.764845550060272E-001,
2.120700000000000E+009,4.671606793999672E-002,-1.527883261442184E-001,9.566974639892578E-001,-2.063948661088944E-001,4.671606793999672E-002,-1.527883261442184E-001,9.566974639892578E-001,-2.063948661088944E-001,
2.129066666666667E+009,3.107208386063576E-002,-1.699296385049820E-001,9.586033225059509E-001,-2.333555072546005E-001,3.107208386063576E-002,-1.699296385049820E-001,9.586033225059509E-001,-2.333555072546005E-001,
2.137433333333334E+009,6.426984909921885E-003,-1.805167496204376E-001,9.401316046714783E-001,-2.506852746009827E-001,6.426984909921885E-003,-1.805167496204376E-001,9.401316046714783E-001,-2.506852746009827E-001,
2.145800000000000E+009,-2.224760875105858E-002,-1.796851456165314E-001,9.385305047035217E-001,-2.722512483596802E-001,-2.224760875105858E-002,-1.796851456165314E-001,9.385305047035217E-001,-2.722512483596802E-001,
2.154166666666667E+009,-4.359605163335800E-002,-1.667407602071762E-001,9.305444955825806E-001,-2.889531254768372E-001,-4.359605163335800E-002,-1.667407602071762E-001,9.305444955825806E-001,-2.889531254768372E-001,
2.162533333333334E+009,-5.611367896199226E-002,-1.456474810838699E-001,9.108327627182007E-001,-3.145464062690735E-001,-5.611367896199226E-002,-1.456474810838699E-001,9.108327627182007E-001,-3.145464062690735E-001,
2.170900000000000E+009,-5.402936413884163E-002,-1.245462000370026E-001,9.185687303543091E-001,-3.443797230720520E-001,-5.402936413884163E-002,-1.245462000370026E-001,9.185687303543091E-001,-3.443797230720520E-001,
2.179266666666667E+009,-4.024642333388329E-002,-1.106653437018395E-001,9.073852300643921E-001,-3.601514995098114E-001,-4.024642333388329E-002,-1.106653437018395E-001,9.073852300643921E-001,-3.601514995098114E-001,
2.187633333333334E+009,-2.121964283287525E-002,-1.071659326553345E-001,9.039478302001953E-001,-3.941785693168640E-001,-2.121964283287525E-002,-1.071659326553345E-001,9.039478302001953E-001,-3.941785693168640E-001,
2.196000000000000E+009,-1.030404702760279E-003,-1.178383156657219E-001,8.818985819816589E-001,-4.175311923027039E-001,-1.030404702760279E-003,-1.178383156657219E-001,8.818985819816589E-001,-4.175311923027039E-001,
2.204366666666667E+009,9.743973612785339E-003,-1.395196020603180E-001,8.727260231971741E-001,-4.390443563461304E-001,9.743973612785339E-003,-1.395196020603180E-001,8.727260231971741E-001,-4.390443563461304E-001,
2.212733333333334E+009,6.316357757896185E-003,-1.651278287172318E-001,8.566712737083435E-001,-4.706375002861023E-001,6.316357757896185E-003,-1.651278287172318E-001,8.566712737083435E-001,-4.706375002861023E-001,
2.221100000000000E+009,-1.219499949365854E-002,-1.848012655973434E-001,8.353730440139771E-001,-4.814462661743164E-001,-1.219499949365854E-002,-1.848012655973434E-001,8.353730440139771E-001,-4.814462661743164E-001,
2.229466666666667E+009,-3.859622031450272E-002,-1.949211210012436E-001,8.264967799186707E-001,-4.917099475860596E-001,-3.859622031450272E-002,-1.949211210012436E-001,8.264967799186707E-001,-4.917099475860596E-001,
2.237833333333334E+009,-7.003881782293320E-002,-1.894992291927338E-001,8.181753754615784E-001,-5.183482170104981E-001,-7.003881782293320E-002,-1.894992291927338E-001,8.181753754615784E-001,-5.183482170104981E-001,
2.246200000000000E+009,-9.566275030374527E-002,-1.722775101661682E-001,8.069109916687012E-001,-5.356633663177490E-001,-9.566275030374527E-002,-1.722775101661682E-001,8.069109916687012E-001,-5.356633663177490E-001,
2.254566666666667E+009,-1.074151322245598E-001,-1.458241343498230E-001,7.970981001853943E-001,-5.568216443061829E-001,-1.074151322245598E-001,-1.458241343498230E-001,7.970981001853943E-001,-5.568216443061829E-001,
2.262933333333334E+009,-1.066794544458389E-001,-1.221013590693474E-001,7.828875780105591E-001,-5.766058564186096E-001,-1.066794544458389E-001,-1.221013590693474E-001,7.828875780105591E-001,-5.766058564186096E-001,
2.271300000000000E+009,-9.186246246099472E-002,-1.036975160241127E-001,7.649195194244385E-001,-5.974882245063782E-001,-9.186246246099472E-002,-1.036975160241127E-001,7.649195194244385E-001,-5.974882245063782E-001,
2.279666666666667E+009,-6.938778609037399E-002,-1.018678098917007E-001,7.552797198295593E-001,-6.210116147994995E-001,-6.938778609037399E-002,-1.018678098917007E-001,7.552797198295593E-001,-6.210116147994995E-001,
2.288033333333334E+009,-5.096181854605675E-002,-1.140147298574448E-001,7.365288138389587E-001,-6.522148251533508E-001,-5.096181854605675E-002,-1.140147298574448E-001,7.365288138389587E-001,-6.522148251533508E-001,
2.296400000000000E+009,-4.184358194470406E-002,-1.372706294059753E-001,7.105967998504639E-001,-6.695643067359924E-001,-4.184358194470406E-002,-1.372706294059753E-001,7.105967998504639E-001,-6.695643067359924E-001,
2.304766666666667E+009,-4.952175915241242E-002,-1.622655689716339E-001,6.966055035591126E-001,-6.729108095169067E-001,-4.952175915241242E-002,-1.622655689716339E-001,6.966055035591126E-001,-6.729108095169067E-001,
2.313133333333334E+009,-7.259508222341538E-002,-1.781087517738342E-001,6.710922122001648E-001,-7.048265933990479E-001,-7.259508222341538E-002,-1.781087517738342E-001,6.710922122001648E-001,-7.048265933990479E-001,
2.321500000000000E+009,-9.908290207386017E-002,-1.797241717576981E-001,6.547182202339172E-001,-7.112269997596741E-001,-9.908290207386017E-002,-1.797241717576981E-001,6.547182202339172E-001,-7.112269997596741E-001,
2.329866666666667E+009,-1.265231519937515E-001,-1.666771769523621E-001,6.440731287002564E-001,-7.264342308044434E-001,-1.265231519937515E-001,-1.666771769523621E-001,6.440731287002564E-001,-7.264342308044434E-001,
2.338233333333334E+009,-1.463244408369064E-001,-1.436542123556137E-001,6.182331442832947E-001,-7.413039803504944E-001,-1.463244408369064E-001,-1.436542123556137E-001,6.182331442832947E-001,-7.413039803504944E-001,
2.346600000000000E+009,-1.506414264440537E-001,-1.127740442752838E-001,6.010469794273377E-001,-7.612579464912415E-001,-1.506414264440537E-001,-1.127740442752838E-001,6.010469794273377E-001,-7.612579464912415E-001,
2.354966666666667E+009,-1.384350955486298E-001,-8.936204016208649E-002,5.913214087486267E-001,-7.739108204841614E-001,-1.384350955486298E-001,-8.936204016208649E-002,5.913214087486267E-001,-7.739108204841614E-001,
2.363333333333334E+009,-1.169744133949280E-001,-8.048436790704727E-002,5.759596228599548E-001,-7.917414307594299E-001,-1.169744133949280E-001,-8.048436790704727E-002,5.759596228599548E-001,-7.917414307594299E-001,
2.371700000000000E+009,-9.063963592052460E-002,-8.618158847093582E-002,5.532978773117065E-001,-8.123140931129456E-001,-9.063963592052460E-002,-8.618158847093582E-002,5.532978773117065E-001,-8.123140931129456E-001,
2.380066666666667E+009,-7.503658533096314E-002,-1.108143180608749E-001,5.202076435089111E-001,-8.266344070434570E-001,-7.503658533096314E-002,-1.108143180608749E-001,5.202076435089111E-001,-8.266344070434570E-001,
2.388433333333334E+009,-7.775866240262985E-002,-1.415177732706070E-001,4.980864524841309E-001,-8.333046436309815E-001,-7.775866240262985E-002,-1.415177732706070E-001,4.980864524841309E-001,-8.333046436309815E-001,
2.396800000000000E+009,-9.705332666635513E-002,-1.707549840211868E-001,4.625101685523987E-001,-8.470432162284851E-001,-9.705332666635513E-002,-1.707549840211868E-001,4.625101685523987E-001,-8.470432162284851E-001,
2.405166666666667E+009,-1.303402185440064E-001,-1.875034868717194E-001,4.445899724960327E-001,-8.557636141777039E-001,-1.303402185440064E-001,-1.875034868717194E-001,4.445899724960327E-001,-8.557636141777039E-001,
2.413533333333334E+009,-1.718405336141586E-001,-1.811626255512238E-001,4.206629693508148E-001,-8.569042682647705E-001,-1.718405336141586E-001,-1.811626255512238E-001,4.206629693508148E-001,-8.569042682647705E-001,
2.421900000000000E+009,-2.095411717891693E-001,-1.577606648206711E-001,4.093830287456513E-001,-8.670810461044312E-001,-2.095411717891693E-001,-1.577606648206711E-001,4.093830287456513E-001,-8.670810461044312E-001,
2.430266666666667E+009,-2.288437336683273E-001,-1.210707351565361E-001,3.909602165222168E-001,-8.764029741287231E-001,-2.288437336683273E-001,-1.210707351565361E-001,3.909602165222168E-001,-8.764029741287231E-001,
2.438633333333334E+009,-2.343896478414536E-001,-7.654442638158798E-002,3.742682039737701E-001,-8.857898712158203E-001,-2.343896478414536E-001,-7.654442638158798E-002,3.742682039737701E-001,-8.857898712158203E-001,
2.447000000000000E+009,-2.174476087093353E-001,-3.761795908212662E-002,3.526128530502319E-001,-9.017834663391113E-001,-2.174476087093353E-001,-3.761795908212662E-002,3.526128530502319E-001,-9.017834663391113E-001,
2.455366666666667E+009,-1.860700696706772E-001,-1.673251017928124E-002,3.326383829116821E-001,-9.104619622230530E-001,-1.860700696706772E-001,-1.673251017928124E-002,3.326383829116821E-001,-9.104619622230530E-001,
2.463733333333334E+009,-1.527548879384995E-001,-1.535342354327440E-002,3.093363046646118E-001,-9.265349507331848E-001,-1.527548879384995E-001,-1.535342354327440E-002,3.093363046646118E-001,-9.265349507331848E-001,
2.472100000000000E+009,-1.280770152807236E-001,-3.532921522855759E-002,2.799538969993591E-001,-9.381021261215210E-001,-1.280770152807236E-001,-3.532921522855759E-002,2.799538969993591E-001,-9.381021261215210E-001,
2.480466666666667E+009,-1.201583147048950E-001,-6.669329106807709E-002,2.446241080760956E-001,-9.402316808700562E-001,-1.201583147048950E-001,-6.669329106807709E-002,2.446241080760956E-001,-9.402316808700562E-001,
2.488833333333334E+009,-1.321653425693512E-001,-9.659633785486221E-002,2.193116247653961E-001,-9.457485079765320E-001,-1.321653425693512E-001,-9.659633785486221E-002,2.193116247653961E-001,-9.457485079765320E-001,
2.497200000000000E+009,-1.583168059587479E-001,-1.136680245399475E-001,1.902874112129211E-001,-9.504296779632568E-001,-1.583168059587479E-001,-1.136680245399475E-001,1.902874112129211E-001,-9.504296779632568E-001,
2.505566666666667E+009,-1.959416568279266E-001,-1.121066287159920E-001,1.631252616643906E-001,-9.507837891578674E-001,-1.959416568279266E-001,-1.121066287159920E-001,1.631252616643906E-001,-9.507837891578674E-001,
2.513933333333334E+009,-2.252189517021179E-001,-9.077906608581543E-002,1.463839709758759E-001,-9.474201202392578E-001,-2.252189517021179E-001,-9.077906608581543E-002,1.463839709758759E-001,-9.474201202392578E-001,
2.522300000000000E+009,-2.418959885835648E-001,-5.876935645937920E-002,1.228252872824669E-001,-9.494560360908508E-001,-2.418959885835648E-001,-5.876935645937920E-002,1.228252872824669E-001,-9.494560360908508E-001,
2.530666666666667E+009,-2.395872026681900E-001,-1.965503394603729E-002,9.844537824392319E-002,-9.579875469207764E-001,-2.395872026681900E-001,-1.965503394603729E-002,9.844537824392319E-002,-9.579875469207764E-001,
2.539033333333334E+009,-2.216739505529404E-001,1.229236274957657E-002,8.176822215318680E-002,-9.583468437194824E-001,-2.216739505529404E-001,1.229236274957657E-002,8.176822215318680E-002,-9.583468437194824E-001,
2.547400000000000E+009,-1.923999041318893E-001,2.966373972594738E-002,6.300606578588486E-002,-9.706182479858398E-001,-1.923999041318893E-001,2.966373972594738E-002,6.300606578588486E-002,-9.706182479858398E-001,
2.555766666666667E+009,-1.600923538208008E-001,2.768805436789990E-002,3.365392982959747E-002,-9.765921235084534E-001,-1.600923538208008E-001,2.768805436789990E-002,3.365392982959747E-002,-9.765921235084534E-001,
2.564133333333334E+009,-1.399243772029877E-001,5.763176362961531E-003,5.348523613065481E-003,-9.734368324279785E-001,-1.399243772029877E-001,5.763176362961531E-003,5.348523613065481E-003,-9.734368324279785E-001,
2.572500000000000E+009,-1.382414251565933E-001,-2.383893914520741E-002,-2.613816410303116E-002,-9.708454608917236E-001,-1.382414251565933E-001,-2.383893914520741E-002,-2.613816410303116E-002,-9.708454608917236E-001,
2.580866666666667E+009,-1.546462923288345E-001,-5.046913400292397E-002,-5.605476349592209E-002,-9.709392786026001E-001,-1.546462923288345E-001,-5.046913400292397E-002,-5.605476349592209E-002,-9.709392786026001E-001,
2.589233333333334E+009,-1.869992613792419E-001,-6.417489051818848E-002,-8.499132841825485E-002,-9.605444669723511E-001,-1.869992613792419E-001,-6.417489051818848E-002,-8.499132841825485E-002,-9.605444669723511E-001,
2.597600000000000E+009,-2.222758084535599E-001,-5.916301533579826E-002,-1.115674152970314E-001,-9.542414546012878E-001,-2.222758084535599E-001,-5.916301533579826E-002,-1.115674152970314E-001,-9.542414546012878E-001,
2.605966666666667E+009,-2.512899637222290E-001,-3.360821679234505E-002,-1.249092593789101E-001,-9.528965353965759E-001,-2.512899637222290E-001,-3.360821679234505E-002,-1.249092593789101E-001,-9.528965353965759E-001,
2.614333333333334E+009,-2.640672624111176E-001,6.381428684107959E-004,-1.460594236850739E-001,-9.406688213348389E-001,-2.640672624111176E-001,6.381428684107959E-004,-1.460594236850739E-001,-9.406688213348389E-001,
2.622700000000000E+009,-2.586440145969391E-001,4.264093190431595E-002,-1.637193709611893E-001,-9.367047548294067E-001,-2.586440145969391E-001,4.264093190431595E-002,-1.637193709611893E-001,-9.367047548294067E-001,
2.631066666666667E+009,-2.370751202106476E-001,7.605540752410889E-002,-1.862692385911942E-001,-9.462543725967407E-001,-2.370751202106476E-001,7.605540752410889E-002,-1.862692385911942E-001,-9.462543725967407E-001,
2.639433333333334E+009,-2.037449330091476E-001,9.279477596282959E-002,-2.065828889608383E-001,-9.382169842720032E-001,-2.037449330091476E-001,9.279477596282959E-002,-2.065828889608383E-001,-9.382169842720032E-001,
2.647800000000000E+009,-1.696465164422989E-001,9.151512384414673E-002,-2.344605028629303E-001,-9.386562705039978E-001,-1.696465164422989E-001,9.151512384414673E-002,-2.344605028629303E-001,-9.386562705039978E-001,
2.656166666666667E+009,-1.475906968116760E-001,7.218313217163086E-002,-2.609510123729706E-001,-9.413067698478699E-001,-1.475906968116760E-001,7.218313217163086E-002,-2.609510123729706E-001,-9.413067698478699E-001,
2.664533333333334E+009,-1.431031525135040E-001,4.534122720360756E-002,-2.967447042465210E-001,-9.231587052345276E-001,-1.431031525135040E-001,4.534122720360756E-002,-2.967447042465210E-001,-9.231587052345276E-001,
2.672900000000000E+009,-1.575777530670166E-001,2.003619819879532E-002,-3.177880346775055E-001,-9.156002402305603E-001,-1.575777530670166E-001,2.003619819879532E-002,-3.177880346775055E-001,-9.156002402305603E-001,
2.681266666666667E+009,-1.867690682411194E-001,8.944150991737843E-003,-3.455331921577454E-001,-9.001678824424744E-001,-1.867690682411194E-001,8.944150991737843E-003,-3.455331921577454E-001,-9.001678824424744E-001,
2.689633333333334E+009,-2.195798307657242E-001,1.639379747211933E-002,-3.660763800144196E-001,-8.884515166282654E-001,-2.195798307657242E-001,1.639379747211933E-002,-3.660763800144196E-001,-8.884515166282654E-001,
2.698000000000000E+009,-2.442563027143478E-001,4.081691429018974E-002,-3.791615664958954E-001,-8.733047246932983E-001,-2.442563027143478E-001,4.081691429018974E-002,-3.791615664958954E-001,-8.733047246932983E-001,
2.706366666666667E+009,-2.527967393398285E-001,7.750363647937775E-002,-4.020385742187500E-001,-8.571550846099854E-001,-2.527967393398285E-001,7.750363647937775E-002,-4.020385742187500E-001,-8.571550846099854E-001,
2.714733333333334E+009,-2.443157881498337E-001,1.134355738759041E-001,-4.137635827064514E-001,-8.564254641532898E-001,-2.443157881498337E-001,1.134355738759041E-001,-4.137635827064514E-001,-8.564254641532898E-001,
2.723100000000000E+009,-2.174439579248428E-001,1.443870514631271E-001,-4.315582811832428E-001,-8.460813760757446E-001,-2.174439579248428E-001,1.443870514631271E-001,-4.315582811832428E-001,-8.460813760757446E-001,
2.731466666666667E+009,-1.799299269914627E-001,1.600056141614914E-001,-4.577938616275787E-001,-8.436444401741028E-001,-1.799299269914627E-001,1.600056141614914E-001,-4.577938616275787E-001,-8.436444401741028E-001,
2.739833333333334E+009,-1.438321769237518E-001,1.556515842676163E-001,-4.767335355281830E-001,-8.330067992210388E-001,-1.438321769237518E-001,1.556515842676163E-001,-4.767335355281830E-001,-8.330067992210388E-001,
2.748200000000000E+009,-1.185989081859589E-001,1.359167844057083E-001,-5.031800270080566E-001,-8.273672461509705E-001,-1.185989081859589E-001,1.359167844057083E-001,-5.031800270080566E-001,-8.273672461509705E-001,
2.756566666666667E+009,-1.116260811686516E-001,1.073846891522408E-001,-5.324100852012634E-001,-8.149077892303467E-001,-1.116260811686516E-001,1.073846891522408E-001,-5.324100852012634E-001,-8.149077892303467E-001,
2.764933333333334E+009,-1.231642886996269E-001,8.106879144906998E-002,-5.655946135520935E-001,-8.004370927810669E-001,-1.231642886996269E-001,8.106879144906998E-002,-5.655946135520935E-001,-8.004370927810669E-001,
2.773300000000000E+009,-1.482655853033066E-001,6.491847336292267E-002,-5.801286697387695E-001,-7.741340398788452E-001,-1.482655853033066E-001,6.491847336292267E-002,-5.801286697387695E-001,-7.741340398788452E-001,
2.781666666666667E+009,-1.826382577419281E-001,7.277300953865051E-002,-5.985549092292786E-001,-7.540667653083801E-001,-1.826382577419281E-001,7.277300953865051E-002,-5.985549092292786E-001,-7.540667653083801E-001,
2.790033333333334E+009,-2.072784602642059E-001,9.490390866994858E-002,-6.141448020935059E-001,-7.382537722587585E-001,-2.072784602642059E-001,9.490390866994858E-002,-6.141448020935059E-001,-7.382537722587585E-001,
2.798400000000000E+009,-2.175984978675842E-001,1.289500445127487E-001,-6.264083981513977E-001,-7.246093153953552E-001,-2.175984978675842E-001,1.289500445127487E-001,-6.264083981513977E-001,-7.246093153953552E-001,
2.806766666666667E+009,-2.064179480075836E-001,1.655526310205460E-001,-6.391127705574036E-001,-7.015362381935120E-001,-2.064179480075836E-001,1.655526310205460E-001,-6.391127705574036E-001,-7.015362381935120E-001,
2.815133333333334E+009,-1.809061914682388E-001,1.918891072273254E-001,-6.525919437408447E-001,-6.932255625724793E-001,-1.809061914682388E-001,1.918891072273254E-001,-6.525919437408447E-001,-6.932255625724793E-001,
2.823500000000000E+009,-1.442560702562332E-001,2.052054405212402E-001,-6.704761981964111E-001,-6.838802099227905E-001,-1.442560702562332E-001,2.052054405212402E-001,-6.704761981964111E-001,-6.838802099227905E-001,
2.831866666666667E+009,-1.067898124456406E-001,1.982473731040955E-001,-6.853120326995850E-001,-6.685031652450562E-001,-1.067898124456406E-001,1.982473731040955E-001,-6.853120326995850E-001,-6.685031652450562E-001,
2.840233333333334E+009,-7.982264459133148E-002,1.776618659496307E-001,-7.153334021568298E-001,-6.566259264945984E-001,-7.982264459133148E-002,1.776618659496307E-001,-7.153334021568298E-001,-6.566259264945984E-001,
2.848600000000000E+009,-6.972680985927582E-002,1.484569758176804E-001,-7.340513467788696E-001,-6.344464421272278E-001,-6.972680985927582E-002,1.484569758176804E-001,-7.340513467788696E-001,-6.344464421272278E-001,
2.856966666666667E+009,-8.064791560173035E-002,1.217691823840141E-001,-7.532460689544678E-001,-6.150479912757874E-001,-8.064791560173035E-002,1.217691823840141E-001,-7.532460689544678E-001,-6.150479912757874E-001,
2.865333333333334E+009,-1.082437112927437E-001,1.077221333980560E-001,-7.739428281784058E-001,-5.947804450988770E-001,-1.082437112927437E-001,1.077221333980560E-001,-7.739428281784058E-001,-5.947804450988770E-001,
2.873700000000000E+009,-1.407693773508072E-001,1.127055808901787E-001,-7.903631925582886E-001,-5.610746145248413E-001,-1.407693773508072E-001,1.127055808901787E-001,-7.903631925582886E-001,-5.610746145248413E-001,
2.882066666666667E+009,-1.659659892320633E-001,1.350676268339157E-001,-7.944440245628357E-001,-5.318022966384888E-001,-1.659659892320633E-001,1.350676268339157E-001,-7.944440245628357E-001,-5.318022966384888E-001,
2.890433333333334E+009,-1.759313046932221E-001,1.711386442184448E-001,-8.018672466278076E-001,-5.126726031303406E-001,-1.759313046932221E-001,1.711386442184448E-001,-8.018672466278076E-001,-5.126726031303406E-001,
2.898800000000000E+009,-1.653783172369003E-001,2.089686393737793E-001,-8.071300387382507E-001,-4.978063702583313E-001,-1.653783172369003E-001,2.089686393737793E-001,-8.071300387382507E-001,-4.978063702583313E-001,
2.907166666666667E+009,-1.367601603269577E-001,2.357082962989807E-001,-8.109463453292847E-001,-4.843407273292542E-001,-1.367601603269577E-001,2.357082962989807E-001,-8.109463453292847E-001,-4.843407273292542E-001,
2.915533333333334E+009,-9.595827758312225E-002,2.491261661052704E-001,-8.252970576286316E-001,-4.654845297336578E-001,-9.595827758312225E-002,2.491261661052704E-001,-8.252970576286316E-001,-4.654845297336578E-001,
2.923900000000000E+009,-5.648524314165115E-002,2.415845394134522E-001,-8.393618464469910E-001,-4.548410475254059E-001,-5.648524314165115E-002,2.415845394134522E-001,-8.393618464469910E-001,-4.548410475254059E-001,
2.932266666666667E+009,-2.587867714464665E-002,2.181683331727982E-001,-8.534471988677979E-001,-4.405962526798248E-001,-2.587867714464665E-002,2.181683331727982E-001,-8.534471988677979E-001,-4.405962526798248E-001,
2.940633333333334E+009,-1.328159216791391E-002,1.842923760414124E-001,-8.727746009826660E-001,-4.106723964214325E-001,-1.328159216791391E-002,1.842923760414124E-001,-8.727746009826660E-001,-4.106723964214325E-001,
2.949000000000000E+009,-2.225979231297970E-002,1.504776477813721E-001,-8.944945931434631E-001,-3.804652392864227E-001,-2.225979231297970E-002,1.504776477813721E-001,-8.944945931434631E-001,-3.804652392864227E-001,
2.957366666666667E+009,-4.812146350741386E-002,1.328500509262085E-001,-9.066409468650818E-001,-3.612217605113983E-001,-4.812146350741386E-002,1.328500509262085E-001,-9.066409468650818E-001,-3.612217605113983E-001,
2.965733333333334E+009,-8.354910463094711E-002,1.352343559265137E-001,-9.184206128120422E-001,-3.267024159431458E-001,-8.354910463094711E-002,1.352343559265137E-001,-9.184206128120422E-001,-3.267024159431458E-001,
2.974100000000000E+009,-1.098662912845612E-001,1.583410501480103E-001,-9.198443293571472E-001,-2.934450209140778E-001,-1.098662912845612E-001,1.583410501480103E-001,-9.198443293571472E-001,-2.934450209140778E-001,
2.982466666666667E+009,-1.202828884124756E-001,1.945567727088928E-001,-9.208358526229858E-001,-2.667463421821594E-001,-1.202828884124756E-001,1.945567727088928E-001,-9.208358526229858E-001,-2.667463421821594E-001,
2.990833333333334E+009,-1.104020997881889E-001,2.326465994119644E-001,-9.152948260307312E-001,-2.509254813194275E-001,-1.104020997881889E-001,2.326465994119644E-001,-9.152948260307312E-001,-2.509254813194275E-001,
2.999200000000000E+009,-8.040656894445419E-002,2.616216242313385E-001,-9.180762171745300E-001,-2.320587337017059E-001,-8.040656894445419E-002,2.616216242313385E-001,-9.180762171745300E-001,-2.320587337017059E-001,
3.007566666666667E+009,-3.880691528320313E-002,2.733491361141205E-001,-9.224236011505127E-001,-2.141736447811127E-001,-3.880691528320313E-002,2.733491361141205E-001,-9.224236011505127E-001,-2.141736447811127E-001,
3.015933333333334E+009,4.889138508588076E-003,2.620617151260376E-001,-9.270842671394348E-001,-2.029002904891968E-001,4.889138508588076E-003,2.620617151260376E-001,-9.270842671394348E-001,-2.029002904891968E-001,
3.024300000000000E+009,3.628897294402123E-002,2.350481897592545E-001,-9.387440681457520E-001,-1.840430647134781E-001,3.628897294402123E-002,2.350481897592545E-001,-9.387440681457520E-001,-1.840430647134781E-001,
3.032666666666667E+009,4.976932331919670E-002,1.954120844602585E-001,-9.519467353820801E-001,-1.578158289194107E-001,4.976932331919670E-002,1.954120844602585E-001,-9.519467353820801E-001,-1.578158289194107E-001,
3.041033333333334E+009,3.814368695020676E-002,1.577150970697403E-001,-9.618406891822815E-001,-1.323004215955734E-001,3.814368695020676E-002,1.577150970697403E-001,-9.618406891822815E-001,-1.323004215955734E-001,
3.049400000000000E+009,7.312519941478968E-003,1.363401412963867E-001,-9.665361642837524E-001,-9.036204963922501E-002,7.312519941478968E-003,1.363401412963867E-001,-9.665361642837524E-001,-9.036204963922501E-002,
3.057766666666667E+009,-2.937437966465950E-002,1.380178332328796E-001,-9.743247628211975E-001,-7.267956435680389E-002,-2.937437966465950E-002,1.380178332328796E-001,-9.743247628211975E-001,-7.267956435680389E-002,
3.066133333333334E+009,-6.085591018199921E-002,1.629247367382050E-001,-9.647383689880371E-001,-3.084034286439419E-002,-6.085591018199921E-002,1.629247367382050E-001,-9.647383689880371E-001,-3.084034286439419E-002,
3.074500000000000E+009,-7.243493199348450E-002,2.036211788654327E-001,-9.617795944213867E-001,-3.720001317560673E-003,-7.243493199348450E-002,2.036211788654327E-001,-9.617795944213867E-001,-3.720001317560673E-003,
3.082866666666667E+009,-5.801802873611450E-002,2.452265322208405E-001,-9.518951177597046E-001,1.518389675766230E-002,-5.801802873611450E-002,2.452265322208405E-001,-9.518951177597046E-001,1.518389675766230E-002,
3.091233333333334E+009,-2.226602286100388E-002,2.776938080787659E-001,-9.449781775474548E-001,3.849071636795998E-002,-2.226602286100388E-002,2.776938080787659E-001,-9.449781775474548E-001,3.849071636795998E-002,
3.099600000000000E+009,2.533396705985069E-002,2.874299585819244E-001,-9.367745518684387E-001,4.874016344547272E-002,2.533396705985069E-002,2.874299585819244E-001,-9.367745518684387E-001,4.874016344547272E-002,
3.107966666666667E+009,7.685048878192902E-002,2.718640267848969E-001,-9.402008652687073E-001,6.143936887383461E-002,7.685048878192902E-002,2.718640267848969E-001,-9.402008652687073E-001,6.143936887383461E-002,
3.116333333333334E+009,1.143590360879898E-001,2.367201000452042E-001,-9.462082982063294E-001,8.112205564975739E-002,1.143590360879898E-001,2.367201000452042E-001,-9.462082982063294E-001,8.112205564975739E-002,
3.124700000000000E+009,1.269121617078781E-001,1.880328953266144E-001,-9.567288160324097E-001,9.816457331180573E-002,1.269121617078781E-001,1.880328953266144E-001,-9.567288160324097E-001,9.816457331180573E-002,
3.133066666666667E+009,1.144077181816101E-001,1.412517577409744E-001,-9.641752839088440E-001,1.347754001617432E-001,1.144077181816101E-001,1.412517577409744E-001,-9.641752839088440E-001,1.347754001617432E-001,
3.141433333333334E+009,7.956337928771973E-002,1.099064424633980E-001,-9.648987054824829E-001,1.642787903547287E-001,7.956337928771973E-002,1.099064424633980E-001,-9.648987054824829E-001,1.642787903547287E-001,
3.149800000000000E+009,3.171296045184135E-002,1.066756993532181E-001,-9.607772827148438E-001,2.058146744966507E-001,3.171296045184135E-002,1.066756993532181E-001,-9.607772827148438E-001,2.058146744966507E-001,
3.158166666666667E+009,-8.055901154875755E-003,1.319825798273087E-001,-9.429321885108948E-001,2.411357909440994E-001,-8.055901154875755E-003,1.319825798273087E-001,-9.429321885108948E-001,2.411357909440994E-001,
3.166533333333334E+009,-2.566309832036495E-002,1.765937805175781E-001,-9.313294291496277E-001,2.652633488178253E-001,-2.566309832036495E-002,1.765937805175781E-001,-9.313294291496277E-001,2.652633488178253E-001,
3.174900000000000E+009,-1.590732298791409E-002,2.251154184341431E-001,-9.129726886749268E-001,2.877239286899567E-001,-1.590732298791409E-002,2.251154184341431E-001,-9.129726886749268E-001,2.877239286899567E-001,
3.183266666666667E+009,1.958683878183365E-002,2.617932260036469E-001,-8.965092897415161E-001,3.005081117153168E-001,1.958683878183365E-002,2.617932260036469E-001,-8.965092897415161E-001,3.005081117153168E-001,
3.191633333333334E+009,6.953936815261841E-002,2.739849388599396E-001,-8.817237019538879E-001,3.132219612598419E-001,6.953936815261841E-002,2.739849388599396E-001,-8.817237019538879E-001,3.132219612598419E-001,
3.200000000000000E+009,1.207453012466431E-001,2.576207518577576E-001,-8.805650472640991E-001,3.229876458644867E-001,1.207453012466431E-001,2.576207518577576E-001,-8.805650472640991E-001,3.229876458644867E-001,
