% Version 1.00
%
%freq[Hz],re:Trc1_S11,im:Trc1_S11,re:Trc2_S21,im:Trc2_S21,re:Trc3_S11,im:Trc3_S11,re:Trc4_S21,im:Trc4_S21,
6.900000000000000E+008,-5.471907183527947E-002,3.945913910865784E-002,-4.994020462036133E-001,-8.424555659294128E-001,-5.471907183527947E-002,3.945913910865784E-002,-4.994020462036133E-001,-8.424555659294128E-001,
6.983666666666666E+008,-4.714895039796829E-002,4.010724276304245E-002,-5.158182382583618E-001,-8.251529335975647E-001,-4.714895039796829E-002,4.010724276304245E-002,-5.158182382583618E-001,-8.251529335975647E-001,
7.067333333333334E+008,-4.109601303935051E-002,3.746293857693672E-002,-5.446624159812927E-001,-7.990052103996277E-001,-4.109601303935051E-002,3.746293857693672E-002,-5.446624159812927E-001,-7.990052103996277E-001,
7.151000000000000E+008,-4.168270155787468E-002,2.945193648338318E-002,-5.535637140274048E-001,-7.915268540382385E-001,-4.168270155787468E-002,2.945193648338318E-002,-5.535637140274048E-001,-7.915268540382385E-001,
7.234666666666666E+008,-4.163014143705368E-002,2.428121864795685E-002,-5.919516682624817E-001,-7.796890139579773E-001,-4.163014143705368E-002,2.428121864795685E-002,-5.919516682624817E-001,-7.796890139579773E-001,
7.318333333333334E+008,-4.911754652857781E-002,2.137996256351471E-002,-5.979325771331787E-001,-7.744130492210388E-001,-4.911754652857781E-002,2.137996256351471E-002,-5.979325771331787E-001,-7.744130492210388E-001,
7.402000000000000E+008,-5.654110759496689E-002,2.347863279283047E-002,-6.276324987411499E-001,-7.510324716567993E-001,-5.654110759496689E-002,2.347863279283047E-002,-6.276324987411499E-001,-7.510324716567993E-001,
7.485666666666666E+008,-6.154983490705490E-002,2.913651987910271E-002,-6.492311954498291E-001,-7.138795256614685E-001,-6.154983490705490E-002,2.913651987910271E-002,-6.492311954498291E-001,-7.138795256614685E-001,
7.569333333333334E+008,-6.216268613934517E-002,3.840917348861694E-002,-6.644979119300842E-001,-7.158005833625794E-001,-6.216268613934517E-002,3.840917348861694E-002,-6.644979119300842E-001,-7.158005833625794E-001,
7.653000000000000E+008,-5.868287757039070E-002,4.745293408632278E-002,-6.715723276138306E-001,-7.089166045188904E-001,-5.868287757039070E-002,4.745293408632278E-002,-6.715723276138306E-001,-7.089166045188904E-001,
7.736666666666666E+008,-5.074921622872353E-002,5.643796175718308E-002,-6.965330243110657E-001,-7.005106210708618E-001,-5.074921622872353E-002,5.643796175718308E-002,-6.965330243110657E-001,-7.005106210708618E-001,
7.820333333333334E+008,-4.411237314343453E-002,6.050555035471916E-002,-7.195644974708557E-001,-6.779250502586365E-001,-4.411237314343453E-002,6.050555035471916E-002,-7.195644974708557E-001,-6.779250502586365E-001,
7.904000000000000E+008,-3.445089608430862E-002,5.922802910208702E-002,-7.341459393501282E-001,-6.554195284843445E-001,-3.445089608430862E-002,5.922802910208702E-002,-7.341459393501282E-001,-6.554195284843445E-001,
7.987666666666666E+008,-2.696030773222446E-002,5.503714457154274E-002,-7.464036941528320E-001,-6.348966360092163E-001,-2.696030773222446E-002,5.503714457154274E-002,-7.464036941528320E-001,-6.348966360092163E-001,
8.071333333333334E+008,-2.685185521841049E-002,5.078646168112755E-002,-7.596908807754517E-001,-6.217527985572815E-001,-2.685185521841049E-002,5.078646168112755E-002,-7.596908807754517E-001,-6.217527985572815E-001,
8.155000000000000E+008,-3.070888482034206E-002,4.382489994168282E-002,-7.696298360824585E-001,-5.766146779060364E-001,-3.070888482034206E-002,4.382489994168282E-002,-7.696298360824585E-001,-5.766146779060364E-001,
8.238666666666666E+008,-3.537757694721222E-002,4.128340631723404E-002,-8.007814884185791E-001,-5.807582736015320E-001,-3.537757694721222E-002,4.128340631723404E-002,-8.007814884185791E-001,-5.807582736015320E-001,
8.322333333333334E+008,-4.363273084163666E-002,4.340274259448052E-002,-8.125487565994263E-001,-5.519707202911377E-001,-4.363273084163666E-002,4.340274259448052E-002,-8.125487565994263E-001,-5.519707202911377E-001,
8.406000000000000E+008,-4.819602891802788E-002,4.712231829762459E-002,-8.244456648826599E-001,-5.379832983016968E-001,-4.819602891802788E-002,4.712231829762459E-002,-8.244456648826599E-001,-5.379832983016968E-001,
8.489666666666668E+008,-4.861698672175407E-002,5.531914532184601E-002,-8.445512056350708E-001,-5.114588737487793E-001,-4.861698672175407E-002,5.531914532184601E-002,-8.445512056350708E-001,-5.114588737487793E-001,
8.573333333333334E+008,-4.520086199045181E-002,6.299846619367600E-002,-8.492448329925537E-001,-4.941342175006867E-001,-4.520086199045181E-002,6.299846619367600E-002,-8.492448329925537E-001,-4.941342175006867E-001,
8.657000000000000E+008,-3.817473351955414E-002,7.187924534082413E-002,-8.652990460395813E-001,-4.659069776535034E-001,-3.817473351955414E-002,7.187924534082413E-002,-8.652990460395813E-001,-4.659069776535034E-001,
8.740666666666668E+008,-2.950683981180191E-002,7.703865319490433E-002,-8.592153787612915E-001,-4.477263391017914E-001,-2.950683981180191E-002,7.703865319490433E-002,-8.592153787612915E-001,-4.477263391017914E-001,
8.824333333333334E+008,-2.005064301192761E-002,7.604788243770599E-002,-8.904438614845276E-001,-4.159031212329865E-001,-2.005064301192761E-002,7.604788243770599E-002,-8.904438614845276E-001,-4.159031212329865E-001,
8.908000000000000E+008,-1.235548779368401E-002,7.619732618331909E-002,-9.009249210357666E-001,-4.128329157829285E-001,-1.235548779368401E-002,7.619732618331909E-002,-9.009249210357666E-001,-4.128329157829285E-001,
8.991666666666668E+008,-9.471678175032139E-003,6.950058788061142E-002,-9.124885797500610E-001,-3.833332359790802E-001,-9.471678175032139E-003,6.950058788061142E-002,-9.124885797500610E-001,-3.833332359790802E-001,
9.075333333333334E+008,-9.287975728511810E-003,6.522621959447861E-002,-9.046002030372620E-001,-3.584152162075043E-001,-9.287975728511810E-003,6.522621959447861E-002,-9.046002030372620E-001,-3.584152162075043E-001,
9.159000000000000E+008,-1.176466699689627E-002,6.068743020296097E-002,-9.194979071617127E-001,-3.474784195423126E-001,-1.176466699689627E-002,6.068743020296097E-002,-9.194979071617127E-001,-3.474784195423126E-001,
9.242666666666668E+008,-1.670865900814533E-002,5.663495883345604E-002,-9.299398064613342E-001,-3.221546709537506E-001,-1.670865900814533E-002,5.663495883345604E-002,-9.299398064613342E-001,-3.221546709537506E-001,
9.326333333333334E+008,-2.109360881149769E-002,5.903074517846108E-002,-9.344148039817810E-001,-2.882312536239624E-001,-2.109360881149769E-002,5.903074517846108E-002,-9.344148039817810E-001,-2.882312536239624E-001,
9.410000000000000E+008,-2.607791312038899E-002,6.546249985694885E-002,-9.404284358024597E-001,-2.607079744338989E-001,-2.607791312038899E-002,6.546249985694885E-002,-9.404284358024597E-001,-2.607079744338989E-001,
9.493666666666668E+008,-2.660148032009602E-002,7.285620272159576E-002,-9.458132982254028E-001,-2.511765062808991E-001,-2.660148032009602E-002,7.285620272159576E-002,-9.458132982254028E-001,-2.511765062808991E-001,
9.577333333333334E+008,-2.145418524742127E-002,8.086585253477097E-002,-9.706426262855530E-001,-2.094846069812775E-001,-2.145418524742127E-002,8.086585253477097E-002,-9.706426262855530E-001,-2.094846069812775E-001,
9.661000000000000E+008,-1.273235678672791E-002,8.785896748304367E-002,-9.558883309364319E-001,-1.953185498714447E-001,-1.273235678672791E-002,8.785896748304367E-002,-9.558883309364319E-001,-1.953185498714447E-001,
9.744666666666668E+008,-2.919564489275217E-003,9.223783016204834E-002,-9.662156701087952E-001,-1.632764637470245E-001,-2.919564489275217E-003,9.223783016204834E-002,-9.662156701087952E-001,-1.632764637470245E-001,
9.828333333333334E+008,1.092383544892073E-002,9.030851721763611E-002,-9.625245928764343E-001,-1.386839896440506E-001,1.092383544892073E-002,9.030851721763611E-002,-9.625245928764343E-001,-1.386839896440506E-001,
9.912000000000000E+008,2.068651467561722E-002,8.713974803686142E-002,-9.730326533317566E-001,-1.290087550878525E-001,2.068651467561722E-002,8.713974803686142E-002,-9.730326533317566E-001,-1.290087550878525E-001,
9.995666666666668E+008,2.550840564072132E-002,7.802647352218628E-002,-9.766380786895752E-001,-9.265142679214478E-002,2.550840564072132E-002,7.802647352218628E-002,-9.766380786895752E-001,-9.265142679214478E-002,
1.007933333333333E+009,2.577211707830429E-002,7.012443244457245E-002,-9.802387356758118E-001,-7.351839542388916E-002,2.577211707830429E-002,7.012443244457245E-002,-9.802387356758118E-001,-7.351839542388916E-002,
1.016300000000000E+009,2.015398442745209E-002,6.168429553508759E-002,-9.793637394905090E-001,-4.703276604413986E-002,2.015398442745209E-002,6.168429553508759E-002,-9.793637394905090E-001,-4.703276604413986E-002,
1.024666666666667E+009,1.234314776957035E-002,6.118743494153023E-002,-9.806399345397949E-001,-2.637162804603577E-002,1.234314776957035E-002,6.118743494153023E-002,-9.806399345397949E-001,-2.637162804603577E-002,
1.033033333333333E+009,5.558874923735857E-003,6.249533593654633E-002,-9.590491652488709E-001,1.230134721845388E-002,5.558874923735857E-003,6.249533593654633E-002,-9.590491652488709E-001,1.230134721845388E-002,
1.041400000000000E+009,1.925910008139908E-003,6.885496526956558E-002,-9.659231305122376E-001,3.300751745700836E-002,1.925910008139908E-003,6.885496526956558E-002,-9.659231305122376E-001,3.300751745700836E-002,
1.049766666666667E+009,1.527167158201337E-003,7.727731019258499E-002,-9.749655723571777E-001,5.445300415158272E-002,1.527167158201337E-003,7.727731019258499E-002,-9.749655723571777E-001,5.445300415158272E-002,
1.058133333333333E+009,1.002435851842165E-002,8.587594330310822E-002,-9.698457121849060E-001,7.972469180822372E-002,1.002435851842165E-002,8.587594330310822E-002,-9.698457121849060E-001,7.972469180822372E-002,
1.066500000000000E+009,2.297797426581383E-002,9.017696976661682E-002,-9.538007378578186E-001,1.070096492767334E-001,2.297797426581383E-002,9.017696976661682E-002,-9.538007378578186E-001,1.070096492767334E-001,
1.074866666666667E+009,3.527657315135002E-002,8.668090403079987E-002,-9.640239477157593E-001,1.359541118144989E-001,3.527657315135002E-002,8.668090403079987E-002,-9.640239477157593E-001,1.359541118144989E-001,
1.083233333333334E+009,4.807524755597115E-002,8.234173059463501E-002,-9.594383835792542E-001,1.521400511264801E-001,4.807524755597115E-002,8.234173059463501E-002,-9.594383835792542E-001,1.521400511264801E-001,
1.091600000000000E+009,5.278902873396874E-002,7.012370973825455E-002,-9.528655409812927E-001,1.861935108900070E-001,5.278902873396874E-002,7.012370973825455E-002,-9.528655409812927E-001,1.861935108900070E-001,
1.099966666666667E+009,5.475042387843132E-002,5.764975771307945E-002,-9.486426115036011E-001,2.024072706699371E-001,5.475042387843132E-002,5.764975771307945E-002,-9.486426115036011E-001,2.024072706699371E-001,
1.108333333333334E+009,4.706124961376190E-002,4.790866374969482E-002,-9.603990316390991E-001,2.247909307479858E-001,4.706124961376190E-002,4.790866374969482E-002,-9.603990316390991E-001,2.247909307479858E-001,
1.116700000000000E+009,3.584925085306168E-002,4.835646227002144E-002,-9.460338354110718E-001,2.568707466125488E-001,3.584925085306168E-002,4.835646227002144E-002,-9.460338354110718E-001,2.568707466125488E-001,
1.125066666666667E+009,2.445383928716183E-002,4.951796680688858E-002,-9.303121566772461E-001,2.783474922180176E-001,2.445383928716183E-002,4.951796680688858E-002,-9.303121566772461E-001,2.783474922180176E-001,
1.133433333333334E+009,1.474231202155352E-002,6.120389327406883E-002,-9.255703687667847E-001,2.967869639396668E-001,1.474231202155352E-002,6.120389327406883E-002,-9.255703687667847E-001,2.967869639396668E-001,
1.141800000000000E+009,1.622616499662399E-002,7.386124879121780E-002,-9.140868186950684E-001,3.217956423759460E-001,1.622616499662399E-002,7.386124879121780E-002,-9.140868186950684E-001,3.217956423759460E-001,
1.150166666666667E+009,2.312052063643932E-002,8.582564443349838E-002,-9.084119200706482E-001,3.515950143337250E-001,2.312052063643932E-002,8.582564443349838E-002,-9.084119200706482E-001,3.515950143337250E-001,
1.158533333333334E+009,4.128443077206612E-002,9.279650449752808E-002,-8.979020118713379E-001,3.737660944461823E-001,4.128443077206612E-002,9.279650449752808E-002,-8.979020118713379E-001,3.737660944461823E-001,
1.166900000000000E+009,6.096617877483368E-002,9.122202545404434E-002,-8.893045186996460E-001,3.997960686683655E-001,6.096617877483368E-002,9.122202545404434E-002,-8.893045186996460E-001,3.997960686683655E-001,
1.175266666666667E+009,7.674070447683334E-002,8.094368875026703E-002,-8.703033924102783E-001,4.129548668861389E-001,7.674070447683334E-002,8.094368875026703E-002,-8.703033924102783E-001,4.129548668861389E-001,
1.183633333333334E+009,8.963722735643387E-002,6.582111865282059E-002,-8.659909367561340E-001,4.400733709335327E-001,8.963722735643387E-002,6.582111865282059E-002,-8.659909367561340E-001,4.400733709335327E-001,
1.192000000000000E+009,9.121257066726685E-002,4.829825833439827E-002,-8.590739965438843E-001,4.661990404129028E-001,9.121257066726685E-002,4.829825833439827E-002,-8.590739965438843E-001,4.661990404129028E-001,
1.200366666666667E+009,8.212015777826309E-002,3.094834275543690E-002,-8.454890251159668E-001,4.842279851436615E-001,8.212015777826309E-002,3.094834275543690E-002,-8.454890251159668E-001,4.842279851436615E-001,
1.208733333333334E+009,6.542849540710449E-002,2.236246876418591E-002,-8.403860330581665E-001,5.132034420967102E-001,6.542849540710449E-002,2.236246876418591E-002,-8.403860330581665E-001,5.132034420967102E-001,
1.217100000000000E+009,4.788080975413322E-002,2.417508698999882E-002,-8.084145188331604E-001,5.266988277435303E-001,4.788080975413322E-002,2.417508698999882E-002,-8.084145188331604E-001,5.266988277435303E-001,
1.225466666666667E+009,3.707354888319969E-002,3.529681637883186E-002,-8.110573291778565E-001,5.517123341560364E-001,3.707354888319969E-002,3.529681637883186E-002,-8.110573291778565E-001,5.517123341560364E-001,
1.233833333333334E+009,3.570529446005821E-002,4.992314055562019E-002,-7.908620238304138E-001,5.721893310546875E-001,3.570529446005821E-002,4.992314055562019E-002,-7.908620238304138E-001,5.721893310546875E-001,
1.242200000000000E+009,4.178896173834801E-002,6.386091560125351E-002,-7.626293897628784E-001,5.884735584259033E-001,4.178896173834801E-002,6.386091560125351E-002,-7.626293897628784E-001,5.884735584259033E-001,
1.250566666666667E+009,5.709778890013695E-002,7.305903732776642E-002,-7.665936350822449E-001,6.161260008811951E-001,5.709778890013695E-002,7.305903732776642E-002,-7.665936350822449E-001,6.161260008811951E-001,
1.258933333333334E+009,7.776543498039246E-002,7.314028590917587E-002,-7.455393075942993E-001,6.260612607002258E-001,7.776543498039246E-002,7.314028590917587E-002,-7.455393075942993E-001,6.260612607002258E-001,
1.267300000000000E+009,9.548518061637878E-002,6.028147041797638E-002,-7.219359278678894E-001,6.436890363693237E-001,9.548518061637878E-002,6.028147041797638E-002,-7.219359278678894E-001,6.436890363693237E-001,
1.275666666666667E+009,1.067495569586754E-001,4.298647865653038E-002,-7.188574075698853E-001,6.488189697265625E-001,1.067495569586754E-001,4.298647865653038E-002,-7.188574075698853E-001,6.488189697265625E-001,
1.284033333333334E+009,1.084034442901611E-001,2.040192298591137E-002,-6.870464682579041E-001,6.993745565414429E-001,1.084034442901611E-001,2.040192298591137E-002,-6.870464682579041E-001,6.993745565414429E-001,
1.292400000000000E+009,9.680505096912384E-002,2.398699056357145E-003,-6.840743422508240E-001,6.984328627586365E-001,9.680505096912384E-002,2.398699056357145E-003,-6.840743422508240E-001,6.984328627586365E-001,
1.300766666666667E+009,7.929038256406784E-002,-5.570739973336458E-003,-6.660826802253723E-001,7.151701450347900E-001,7.929038256406784E-002,-5.570739973336458E-003,-6.660826802253723E-001,7.151701450347900E-001,
1.309133333333334E+009,6.029121577739716E-002,-3.413390135392547E-003,-6.505234837532044E-001,7.428148984909058E-001,6.029121577739716E-002,-3.413390135392547E-003,-6.505234837532044E-001,7.428148984909058E-001,
1.317500000000000E+009,4.634990543127060E-002,8.364344947040081E-003,-6.205301284790039E-001,7.670084238052368E-001,4.634990543127060E-002,8.364344947040081E-003,-6.205301284790039E-001,7.670084238052368E-001,
1.325866666666667E+009,4.202342778444290E-002,2.395308949053288E-002,-6.019871830940247E-001,7.667354345321655E-001,4.202342778444290E-002,2.395308949053288E-002,-6.019871830940247E-001,7.667354345321655E-001,
1.334233333333334E+009,4.918956384062767E-002,4.173002392053604E-002,-5.802677273750305E-001,7.789785265922546E-001,4.918956384062767E-002,4.173002392053604E-002,-5.802677273750305E-001,7.789785265922546E-001,
1.342600000000000E+009,6.599304080009460E-002,4.673176631331444E-002,-5.673896074295044E-001,7.968463301658630E-001,6.599304080009460E-002,4.673176631331444E-002,-5.673896074295044E-001,7.968463301658630E-001,
1.350966666666667E+009,8.380112051963806E-002,4.468793421983719E-002,-5.377068519592285E-001,8.160232901573181E-001,8.380112051963806E-002,4.468793421983719E-002,-5.377068519592285E-001,8.160232901573181E-001,
1.359333333333334E+009,9.973964095115662E-002,3.179258480668068E-002,-5.204604864120483E-001,8.221935629844666E-001,9.973964095115662E-002,3.179258480668068E-002,-5.204604864120483E-001,8.221935629844666E-001,
1.367700000000000E+009,1.064896956086159E-001,1.025632768869400E-002,-5.030763745307922E-001,8.332849740982056E-001,1.064896956086159E-001,1.025632768869400E-002,-5.030763745307922E-001,8.332849740982056E-001,
1.376066666666667E+009,1.009232848882675E-001,-1.307034865021706E-002,-4.774448275566101E-001,8.448574542999268E-001,1.009232848882675E-001,-1.307034865021706E-002,-4.774448275566101E-001,8.448574542999268E-001,
1.384433333333334E+009,8.602042496204376E-002,-2.693184837698937E-002,-4.689436256885529E-001,8.558648228645325E-001,8.602042496204376E-002,-2.693184837698937E-002,-4.689436256885529E-001,8.558648228645325E-001,
1.392800000000000E+009,6.311029195785523E-002,-3.082463890314102E-002,-4.453474581241608E-001,8.627217411994934E-001,6.311029195785523E-002,-3.082463890314102E-002,-4.453474581241608E-001,8.627217411994934E-001,
1.401166666666667E+009,4.620510712265968E-002,-2.323375269770622E-002,-4.130073785781860E-001,8.901869058609009E-001,4.620510712265968E-002,-2.323375269770622E-002,-4.130073785781860E-001,8.901869058609009E-001,
1.409533333333334E+009,3.416499868035317E-002,-4.050891380757093E-003,-3.898912370204926E-001,8.994839191436768E-001,3.416499868035317E-002,-4.050891380757093E-003,-3.898912370204926E-001,8.994839191436768E-001,
1.417900000000000E+009,3.321678563952446E-002,1.652529090642929E-002,-3.502605259418488E-001,8.934559226036072E-001,3.321678563952446E-002,1.652529090642929E-002,-3.502605259418488E-001,8.934559226036072E-001,
1.426266666666667E+009,4.424982517957687E-002,3.438927605748177E-002,-3.450433611869812E-001,9.218179583549500E-001,4.424982517957687E-002,3.438927605748177E-002,-3.450433611869812E-001,9.218179583549500E-001,
1.434633333333334E+009,6.292290985584259E-002,4.072754830121994E-002,-3.155470490455627E-001,9.147581458091736E-001,6.292290985584259E-002,4.072754830121994E-002,-3.155470490455627E-001,9.147581458091736E-001,
1.443000000000000E+009,8.531592041254044E-002,3.740837797522545E-002,-2.894050776958466E-001,9.267556071281433E-001,8.531592041254044E-002,3.740837797522545E-002,-2.894050776958466E-001,9.267556071281433E-001,
1.451366666666667E+009,1.004461646080017E-001,2.063121832907200E-002,-2.708558142185211E-001,9.318286180496216E-001,1.004461646080017E-001,2.063121832907200E-002,-2.708558142185211E-001,9.318286180496216E-001,
1.459733333333334E+009,1.065059453248978E-001,-8.278370951302350E-004,-2.569324076175690E-001,9.353752732276917E-001,1.065059453248978E-001,-8.278370951302350E-004,-2.569324076175690E-001,9.353752732276917E-001,
1.468100000000000E+009,1.006399914622307E-001,-2.254970744252205E-002,-2.213629633188248E-001,9.423298239707947E-001,1.006399914622307E-001,-2.254970744252205E-002,-2.213629633188248E-001,9.423298239707947E-001,
1.476466666666667E+009,8.448133617639542E-002,-3.731849789619446E-002,-2.027569860219955E-001,9.573722481727600E-001,8.448133617639542E-002,-3.731849789619446E-002,-2.027569860219955E-001,9.573722481727600E-001,
1.484833333333334E+009,6.273361295461655E-002,-4.092630743980408E-002,-1.702333837747574E-001,9.596235156059265E-001,6.273361295461655E-002,-4.092630743980408E-002,-1.702333837747574E-001,9.596235156059265E-001,
1.493200000000000E+009,4.630643874406815E-002,-3.218224644660950E-002,-1.532680839300156E-001,9.609112143516541E-001,4.630643874406815E-002,-3.218224644660950E-002,-1.532680839300156E-001,9.609112143516541E-001,
1.501566666666667E+009,3.650426119565964E-002,-1.398296002298594E-002,-1.236007586121559E-001,9.639624357223511E-001,3.650426119565964E-002,-1.398296002298594E-002,-1.236007586121559E-001,9.639624357223511E-001,
1.509933333333334E+009,3.677391633391380E-002,7.312861736863852E-003,-1.075860857963562E-001,9.689068198204041E-001,3.677391633391380E-002,7.312861736863852E-003,-1.075860857963562E-001,9.689068198204041E-001,
1.518300000000000E+009,5.150785297155380E-002,2.275166101753712E-002,-8.084559440612793E-002,9.748537540435791E-001,5.150785297155380E-002,2.275166101753712E-002,-8.084559440612793E-002,9.748537540435791E-001,
1.526666666666667E+009,7.114300876855850E-002,2.845127135515213E-002,-4.844025522470474E-002,9.676882624626160E-001,7.114300876855850E-002,2.845127135515213E-002,-4.844025522470474E-002,9.676882624626160E-001,
1.535033333333334E+009,9.153909981250763E-002,2.391320280730724E-002,-2.695799805223942E-002,9.776015877723694E-001,9.153909981250763E-002,2.391320280730724E-002,-2.695799805223942E-002,9.776015877723694E-001,
1.543400000000000E+009,1.048561036586762E-001,7.057962473481894E-003,-6.535501219332218E-003,9.702597260475159E-001,1.048561036586762E-001,7.057962473481894E-003,-6.535501219332218E-003,9.702597260475159E-001,
1.551766666666667E+009,1.066200658679009E-001,-1.620400510728359E-002,1.621146686375141E-002,9.652023315429688E-001,1.066200658679009E-001,-1.620400510728359E-002,1.621146686375141E-002,9.652023315429688E-001,
1.560133333333334E+009,9.990693628787994E-002,-3.711204230785370E-002,3.739134222269058E-002,9.711797833442688E-001,9.990693628787994E-002,-3.711204230785370E-002,3.739134222269058E-002,9.711797833442688E-001,
1.568500000000000E+009,8.484100550413132E-002,-5.044592171907425E-002,5.485226586461067E-002,9.741715788841248E-001,8.484100550413132E-002,-5.044592171907425E-002,5.485226586461067E-002,9.741715788841248E-001,
1.576866666666667E+009,6.463280320167542E-002,-5.225996673107147E-002,9.579220414161682E-002,9.651896953582764E-001,6.463280320167542E-002,-5.225996673107147E-002,9.579220414161682E-002,9.651896953582764E-001,
1.585233333333334E+009,5.089845880866051E-002,-4.440030083060265E-002,1.110439449548721E-001,9.652903079986572E-001,5.089845880866051E-002,-4.440030083060265E-002,1.110439449548721E-001,9.652903079986572E-001,
1.593600000000000E+009,4.287821799516678E-002,-2.992834895849228E-002,1.392775177955627E-001,9.603968858718872E-001,4.287821799516678E-002,-2.992834895849228E-002,1.392775177955627E-001,9.603968858718872E-001,
1.601966666666667E+009,4.516682401299477E-002,-1.194522902369499E-002,1.609857380390167E-001,9.586961865425110E-001,4.516682401299477E-002,-1.194522902369499E-002,1.609857380390167E-001,9.586961865425110E-001,
1.610333333333334E+009,5.702136456966400E-002,-8.685835200594738E-005,1.916955411434174E-001,9.506861567497253E-001,5.702136456966400E-002,-8.685835200594738E-005,1.916955411434174E-001,9.506861567497253E-001,
1.618700000000000E+009,7.492972910404205E-002,3.048081183806062E-003,2.171652168035507E-001,9.466983675956726E-001,7.492972910404205E-002,3.048081183806062E-003,2.171652168035507E-001,9.466983675956726E-001,
1.627066666666667E+009,8.995883166790009E-002,-3.916285932064056E-003,2.381869703531265E-001,9.386230707168579E-001,8.995883166790009E-002,-3.916285932064056E-003,2.381869703531265E-001,9.386230707168579E-001,
1.635433333333334E+009,9.855006635189056E-002,-1.679255440831184E-002,2.652362287044525E-001,9.381961822509766E-001,9.855006635189056E-002,-1.679255440831184E-002,2.652362287044525E-001,9.381961822509766E-001,
1.643800000000000E+009,9.908632934093475E-002,-3.581944480538368E-002,2.775838673114777E-001,9.276049137115479E-001,9.908632934093475E-002,-3.581944480538368E-002,2.775838673114777E-001,9.276049137115479E-001,
1.652166666666667E+009,8.997482061386108E-002,-5.202708393335342E-002,3.114981353282929E-001,9.185774326324463E-001,8.997482061386108E-002,-5.202708393335342E-002,3.114981353282929E-001,9.185774326324463E-001,
1.660533333333334E+009,7.530955225229263E-002,-6.067124381661415E-002,3.283861875534058E-001,9.142504930496216E-001,7.530955225229263E-002,-6.067124381661415E-002,3.283861875534058E-001,9.142504930496216E-001,
1.668900000000000E+009,5.931515619158745E-002,-5.971855297684670E-002,3.503406047821045E-001,9.024655818939209E-001,5.931515619158745E-002,-5.971855297684670E-002,3.503406047821045E-001,9.024655818939209E-001,
1.677266666666667E+009,4.641432687640190E-002,-5.234913155436516E-002,3.895749449729919E-001,8.936555981636047E-001,4.641432687640190E-002,-5.234913155436516E-002,3.895749449729919E-001,8.936555981636047E-001,
1.685633333333334E+009,4.319866374135017E-002,-3.808540850877762E-002,4.053123891353607E-001,8.864303827285767E-001,4.319866374135017E-002,-3.808540850877762E-002,4.053123891353607E-001,8.864303827285767E-001,
1.694000000000000E+009,4.684620723128319E-002,-2.570699714124203E-002,4.219747781753540E-001,8.735083341598511E-001,4.684620723128319E-002,-2.570699714124203E-002,4.219747781753540E-001,8.735083341598511E-001,
1.702366666666667E+009,5.861129984259605E-002,-1.514901965856552E-002,4.450562596321106E-001,8.645676374435425E-001,5.861129984259605E-002,-1.514901965856552E-002,4.450562596321106E-001,8.645676374435425E-001,
1.710733333333334E+009,7.494050264358521E-002,-1.286068838089705E-002,4.638683199882507E-001,8.464766144752502E-001,7.494050264358521E-002,-1.286068838089705E-002,4.638683199882507E-001,8.464766144752502E-001,
1.719100000000000E+009,8.974029123783112E-002,-2.108266763389111E-002,4.902845621109009E-001,8.316196203231812E-001,8.974029123783112E-002,-2.108266763389111E-002,4.902845621109009E-001,8.316196203231812E-001,
1.727466666666667E+009,9.915778785943985E-002,-3.490104153752327E-002,5.076261162757874E-001,8.244165182113648E-001,9.915778785943985E-002,-3.490104153752327E-002,5.076261162757874E-001,8.244165182113648E-001,
1.735833333333334E+009,1.000424772500992E-001,-5.194473639130592E-002,5.232540369033814E-001,8.090048432350159E-001,1.000424772500992E-001,-5.194473639130592E-002,5.232540369033814E-001,8.090048432350159E-001,
1.744200000000000E+009,9.187459200620651E-002,-6.992844492197037E-002,5.510934591293335E-001,7.876586914062500E-001,9.187459200620651E-002,-6.992844492197037E-002,5.510934591293335E-001,7.876586914062500E-001,
1.752566666666667E+009,7.901415973901749E-002,-8.142715692520142E-002,5.786161422729492E-001,7.818277478218079E-001,7.901415973901749E-002,-8.142715692520142E-002,5.786161422729492E-001,7.818277478218079E-001,
1.760933333333334E+009,6.297331303358078E-002,-8.667242527008057E-002,5.871677398681641E-001,7.688567638397217E-001,6.297331303358078E-002,-8.667242527008057E-002,5.871677398681641E-001,7.688567638397217E-001,
1.769300000000000E+009,4.782011359930039E-002,-8.412306755781174E-002,6.113097071647644E-001,7.604137659072876E-001,4.782011359930039E-002,-8.412306755781174E-002,6.113097071647644E-001,7.604137659072876E-001,
1.777666666666667E+009,3.828799724578857E-002,-7.372958213090897E-002,6.256020665168762E-001,7.502823472023010E-001,3.828799724578857E-002,-7.372958213090897E-002,6.256020665168762E-001,7.502823472023010E-001,
1.786033333333334E+009,3.611215949058533E-002,-6.392237544059753E-002,6.408204436302185E-001,7.200868725776672E-001,3.611215949058533E-002,-6.392237544059753E-002,6.408204436302185E-001,7.200868725776672E-001,
1.794400000000000E+009,4.157130047678947E-002,-5.175824463367462E-002,6.641615629196167E-001,7.052567601203919E-001,4.157130047678947E-002,-5.175824463367462E-002,6.641615629196167E-001,7.052567601203919E-001,
1.802766666666667E+009,4.874392971396446E-002,-4.640160128474236E-002,6.824533343315125E-001,6.869783401489258E-001,4.874392971396446E-002,-4.640160128474236E-002,6.824533343315125E-001,6.869783401489258E-001,
1.811133333333334E+009,5.874904990196228E-002,-4.530560970306397E-002,7.068240046501160E-001,6.684875488281250E-001,5.874904990196228E-002,-4.530560970306397E-002,7.068240046501160E-001,6.684875488281250E-001,
1.819500000000000E+009,6.820819526910782E-002,-4.977102577686310E-002,7.175455093383789E-001,6.425300836563110E-001,6.820819526910782E-002,-4.977102577686310E-002,7.175455093383789E-001,6.425300836563110E-001,
1.827866666666667E+009,7.365088164806366E-002,-5.899232253432274E-002,7.373563647270203E-001,6.318142414093018E-001,7.365088164806366E-002,-5.899232253432274E-002,7.373563647270203E-001,6.318142414093018E-001,
1.836233333333334E+009,7.102301716804504E-002,-7.026844471693039E-002,7.494013905525208E-001,6.144847273826599E-001,7.102301716804504E-002,-7.026844471693039E-002,7.494013905525208E-001,6.144847273826599E-001,
1.844600000000000E+009,6.376216560602188E-002,-7.939551770687103E-002,7.651821374893189E-001,6.075662374496460E-001,6.376216560602188E-002,-7.939551770687103E-002,7.651821374893189E-001,6.075662374496460E-001,
1.852966666666667E+009,5.464805290102959E-002,-8.461671322584152E-002,7.739415168762207E-001,5.736194252967835E-001,5.464805290102959E-002,-8.461671322584152E-002,7.739415168762207E-001,5.736194252967835E-001,
1.861333333333334E+009,4.467087984085083E-002,-8.761706203222275E-002,7.969622611999512E-001,5.551206469535828E-001,4.467087984085083E-002,-8.761706203222275E-002,7.969622611999512E-001,5.551206469535828E-001,
1.869700000000000E+009,3.700460493564606E-002,-8.192755281925201E-002,8.117355704307556E-001,5.359444618225098E-001,3.700460493564606E-002,-8.192755281925201E-002,8.117355704307556E-001,5.359444618225098E-001,
1.878066666666667E+009,3.318299725651741E-002,-7.682610303163528E-002,8.252839446067810E-001,5.210807919502258E-001,3.318299725651741E-002,-7.682610303163528E-002,8.252839446067810E-001,5.210807919502258E-001,
1.886433333333334E+009,3.429712727665901E-002,-6.909302622079849E-002,8.433645963668823E-001,4.950487017631531E-001,3.429712727665901E-002,-6.909302622079849E-002,8.433645963668823E-001,4.950487017631531E-001,
1.894800000000000E+009,4.199771955609322E-002,-6.419615447521210E-002,8.544562458992004E-001,4.757227897644043E-001,4.199771955609322E-002,-6.419615447521210E-002,8.544562458992004E-001,4.757227897644043E-001,
1.903166666666667E+009,5.023801699280739E-002,-6.131818518042564E-002,8.655441999435425E-001,4.452664554119110E-001,5.023801699280739E-002,-6.131818518042564E-002,8.655441999435425E-001,4.452664554119110E-001,
1.911533333333334E+009,5.884069576859474E-002,-6.657010316848755E-002,8.726251721382141E-001,4.179629385471344E-001,5.884069576859474E-002,-6.657010316848755E-002,8.726251721382141E-001,4.179629385471344E-001,
1.919900000000000E+009,6.507977843284607E-002,-7.519998401403427E-002,8.873528242111206E-001,4.037019610404968E-001,6.507977843284607E-002,-7.519998401403427E-002,8.873528242111206E-001,4.037019610404968E-001,
1.928266666666667E+009,6.733067333698273E-002,-8.587513118982315E-002,8.838567733764648E-001,3.672403395175934E-001,6.733067333698273E-002,-8.587513118982315E-002,8.838567733764648E-001,3.672403395175934E-001,
1.936633333333334E+009,6.155305728316307E-002,-9.823256731033325E-002,9.028551578521729E-001,3.567733168601990E-001,6.155305728316307E-002,-9.823256731033325E-002,9.028551578521729E-001,3.567733168601990E-001,
1.945000000000000E+009,5.121487006545067E-002,-1.070666387677193E-001,9.128451943397522E-001,3.321371972560883E-001,5.121487006545067E-002,-1.070666387677193E-001,9.128451943397522E-001,3.321371972560883E-001,
1.953366666666667E+009,3.910178318619728E-002,-1.130126118659973E-001,9.145881533622742E-001,3.115273416042328E-001,3.910178318619728E-002,-1.130126118659973E-001,9.145881533622742E-001,3.115273416042328E-001,
1.961733333333334E+009,2.399564720690250E-002,-1.099314093589783E-001,9.297550320625305E-001,2.895890474319458E-001,2.399564720690250E-002,-1.099314093589783E-001,9.297550320625305E-001,2.895890474319458E-001,
1.970100000000000E+009,1.278689131140709E-002,-1.039576381444931E-001,9.304469227790833E-001,2.665102183818817E-001,1.278689131140709E-002,-1.039576381444931E-001,9.304469227790833E-001,2.665102183818817E-001,
1.978466666666667E+009,8.668778464198113E-003,-9.219271689653397E-002,9.410510063171387E-001,2.372980564832687E-001,8.668778464198113E-003,-9.219271689653397E-002,9.410510063171387E-001,2.372980564832687E-001,
1.986833333333334E+009,1.132334396243095E-002,-8.186031877994537E-002,9.442803263664246E-001,2.190123349428177E-001,1.132334396243095E-002,-8.186031877994537E-002,9.442803263664246E-001,2.190123349428177E-001,
1.995200000000000E+009,2.224818803369999E-002,-7.514230161905289E-002,9.472045302391052E-001,2.014663219451904E-001,2.224818803369999E-002,-7.514230161905289E-002,9.472045302391052E-001,2.014663219451904E-001,
2.003566666666667E+009,3.539489954710007E-002,-7.451266050338745E-002,9.534107446670532E-001,1.662310510873795E-001,3.539489954710007E-002,-7.451266050338745E-002,9.534107446670532E-001,1.662310510873795E-001,
2.011933333333334E+009,4.734710603952408E-002,-8.315020054578781E-002,9.626697897911072E-001,1.384374201297760E-001,4.734710603952408E-002,-8.315020054578781E-002,9.626697897911072E-001,1.384374201297760E-001,
2.020300000000000E+009,5.467199161648750E-002,-9.438955783843994E-002,9.635401964187622E-001,1.071533262729645E-001,5.467199161648750E-002,-9.438955783843994E-002,9.635401964187622E-001,1.071533262729645E-001,
2.028666666666667E+009,5.337297171354294E-002,-1.101979389786720E-001,9.652046561241150E-001,9.216279536485672E-002,5.337297171354294E-002,-1.101979389786720E-001,9.652046561241150E-001,9.216279536485672E-002,
2.037033333333334E+009,4.345388337969780E-002,-1.266294717788696E-001,9.679978489875794E-001,6.608400493860245E-002,4.345388337969780E-002,-1.266294717788696E-001,9.679978489875794E-001,6.608400493860245E-002,
2.045400000000000E+009,2.718988992273808E-002,-1.355338841676712E-001,9.639462828636169E-001,4.823616147041321E-002,2.718988992273808E-002,-1.355338841676712E-001,9.639462828636169E-001,4.823616147041321E-002,
2.053766666666667E+009,7.744470611214638E-003,-1.358665227890015E-001,9.661329984664917E-001,2.240769937634468E-002,7.744470611214638E-003,-1.358665227890015E-001,9.661329984664917E-001,2.240769937634468E-002,
2.062133333333334E+009,-7.250298280268908E-003,-1.297931373119354E-001,9.711102247238159E-001,-3.588756779208779E-003,-7.250298280268908E-003,-1.297931373119354E-001,9.711102247238159E-001,-3.588756779208779E-003,
2.070500000000000E+009,-1.556305866688490E-002,-1.146750524640083E-001,9.712691307067871E-001,-2.990784123539925E-002,-1.556305866688490E-002,-1.146750524640083E-001,9.712691307067871E-001,-2.990784123539925E-002,
2.078866666666667E+009,-1.423117984086275E-002,-9.964247792959213E-002,9.677696228027344E-001,-5.161771178245544E-002,-1.423117984086275E-002,-9.964247792959213E-002,9.677696228027344E-001,-5.161771178245544E-002,
2.087233333333334E+009,-4.115152172744274E-003,-9.162520617246628E-002,9.683308005332947E-001,-8.589904755353928E-002,-4.115152172744274E-003,-9.162520617246628E-002,9.683308005332947E-001,-8.589904755353928E-002,
2.095600000000000E+009,1.114728394895792E-002,-8.816928416490555E-002,9.709454774856567E-001,-1.067289710044861E-001,1.114728394895792E-002,-8.816928416490555E-002,9.709454774856567E-001,-1.067289710044861E-001,
2.103966666666667E+009,2.569534815847874E-002,-9.817984700202942E-002,9.680405259132385E-001,-1.347864866256714E-001,2.569534815847874E-002,-9.817984700202942E-002,9.680405259132385E-001,-1.347864866256714E-001,
2.112333333333334E+009,3.392377868294716E-002,-1.143711581826210E-001,9.556208848953247E-001,-1.547754555940628E-001,3.392377868294716E-002,-1.143711581826210E-001,9.556208848953247E-001,-1.547754555940628E-001,
2.120700000000000E+009,3.248558565974236E-002,-1.379060000181198E-001,9.509787559509277E-001,-1.859643906354904E-001,3.248558565974236E-002,-1.379060000181198E-001,9.509787559509277E-001,-1.859643906354904E-001,
2.129066666666667E+009,1.840503700077534E-002,-1.544699817895889E-001,9.547194242477417E-001,-2.130108028650284E-001,1.840503700077534E-002,-1.544699817895889E-001,9.547194242477417E-001,-2.130108028650284E-001,
2.137433333333334E+009,-4.846407566219568E-003,-1.649854183197022E-001,9.368767142295837E-001,-2.308015525341034E-001,-4.846407566219568E-003,-1.649854183197022E-001,9.368767142295837E-001,-2.308015525341034E-001,
2.145800000000000E+009,-3.297363594174385E-002,-1.638027429580689E-001,9.347112774848938E-001,-2.528651654720306E-001,-3.297363594174385E-002,-1.638027429580689E-001,9.347112774848938E-001,-2.528651654720306E-001,
2.154166666666667E+009,-5.439080297946930E-002,-1.510847359895706E-001,9.266948699951172E-001,-2.702598273754120E-001,-5.439080297946930E-002,-1.510847359895706E-001,9.266948699951172E-001,-2.702598273754120E-001,
2.162533333333334E+009,-6.650108098983765E-002,-1.293401718139648E-001,9.085862040519714E-001,-2.944169342517853E-001,-6.650108098983765E-002,-1.293401718139648E-001,9.085862040519714E-001,-2.944169342517853E-001,
2.170900000000000E+009,-6.513347476720810E-002,-1.073297262191773E-001,9.169260263442993E-001,-3.228836655616760E-001,-6.513347476720810E-002,-1.073297262191773E-001,9.169260263442993E-001,-3.228836655616760E-001,
2.179266666666667E+009,-5.196965113282204E-002,-9.272603690624237E-002,9.056873917579651E-001,-3.396433591842651E-001,-5.196965113282204E-002,-9.272603690624237E-002,9.056873917579651E-001,-3.396433591842651E-001,
2.187633333333334E+009,-3.313363343477249E-002,-8.800258487462997E-002,9.021558761596680E-001,-3.728575110435486E-001,-3.313363343477249E-002,-8.800258487462997E-002,9.021558761596680E-001,-3.728575110435486E-001,
2.196000000000000E+009,-1.296994183212519E-002,-9.770558029413223E-002,8.826416134834290E-001,-3.949985206127167E-001,-1.296994183212519E-002,-9.770558029413223E-002,8.826416134834290E-001,-3.949985206127167E-001,
2.204366666666667E+009,-1.403973437845707E-003,-1.187863945960999E-001,8.741831779479981E-001,-4.177331030368805E-001,-1.403973437845707E-003,-1.187863945960999E-001,8.741831779479981E-001,-4.177331030368805E-001,
2.212733333333334E+009,-3.299806732684374E-003,-1.438270509243012E-001,8.588564991950989E-001,-4.493597745895386E-001,-3.299806732684374E-003,-1.438270509243012E-001,8.588564991950989E-001,-4.493597745895386E-001,
2.221100000000000E+009,-1.987594738602638E-002,-1.633217930793762E-001,8.383373618125916E-001,-4.605498015880585E-001,-1.987594738602638E-002,-1.633217930793762E-001,8.383373618125916E-001,-4.605498015880585E-001,
2.229466666666667E+009,-4.440680518746376E-002,-1.740873306989670E-001,8.303791284561157E-001,-4.721363186836243E-001,-4.440680518746376E-002,-1.740873306989670E-001,8.303791284561157E-001,-4.721363186836243E-001,
2.237833333333334E+009,-7.503435760736466E-002,-1.688072234392166E-001,8.218263983726502E-001,-4.976264238357544E-001,-7.503435760736466E-002,-1.688072234392166E-001,8.218263983726502E-001,-4.976264238357544E-001,
2.246200000000000E+009,-1.003870144486427E-001,-1.521378308534622E-001,8.085088133811951E-001,-5.166476964950562E-001,-1.003870144486427E-001,-1.521378308534622E-001,8.085088133811951E-001,-5.166476964950562E-001,
2.254566666666667E+009,-1.113784238696098E-001,-1.253375113010407E-001,7.995280623435974E-001,-5.339708328247070E-001,-1.113784238696098E-001,-1.253375113010407E-001,7.995280623435974E-001,-5.339708328247070E-001,
2.262933333333334E+009,-1.107501909136772E-001,-1.010625660419464E-001,7.868978381156921E-001,-5.558452010154724E-001,-1.107501909136772E-001,-1.010625660419464E-001,7.868978381156921E-001,-5.558452010154724E-001,
2.271300000000000E+009,-9.650540351867676E-002,-8.165346831083298E-002,7.700935602188110E-001,-5.752565264701843E-001,-9.650540351867676E-002,-8.165346831083298E-002,7.700935602188110E-001,-5.752565264701843E-001,
2.279666666666667E+009,-7.425590604543686E-002,-7.837548106908798E-002,7.587584257125855E-001,-5.971077680587769E-001,-7.425590604543686E-002,-7.837548106908798E-002,7.587584257125855E-001,-5.971077680587769E-001,
2.288033333333334E+009,-5.547177791595459E-002,-8.916539698839188E-002,7.426312565803528E-001,-6.272917985916138E-001,-5.547177791595459E-002,-8.916539698839188E-002,7.426312565803528E-001,-6.272917985916138E-001,
2.296400000000000E+009,-4.552828520536423E-002,-1.113381385803223E-001,7.198087573051453E-001,-6.463670134544373E-001,-4.552828520536423E-002,-1.113381385803223E-001,7.198087573051453E-001,-6.463670134544373E-001,
2.304766666666667E+009,-5.171576514840126E-002,-1.360241174697876E-001,7.047649025917053E-001,-6.529476046562195E-001,-5.171576514840126E-002,-1.360241174697876E-001,7.047649025917053E-001,-6.529476046562195E-001,
2.313133333333334E+009,-7.297199219465256E-002,-1.521685570478439E-001,6.800503134727478E-001,-6.833689212799072E-001,-7.297199219465256E-002,-1.521685570478439E-001,6.800503134727478E-001,-6.833689212799072E-001,
2.321500000000000E+009,-9.815917909145355E-002,-1.550358831882477E-001,6.654831171035767E-001,-6.896201968193054E-001,-9.815917909145355E-002,-1.550358831882477E-001,6.654831171035767E-001,-6.896201968193054E-001,
2.329866666666667E+009,-1.247743144631386E-001,-1.432653367519379E-001,6.546511650085449E-001,-7.061650753021240E-001,-1.247743144631386E-001,-1.432653367519379E-001,6.546511650085449E-001,-7.061650753021240E-001,
2.338233333333334E+009,-1.440556645393372E-001,-1.206923723220825E-001,6.287530064582825E-001,-7.218582630157471E-001,-1.440556645393372E-001,-1.206923723220825E-001,6.287530064582825E-001,-7.218582630157471E-001,
2.346600000000000E+009,-1.484610885381699E-001,-8.951457589864731E-002,6.110880970954895E-001,-7.397378087043762E-001,-1.484610885381699E-001,-8.951457589864731E-002,6.110880970954895E-001,-7.397378087043762E-001,
2.354966666666667E+009,-1.362425684928894E-001,-6.577835232019424E-002,6.035887002944946E-001,-7.522500157356262E-001,-1.362425684928894E-001,-6.577835232019424E-002,6.035887002944946E-001,-7.522500157356262E-001,
2.363333333333334E+009,-1.146847531199455E-001,-5.504143610596657E-002,5.876180529594421E-001,-7.694867849349976E-001,-1.146847531199455E-001,-5.504143610596657E-002,5.876180529594421E-001,-7.694867849349976E-001,
2.371700000000000E+009,-8.762949705123901E-002,-5.916968360543251E-002,5.676657557487488E-001,-7.914033532142639E-001,-8.762949705123901E-002,-5.916968360543251E-002,5.676657557487488E-001,-7.914033532142639E-001,
2.380066666666667E+009,-7.079084217548370E-002,-8.234625309705734E-002,5.359404683113098E-001,-8.063939809799194E-001,-7.079084217548370E-002,-8.234625309705734E-002,5.359404683113098E-001,-8.063939809799194E-001,
2.388433333333334E+009,-7.048473507165909E-002,-1.123377829790115E-001,5.138154625892639E-001,-8.125655651092529E-001,-7.048473507165909E-002,-1.123377829790115E-001,5.138154625892639E-001,-8.125655651092529E-001,
2.396800000000000E+009,-8.823204040527344E-002,-1.418039053678513E-001,4.801640510559082E-001,-8.308444023132324E-001,-8.823204040527344E-002,-1.418039053678513E-001,4.801640510559082E-001,-8.308444023132324E-001,
2.405166666666667E+009,-1.199964806437492E-001,-1.601032316684723E-001,4.617588222026825E-001,-8.402521014213562E-001,-1.199964806437492E-001,-1.601032316684723E-001,4.617588222026825E-001,-8.402521014213562E-001,
2.413533333333334E+009,-1.603458821773529E-001,-1.562888920307159E-001,4.376825094223023E-001,-8.438236713409424E-001,-1.603458821773529E-001,-1.562888920307159E-001,4.376825094223023E-001,-8.438236713409424E-001,
2.421900000000000E+009,-1.971312761306763E-001,-1.349649578332901E-001,4.258275032043457E-001,-8.530293107032776E-001,-1.971312761306763E-001,-1.349649578332901E-001,4.258275032043457E-001,-8.530293107032776E-001,
2.430266666666667E+009,-2.171174585819244E-001,-9.912844747304916E-002,4.074192047119141E-001,-8.628969788551331E-001,-2.171174585819244E-001,-9.912844747304916E-002,4.074192047119141E-001,-8.628969788551331E-001,
2.438633333333334E+009,-2.226744890213013E-001,-5.531591176986694E-002,3.896453976631165E-001,-8.716905713081360E-001,-2.226744890213013E-001,-5.531591176986694E-002,3.896453976631165E-001,-8.716905713081360E-001,
2.447000000000000E+009,-2.063455134630203E-001,-1.625646091997623E-002,3.690833747386932E-001,-8.870319128036499E-001,-2.063455134630203E-001,-1.625646091997623E-002,3.690833747386932E-001,-8.870319128036499E-001,
2.455366666666667E+009,-1.753057092428207E-001,5.768961273133755E-003,3.497006893157959E-001,-8.951488137245178E-001,-1.753057092428207E-001,5.768961273133755E-003,3.497006893157959E-001,-8.951488137245178E-001,
2.463733333333334E+009,-1.415102779865265E-001,8.736044168472290E-003,3.270892500877380E-001,-9.126331806182861E-001,-1.415102779865265E-001,8.736044168472290E-003,3.270892500877380E-001,-9.126331806182861E-001,
2.472100000000000E+009,-1.152854040265083E-001,-9.731670841574669E-003,2.999655902385712E-001,-9.231498837471008E-001,-1.152854040265083E-001,-9.731670841574669E-003,2.999655902385712E-001,-9.231498837471008E-001,
2.480466666666667E+009,-1.048701331019402E-001,-3.996340185403824E-002,2.660629451274872E-001,-9.259571433067322E-001,-1.048701331019402E-001,-3.996340185403824E-002,2.660629451274872E-001,-9.259571433067322E-001,
2.488833333333334E+009,-1.150459647178650E-001,-7.078655064105988E-002,2.437236160039902E-001,-9.326906800270081E-001,-1.150459647178650E-001,-7.078655064105988E-002,2.437236160039902E-001,-9.326906800270081E-001,
2.497200000000000E+009,-1.392645537853241E-001,-8.913579583168030E-002,2.136324197053909E-001,-9.392166137695313E-001,-1.392645537853241E-001,-8.913579583168030E-002,2.136324197053909E-001,-9.392166137695313E-001,
2.505566666666667E+009,-1.763133406639099E-001,-9.037399291992188E-002,1.849358677864075E-001,-9.436402320861816E-001,-1.763133406639099E-001,-9.037399291992188E-002,1.849358677864075E-001,-9.436402320861816E-001,
2.513933333333334E+009,-2.053373306989670E-001,-7.112910598516464E-002,1.673438400030136E-001,-9.407415986061096E-001,-2.053373306989670E-001,-7.112910598516464E-002,1.673438400030136E-001,-9.407415986061096E-001,
2.522300000000000E+009,-2.222448289394379E-001,-4.053348302841187E-002,1.415057927370071E-001,-9.425292611122131E-001,-2.222448289394379E-001,-4.053348302841187E-002,1.415057927370071E-001,-9.425292611122131E-001,
2.530666666666667E+009,-2.203124016523361E-001,-1.942811650224030E-003,1.180433183908463E-001,-9.506433010101318E-001,-2.203124016523361E-001,-1.942811650224030E-003,1.180433183908463E-001,-9.506433010101318E-001,
2.539033333333334E+009,-2.025508284568787E-001,3.010813705623150E-002,1.018457859754562E-001,-9.511339664459229E-001,-2.025508284568787E-001,3.010813705623150E-002,1.018457859754562E-001,-9.511339664459229E-001,
2.547400000000000E+009,-1.730926334857941E-001,4.859282076358795E-002,8.378323912620544E-002,-9.633968472480774E-001,-1.730926334857941E-001,4.859282076358795E-002,8.378323912620544E-002,-9.633968472480774E-001,
2.555766666666667E+009,-1.397120058536530E-001,4.788228869438171E-002,5.433457717299461E-002,-9.699786305427551E-001,-1.397120058536530E-001,4.788228869438171E-002,5.433457717299461E-002,-9.699786305427551E-001,
2.564133333333334E+009,-1.181121394038200E-001,2.707845903933048E-002,2.620156668126583E-002,-9.670475721359253E-001,-1.181121394038200E-001,2.707845903933048E-002,2.620156668126583E-002,-9.670475721359253E-001,
2.572500000000000E+009,-1.138645932078362E-001,-2.387661254033446E-003,-2.740823430940509E-003,-9.666875004768372E-001,-1.138645932078362E-001,-2.387661254033446E-003,-2.740823430940509E-003,-9.666875004768372E-001,
2.580866666666667E+009,-1.285409182310104E-001,-3.023984469473362E-002,-3.250743076205254E-002,-9.672412872314453E-001,-1.285409182310104E-001,-3.023984469473362E-002,-3.250743076205254E-002,-9.672412872314453E-001,
2.589233333333334E+009,-1.594532728195190E-001,-4.527754709124565E-002,-6.368448585271835E-002,-9.580522775650024E-001,-1.594532728195190E-001,-4.527754709124565E-002,-6.368448585271835E-002,-9.580522775650024E-001,
2.597600000000000E+009,-1.941294670104981E-001,-4.335960373282433E-002,-8.954796940088272E-002,-9.534911513328552E-001,-1.941294670104981E-001,-4.335960373282433E-002,-8.954796940088272E-002,-9.534911513328552E-001,
2.605966666666667E+009,-2.237882912158966E-001,-2.070626802742481E-002,-1.016893461346626E-001,-9.535134434700012E-001,-2.237882912158966E-001,-2.070626802742481E-002,-1.016893461346626E-001,-9.535134434700012E-001,
2.614333333333334E+009,-2.380271553993225E-001,1.194833219051361E-002,-1.234992444515228E-001,-9.417300820350647E-001,-2.380271553993225E-001,1.194833219051361E-002,-1.234992444515228E-001,-9.417300820350647E-001,
2.622700000000000E+009,-2.333022505044937E-001,5.245161429047585E-002,-1.411087810993195E-001,-9.364881515502930E-001,-2.333022505044937E-001,5.245161429047585E-002,-1.411087810993195E-001,-9.364881515502930E-001,
2.631066666666667E+009,-2.123072296380997E-001,8.614133298397064E-002,-1.634480357170105E-001,-9.466651678085327E-001,-2.123072296380997E-001,8.614133298397064E-002,-1.634480357170105E-001,-9.466651678085327E-001,
2.639433333333334E+009,-1.784285753965378E-001,1.037640944123268E-001,-1.850323528051376E-001,-9.367679953575134E-001,-1.784285753965378E-001,1.037640944123268E-001,-1.850323528051376E-001,-9.367679953575134E-001,
2.647800000000000E+009,-1.430375427007675E-001,1.033186092972755E-001,-2.105541080236435E-001,-9.379230141639710E-001,-1.430375427007675E-001,1.033186092972755E-001,-2.105541080236435E-001,-9.379230141639710E-001,
2.656166666666667E+009,-1.195732131600380E-001,8.481747657060623E-002,-2.343998402357101E-001,-9.412030577659607E-001,-1.195732131600380E-001,8.481747657060623E-002,-2.343998402357101E-001,-9.412030577659607E-001,
2.664533333333334E+009,-1.132868900895119E-001,5.765718966722488E-002,-2.697234153747559E-001,-9.248049855232239E-001,-1.132868900895119E-001,5.765718966722488E-002,-2.697234153747559E-001,-9.248049855232239E-001,
2.672900000000000E+009,-1.260088235139847E-001,3.109207935631275E-002,-2.919821143150330E-001,-9.197095632553101E-001,-1.260088235139847E-001,3.109207935631275E-002,-2.919821143150330E-001,-9.197095632553101E-001,
2.681266666666667E+009,-1.533490270376205E-001,1.812670379877091E-002,-3.200887143611908E-001,-9.060230851173401E-001,-1.533490270376205E-001,1.812670379877091E-002,-3.200887143611908E-001,-9.060230851173401E-001,
2.689633333333334E+009,-1.865867525339127E-001,2.251696586608887E-002,-3.419818878173828E-001,-8.957036733627319E-001,-1.865867525339127E-001,2.251696586608887E-002,-3.419818878173828E-001,-8.957036733627319E-001,
2.698000000000000E+009,-2.119158953428268E-001,4.435546696186066E-002,-3.545810580253601E-001,-8.807062506675720E-001,-2.119158953428268E-001,4.435546696186066E-002,-3.545810580253601E-001,-8.807062506675720E-001,
2.706366666666667E+009,-2.223349064588547E-001,7.850749045610428E-002,-3.774236440658569E-001,-8.668590784072876E-001,-2.223349064588547E-001,7.850749045610428E-002,-3.774236440658569E-001,-8.668590784072876E-001,
2.714733333333334E+009,-2.154853343963623E-001,1.137776672840118E-001,-3.907783329486847E-001,-8.654083609580994E-001,-2.154853343963623E-001,1.137776672840118E-001,-3.907783329486847E-001,-8.654083609580994E-001,
2.723100000000000E+009,-1.896408051252365E-001,1.446692496538162E-001,-4.099873304367065E-001,-8.535954952239990E-001,-1.896408051252365E-001,1.446692496538162E-001,-4.099873304367065E-001,-8.535954952239990E-001,
2.731466666666667E+009,-1.519685834646225E-001,1.612795144319534E-001,-4.341884851455689E-001,-8.503124713897705E-001,-1.519685834646225E-001,1.612795144319534E-001,-4.341884851455689E-001,-8.503124713897705E-001,
2.739833333333334E+009,-1.150001063942909E-001,1.577406674623489E-001,-4.550189077854157E-001,-8.405032753944397E-001,-1.150001063942909E-001,1.577406674623489E-001,-4.550189077854157E-001,-8.405032753944397E-001,
2.748200000000000E+009,-8.867310732603073E-002,1.390214413404465E-001,-4.787453413009644E-001,-8.340006470680237E-001,-8.867310732603073E-002,1.390214413404465E-001,-4.787453413009644E-001,-8.340006470680237E-001,
2.756566666666667E+009,-7.966611534357071E-002,1.101684793829918E-001,-5.053938627243042E-001,-8.252848982810974E-001,-7.966611534357071E-002,1.101684793829918E-001,-5.053938627243042E-001,-8.252848982810974E-001,
2.764933333333334E+009,-8.949746191501617E-002,8.289699256420136E-002,-5.393298268318176E-001,-8.135678768157959E-001,-8.949746191501617E-002,8.289699256420136E-002,-5.393298268318176E-001,-8.135678768157959E-001,
2.773300000000000E+009,-1.143848896026611E-001,6.509023159742355E-002,-5.552232265472412E-001,-7.900574207305908E-001,-1.143848896026611E-001,6.509023159742355E-002,-5.552232265472412E-001,-7.900574207305908E-001,
2.781666666666667E+009,-1.483468711376190E-001,6.915978342294693E-002,-5.728723406791687E-001,-7.701724171638489E-001,-1.483468711376190E-001,6.915978342294693E-002,-5.728723406791687E-001,-7.701724171638489E-001,
2.790033333333334E+009,-1.742946654558182E-001,8.803149312734604E-002,-5.909826159477234E-001,-7.544986605644226E-001,-1.742946654558182E-001,8.803149312734604E-002,-5.909826159477234E-001,-7.544986605644226E-001,
2.798400000000000E+009,-1.868329793214798E-001,1.208010762929916E-001,-6.072620749473572E-001,-7.392634153366089E-001,-1.868329793214798E-001,1.208010762929916E-001,-6.072620749473572E-001,-7.392634153366089E-001,
2.806766666666667E+009,-1.778215616941452E-001,1.559019982814789E-001,-6.184577345848084E-001,-7.169569134712219E-001,-1.778215616941452E-001,1.559019982814789E-001,-6.184577345848084E-001,-7.169569134712219E-001,
2.815133333333334E+009,-1.541504859924316E-001,1.820720881223679E-001,-6.311411261558533E-001,-7.089221477508545E-001,-1.541504859924316E-001,1.820720881223679E-001,-6.311411261558533E-001,-7.089221477508545E-001,
2.823500000000000E+009,-1.170914918184280E-001,1.964498460292816E-001,-6.494947075843811E-001,-6.982944011688232E-001,-1.170914918184280E-001,1.964498460292816E-001,-6.494947075843811E-001,-6.982944011688232E-001,
2.831866666666667E+009,-7.936582714319229E-002,1.904647350311279E-001,-6.656902432441711E-001,-6.845493316650391E-001,-7.936582714319229E-002,1.904647350311279E-001,-6.656902432441711E-001,-6.845493316650391E-001,
2.840233333333334E+009,-5.069463327527046E-002,1.703679561614990E-001,-6.921234130859375E-001,-6.725246906280518E-001,-5.069463327527046E-002,1.703679561614990E-001,-6.921234130859375E-001,-6.725246906280518E-001,
2.848600000000000E+009,-3.921895846724510E-002,1.411943584680557E-001,-7.086898088455200E-001,-6.519171595573425E-001,-3.921895846724510E-002,1.411943584680557E-001,-7.086898088455200E-001,-6.519171595573425E-001,
2.856966666666667E+009,-4.809640720486641E-002,1.135978996753693E-001,-7.308517694473267E-001,-6.343053579330444E-001,-4.809640720486641E-002,1.135978996753693E-001,-7.308517694473267E-001,-6.343053579330444E-001,
2.865333333333334E+009,-7.460167258977890E-002,9.680931270122528E-002,-7.511249184608460E-001,-6.162407398223877E-001,-7.460167258977890E-002,9.680931270122528E-002,-7.511249184608460E-001,-6.162407398223877E-001,
2.873700000000000E+009,-1.079533100128174E-001,9.860484302043915E-002,-7.676637172698975E-001,-5.841551423072815E-001,-1.079533100128174E-001,9.860484302043915E-002,-7.676637172698975E-001,-5.841551423072815E-001,
2.882066666666667E+009,-1.348074376583099E-001,1.188479438424110E-001,-7.747926115989685E-001,-5.569269657135010E-001,-1.348074376583099E-001,1.188479438424110E-001,-7.747926115989685E-001,-5.569269657135010E-001,
2.890433333333334E+009,-1.479054391384125E-001,1.533298045396805E-001,-7.853321433067322E-001,-5.380890965461731E-001,-1.479054391384125E-001,1.533298045396805E-001,-7.853321433067322E-001,-5.380890965461731E-001,
2.898800000000000E+009,-1.399997025728226E-001,1.904252916574478E-001,-7.916031479835510E-001,-5.217979550361633E-001,-1.399997025728226E-001,1.904252916574478E-001,-7.916031479835510E-001,-5.217979550361633E-001,
2.907166666666667E+009,-1.137789860367775E-001,2.178429663181305E-001,-7.958310842514038E-001,-5.085433125495911E-001,-1.137789860367775E-001,2.178429663181305E-001,-7.958310842514038E-001,-5.085433125495911E-001,
2.915533333333334E+009,-7.351733744144440E-002,2.316280901432037E-001,-8.109445571899414E-001,-4.862078726291657E-001,-7.351733744144440E-002,2.316280901432037E-001,-8.109445571899414E-001,-4.862078726291657E-001,
2.923900000000000E+009,-3.352303430438042E-002,2.249055057764053E-001,-8.233181834220886E-001,-4.768791496753693E-001,-3.352303430438042E-002,2.249055057764053E-001,-8.233181834220886E-001,-4.768791496753693E-001,
2.932266666666667E+009,-1.225571613758802E-003,2.022959589958191E-001,-8.380056023597717E-001,-4.622705876827240E-001,-1.225571613758802E-003,2.022959589958191E-001,-8.380056023597717E-001,-4.622705876827240E-001,
2.940633333333334E+009,1.286714244633913E-002,1.683370172977448E-001,-8.551197052001953E-001,-4.391985237598419E-001,1.286714244633913E-002,1.683370172977448E-001,-8.551197052001953E-001,-4.391985237598419E-001,
2.949000000000000E+009,6.120936013758183E-003,1.336687207221985E-001,-8.770372867584229E-001,-4.076826274394989E-001,6.120936013758183E-003,1.336687207221985E-001,-8.770372867584229E-001,-4.076826274394989E-001,
2.957366666666667E+009,-1.923536881804466E-002,1.134433001279831E-001,-8.899664878845215E-001,-3.892531692981720E-001,-1.923536881804466E-002,1.134433001279831E-001,-8.899664878845215E-001,-3.892531692981720E-001,
2.965733333333334E+009,-5.529150366783142E-002,1.132152676582336E-001,-9.023626446723938E-001,-3.589040935039520E-001,-5.529150366783142E-002,1.132152676582336E-001,-9.023626446723938E-001,-3.589040935039520E-001,
2.974100000000000E+009,-8.335557579994202E-002,1.343829929828644E-001,-9.085894823074341E-001,-3.218297362327576E-001,-8.335557579994202E-002,1.343829929828644E-001,-9.085894823074341E-001,-3.218297362327576E-001,
2.982466666666667E+009,-9.733945131301880E-002,1.690696477890015E-001,-9.113245010375977E-001,-2.969672679901123E-001,-9.733945131301880E-002,1.690696477890015E-001,-9.113245010375977E-001,-2.969672679901123E-001,
2.990833333333334E+009,-9.044761955738068E-002,2.067499756813049E-001,-9.063994288444519E-001,-2.800239920616150E-001,-9.044761955738068E-002,2.067499756813049E-001,-9.063994288444519E-001,-2.800239920616150E-001,
2.999200000000000E+009,-6.333436816930771E-002,2.363915890455246E-001,-9.098687171936035E-001,-2.608951628208160E-001,-6.333436816930771E-002,2.363915890455246E-001,-9.098687171936035E-001,-2.608951628208160E-001,
3.007566666666667E+009,-2.293558232486248E-002,2.494118362665176E-001,-9.146240353584290E-001,-2.428949624300003E-001,-2.293558232486248E-002,2.494118362665176E-001,-9.146240353584290E-001,-2.428949624300003E-001,
3.015933333333334E+009,2.113093249499798E-002,2.391206175088882E-001,-9.179432988166809E-001,-2.303633093833923E-001,2.113093249499798E-002,2.391206175088882E-001,-9.179432988166809E-001,-2.303633093833923E-001,
3.024300000000000E+009,5.431513860821724E-002,2.126148045063019E-001,-9.290631413459778E-001,-2.117510885000229E-001,5.431513860821724E-002,2.126148045063019E-001,-9.290631413459778E-001,-2.117510885000229E-001,
3.032666666666667E+009,6.970439106225967E-002,1.722317337989807E-001,-9.405808448791504E-001,-1.866654306650162E-001,6.970439106225967E-002,1.722317337989807E-001,-9.405808448791504E-001,-1.866654306650162E-001,
3.041033333333334E+009,6.048182398080826E-002,1.337639838457108E-001,-9.513659477233887E-001,-1.617156863212585E-001,6.048182398080826E-002,1.337639838457108E-001,-9.513659477233887E-001,-1.617156863212585E-001,
3.049400000000000E+009,3.115846216678619E-002,1.102074459195137E-001,-9.596644639968872E-001,-1.238057091832161E-001,3.115846216678619E-002,1.102074459195137E-001,-9.596644639968872E-001,-1.238057091832161E-001,
3.057766666666667E+009,-6.402100436389446E-003,1.093900352716446E-001,-9.675107002258301E-001,-1.060120090842247E-001,-6.402100436389446E-003,1.093900352716446E-001,-9.675107002258301E-001,-1.060120090842247E-001,
3.066133333333334E+009,-4.050635918974876E-002,1.318882554769516E-001,-9.602422118186951E-001,-6.489879637956619E-002,-4.050635918974876E-002,1.318882554769516E-001,-9.602422118186951E-001,-6.489879637956619E-002,
3.074500000000000E+009,-5.511251837015152E-002,1.715701520442963E-001,-9.604864120483398E-001,-3.703894838690758E-002,-5.511251837015152E-002,1.715701520442963E-001,-9.604864120483398E-001,-3.703894838690758E-002,
3.082866666666667E+009,-4.459347575902939E-002,2.139280885457993E-001,-9.531426429748535E-001,-1.791087351739407E-002,-4.459347575902939E-002,2.139280885457993E-001,-9.531426429748535E-001,-1.791087351739407E-002,
3.091233333333334E+009,-1.228515431284905E-002,2.479541897773743E-001,-9.452422261238098E-001,4.779501352459192E-003,-1.228515431284905E-002,2.479541897773743E-001,-9.452422261238098E-001,4.779501352459192E-003,
3.099600000000000E+009,3.473746404051781E-002,2.596046030521393E-001,-9.390075206756592E-001,1.815189421176910E-002,3.473746404051781E-002,2.596046030521393E-001,-9.390075206756592E-001,1.815189421176910E-002,
3.107966666666667E+009,8.514133095741272E-002,2.455068379640579E-001,-9.426922798156738E-001,2.965813502669334E-002,8.514133095741272E-002,2.455068379640579E-001,-9.426922798156738E-001,2.965813502669334E-002,
3.116333333333334E+009,1.241900846362114E-001,2.099968343973160E-001,-9.451584815979004E-001,5.380257591605187E-002,1.241900846362114E-001,2.099968343973160E-001,-9.451584815979004E-001,5.380257591605187E-002,
3.124700000000000E+009,1.389356553554535E-001,1.602288186550140E-001,-9.530708193778992E-001,7.083982974290848E-002,1.389356553554535E-001,1.602288186550140E-001,-9.530708193778992E-001,7.083982974290848E-002,
3.133066666666667E+009,1.284793913364410E-001,1.120802313089371E-001,-9.611698985099793E-001,1.018846109509468E-001,1.284793913364410E-001,1.120802313089371E-001,-9.611698985099793E-001,1.018846109509468E-001,
3.141433333333334E+009,9.544510394334793E-002,7.788944244384766E-002,-9.630967378616333E-001,1.306515485048294E-001,9.544510394334793E-002,7.788944244384766E-002,-9.630967378616333E-001,1.306515485048294E-001,
3.149800000000000E+009,4.768580198287964E-002,7.232850790023804E-002,-9.631775617599487E-001,1.676159948110580E-001,4.768580198287964E-002,7.232850790023804E-002,-9.631775617599487E-001,1.676159948110580E-001,
3.158166666666667E+009,5.792174488306046E-003,9.565942734479904E-002,-9.496525526046753E-001,2.007552981376648E-001,5.792174488306046E-003,9.565942734479904E-002,-9.496525526046753E-001,2.007552981376648E-001,
3.166533333333334E+009,-1.521228253841400E-002,1.394065320491791E-001,-9.400687813758850E-001,2.279595881700516E-001,-1.521228253841400E-002,1.394065320491791E-001,-9.400687813758850E-001,2.279595881700516E-001,
3.174900000000000E+009,-1.038998086005449E-002,1.887714564800263E-001,-9.236846566200256E-001,2.520959377288818E-001,-1.038998086005449E-002,1.887714564800263E-001,-9.236846566200256E-001,2.520959377288818E-001,
3.183266666666667E+009,2.259604632854462E-002,2.280900478363037E-001,-9.070785045623779E-001,2.703041434288025E-001,2.259604632854462E-002,2.280900478363037E-001,-9.070785045623779E-001,2.703041434288025E-001,
3.191633333333334E+009,7.069459557533264E-002,2.424871325492859E-001,-8.931819200515747E-001,2.834593355655670E-001,7.069459557533264E-002,2.424871325492859E-001,-8.931819200515747E-001,2.834593355655670E-001,
3.200000000000000E+009,1.214548349380493E-001,2.285790294408798E-001,-8.915528655052185E-001,2.938732504844666E-001,1.214548349380493E-001,2.285790294408798E-001,-8.915528655052185E-001,2.938732504844666E-001,
