% Version 1.00
%
%freq[Hz],re:Trc1_S11,im:Trc1_S11,re:Trc2_S21,im:Trc2_S21,re:Trc3_S11,im:Trc3_S11,re:Trc4_S21,im:Trc4_S21,
6.900000000000000E+008,-1.578573696315289E-002,1.982766017317772E-002,-4.719829559326172E-001,-8.713625073432922E-001,-1.578573696315289E-002,1.982766017317772E-002,-4.719829559326172E-001,-8.713625073432922E-001,
6.983666666666666E+008,-8.472478017210960E-003,1.887959428131580E-002,-4.889144301414490E-001,-8.550853133201599E-001,-8.472478017210960E-003,1.887959428131580E-002,-4.889144301414490E-001,-8.550853133201599E-001,
7.067333333333334E+008,-2.780275652185082E-003,1.463153865188360E-002,-5.183747410774231E-001,-8.279340267181397E-001,-2.780275652185082E-003,1.463153865188360E-002,-5.183747410774231E-001,-8.279340267181397E-001,
7.151000000000000E+008,-3.680503228679299E-003,6.351127754896879E-003,-5.269523859024048E-001,-8.202223181724548E-001,-3.680503228679299E-003,6.351127754896879E-003,-5.269523859024048E-001,-8.202223181724548E-001,
7.234666666666666E+008,-3.859754884615541E-003,-5.885265418328345E-004,-5.646666288375855E-001,-8.114997148513794E-001,-3.859754884615541E-003,-5.885265418328345E-004,-5.646666288375855E-001,-8.114997148513794E-001,
7.318333333333334E+008,-1.114794705063105E-002,-4.905616864562035E-003,-5.704782009124756E-001,-8.068206906318665E-001,-1.114794705063105E-002,-4.905616864562035E-003,-5.704782009124756E-001,-8.068206906318665E-001,
7.402000000000000E+008,-1.898343861103058E-002,-4.448664374649525E-003,-6.023219823837280E-001,-7.851845026016235E-001,-1.898343861103058E-002,-4.448664374649525E-003,-6.023219823837280E-001,-7.851845026016235E-001,
7.485666666666666E+008,-2.402468584477902E-002,1.106700874515809E-004,-6.250382065773010E-001,-7.473199367523193E-001,-2.402468584477902E-002,1.106700874515809E-004,-6.250382065773010E-001,-7.473199367523193E-001,
7.569333333333334E+008,-2.555171772837639E-002,8.084407076239586E-003,-6.398207545280457E-001,-7.520696520805359E-001,-2.555171772837639E-002,8.084407076239586E-003,-6.398207545280457E-001,-7.520696520805359E-001,
7.653000000000000E+008,-2.280084788799286E-002,1.551233883947134E-002,-6.477748751640320E-001,-7.452987432479858E-001,-2.280084788799286E-002,1.551233883947134E-002,-6.477748751640320E-001,-7.452987432479858E-001,
7.736666666666666E+008,-1.544620189815760E-002,2.283558063209057E-002,-6.740298867225647E-001,-7.381566166877747E-001,-1.544620189815760E-002,2.283558063209057E-002,-6.740298867225647E-001,-7.381566166877747E-001,
7.820333333333334E+008,-9.744948707520962E-003,2.610288187861443E-002,-6.976383328437805E-001,-7.163113951683044E-001,-9.744948707520962E-003,2.610288187861443E-002,-6.976383328437805E-001,-7.163113951683044E-001,
7.904000000000000E+008,-5.134582170285285E-004,2.395047247409821E-002,-7.135920524597168E-001,-6.929910182952881E-001,-5.134582170285285E-004,2.395047247409821E-002,-7.135920524597168E-001,-6.929910182952881E-001,
7.987666666666666E+008,5.817412398755550E-003,1.833391934633255E-002,-7.262048721313477E-001,-6.741300821304321E-001,5.817412398755550E-003,1.833391934633255E-002,-7.262048721313477E-001,-6.741300821304321E-001,
8.071333333333334E+008,5.352613516151905E-003,1.323756296187639E-002,-7.382329702377319E-001,-6.612989902496338E-001,5.352613516151905E-003,1.323756296187639E-002,-7.382329702377319E-001,-6.612989902496338E-001,
8.155000000000000E+008,7.480935310013592E-004,5.596222821623087E-003,-7.501666545867920E-001,-6.165602207183838E-001,7.480935310013592E-004,5.596222821623087E-003,-7.501666545867920E-001,-6.165602207183838E-001,
8.238666666666666E+008,-4.524976480752230E-003,1.203321618959308E-003,-7.812915444374085E-001,-6.233757138252258E-001,-4.524976480752230E-003,1.203321618959308E-003,-7.812915444374085E-001,-6.233757138252258E-001,
8.322333333333334E+008,-1.334387436509132E-002,2.030390780419111E-003,-7.949124574661255E-001,-5.952697396278381E-001,-1.334387436509132E-002,2.030390780419111E-003,-7.949124574661255E-001,-5.952697396278381E-001,
8.406000000000000E+008,-1.887346804141998E-002,4.378465469926596E-003,-8.078112006187439E-001,-5.814491510391235E-001,-1.887346804141998E-002,4.378465469926596E-003,-8.078112006187439E-001,-5.814491510391235E-001,
8.489666666666668E+008,-2.004885673522949E-002,1.077394001185894E-002,-8.283428549766541E-001,-5.577477216720581E-001,-2.004885673522949E-002,1.077394001185894E-002,-8.283428549766541E-001,-5.577477216720581E-001,
8.573333333333334E+008,-1.797822304069996E-002,1.737941987812519E-002,-8.350688219070435E-001,-5.408235192298889E-001,-1.797822304069996E-002,1.737941987812519E-002,-8.350688219070435E-001,-5.408235192298889E-001,
8.657000000000000E+008,-1.253534760326147E-002,2.506066299974918E-002,-8.529214262962341E-001,-5.130004882812500E-001,-1.253534760326147E-002,2.506066299974918E-002,-8.529214262962341E-001,-5.130004882812500E-001,
8.740666666666668E+008,-5.340240430086851E-003,2.938128635287285E-002,-8.475251793861389E-001,-4.939251840114594E-001,-5.340240430086851E-003,2.938128635287285E-002,-8.475251793861389E-001,-4.939251840114594E-001,
8.824333333333334E+008,2.912419382482767E-003,2.764062397181988E-002,-8.805878162384033E-001,-4.632974565029144E-001,2.912419382482767E-003,2.764062397181988E-002,-8.805878162384033E-001,-4.632974565029144E-001,
8.908000000000000E+008,9.443173184990883E-003,2.697295509278774E-002,-8.918092250823975E-001,-4.602455496788025E-001,9.443173184990883E-003,2.697295509278774E-002,-8.918092250823975E-001,-4.602455496788025E-001,
8.991666666666668E+008,1.178850978612900E-002,1.993685960769653E-002,-9.031898975372315E-001,-4.327541589736939E-001,1.178850978612900E-002,1.993685960769653E-002,-9.031898975372315E-001,-4.327541589736939E-001,
9.075333333333334E+008,1.140439510345459E-002,1.497586816549301E-002,-8.957234025001526E-001,-4.065523445606232E-001,1.140439510345459E-002,1.497586816549301E-002,-8.957234025001526E-001,-4.065523445606232E-001,
9.159000000000000E+008,7.465628441423178E-003,8.591316640377045E-003,-9.109140634536743E-001,-3.969356119632721E-001,7.465628441423178E-003,8.591316640377045E-003,-9.109140634536743E-001,-3.969356119632721E-001,
9.242666666666668E+008,1.514664967544377E-003,3.444108879193664E-003,-9.228122234344482E-001,-3.725364506244659E-001,1.514664967544377E-003,3.444108879193664E-003,-9.228122234344482E-001,-3.725364506244659E-001,
9.326333333333334E+008,-4.011985845863819E-003,4.482604563236237E-003,-9.286031126976013E-001,-3.393434286117554E-001,-4.011985845863819E-003,4.482604563236237E-003,-9.286031126976013E-001,-3.393434286117554E-001,
9.410000000000000E+008,-1.040505710989237E-002,9.796272963285446E-003,-9.360955953598023E-001,-3.137798607349396E-001,-1.040505710989237E-002,9.796272963285446E-003,-9.360955953598023E-001,-3.137798607349396E-001,
9.493666666666668E+008,-1.293582841753960E-002,1.568978838622570E-002,-9.430952072143555E-001,-3.034231662750244E-001,-1.293582841753960E-002,1.568978838622570E-002,-9.430952072143555E-001,-3.034231662750244E-001,
9.577333333333334E+008,-9.617527946829796E-003,2.384824678301811E-002,-9.708573222160339E-001,-2.635481953620911E-001,-9.617527946829796E-003,2.384824678301811E-002,-9.708573222160339E-001,-2.635481953620911E-001,
9.661000000000000E+008,-3.385746153071523E-003,2.978134527802467E-002,-9.557982087135315E-001,-2.484658211469650E-001,-3.385746153071523E-003,2.978134527802467E-002,-9.557982087135315E-001,-2.484658211469650E-001,
9.744666666666668E+008,4.592374432832003E-003,3.407865017652512E-002,-9.694291353225708E-001,-2.155989557504654E-001,4.592374432832003E-003,3.407865017652512E-002,-9.694291353225708E-001,-2.155989557504654E-001,
9.828333333333334E+008,1.674725487828255E-002,3.231522813439369E-002,-9.668636918067932E-001,-1.905400902032852E-001,1.674725487828255E-002,3.231522813439369E-002,-9.668636918067932E-001,-1.905400902032852E-001,
9.912000000000000E+008,2.536406368017197E-002,2.914036065340042E-002,-9.775410890579224E-001,-1.809987127780914E-001,2.536406368017197E-002,2.914036065340042E-002,-9.775410890579224E-001,-1.809987127780914E-001,
9.995666666666668E+008,2.899867668747902E-002,2.029300294816494E-002,-9.821255207061768E-001,-1.451896131038666E-001,2.899867668747902E-002,2.029300294816494E-002,-9.821255207061768E-001,-1.451896131038666E-001,
1.007933333333333E+009,2.880436740815640E-002,1.149885915219784E-002,-9.860360026359558E-001,-1.277321726083756E-001,2.880436740815640E-002,1.149885915219784E-002,-9.860360026359558E-001,-1.277321726083756E-001,
1.016300000000000E+009,2.127340808510780E-002,2.111996989697218E-003,-9.871477484703064E-001,-1.002703979611397E-001,2.127340808510780E-002,2.111996989697218E-003,-9.871477484703064E-001,-1.002703979611397E-001,
1.024666666666667E+009,1.278979051858187E-002,6.002012523822486E-004,-9.889796376228333E-001,-8.063638210296631E-002,1.278979051858187E-002,6.002012523822486E-004,-9.889796376228333E-001,-8.063638210296631E-002,
1.033033333333333E+009,4.026954527944326E-003,2.788091078400612E-004,-9.695388674736023E-001,-4.030759632587433E-002,4.026954527944326E-003,2.788091078400612E-004,-9.695388674736023E-001,-4.030759632587433E-002,
1.041400000000000E+009,-1.915258122608066E-003,5.467206239700317E-003,-9.781056046485901E-001,-2.085289359092712E-002,-1.915258122608066E-003,5.467206239700317E-003,-9.781056046485901E-001,-2.085289359092712E-002,
1.049766666666667E+009,-4.149515181779862E-003,1.297115068882704E-002,-9.891464114189148E-001,-3.140075714327395E-004,-4.149515181779862E-003,1.297115068882704E-002,-9.891464114189148E-001,-3.140075714327395E-004,
1.058133333333333E+009,1.251277979463339E-003,2.219959162175655E-002,-9.857699871063232E-001,2.484981529414654E-002,1.251277979463339E-003,2.219959162175655E-002,-9.857699871063232E-001,2.484981529414654E-002,
1.066500000000000E+009,1.242901571094990E-002,2.682198211550713E-002,-9.718310236930847E-001,5.407512187957764E-002,1.242901571094990E-002,2.682198211550713E-002,-9.718310236930847E-001,5.407512187957764E-002,
1.074866666666667E+009,2.279091253876686E-002,2.425665035843849E-002,-9.847196936607361E-001,8.261218667030335E-002,2.279091253876686E-002,2.425665035843849E-002,-9.847196936607361E-001,8.261218667030335E-002,
1.083233333333334E+009,3.456102684140205E-002,2.076481468975544E-002,-9.800225496292114E-001,9.983630478382111E-002,3.456102684140205E-002,2.076481468975544E-002,-9.800225496292114E-001,9.983630478382111E-002,
1.091600000000000E+009,3.891296684741974E-002,8.954247459769249E-003,-9.749177098274231E-001,1.341573596000671E-001,3.891296684741974E-002,8.954247459769249E-003,-9.749177098274231E-001,1.341573596000671E-001,
1.099966666666667E+009,3.984986618161202E-002,-3.525640582665801E-003,-9.708681106567383E-001,1.503414362668991E-001,3.984986618161202E-002,-3.525640582665801E-003,-9.708681106567383E-001,1.503414362668991E-001,
1.108333333333334E+009,3.140988573431969E-002,-1.416304893791676E-002,-9.832307696342468E-001,1.698391139507294E-001,3.140988573431969E-002,-1.416304893791676E-002,-9.832307696342468E-001,1.698391139507294E-001,
1.116700000000000E+009,1.767199486494064E-002,-1.515995617955923E-002,-9.698342084884644E-001,2.035794705152512E-001,1.767199486494064E-002,-1.515995617955923E-002,-9.698342084884644E-001,2.035794705152512E-001,
1.125066666666667E+009,4.129015374928713E-003,-1.508204080164433E-002,-9.561472535133362E-001,2.243279665708542E-001,4.129015374928713E-003,-1.508204080164433E-002,-9.561472535133362E-001,2.243279665708542E-001,
1.133433333333334E+009,-8.922013454139233E-003,-3.771331859752536E-003,-9.538684487342835E-001,2.420141398906708E-001,-8.922013454139233E-003,-3.771331859752536E-003,-9.538684487342835E-001,2.420141398906708E-001,
1.141800000000000E+009,-1.113468781113625E-002,9.141885675489903E-003,-9.453634023666382E-001,2.683276236057282E-001,-1.113468781113625E-002,9.141885675489903E-003,-9.453634023666382E-001,2.683276236057282E-001,
1.150166666666667E+009,-7.066213060170412E-003,2.273695543408394E-002,-9.429653882980347E-001,2.981109619140625E-001,-7.066213060170412E-003,2.273695543408394E-002,-9.429653882980347E-001,2.981109619140625E-001,
1.158533333333334E+009,8.223309181630611E-003,3.051003813743591E-002,-9.340377449989319E-001,3.208756446838379E-001,8.223309181630611E-003,3.051003813743591E-002,-9.340377449989319E-001,3.208756446838379E-001,
1.166900000000000E+009,2.540746703743935E-002,3.142539039254189E-002,-9.274736642837524E-001,3.487394750118256E-001,2.540746703743935E-002,3.142539039254189E-002,-9.274736642837524E-001,3.487394750118256E-001,
1.175266666666667E+009,4.133093357086182E-002,2.310454659163952E-002,-9.083836078643799E-001,3.642127215862274E-001,4.133093357086182E-002,2.310454659163952E-002,-9.083836078643799E-001,3.642127215862274E-001,
1.183633333333334E+009,5.423751845955849E-002,9.110571816563606E-003,-9.057289958000183E-001,3.916537463665009E-001,5.423751845955849E-002,9.110571816563606E-003,-9.057289958000183E-001,3.916537463665009E-001,
1.192000000000000E+009,5.610207095742226E-002,-8.630619384348393E-003,-8.992264270782471E-001,4.184533953666687E-001,5.610207095742226E-002,-8.630619384348393E-003,-8.992264270782471E-001,4.184533953666687E-001,
1.200366666666667E+009,4.727183282375336E-002,-2.593856304883957E-002,-8.854227066040039E-001,4.350891709327698E-001,4.727183282375336E-002,-2.593856304883957E-002,-8.854227066040039E-001,4.350891709327698E-001,
1.208733333333334E+009,2.895336411893368E-002,-3.536841273307800E-002,-8.820080757141113E-001,4.639579653739929E-001,2.895336411893368E-002,-3.536841273307800E-002,-8.820080757141113E-001,4.639579653739929E-001,
1.217100000000000E+009,9.632243774831295E-003,-3.424261137843132E-002,-8.520371317863464E-001,4.773508310317993E-001,9.632243774831295E-003,-3.424261137843132E-002,-8.520371317863464E-001,4.773508310317993E-001,
1.225466666666667E+009,-4.895267542451620E-003,-2.445052936673164E-002,-8.573233485221863E-001,5.007893443107605E-001,-4.895267542451620E-003,-2.445052936673164E-002,-8.573233485221863E-001,5.007893443107605E-001,
1.233833333333334E+009,-1.013362500816584E-002,-8.777913637459278E-003,-8.395430445671082E-001,5.225731730461121E-001,-1.013362500816584E-002,-8.777913637459278E-003,-8.395430445671082E-001,5.225731730461121E-001,
1.242200000000000E+009,-7.290822453796864E-003,6.789734587073326E-003,-8.142096996307373E-001,5.411747694015503E-001,-7.290822453796864E-003,6.789734587073326E-003,-8.142096996307373E-001,5.411747694015503E-001,
1.250566666666667E+009,5.062497686594725E-003,1.860962621867657E-002,-8.206608295440674E-001,5.696938633918762E-001,5.062497686594725E-003,1.860962621867657E-002,-8.206608295440674E-001,5.696938633918762E-001,
1.258933333333334E+009,2.390084043145180E-002,2.115164697170258E-002,-8.010399341583252E-001,5.820643901824951E-001,2.390084043145180E-002,2.115164697170258E-002,-8.010399341583252E-001,5.820643901824951E-001,
1.267300000000000E+009,4.125592857599258E-002,1.118119806051254E-002,-7.768241167068481E-001,6.016699671745300E-001,4.125592857599258E-002,1.118119806051254E-002,-7.768241167068481E-001,6.016699671745300E-001,
1.275666666666667E+009,5.223914980888367E-002,-4.973957315087318E-003,-7.725758552551270E-001,6.075866818428040E-001,5.223914980888367E-002,-4.973957315087318E-003,-7.725758552551270E-001,6.075866818428040E-001,
1.284033333333334E+009,5.494979768991470E-002,-2.689571864902973E-002,-7.439584136009216E-001,6.599077582359314E-001,5.494979768991470E-002,-2.689571864902973E-002,-7.439584136009216E-001,6.599077582359314E-001,
1.292400000000000E+009,4.334743320941925E-002,-4.555413872003555E-002,-7.396301031112671E-001,6.584194302558899E-001,4.334743320941925E-002,-4.555413872003555E-002,-7.396301031112671E-001,6.584194302558899E-001,
1.300766666666667E+009,2.537445165216923E-002,-5.449005588889122E-002,-7.220321893692017E-001,6.754848361015320E-001,2.537445165216923E-002,-5.449005588889122E-002,-7.220321893692017E-001,6.754848361015320E-001,
1.309133333333334E+009,4.116892348974943E-003,-5.279764160513878E-002,-7.097516059875488E-001,7.018691301345825E-001,4.116892348974943E-003,-5.279764160513878E-002,-7.097516059875488E-001,7.018691301345825E-001,
1.317500000000000E+009,-1.297841873019934E-002,-4.125091433525085E-002,-6.826098561286926E-001,7.275092601776123E-001,-1.297841873019934E-002,-4.125091433525085E-002,-6.826098561286926E-001,7.275092601776123E-001,
1.325866666666667E+009,-2.117459289729595E-002,-2.446361444890499E-002,-6.648700237274170E-001,7.278632521629334E-001,-2.117459289729595E-002,-2.446361444890499E-002,-6.648700237274170E-001,7.278632521629334E-001,
1.334233333333334E+009,-1.771197095513344E-002,-4.449481610208750E-003,-6.457161903381348E-001,7.421221137046814E-001,-1.771197095513344E-002,-4.449481610208750E-003,-6.457161903381348E-001,7.421221137046814E-001,
1.342600000000000E+009,-3.584374440833926E-003,4.322038497775793E-003,-6.347528696060181E-001,7.621528506278992E-001,-3.584374440833926E-003,4.322038497775793E-003,-6.347528696060181E-001,7.621528506278992E-001,
1.350966666666667E+009,1.320049166679382E-002,5.354321561753750E-003,-6.062694191932678E-001,7.850673794746399E-001,1.320049166679382E-002,5.354321561753750E-003,-6.062694191932678E-001,7.850673794746399E-001,
1.359333333333334E+009,2.834290452301502E-002,-4.638510290533304E-003,-5.888649821281433E-001,7.937049269676209E-001,2.834290452301502E-002,-4.638510290533304E-003,-5.888649821281433E-001,7.937049269676209E-001,
1.367700000000000E+009,3.605465963482857E-002,-2.421076409518719E-002,-5.707903504371643E-001,8.069787025451660E-001,3.605465963482857E-002,-2.421076409518719E-002,-5.707903504371643E-001,8.069787025451660E-001,
1.376066666666667E+009,3.138046339154244E-002,-4.739106073975563E-002,-5.448964238166809E-001,8.199591636657715E-001,3.138046339154244E-002,-4.739106073975563E-002,-5.448964238166809E-001,8.199591636657715E-001,
1.384433333333334E+009,1.626806519925594E-002,-6.142711639404297E-002,-5.371102690696716E-001,8.296383619308472E-001,1.626806519925594E-002,-6.142711639404297E-002,-5.371102690696716E-001,8.296383619308472E-001,
1.392800000000000E+009,-7.776429411023855E-003,-6.595134735107422E-002,-5.131695270538330E-001,8.370131850242615E-001,-7.776429411023855E-003,-6.595134735107422E-002,-5.131695270538330E-001,8.370131850242615E-001,
1.401166666666667E+009,-2.740057371556759E-002,-5.879818275570869E-002,-4.839982688426971E-001,8.640844821929932E-001,-2.740057371556759E-002,-5.879818275570869E-002,-4.839982688426971E-001,8.640844821929932E-001,
1.409533333333334E+009,-4.177512973546982E-002,-3.878610581159592E-002,-4.640321731567383E-001,8.745153546333313E-001,-4.177512973546982E-002,-3.878610581159592E-002,-4.640321731567383E-001,8.745153546333313E-001,
1.417900000000000E+009,-4.719014838337898E-002,-1.665158756077290E-002,-4.260407090187073E-001,8.711707592010498E-001,-4.719014838337898E-002,-1.665158756077290E-002,-4.260407090187073E-001,8.711707592010498E-001,
1.426266666666667E+009,-3.965846076607704E-002,5.204718559980393E-003,-4.247449338436127E-001,9.004209041595459E-001,-3.965846076607704E-002,5.204718559980393E-003,-4.247449338436127E-001,9.004209041595459E-001,
1.434633333333334E+009,-2.284195832908154E-002,1.611692458391190E-002,-3.960106670856476E-001,8.972800374031067E-001,-2.284195832908154E-002,1.611692458391190E-002,-3.960106670856476E-001,8.972800374031067E-001,
1.443000000000000E+009,-7.264757878147066E-004,1.734532602131367E-002,-3.714374899864197E-001,9.131095409393311E-001,-7.264757878147066E-004,1.734532602131367E-002,-3.714374899864197E-001,9.131095409393311E-001,
1.451366666666667E+009,1.559514831751585E-002,3.775326069444418E-003,-3.517316877841950E-001,9.207980036735535E-001,1.559514831751585E-002,3.775326069444418E-003,-3.517316877841950E-001,9.207980036735535E-001,
1.459733333333334E+009,2.190591767430306E-002,-1.511744037270546E-002,-3.356154561042786E-001,9.262208938598633E-001,2.190591767430306E-002,-1.511744037270546E-002,-3.356154561042786E-001,9.262208938598633E-001,
1.468100000000000E+009,1.708814129233360E-002,-3.620051220059395E-002,-2.997173368930817E-001,9.361197352409363E-001,1.708814129233360E-002,-3.620051220059395E-002,-2.997173368930817E-001,9.361197352409363E-001,
1.476466666666667E+009,1.321312156505883E-003,-5.134387686848640E-002,-2.817990183830261E-001,9.507948756217957E-001,1.321312156505883E-003,-5.134387686848640E-002,-2.817990183830261E-001,9.507948756217957E-001,
1.484833333333334E+009,-2.131460793316364E-002,-5.564560368657112E-002,-2.483582198619843E-001,9.544562101364136E-001,-2.131460793316364E-002,-5.564560368657112E-002,-2.483582198619843E-001,9.544562101364136E-001,
1.493200000000000E+009,-4.044834896922112E-002,-4.695811867713928E-002,-2.323964387178421E-001,9.552319049835205E-001,-4.044834896922112E-002,-4.695811867713928E-002,-2.323964387178421E-001,9.552319049835205E-001,
1.501566666666667E+009,-5.380846932530403E-002,-2.745772898197174E-002,-2.054829746484757E-001,9.596315622329712E-001,-5.380846932530403E-002,-2.745772898197174E-002,-2.054829746484757E-001,9.596315622329712E-001,
1.509933333333334E+009,-5.689557641744614E-002,-3.392425365746021E-003,-1.916178166866303E-001,9.652119874954224E-001,-5.689557641744614E-002,-3.392425365746021E-003,-1.916178166866303E-001,9.652119874954224E-001,
1.518300000000000E+009,-4.433082044124603E-002,1.673036441206932E-002,-1.673662662506104E-001,9.752405285835266E-001,-4.433082044124603E-002,1.673036441206932E-002,-1.673662662506104E-001,9.752405285835266E-001,
1.526666666666667E+009,-2.547536417841911E-002,2.828791551291943E-002,-1.351488679647446E-001,9.742940664291382E-001,-2.547536417841911E-002,2.828791551291943E-002,-1.351488679647446E-001,9.742940664291382E-001,
1.535033333333334E+009,-4.805447533726692E-003,2.859105728566647E-002,-1.143341064453125E-001,9.863060712814331E-001,-4.805447533726692E-003,2.859105728566647E-002,-1.143341064453125E-001,9.863060712814331E-001,
1.543400000000000E+009,1.068275514990091E-002,1.593234576284885E-002,-9.161961823701859E-002,9.827009439468384E-001,1.068275514990091E-002,1.593234576284885E-002,-9.161961823701859E-002,9.827009439468384E-001,
1.551766666666667E+009,1.495263166725636E-002,-4.584957379847765E-003,-6.658037751913071E-002,9.794590473175049E-001,1.495263166725636E-002,-4.584957379847765E-003,-6.658037751913071E-002,9.794590473175049E-001,
1.560133333333334E+009,1.024978607892990E-002,-2.487749978899956E-002,-4.397485405206680E-002,9.869948029518127E-001,1.024978607892990E-002,-2.487749978899956E-002,-4.397485405206680E-002,9.869948029518127E-001,
1.568500000000000E+009,-4.959227517247200E-003,-3.814567252993584E-002,-2.576228417456150E-002,9.896788597106934E-001,-4.959227517247200E-003,-3.814567252993584E-002,-2.576228417456150E-002,9.896788597106934E-001,
1.576866666666667E+009,-2.533964626491070E-002,-3.978363797068596E-002,1.641764491796494E-002,9.828017354011536E-001,-2.533964626491070E-002,-3.978363797068596E-002,1.641764491796494E-002,9.828017354011536E-001,
1.585233333333334E+009,-4.099885001778603E-002,-3.129466250538826E-002,3.005437739193440E-002,9.823177456855774E-001,-4.099885001778603E-002,-3.129466250538826E-002,3.005437739193440E-002,9.823177456855774E-001,
1.593600000000000E+009,-5.120083689689636E-002,-1.539047341793776E-002,5.718908086419106E-002,9.791544675827026E-001,-5.120083689689636E-002,-1.539047341793776E-002,5.718908086419106E-002,9.791544675827026E-001,
1.601966666666667E+009,-5.129139870405197E-002,5.906943697482348E-003,7.650566101074219E-002,9.784980416297913E-001,-5.129139870405197E-002,5.906943697482348E-003,7.650566101074219E-002,9.784980416297913E-001,
1.610333333333334E+009,-4.095065593719482E-002,2.213282510638237E-002,1.064342185854912E-001,9.760532975196838E-001,-4.095065593719482E-002,2.213282510638237E-002,1.064342185854912E-001,9.760532975196838E-001,
1.618700000000000E+009,-2.350569330155850E-002,2.982771210372448E-002,1.312244832515717E-001,9.762614369392395E-001,-2.350569330155850E-002,2.982771210372448E-002,1.312244832515717E-001,9.762614369392395E-001,
1.627066666666667E+009,-6.442605983465910E-003,2.768478915095329E-002,1.535199582576752E-001,9.712878465652466E-001,-6.442605983465910E-003,2.768478915095329E-002,1.535199582576752E-001,9.712878465652466E-001,
1.635433333333334E+009,4.604306071996689E-003,1.785780861973763E-002,1.815687865018845E-001,9.745503664016724E-001,4.604306071996689E-003,1.785780861973763E-002,1.815687865018845E-001,9.745503664016724E-001,
1.643800000000000E+009,7.490166928619146E-003,6.314275087788701E-004,1.967328637838364E-001,9.651989340782166E-001,7.490166928619146E-003,6.314275087788701E-004,1.967328637838364E-001,9.651989340782166E-001,
1.652166666666667E+009,1.498244819231331E-004,-1.409231964498758E-002,2.318770289421082E-001,9.574871659278870E-001,1.498244819231331E-004,-1.409231964498758E-002,2.318770289421082E-001,9.574871659278870E-001,
1.660533333333334E+009,-1.366623397916555E-002,-2.271292358636856E-002,2.495609968900681E-001,9.533046483993530E-001,-1.366623397916555E-002,-2.271292358636856E-002,2.495609968900681E-001,9.533046483993530E-001,
1.668900000000000E+009,-3.062042780220509E-002,-2.118442393839359E-002,2.724307477474213E-001,9.421675205230713E-001,-3.062042780220509E-002,-2.118442393839359E-002,2.724307477474213E-001,9.421675205230713E-001,
1.677266666666667E+009,-4.436641931533814E-002,-1.220503821969032E-002,3.111082017421722E-001,9.364702105522156E-001,-4.436641931533814E-002,-1.220503821969032E-002,3.111082017421722E-001,9.364702105522156E-001,
1.685633333333334E+009,-4.920912906527519E-002,4.211214371025562E-003,3.254328668117523E-001,9.302138686180115E-001,-4.920912906527519E-002,4.211214371025562E-003,3.254328668117523E-001,9.302138686180115E-001,
1.694000000000000E+009,-4.725867137312889E-002,2.029077149927616E-002,3.425403535366058E-001,9.194154739379883E-001,-4.725867137312889E-002,2.029077149927616E-002,3.425403535366058E-001,9.194154739379883E-001,
1.702366666666667E+009,-3.548494726419449E-002,3.613396733999252E-002,3.637232184410095E-001,9.136422872543335E-001,-3.548494726419449E-002,3.613396733999252E-002,3.637232184410095E-001,9.136422872543335E-001,
1.710733333333334E+009,-1.869765855371952E-002,4.261133447289467E-002,3.846151232719421E-001,9.001444578170776E-001,-1.869765855371952E-002,4.261133447289467E-002,3.846151232719421E-001,9.001444578170776E-001,
1.719100000000000E+009,-1.324229291640222E-003,3.983061760663986E-002,4.135530591011047E-001,8.887035846710205E-001,-1.324229291640222E-003,3.983061760663986E-002,4.135530591011047E-001,8.887035846710205E-001,
1.727466666666667E+009,1.107756979763508E-002,2.961174584925175E-002,4.318910241127014E-001,8.841500282287598E-001,1.107756979763508E-002,2.961174584925175E-002,4.318910241127014E-001,8.841500282287598E-001,
1.735833333333334E+009,1.564908772706986E-002,1.456771790981293E-002,4.499908387660980E-001,8.717342615127564E-001,1.564908772706986E-002,1.456771790981293E-002,4.499908387660980E-001,8.717342615127564E-001,
1.744200000000000E+009,1.049589272588491E-002,-2.768229460343719E-003,4.814569056034088E-001,8.521072268486023E-001,1.049589272588491E-002,-2.768229460343719E-003,4.814569056034088E-001,8.521072268486023E-001,
1.752566666666667E+009,-3.180995554430410E-005,-1.359973475337029E-002,5.102710127830505E-001,8.472545742988586E-001,-3.180995554430410E-005,-1.359973475337029E-002,5.102710127830505E-001,8.472545742988586E-001,
1.760933333333334E+009,-1.508568506687880E-002,-1.873018965125084E-002,5.196691751480103E-001,8.344082832336426E-001,-1.508568506687880E-002,-1.873018965125084E-002,5.196691751480103E-001,8.344082832336426E-001,
1.769300000000000E+009,-2.974869124591351E-002,-1.540231984108686E-002,5.449882149696350E-001,8.256650567054749E-001,-2.974869124591351E-002,-1.540231984108686E-002,5.449882149696350E-001,8.256650567054749E-001,
1.777666666666667E+009,-3.917850926518440E-002,-4.260281566530466E-003,5.583016872406006E-001,8.168070912361145E-001,-3.917850926518440E-002,-4.260281566530466E-003,5.583016872406006E-001,8.168070912361145E-001,
1.786033333333334E+009,-4.190524667501450E-002,8.072702214121819E-003,5.747998952865601E-001,7.883825302124023E-001,-4.190524667501450E-002,8.072702214121819E-003,5.747998952865601E-001,7.883825302124023E-001,
1.794400000000000E+009,-3.629462793469429E-002,2.345646917819977E-002,5.980974435806274E-001,7.760377526283264E-001,-3.629462793469429E-002,2.345646917819977E-002,5.980974435806274E-001,7.760377526283264E-001,
1.802766666666667E+009,-2.801720798015595E-002,3.299402445554733E-002,6.177165508270264E-001,7.608540058135986E-001,-2.801720798015595E-002,3.299402445554733E-002,6.177165508270264E-001,7.608540058135986E-001,
1.811133333333334E+009,-1.599808968603611E-002,3.672025352716446E-002,6.431873440742493E-001,7.456430196762085E-001,-1.599808968603611E-002,3.672025352716446E-002,6.431873440742493E-001,7.456430196762085E-001,
1.819500000000000E+009,-5.123453214764595E-003,3.658787161111832E-002,6.582502722740173E-001,7.229960560798645E-001,-5.123453214764595E-003,3.658787161111832E-002,6.582502722740173E-001,7.229960560798645E-001,
1.827866666666667E+009,2.929885871708393E-003,3.005628660321236E-002,6.801587343215942E-001,7.140650749206543E-001,2.929885871708393E-003,3.005628660321236E-002,6.801587343215942E-001,7.140650749206543E-001,
1.836233333333334E+009,3.511025570333004E-003,2.045754715800285E-002,6.933353543281555E-001,6.988098025321960E-001,3.511025570333004E-003,2.045754715800285E-002,6.933353543281555E-001,6.988098025321960E-001,
1.844600000000000E+009,-1.394690130837262E-003,1.263651065528393E-002,7.109498977661133E-001,6.928591132164002E-001,-1.394690130837262E-003,1.263651065528393E-002,7.109498977661133E-001,6.928591132164002E-001,
1.852966666666667E+009,-8.759560994803906E-003,7.691552862524986E-003,7.236759662628174E-001,6.589466929435730E-001,-8.759560994803906E-003,7.691552862524986E-003,7.236759662628174E-001,6.589466929435730E-001,
1.861333333333334E+009,-1.643256843090057E-002,6.435870658606291E-003,7.463290095329285E-001,6.427575349807739E-001,-1.643256843090057E-002,6.435870658606291E-003,7.463290095329285E-001,6.427575349807739E-001,
1.869700000000000E+009,-2.351625449955463E-002,1.282142754644156E-002,7.630901336669922E-001,6.245031356811523E-001,-2.351625449955463E-002,1.282142754644156E-002,7.630901336669922E-001,6.245031356811523E-001,
1.878066666666667E+009,-2.588626556098461E-002,2.040582709014416E-002,7.767032384872437E-001,6.115432977676392E-001,-2.588626556098461E-002,2.040582709014416E-002,7.767032384872437E-001,6.115432977676392E-001,
1.886433333333334E+009,-2.385142818093300E-002,3.036534413695335E-002,7.965731024742127E-001,5.878779888153076E-001,-2.385142818093300E-002,3.036534413695335E-002,7.965731024742127E-001,5.878779888153076E-001,
1.894800000000000E+009,-1.423125620931387E-002,3.874051570892334E-002,8.088074922561646E-001,5.711774826049805E-001,-1.423125620931387E-002,3.874051570892334E-002,8.088074922561646E-001,5.711774826049805E-001,
1.903166666666667E+009,-3.683406859636307E-003,4.502058774232864E-002,8.229346275329590E-001,5.440615415573120E-001,-3.683406859636307E-003,4.502058774232864E-002,8.229346275329590E-001,5.440615415573120E-001,
1.911533333333334E+009,8.224857039749622E-003,4.353449121117592E-002,8.332159519195557E-001,5.178033113479614E-001,8.224857039749622E-003,4.353449121117592E-002,8.332159519195557E-001,5.178033113479614E-001,
1.919900000000000E+009,1.904458552598953E-002,3.812040388584137E-002,8.508210778236389E-001,5.064257979393005E-001,1.904458552598953E-002,3.812040388584137E-002,8.508210778236389E-001,5.064257979393005E-001,
1.928266666666667E+009,2.430894412100315E-002,2.907667681574822E-002,8.517493009567261E-001,4.700144827365875E-001,2.430894412100315E-002,2.907667681574822E-002,8.517493009567261E-001,4.700144827365875E-001,
1.936633333333334E+009,2.252626791596413E-002,1.814145781099796E-002,8.730134367942810E-001,4.616187810897827E-001,2.252626791596413E-002,1.814145781099796E-002,8.730134367942810E-001,4.616187810897827E-001,
1.945000000000000E+009,1.562375016510487E-002,8.877984248101711E-003,8.871009945869446E-001,4.372124671936035E-001,1.562375016510487E-002,8.877984248101711E-003,8.871009945869446E-001,4.372124671936035E-001,
1.953366666666667E+009,5.884962622076273E-003,2.609611488878727E-003,8.907086849212647E-001,4.161515533924103E-001,5.884962622076273E-003,2.609611488878727E-003,8.907086849212647E-001,4.161515533924103E-001,
1.961733333333334E+009,-7.424154784530401E-003,4.583504050970078E-003,9.081847667694092E-001,3.946145176887512E-001,-7.424154784530401E-003,4.583504050970078E-003,9.081847667694092E-001,3.946145176887512E-001,
1.970100000000000E+009,-1.755593530833721E-002,1.000226009637117E-002,9.102970957756043E-001,3.709001541137695E-001,-1.755593530833721E-002,1.000226009637117E-002,9.102970957756043E-001,3.709001541137695E-001,
1.978466666666667E+009,-2.083060517907143E-002,2.283274196088314E-002,9.223837256431580E-001,3.431777060031891E-001,-2.083060517907143E-002,2.283274196088314E-002,9.223837256431580E-001,3.431777060031891E-001,
1.986833333333334E+009,-1.737705431878567E-002,3.498831018805504E-002,9.264069795608521E-001,3.248789906501770E-001,-1.737705431878567E-002,3.498831018805504E-002,9.264069795608521E-001,3.248789906501770E-001,
1.995200000000000E+009,-4.584920126944780E-003,4.531386494636536E-002,9.297667145729065E-001,3.087926805019379E-001,-4.584920126944780E-003,4.531386494636536E-002,9.297667145729065E-001,3.087926805019379E-001,
2.003566666666667E+009,1.233850978314877E-002,4.973355308175087E-002,9.398468136787415E-001,2.761587500572205E-001,1.233850978314877E-002,4.973355308175087E-002,9.398468136787415E-001,2.761587500572205E-001,
2.011933333333334E+009,2.935790270566940E-002,4.535849019885063E-002,9.535933732986450E-001,2.522510290145874E-001,2.935790270566940E-002,4.535849019885063E-002,9.535933732986450E-001,2.522510290145874E-001,
2.020300000000000E+009,4.156414419412613E-002,3.621912747621536E-002,9.587028026580811E-001,2.217261493206024E-001,4.156414419412613E-002,3.621912747621536E-002,9.587028026580811E-001,2.217261493206024E-001,
2.028666666666667E+009,4.612789675593376E-002,2.147632092237473E-002,9.646466374397278E-001,2.069496512413025E-001,4.612789675593376E-002,2.147632092237473E-002,9.646466374397278E-001,2.069496512413025E-001,
2.037033333333334E+009,4.204021021723747E-002,4.824411589652300E-003,9.720727801322937E-001,1.805862486362457E-001,4.204021021723747E-002,4.824411589652300E-003,9.720727801322937E-001,1.805862486362457E-001,
2.045400000000000E+009,2.962238341569901E-002,-6.385016720741987E-003,9.729480743408203E-001,1.596716791391373E-001,2.962238341569901E-002,-6.385016720741987E-003,9.729480743408203E-001,1.596716791391373E-001,
2.053766666666667E+009,1.198918558657169E-002,-9.201849810779095E-003,9.767889976501465E-001,1.347895562648773E-001,1.198918558657169E-002,-9.201849810779095E-003,9.767889976501465E-001,1.347895562648773E-001,
2.062133333333334E+009,-3.310556057840586E-003,-4.348378162831068E-003,9.832438826560974E-001,1.075041964650154E-001,-3.310556057840586E-003,-4.348378162831068E-003,9.832438826560974E-001,1.075041964650154E-001,
2.070500000000000E+009,-1.138198375701904E-002,9.682203643023968E-003,9.850634336471558E-001,7.951886951923370E-002,-1.138198375701904E-002,9.682203643023968E-003,9.850634336471558E-001,7.951886951923370E-002,
2.078866666666667E+009,-1.028552465140820E-002,2.577213570475578E-002,9.820529222488403E-001,5.857583507895470E-002,-1.028552465140820E-002,2.577213570475578E-002,9.820529222488403E-001,5.857583507895470E-002,
2.087233333333334E+009,2.161300042644143E-003,3.550785779953003E-002,9.853852987289429E-001,2.689111605286598E-002,2.161300042644143E-003,3.550785779953003E-002,9.853852987289429E-001,2.689111605286598E-002,
2.095600000000000E+009,2.110477350652218E-002,4.252344742417336E-002,9.897546768188477E-001,8.671948686242104E-003,2.110477350652218E-002,4.252344742417336E-002,9.897546768188477E-001,8.671948686242104E-003,
2.103966666666667E+009,4.236267507076263E-002,3.627262264490128E-002,9.910524487495422E-001,-1.651939749717712E-002,4.236267507076263E-002,3.627262264490128E-002,9.910524487495422E-001,-1.651939749717712E-002,
2.112333333333334E+009,5.824097245931625E-002,2.152023464441299E-002,9.839343428611755E-001,-3.705883771181107E-002,5.824097245931625E-002,2.152023464441299E-002,9.839343428611755E-001,-3.705883771181107E-002,
2.120700000000000E+009,6.495979428291321E-002,-1.555119873955846E-003,9.859605431556702E-001,-6.772025674581528E-002,6.495979428291321E-002,-1.555119873955846E-003,9.859605431556702E-001,-6.772025674581528E-002,
2.129066666666667E+009,5.803487822413445E-002,-2.020503208041191E-002,9.948161840438843E-001,-9.476820379495621E-002,5.803487822413445E-002,-2.020503208041191E-002,9.948161840438843E-001,-9.476820379495621E-002,
2.137433333333334E+009,3.967773169279099E-002,-3.500238060951233E-002,9.797312617301941E-001,-1.168066486716270E-001,3.967773169279099E-002,-3.500238060951233E-002,9.797312617301941E-001,-1.168066486716270E-001,
2.145800000000000E+009,1.321660447865725E-002,-3.848591819405556E-002,9.809373617172241E-001,-1.414231210947037E-001,1.321660447865725E-002,-3.848591819405556E-002,9.809373617172241E-001,-1.414231210947037E-001,
2.154166666666667E+009,-9.144402109086514E-003,-2.959437482059002E-002,9.736041426658630E-001,-1.626052260398865E-001,-9.144402109086514E-003,-2.959437482059002E-002,9.736041426658630E-001,-1.626052260398865E-001,
2.162533333333334E+009,-2.256999723613262E-002,-1.002384908497334E-002,9.556602835655212E-001,-1.901452839374542E-001,-2.256999723613262E-002,-1.002384908497334E-002,9.556602835655212E-001,-1.901452839374542E-001,
2.170900000000000E+009,-2.407550998032093E-002,1.331380475312471E-002,9.646413326263428E-001,-2.154979705810547E-001,-2.407550998032093E-002,1.331380475312471E-002,9.646413326263428E-001,-2.154979705810547E-001,
2.179266666666667E+009,-9.954825043678284E-003,2.996272780001164E-002,9.531618356704712E-001,-2.320225834846497E-001,-9.954825043678284E-003,2.996272780001164E-002,9.531618356704712E-001,-2.320225834846497E-001,
2.187633333333334E+009,1.198531780391932E-002,3.808504715561867E-002,9.528189897537231E-001,-2.619776725769043E-001,1.198531780391932E-002,3.808504715561867E-002,9.528189897537231E-001,-2.619776725769043E-001,
2.196000000000000E+009,3.873370587825775E-002,3.157119825482369E-002,9.377474188804627E-001,-2.830395400524139E-001,3.873370587825775E-002,3.157119825482369E-002,9.377474188804627E-001,-2.830395400524139E-001,
2.204366666666667E+009,5.850785598158836E-002,1.238145772367716E-002,9.342378973960877E-001,-3.049791157245636E-001,5.850785598158836E-002,1.238145772367716E-002,9.342378973960877E-001,-3.049791157245636E-001,
2.212733333333334E+009,6.626649200916290E-002,-1.444157678633928E-002,9.267077445983887E-001,-3.389613628387451E-001,6.626649200916290E-002,-1.444157678633928E-002,9.267077445983887E-001,-3.389613628387451E-001,
2.221100000000000E+009,5.847265571355820E-002,-3.903509676456451E-002,9.116960167884827E-001,-3.534925878047943E-001,5.847265571355820E-002,-3.903509676456451E-002,9.116960167884827E-001,-3.534925878047943E-001,
2.229466666666667E+009,3.797646239399910E-002,-5.584808811545372E-002,9.056660532951355E-001,-3.698191344738007E-001,3.797646239399910E-002,-5.584808811545372E-002,9.056660532951355E-001,-3.698191344738007E-001,
2.237833333333334E+009,9.398898109793663E-003,-5.659513175487518E-002,9.003630876541138E-001,-3.997005820274353E-001,9.398898109793663E-003,-5.659513175487518E-002,9.003630876541138E-001,-3.997005820274353E-001,
2.246200000000000E+009,-1.765712723135948E-002,-4.445394501090050E-002,8.884143233299255E-001,-4.229609370231628E-001,-1.765712723135948E-002,-4.445394501090050E-002,8.884143233299255E-001,-4.229609370231628E-001,
2.254566666666667E+009,-3.185299038887024E-002,-1.942706108093262E-002,8.787365555763245E-001,-4.428450465202332E-001,-3.185299038887024E-002,-1.942706108093262E-002,8.787365555763245E-001,-4.428450465202332E-001,
2.262933333333334E+009,-3.364240750670433E-002,5.729778204113245E-003,8.658965229988098E-001,-4.645960927009583E-001,-3.364240750670433E-002,5.729778204113245E-003,8.658965229988098E-001,-4.645960927009583E-001,
2.271300000000000E+009,-1.973262429237366E-002,2.812156826257706E-002,8.500524163246155E-001,-4.837279021739960E-001,-1.973262429237366E-002,2.812156826257706E-002,8.500524163246155E-001,-4.837279021739960E-001,
2.279666666666667E+009,4.752513952553272E-003,3.388653323054314E-002,8.417111635208130E-001,-5.031257271766663E-001,4.752513952553272E-003,3.388653323054314E-002,8.417111635208130E-001,-5.031257271766663E-001,
2.288033333333334E+009,2.959184721112251E-002,2.548626810312271E-002,8.310164213180542E-001,-5.322662591934204E-001,2.959184721112251E-002,2.548626810312271E-002,8.310164213180542E-001,-5.322662591934204E-001,
2.296400000000000E+009,4.839759692549706E-002,2.458736067637801E-003,8.135647773742676E-001,-5.518142580986023E-001,4.839759692549706E-002,2.458736067637801E-003,8.135647773742676E-001,-5.518142580986023E-001,
2.304766666666667E+009,5.190454050898552E-002,-2.621687017381191E-002,8.036987781524658E-001,-5.608941316604614E-001,5.190454050898552E-002,-2.621687017381191E-002,8.036987781524658E-001,-5.608941316604614E-001,
2.313133333333334E+009,3.880123794078827E-002,-5.014221370220184E-002,7.853862047195435E-001,-5.972200632095337E-001,3.880123794078827E-002,-5.014221370220184E-002,7.853862047195435E-001,-5.972200632095337E-001,
2.321500000000000E+009,1.649314537644386E-002,-6.163757294416428E-002,7.728693485260010E-001,-6.072829961776733E-001,1.649314537644386E-002,-6.163757294416428E-002,7.728693485260010E-001,-6.072829961776733E-001,
2.329866666666667E+009,-9.928461164236069E-003,-5.681713297963142E-002,7.626695632934570E-001,-6.295197010040283E-001,-9.928461164236069E-003,-5.681713297963142E-002,7.626695632934570E-001,-6.295197010040283E-001,
2.338233333333334E+009,-3.192620724439621E-002,-3.796214982867241E-002,7.356364130973816E-001,-6.513639688491821E-001,-3.192620724439621E-002,-3.796214982867241E-002,7.356364130973816E-001,-6.513639688491821E-001,
2.346600000000000E+009,-4.017213359475136E-002,-6.601259578019381E-003,7.180560827255249E-001,-6.716766357421875E-001,-4.017213359475136E-002,-6.601259578019381E-003,7.180560827255249E-001,-6.716766357421875E-001,
2.354966666666667E+009,-3.038180060684681E-002,2.067967504262924E-002,7.095690369606018E-001,-6.832122802734375E-001,-3.038180060684681E-002,2.067967504262924E-002,7.095690369606018E-001,-6.832122802734375E-001,
2.363333333333334E+009,-8.408529683947563E-003,3.619126975536346E-002,6.930944919586182E-001,-6.984555125236511E-001,-8.408529683947563E-003,3.619126975536346E-002,6.930944919586182E-001,-6.984555125236511E-001,
2.371700000000000E+009,2.266659960150719E-002,3.523190692067146E-002,6.788474917411804E-001,-7.175360321998596E-001,2.266659960150719E-002,3.523190692067146E-002,6.788474917411804E-001,-7.175360321998596E-001,
2.380066666666667E+009,4.833911359310150E-002,1.343233510851860E-002,6.518523097038269E-001,-7.344030141830444E-001,4.833911359310150E-002,1.343233510851860E-002,6.518523097038269E-001,-7.344030141830444E-001,
2.388433333333334E+009,5.957872048020363E-002,-2.059442363679409E-002,6.361930370330811E-001,-7.431167960166931E-001,5.957872048020363E-002,-2.059442363679409E-002,6.361930370330811E-001,-7.431167960166931E-001,
2.396800000000000E+009,5.205989256501198E-002,-5.945944413542748E-002,6.091845035552979E-001,-7.676447629928589E-001,5.205989256501198E-002,-5.945944413542748E-002,6.091845035552979E-001,-7.676447629928589E-001,
2.405166666666667E+009,2.737529762089253E-002,-8.985498547554016E-002,5.948508381843567E-001,-7.829025983810425E-001,2.737529762089253E-002,-8.985498547554016E-002,5.948508381843567E-001,-7.829025983810425E-001,
2.413533333333334E+009,-1.150492671877146E-002,-1.019783392548561E-001,5.723007917404175E-001,-7.957415580749512E-001,-1.150492671877146E-002,-1.019783392548561E-001,5.723007917404175E-001,-7.957415580749512E-001,
2.421900000000000E+009,-5.171543359756470E-002,-9.192263334989548E-002,5.589812397956848E-001,-8.105346560478210E-001,-5.171543359756470E-002,-9.192263334989548E-002,5.589812397956848E-001,-8.105346560478210E-001,
2.430266666666667E+009,-7.942038774490356E-002,-6.086927279829979E-002,5.379834175109863E-001,-8.267063498497009E-001,-7.942038774490356E-002,-6.086927279829979E-002,5.379834175109863E-001,-8.267063498497009E-001,
2.438633333333334E+009,-9.164050221443176E-002,-1.766729727387428E-002,5.157641172409058E-001,-8.380318284034729E-001,-9.164050221443176E-002,-1.766729727387428E-002,5.157641172409058E-001,-8.380318284034729E-001,
2.447000000000000E+009,-8.070702105760574E-002,2.488316968083382E-002,4.932162165641785E-001,-8.541581034660339E-001,-8.070702105760574E-002,2.488316968083382E-002,4.932162165641785E-001,-8.541581034660339E-001,
2.455366666666667E+009,-5.199969559907913E-002,5.372976511716843E-002,4.710566997528076E-001,-8.611383438110352E-001,-5.199969559907913E-002,5.372976511716843E-002,4.710566997528076E-001,-8.611383438110352E-001,
2.463733333333334E+009,-1.546128466725349E-002,6.307691335678101E-002,4.513389468193054E-001,-8.766807317733765E-001,-1.546128466725349E-002,6.307691335678101E-002,4.513389468193054E-001,-8.766807317733765E-001,
2.472100000000000E+009,1.773316785693169E-002,4.809091240167618E-002,4.286418259143829E-001,-8.856602311134338E-001,1.773316785693169E-002,4.809091240167618E-002,4.286418259143829E-001,-8.856602311134338E-001,
2.480466666666667E+009,3.741508349776268E-002,1.717658713459969E-002,3.998565375804901E-001,-8.918642401695252E-001,3.741508349776268E-002,1.717658713459969E-002,3.998565375804901E-001,-8.918642401695252E-001,
2.488833333333334E+009,3.596988692879677E-002,-2.149390056729317E-002,3.842842280864716E-001,-9.016768932342529E-001,3.596988692879677E-002,-2.149390056729317E-002,3.842842280864716E-001,-9.016768932342529E-001,
2.497200000000000E+009,1.795963756740093E-002,-5.214273184537888E-002,3.593215942382813E-001,-9.166969060897827E-001,1.795963756740093E-002,-5.214273184537888E-002,3.593215942382813E-001,-9.166969060897827E-001,
2.505566666666667E+009,-1.605423167347908E-002,-6.913101673126221E-002,3.349947929382324E-001,-9.282273650169373E-001,-1.605423167347908E-002,-6.913101673126221E-002,3.349947929382324E-001,-9.282273650169373E-001,
2.513933333333334E+009,-4.861126095056534E-002,-6.170738115906715E-002,3.156973123550415E-001,-9.326031804084778E-001,-4.861126095056534E-002,-6.170738115906715E-002,3.156973123550415E-001,-9.326031804084778E-001,
2.522300000000000E+009,-7.208337634801865E-002,-3.686924278736115E-002,2.860238850116730E-001,-9.412494897842407E-001,-7.208337634801865E-002,-3.686924278736115E-002,2.860238850116730E-001,-9.412494897842407E-001,
2.530666666666667E+009,-7.798093557357788E-002,4.585486021824181E-004,2.605926096439362E-001,-9.535169005393982E-001,-7.798093557357788E-002,4.585486021824181E-004,2.605926096439362E-001,-9.535169005393982E-001,
2.539033333333334E+009,-6.439179182052612E-002,3.573282808065414E-002,2.404664307832718E-001,-9.531530737876892E-001,-6.439179182052612E-002,3.573282808065414E-002,2.404664307832718E-001,-9.531530737876892E-001,
2.547400000000000E+009,-3.527749702334404E-002,5.976977571845055E-002,2.213490158319473E-001,-9.636761546134949E-001,-3.527749702334404E-002,5.976977571845055E-002,2.213490158319473E-001,-9.636761546134949E-001,
2.555766666666667E+009,1.497847726568580E-003,6.429342180490494E-002,1.941388845443726E-001,-9.704759120941162E-001,1.497847726568580E-003,6.429342180490494E-002,1.941388845443726E-001,-9.704759120941162E-001,
2.564133333333334E+009,2.970672212541103E-002,4.636328667402268E-002,1.692674309015274E-001,-9.683848619461060E-001,2.970672212541103E-002,4.636328667402268E-002,1.692674309015274E-001,-9.683848619461060E-001,
2.572500000000000E+009,4.295703396201134E-002,1.428300049155951E-002,1.444741040468216E-001,-9.715989232063294E-001,4.295703396201134E-002,1.428300049155951E-002,1.444741040468216E-001,-9.715989232063294E-001,
2.580866666666667E+009,3.542991727590561E-002,-2.334930934011936E-002,1.207536682486534E-001,-9.790453314781189E-001,3.542991727590561E-002,-2.334930934011936E-002,1.207536682486534E-001,-9.790453314781189E-001,
2.589233333333334E+009,8.350736461579800E-003,-5.216989666223526E-002,9.131650626659393E-002,-9.789429903030396E-001,8.350736461579800E-003,-5.216989666223526E-002,9.131650626659393E-002,-9.789429903030396E-001,
2.597600000000000E+009,-2.749118581414223E-002,-6.547414511442184E-002,6.373128294944763E-002,-9.820863604545593E-001,-2.749118581414223E-002,-6.547414511442184E-002,6.373128294944763E-002,-9.820863604545593E-001,
2.605966666666667E+009,-6.369239091873169E-002,-5.537226796150208E-002,4.936155304312706E-002,-9.888214468955994E-001,-6.369239091873169E-002,-5.537226796150208E-002,4.936155304312706E-002,-9.888214468955994E-001,
2.614333333333334E+009,-8.664279431104660E-002,-2.950482070446014E-002,2.099597081542015E-002,-9.836119413375855E-001,-8.664279431104660E-002,-2.950482070446014E-002,2.099597081542015E-002,-9.836119413375855E-001,
2.622700000000000E+009,-9.127134829759598E-002,8.890023455023766E-003,-2.517421962693334E-003,-9.805597662925720E-001,-9.127134829759598E-002,8.890023455023766E-003,-2.517421962693334E-003,-9.805597662925720E-001,
2.631066666666667E+009,-7.544260472059250E-002,4.570664092898369E-002,-2.844259142875671E-002,-9.916003942489624E-001,-7.544260472059250E-002,4.570664092898369E-002,-2.844259142875671E-002,-9.916003942489624E-001,
2.639433333333334E+009,-4.288586229085922E-002,6.910230219364166E-002,-5.242443829774857E-002,-9.807052612304688E-001,-4.288586229085922E-002,6.910230219364166E-002,-5.242443829774857E-002,-9.807052612304688E-001,
2.647800000000000E+009,-3.761556465178728E-003,7.420303672552109E-002,-7.752041518688202E-002,-9.802224040031433E-001,-3.761556465178728E-003,7.420303672552109E-002,-7.752041518688202E-002,-9.802224040031433E-001,
2.656166666666667E+009,2.659630589187145E-002,5.837311223149300E-002,-9.848754107952118E-002,-9.827532172203064E-001,2.659630589187145E-002,5.837311223149300E-002,-9.848754107952118E-002,-9.827532172203064E-001,
2.664533333333334E+009,4.012389108538628E-002,2.876140736043453E-002,-1.298179924488068E-001,-9.706973433494568E-001,4.012389108538628E-002,2.876140736043453E-002,-1.298179924488068E-001,-9.706973433494568E-001,
2.672900000000000E+009,3.392413258552551E-002,-4.876122809946537E-003,-1.491474807262421E-001,-9.709796309471130E-001,3.392413258552551E-002,-4.876122809946537E-003,-1.491474807262421E-001,-9.709796309471130E-001,
2.681266666666667E+009,8.414844982326031E-003,-3.059774823486805E-002,-1.760758161544800E-001,-9.655343890190125E-001,8.414844982326031E-003,-3.059774823486805E-002,-1.760758161544800E-001,-9.655343890190125E-001,
2.689633333333334E+009,-2.882618270814419E-002,-4.087218642234802E-002,-1.992081701755524E-001,-9.643070697784424E-001,-2.882618270814419E-002,-4.087218642234802E-002,-1.992081701755524E-001,-9.643070697784424E-001,
2.698000000000000E+009,-6.311081349849701E-002,-3.129012137651444E-002,-2.158809751272202E-001,-9.560258984565735E-001,-6.311081349849701E-002,-3.129012137651444E-002,-2.158809751272202E-001,-9.560258984565735E-001,
2.706366666666667E+009,-8.528684079647064E-002,-4.522482398897409E-003,-2.467748820781708E-001,-9.476666450500488E-001,-8.528684079647064E-002,-4.522482398897409E-003,-2.467748820781708E-001,-9.476666450500488E-001,
2.714733333333334E+009,-8.812405169010162E-002,3.031667880713940E-002,-2.653746902942658E-001,-9.471772313117981E-001,-8.812405169010162E-002,3.031667880713940E-002,-2.653746902942658E-001,-9.471772313117981E-001,
2.723100000000000E+009,-6.899637728929520E-002,6.387659162282944E-002,-2.892601490020752E-001,-9.358335137367249E-001,-6.899637728929520E-002,6.387659162282944E-002,-2.892601490020752E-001,-9.358335137367249E-001,
2.731466666666667E+009,-3.315433859825134E-002,8.626648783683777E-002,-3.160765171051025E-001,-9.310076236724854E-001,-3.315433859825134E-002,8.626648783683777E-002,-3.160765171051025E-001,-9.310076236724854E-001,
2.739833333333334E+009,7.059799972921610E-003,8.800423890352249E-002,-3.375110924243927E-001,-9.196422100067139E-001,7.059799972921610E-003,8.800423890352249E-002,-3.375110924243927E-001,-9.196422100067139E-001,
2.748200000000000E+009,4.065565019845963E-002,7.235257327556610E-002,-3.590273559093475E-001,-9.123070240020752E-001,4.065565019845963E-002,7.235257327556610E-002,-3.590273559093475E-001,-9.123070240020752E-001,
2.756566666666667E+009,5.808108672499657E-002,4.202937334775925E-002,-3.820808827877045E-001,-9.053903818130493E-001,5.808108672499657E-002,4.202937334775925E-002,-3.820808827877045E-001,-9.053903818130493E-001,
2.764933333333334E+009,5.469309538602829E-002,8.071644231677055E-003,-4.131821691989899E-001,-9.010224938392639E-001,5.469309538602829E-002,8.071644231677055E-003,-4.131821691989899E-001,-9.010224938392639E-001,
2.773300000000000E+009,3.202205151319504E-002,-1.979069970548153E-002,-4.294568896293640E-001,-8.842734098434448E-001,3.202205151319504E-002,-1.979069970548153E-002,-4.294568896293640E-001,-8.842734098434448E-001,
2.781666666666667E+009,-5.258301738649607E-003,-3.023584373295307E-002,-4.482008218765259E-001,-8.733378648757935E-001,-5.258301738649607E-003,-3.023584373295307E-002,-4.482008218765259E-001,-8.733378648757935E-001,
2.790033333333334E+009,-4.179140552878380E-002,-2.257151156663895E-002,-4.719982445240021E-001,-8.651660084724426E-001,-4.179140552878380E-002,-2.257151156663895E-002,-4.719982445240021E-001,-8.651660084724426E-001,
2.798400000000000E+009,-6.784033775329590E-002,2.336348174139857E-003,-4.939311444759369E-001,-8.566323518753052E-001,-6.784033775329590E-002,2.336348174139857E-003,-4.939311444759369E-001,-8.566323518753052E-001,
2.806766666666667E+009,-7.179944962263107E-002,3.562534973025322E-002,-5.141011476516724E-001,-8.365649580955505E-001,-7.179944962263107E-002,3.562534973025322E-002,-5.141011476516724E-001,-8.365649580955505E-001,
2.815133333333334E+009,-5.716075748205185E-002,6.578331440687180E-002,-5.340083241462708E-001,-8.276827931404114E-001,-5.716075748205185E-002,6.578331440687180E-002,-5.340083241462708E-001,-8.276827931404114E-001,
2.823500000000000E+009,-2.267349883913994E-002,8.540418744087219E-002,-5.560837388038635E-001,-8.137020468711853E-001,-2.267349883913994E-002,8.540418744087219E-002,-5.560837388038635E-001,-8.137020468711853E-001,
2.831866666666667E+009,1.751214824616909E-002,8.528086543083191E-002,-5.733668804168701E-001,-7.979503870010376E-001,1.751214824616909E-002,8.528086543083191E-002,-5.733668804168701E-001,-7.979503870010376E-001,
2.840233333333334E+009,5.302390456199646E-002,6.730439513921738E-002,-5.992743372917175E-001,-7.852046489715576E-001,5.302390456199646E-002,6.730439513921738E-002,-5.992743372917175E-001,-7.852046489715576E-001,
2.848600000000000E+009,7.253798097372055E-002,3.679496794939041E-002,-6.124885082244873E-001,-7.660223245620728E-001,7.253798097372055E-002,3.679496794939041E-002,-6.124885082244873E-001,-7.660223245620728E-001,
2.856966666666667E+009,7.087437063455582E-002,2.515846630558372E-003,-6.308789253234863E-001,-7.524371147155762E-001,7.087437063455582E-002,2.515846630558372E-003,-6.308789253234863E-001,-7.524371147155762E-001,
2.865333333333334E+009,4.757520556449890E-002,-2.554608508944511E-002,-6.500549316406250E-001,-7.406941056251526E-001,4.757520556449890E-002,-2.554608508944511E-002,-6.500549316406250E-001,-7.406941056251526E-001,
2.873700000000000E+009,9.735769592225552E-003,-3.524493798613548E-002,-6.723257303237915E-001,-7.166856527328491E-001,9.735769592225552E-003,-3.524493798613548E-002,-6.723257303237915E-001,-7.166856527328491E-001,
2.882066666666667E+009,-2.880235388875008E-002,-2.563912235200405E-002,-6.857782602310181E-001,-6.961917877197266E-001,-2.880235388875008E-002,-2.563912235200405E-002,-6.857782602310181E-001,-6.961917877197266E-001,
2.890433333333334E+009,-5.801904946565628E-002,1.845355262048543E-003,-7.043817043304443E-001,-6.823524832725525E-001,-5.801904946565628E-002,1.845355262048543E-003,-7.043817043304443E-001,-6.823524832725525E-001,
2.898800000000000E+009,-6.629510968923569E-002,3.862573206424713E-002,-7.201682329177856E-001,-6.669076085090637E-001,-6.629510968923569E-002,3.862573206424713E-002,-7.201682329177856E-001,-6.669076085090637E-001,
2.907166666666667E+009,-5.239758640527725E-002,7.075030356645584E-002,-7.315825223922730E-001,-6.526118516921997E-001,-5.239758640527725E-002,7.075030356645584E-002,-7.315825223922730E-001,-6.526118516921997E-001,
2.915533333333334E+009,-1.769722066819668E-002,9.072038531303406E-002,-7.531870007514954E-001,-6.284884810447693E-001,-1.769722066819668E-002,9.072038531303406E-002,-7.531870007514954E-001,-6.284884810447693E-001,
2.923900000000000E+009,2.305141463875771E-002,9.066543728113174E-002,-7.661588788032532E-001,-6.164040565490723E-001,2.305141463875771E-002,9.066543728113174E-002,-7.661588788032532E-001,-6.164040565490723E-001,
2.932266666666667E+009,6.180302426218987E-002,7.099580764770508E-002,-7.801486849784851E-001,-5.979392528533936E-001,6.180302426218987E-002,7.099580764770508E-002,-7.801486849784851E-001,-5.979392528533936E-001,
2.940633333333334E+009,8.404055237770081E-002,3.548455610871315E-002,-7.944650053977966E-001,-5.753719806671143E-001,8.404055237770081E-002,3.548455610871315E-002,-7.944650053977966E-001,-5.753719806671143E-001,
2.949000000000000E+009,8.516304939985275E-002,-4.982215818017721E-003,-8.149412274360657E-001,-5.480298399925232E-001,8.516304939985275E-002,-4.982215818017721E-003,-8.149412274360657E-001,-5.480298399925232E-001,
2.957366666666667E+009,6.424059718847275E-002,-3.540925681591034E-002,-8.258621692657471E-001,-5.361033082008362E-001,6.424059718847275E-002,-3.540925681591034E-002,-8.258621692657471E-001,-5.361033082008362E-001,
2.965733333333334E+009,2.627629600465298E-002,-4.760114103555679E-002,-8.408789634704590E-001,-5.146876573562622E-001,2.627629600465298E-002,-4.760114103555679E-002,-8.408789634704590E-001,-5.146876573562622E-001,
2.974100000000000E+009,-1.351815182715654E-002,-3.802798688411713E-002,-8.556705713272095E-001,-4.865919053554535E-001,-1.351815182715654E-002,-3.802798688411713E-002,-8.556705713272095E-001,-4.865919053554535E-001,
2.982466666666667E+009,-4.449736326932907E-002,-7.512391544878483E-003,-8.683088421821594E-001,-4.637490212917328E-001,-4.449736326932907E-002,-7.512391544878483E-003,-8.683088421821594E-001,-4.637490212917328E-001,
2.990833333333334E+009,-5.561545491218567E-002,3.132355958223343E-002,-8.724178671836853E-001,-4.481987059116364E-001,-5.561545491218567E-002,3.132355958223343E-002,-8.724178671836853E-001,-4.481987059116364E-001,
2.999200000000000E+009,-4.330739378929138E-002,6.843848526477814E-002,-8.856799006462097E-001,-4.260994791984558E-001,-4.330739378929138E-002,6.843848526477814E-002,-8.856799006462097E-001,-4.260994791984558E-001,
3.007566666666667E+009,-1.097306888550520E-002,9.134167432785034E-002,-8.975190520286560E-001,-4.008275568485260E-001,-1.097306888550520E-002,9.134167432785034E-002,-8.975190520286560E-001,-4.008275568485260E-001,
3.015933333333334E+009,3.258401900529862E-002,9.010739624500275E-002,-9.037636518478394E-001,-3.820071220397949E-001,3.258401900529862E-002,9.010739624500275E-002,-9.037636518478394E-001,-3.820071220397949E-001,
3.024300000000000E+009,7.098583132028580E-002,6.685819476842880E-002,-9.147018790245056E-001,-3.615546822547913E-001,7.098583132028580E-002,6.685819476842880E-002,-9.147018790245056E-001,-3.615546822547913E-001,
3.032666666666667E+009,9.450894594192505E-002,2.496731095016003E-002,-9.237855076789856E-001,-3.369796574115753E-001,9.450894594192505E-002,2.496731095016003E-002,-9.237855076789856E-001,-3.369796574115753E-001,
3.041033333333334E+009,9.394479542970657E-002,-2.034809440374374E-002,-9.314484000205994E-001,-3.142519891262054E-001,9.394479542970657E-002,-2.034809440374374E-002,-9.314484000205994E-001,-3.142519891262054E-001,
3.049400000000000E+009,6.962727010250092E-002,-5.562999472022057E-002,-9.396875500679016E-001,-2.853672504425049E-001,6.962727010250092E-002,-5.562999472022057E-002,-9.396875500679016E-001,-2.853672504425049E-001,
3.057766666666667E+009,3.022509068250656E-002,-7.018187642097473E-002,-9.479837417602539E-001,-2.777262032032013E-001,3.022509068250656E-002,-7.018187642097473E-002,-9.479837417602539E-001,-2.777262032032013E-001,
3.066133333333334E+009,-1.383541524410248E-002,-5.872805044054985E-002,-9.506893754005432E-001,-2.414423376321793E-001,-1.383541524410248E-002,-5.872805044054985E-002,-9.506893754005432E-001,-2.414423376321793E-001,
3.074500000000000E+009,-4.642948508262634E-002,-2.429745905101299E-002,-9.605495929718018E-001,-2.175498753786087E-001,-4.642948508262634E-002,-2.429745905101299E-002,-9.605495929718018E-001,-2.175498753786087E-001,
3.082866666666667E+009,-5.704485625028610E-002,2.335655875504017E-002,-9.641453027725220E-001,-1.959326714277268E-001,-5.704485625028610E-002,2.335655875504017E-002,-9.641453027725220E-001,-1.959326714277268E-001,
3.091233333333334E+009,-4.128680750727654E-002,6.899408251047134E-002,-9.674119949340820E-001,-1.675186455249786E-001,-4.128680750727654E-002,6.899408251047134E-002,-9.674119949340820E-001,-1.675186455249786E-001,
3.099600000000000E+009,-3.684911411255598E-003,9.584316611289978E-002,-9.676071405410767E-001,-1.458140760660172E-001,-3.684911411255598E-003,9.584316611289978E-002,-9.676071405410767E-001,-1.458140760660172E-001,
3.107966666666667E+009,4.538233578205109E-002,9.526056051254273E-002,-9.739784002304077E-001,-1.249675825238228E-001,4.538233578205109E-002,9.526056051254273E-002,-9.739784002304077E-001,-1.249675825238228E-001,
3.116333333333334E+009,9.002518653869629E-002,6.729695945978165E-002,-9.763627052307129E-001,-9.760463982820511E-002,9.002518653869629E-002,6.729695945978165E-002,-9.763627052307129E-001,-9.760463982820511E-002,
3.124700000000000E+009,1.135392859578133E-001,1.812368072569370E-002,-9.805438518524170E-001,-7.922919839620590E-002,1.135392859578133E-001,1.812368072569370E-002,-9.805438518524170E-001,-7.922919839620590E-002,
3.133066666666667E+009,1.128849238157272E-001,-3.690691664814949E-002,-9.848098158836365E-001,-5.077752843499184E-002,1.128849238157272E-001,-3.690691664814949E-002,-9.848098158836365E-001,-5.077752843499184E-002,
3.141433333333334E+009,8.494503796100617E-002,-8.256478607654572E-002,-9.850626587867737E-001,-2.898781374096870E-002,8.494503796100617E-002,-8.256478607654572E-002,-9.850626587867737E-001,-2.898781374096870E-002,
3.149800000000000E+009,3.679724410176277E-002,-1.040777117013931E-001,-9.878434538841248E-001,8.571633370593190E-004,3.679724410176277E-002,-1.040777117013931E-001,-9.878434538841248E-001,8.571633370593190E-004,
3.158166666666667E+009,-1.404384244233370E-002,-9.502947330474854E-002,-9.819296598434448E-001,2.895528450608254E-002,-1.404384244233370E-002,-9.502947330474854E-002,-9.819296598434448E-001,2.895528450608254E-002,
3.166533333333334E+009,-5.210948362946510E-002,-5.930077657103539E-002,-9.823881387710571E-001,5.192333459854126E-002,-5.210948362946510E-002,-5.930077657103539E-002,-9.823881387710571E-001,5.192333459854126E-002,
3.174900000000000E+009,-6.924146413803101E-002,-6.963227875530720E-003,-9.794080257415772E-001,7.567412406206131E-002,-6.924146413803101E-002,-6.963227875530720E-003,-9.794080257415772E-001,7.567412406206131E-002,
3.183266666666667E+009,-5.473163723945618E-002,4.615344479680061E-002,-9.742895364761353E-001,9.982032328844070E-002,-5.473163723945618E-002,4.615344479680061E-002,-9.742895364761353E-001,9.982032328844070E-002,
3.191633333333334E+009,-1.712569966912270E-002,7.823958992958069E-002,-9.688866138458252E-001,1.215844526886940E-001,-1.712569966912270E-002,7.823958992958069E-002,-9.688866138458252E-001,1.215844526886940E-001,
3.200000000000000E+009,3.136197105050087E-002,8.250938355922699E-002,-9.696204066276550E-001,1.413770616054535E-001,3.136197105050087E-002,8.250938355922699E-002,-9.696204066276550E-001,1.413770616054535E-001,
