% Version 1.00
%
%freq[Hz],re:Trc1_S11,im:Trc1_S11,re:Trc2_S21,im:Trc2_S21,re:Trc3_S11,im:Trc3_S11,re:Trc4_S21,im:Trc4_S21,
6.900000000000000E+008,-6.532584130764008E-002,4.486424848437309E-002,-5.051044821739197E-001,-8.367474675178528E-001,-6.532584130764008E-002,4.486424848437309E-002,-5.051044821739197E-001,-8.367474675178528E-001,
6.983666666666666E+008,-5.766747519373894E-002,4.565544426441193E-002,-5.221400856971741E-001,-8.183705210685730E-001,-5.766747519373894E-002,4.565544426441193E-002,-5.221400856971741E-001,-8.183705210685730E-001,
7.067333333333334E+008,-5.164612084627152E-002,4.329998046159744E-002,-5.512128472328186E-001,-7.923440933227539E-001,-5.164612084627152E-002,4.329998046159744E-002,-5.512128472328186E-001,-7.923440933227539E-001,
7.151000000000000E+008,-5.233993008732796E-002,3.537249565124512E-002,-5.593147873878479E-001,-7.850182652473450E-001,-5.233993008732796E-002,3.537249565124512E-002,-5.593147873878479E-001,-7.850182652473450E-001,
7.234666666666666E+008,-5.228472873568535E-002,3.091019205749035E-002,-5.985282063484192E-001,-7.723056077957153E-001,-5.228472873568535E-002,3.091019205749035E-002,-5.985282063484192E-001,-7.723056077957153E-001,
7.318333333333334E+008,-5.982838943600655E-002,2.868473343551159E-002,-6.039483547210693E-001,-7.671237587928772E-001,-5.982838943600655E-002,2.868473343551159E-002,-6.039483547210693E-001,-7.671237587928772E-001,
7.402000000000000E+008,-6.695768237113953E-002,3.153117001056671E-002,-6.335583329200745E-001,-7.433723807334900E-001,-6.695768237113953E-002,3.153117001056671E-002,-6.335583329200745E-001,-7.433723807334900E-001,
7.485666666666666E+008,-7.182972133159638E-002,3.761627152562141E-002,-6.545807719230652E-001,-7.059823870658875E-001,-7.182972133159638E-002,3.761627152562141E-002,-6.545807719230652E-001,-7.059823870658875E-001,
7.569333333333334E+008,-7.185320556163788E-002,4.716235399246216E-002,-6.696969270706177E-001,-7.071190476417542E-001,-7.185320556163788E-002,4.716235399246216E-002,-6.696969270706177E-001,-7.071190476417542E-001,
7.653000000000000E+008,-6.793112307786942E-002,5.645578354597092E-002,-6.767587065696716E-001,-7.002922296524048E-001,-6.793112307786942E-002,5.645578354597092E-002,-6.767587065696716E-001,-7.002922296524048E-001,
7.736666666666666E+008,-5.975772440433502E-002,6.549950689077377E-002,-7.021809816360474E-001,-6.920347809791565E-001,-5.975772440433502E-002,6.549950689077377E-002,-7.021809816360474E-001,-6.920347809791565E-001,
7.820333333333334E+008,-5.288447812199593E-002,6.933730095624924E-002,-7.246794700622559E-001,-6.687662601470947E-001,-5.288447812199593E-002,6.933730095624924E-002,-7.246794700622559E-001,-6.687662601470947E-001,
7.904000000000000E+008,-4.317549988627434E-002,6.801521778106690E-002,-7.389913797378540E-001,-6.459915041923523E-001,-4.317549988627434E-002,6.801521778106690E-002,-7.389913797378540E-001,-6.459915041923523E-001,
7.987666666666666E+008,-3.559303283691406E-002,6.409807503223419E-002,-7.519358396530151E-001,-6.254333257675171E-001,-3.559303283691406E-002,6.409807503223419E-002,-7.519358396530151E-001,-6.254333257675171E-001,
8.071333333333334E+008,-3.555950894951820E-002,6.022199988365173E-002,-7.653334736824036E-001,-6.125262975692749E-001,-3.555950894951820E-002,6.022199988365173E-002,-7.653334736824036E-001,-6.125262975692749E-001,
8.155000000000000E+008,-3.927252814173698E-002,5.363285541534424E-002,-7.743334770202637E-001,-5.669884085655212E-001,-3.927252814173698E-002,5.363285541534424E-002,-7.743334770202637E-001,-5.669884085655212E-001,
8.238666666666666E+008,-4.372853413224220E-002,5.181616544723511E-002,-8.058999776840210E-001,-5.702862143516541E-001,-4.372853413224220E-002,5.181616544723511E-002,-8.058999776840210E-001,-5.702862143516541E-001,
8.322333333333334E+008,-5.167354270815849E-002,5.440869927406311E-002,-8.171916604042053E-001,-5.422057509422302E-001,-5.167354270815849E-002,5.440869927406311E-002,-8.171916604042053E-001,-5.422057509422302E-001,
8.406000000000000E+008,-5.576961115002632E-002,5.855378508567810E-002,-8.288889527320862E-001,-5.275495052337647E-001,-5.576961115002632E-002,5.855378508567810E-002,-8.288889527320862E-001,-5.275495052337647E-001,
8.489666666666668E+008,-5.580899491906166E-002,6.697327643632889E-002,-8.490102291107178E-001,-5.009437799453735E-001,-5.580899491906166E-002,6.697327643632889E-002,-8.490102291107178E-001,-5.009437799453735E-001,
8.573333333333334E+008,-5.195126309990883E-002,7.472250610589981E-002,-8.534968495368958E-001,-4.835273623466492E-001,-5.195126309990883E-002,7.472250610589981E-002,-8.534968495368958E-001,-4.835273623466492E-001,
8.657000000000000E+008,-4.459545388817787E-002,8.375667780637741E-002,-8.691162467002869E-001,-4.547311067581177E-001,-4.459545388817787E-002,8.375667780637741E-002,-8.691162467002869E-001,-4.547311067581177E-001,
8.740666666666668E+008,-3.563838824629784E-002,8.885502815246582E-002,-8.631734848022461E-001,-4.356802999973297E-001,-3.563838824629784E-002,8.885502815246582E-002,-8.631734848022461E-001,-4.356802999973297E-001,
8.824333333333334E+008,-2.602152898907661E-002,8.782536536455154E-002,-8.940332531929016E-001,-4.043411612510681E-001,-2.602152898907661E-002,8.782536536455154E-002,-8.940332531929016E-001,-4.043411612510681E-001,
8.908000000000000E+008,-1.815956272184849E-002,8.820158243179321E-002,-9.050444364547730E-001,-4.007807672023773E-001,-1.815956272184849E-002,8.820158243179321E-002,-9.050444364547730E-001,-4.007807672023773E-001,
8.991666666666668E+008,-1.525673177093267E-002,8.159887790679932E-002,-9.158052206039429E-001,-3.712725639343262E-001,-1.525673177093267E-002,8.159887790679932E-002,-9.158052206039429E-001,-3.712725639343262E-001,
9.075333333333334E+008,-1.480698678642511E-002,7.752329111099243E-002,-9.080030918121338E-001,-3.460130691528320E-001,-1.480698678642511E-002,7.752329111099243E-002,-9.080030918121338E-001,-3.460130691528320E-001,
9.159000000000000E+008,-1.680330932140350E-002,7.354138791561127E-002,-9.228251576423645E-001,-3.353102207183838E-001,-1.680330932140350E-002,7.354138791561127E-002,-9.228251576423645E-001,-3.353102207183838E-001,
9.242666666666668E+008,-2.129802666604519E-002,6.965288519859314E-002,-9.329038858413696E-001,-3.092106878757477E-001,-2.129802666604519E-002,6.965288519859314E-002,-9.329038858413696E-001,-3.092106878757477E-001,
9.326333333333334E+008,-2.518789283931255E-002,7.242420315742493E-002,-9.365131855010986E-001,-2.754355669021606E-001,-2.518789283931255E-002,7.242420315742493E-002,-9.365131855010986E-001,-2.754355669021606E-001,
9.410000000000000E+008,-2.973955683410168E-002,7.895591855049133E-002,-9.418415427207947E-001,-2.474590688943863E-001,-2.973955683410168E-002,7.895591855049133E-002,-9.418415427207947E-001,-2.474590688943863E-001,
9.493666666666668E+008,-2.984708920121193E-002,8.663181215524674E-002,-9.476223587989807E-001,-2.377984225749970E-001,-2.984708920121193E-002,8.663181215524674E-002,-9.476223587989807E-001,-2.377984225749970E-001,
9.577333333333334E+008,-2.435057796537876E-002,9.447372704744339E-002,-9.720201492309570E-001,-1.957835406064987E-001,-2.435057796537876E-002,9.447372704744339E-002,-9.720201492309570E-001,-1.957835406064987E-001,
9.661000000000000E+008,-1.526306662708521E-002,1.016039624810219E-001,-9.565551877021790E-001,-1.816891878843308E-001,-1.526306662708521E-002,1.016039624810219E-001,-9.565551877021790E-001,-1.816891878843308E-001,
9.744666666666668E+008,-5.180857609957457E-003,1.060424447059631E-001,-9.667631387710571E-001,-1.499763131141663E-001,-5.180857609957457E-003,1.060424447059631E-001,-9.667631387710571E-001,-1.499763131141663E-001,
9.828333333333334E+008,8.888954296708107E-003,1.040942743420601E-001,-9.627963304519653E-001,-1.251638829708099E-001,8.888954296708107E-003,1.040942743420601E-001,-9.627963304519653E-001,-1.251638829708099E-001,
9.912000000000000E+008,1.885501854121685E-002,1.008443236351013E-001,-9.734676480293274E-001,-1.150339692831039E-001,1.885501854121685E-002,1.008443236351013E-001,-9.734676480293274E-001,-1.150339692831039E-001,
9.995666666666668E+008,2.386871911585331E-002,9.174112975597382E-002,-9.766670465469360E-001,-7.890596240758896E-002,2.386871911585331E-002,9.174112975597382E-002,-9.766670465469360E-001,-7.890596240758896E-002,
1.007933333333333E+009,2.436335571110249E-002,8.411890268325806E-002,-9.799562096595764E-001,-5.953732132911682E-002,2.436335571110249E-002,8.411890268325806E-002,-9.799562096595764E-001,-5.953732132911682E-002,
1.016300000000000E+009,1.923895999789238E-002,7.576340436935425E-002,-9.790648818016052E-001,-3.280312940478325E-002,1.923895999789238E-002,7.576340436935425E-002,-9.790648818016052E-001,-3.280312940478325E-002,
1.024666666666667E+009,1.163204200565815E-002,7.536759227514267E-002,-9.800038337707520E-001,-1.158398296684027E-002,1.163204200565815E-002,7.536759227514267E-002,-9.800038337707520E-001,-1.158398296684027E-002,
1.033033333333333E+009,5.351480562239885E-003,7.700520008802414E-002,-9.574874639511108E-001,2.671722508966923E-002,5.351480562239885E-003,7.700520008802414E-002,-9.574874639511108E-001,2.671722508966923E-002,
1.041400000000000E+009,2.233681734651327E-003,8.351116627454758E-002,-9.641230106353760E-001,4.774115607142448E-002,2.233681734651327E-003,8.351116627454758E-002,-9.641230106353760E-001,4.774115607142448E-002,
1.049766666666667E+009,2.237324137240648E-003,9.212961792945862E-002,-9.727377295494080E-001,6.921202689409256E-002,2.237324137240648E-003,9.212961792945862E-002,-9.727377295494080E-001,6.921202689409256E-002,
1.058133333333333E+009,1.134452130645514E-002,1.006218492984772E-001,-9.671631455421448E-001,9.438978880643845E-002,1.134452130645514E-002,1.006218492984772E-001,-9.671631455421448E-001,9.438978880643845E-002,
1.066500000000000E+009,2.460149861872196E-002,1.049422174692154E-001,-9.509190320968628E-001,1.209079921245575E-001,2.460149861872196E-002,1.049422174692154E-001,-9.509190320968628E-001,1.209079921245575E-001,
1.074866666666667E+009,3.740284964442253E-002,1.012390404939652E-001,-9.606103301048279E-001,1.503350585699081E-001,3.740284964442253E-002,1.012390404939652E-001,-9.606103301048279E-001,1.503350585699081E-001,
1.083233333333334E+009,5.036136880517006E-002,9.669781476259232E-002,-9.559549689292908E-001,1.664181649684906E-001,5.036136880517006E-002,9.669781476259232E-002,-9.559549689292908E-001,1.664181649684906E-001,
1.091600000000000E+009,5.531527474522591E-002,8.444273471832275E-002,-9.489373564720154E-001,2.005841583013535E-001,5.531527474522591E-002,8.444273471832275E-002,-9.489373564720154E-001,2.005841583013535E-001,
1.099966666666667E+009,5.744469910860062E-002,7.193987816572189E-002,-9.443952441215515E-001,2.172242850065231E-001,5.744469910860062E-002,7.193987816572189E-002,-9.443952441215515E-001,2.172242850065231E-001,
1.108333333333334E+009,4.987480863928795E-002,6.228189170360565E-002,-9.555127024650574E-001,2.400420010089874E-001,4.987480863928795E-002,6.228189170360565E-002,-9.555127024650574E-001,2.400420010089874E-001,
1.116700000000000E+009,3.930256888270378E-002,6.304423511028290E-002,-9.412071108818054E-001,2.717302739620209E-001,3.930256888270378E-002,6.304423511028290E-002,-9.412071108818054E-001,2.717302739620209E-001,
1.125066666666667E+009,2.832073159515858E-002,6.446257978677750E-002,-9.248108863830566E-001,2.929184734821320E-001,2.832073159515858E-002,6.446257978677750E-002,-9.248108863830566E-001,2.929184734821320E-001,
1.133433333333334E+009,1.925212889909744E-002,7.622890174388886E-002,-9.199492335319519E-001,3.110817670822144E-001,1.925212889909744E-002,7.622890174388886E-002,-9.199492335319519E-001,3.110817670822144E-001,
1.141800000000000E+009,2.149103023111820E-002,8.877906948328018E-002,-9.077131152153015E-001,3.358846306800842E-001,2.149103023111820E-002,8.877906948328018E-002,-9.077131152153015E-001,3.358846306800842E-001,
1.150166666666667E+009,2.897877059876919E-002,1.003769338130951E-001,-9.014967083930969E-001,3.658009171485901E-001,2.897877059876919E-002,1.003769338130951E-001,-9.014967083930969E-001,3.658009171485901E-001,
1.158533333333334E+009,4.767286777496338E-002,1.071550920605660E-001,-8.906323909759522E-001,3.870811164379120E-001,4.767286777496338E-002,1.071550920605660E-001,-8.906323909759522E-001,3.870811164379120E-001,
1.166900000000000E+009,6.784743815660477E-002,1.049333587288857E-001,-8.815584778785706E-001,4.133572876453400E-001,6.784743815660477E-002,1.049333587288857E-001,-8.815584778785706E-001,4.133572876453400E-001,
1.175266666666667E+009,8.347176015377045E-002,9.430073201656342E-002,-8.631386756896973E-001,4.256410896778107E-001,8.347176015377045E-002,9.430073201656342E-002,-8.631386756896973E-001,4.256410896778107E-001,
1.183633333333334E+009,9.630224108695984E-002,7.886596769094467E-002,-8.582897782325745E-001,4.524948596954346E-001,9.630224108695984E-002,7.886596769094467E-002,-8.582897782325745E-001,4.524948596954346E-001,
1.192000000000000E+009,9.771909564733505E-002,6.141497194766998E-002,-8.512355089187622E-001,4.782555103302002E-001,9.771909564733505E-002,6.141497194766998E-002,-8.512355089187622E-001,4.782555103302002E-001,
1.200366666666667E+009,8.853588998317719E-002,4.398567974567413E-002,-8.374134898185730E-001,4.968917071819305E-001,8.853588998317719E-002,4.398567974567413E-002,-8.374134898185730E-001,4.968917071819305E-001,
1.208733333333334E+009,7.222326099872589E-002,3.568938747048378E-002,-8.317456245422363E-001,5.256609320640564E-001,7.222326099872589E-002,3.568938747048378E-002,-8.317456245422363E-001,5.256609320640564E-001,
1.217100000000000E+009,5.509914085268974E-002,3.772979229688644E-002,-7.996147871017456E-001,5.389358401298523E-001,5.509914085268974E-002,3.772979229688644E-002,-7.996147871017456E-001,5.389358401298523E-001,
1.225466666666667E+009,4.515323042869568E-002,4.920529574155808E-002,-8.012898564338684E-001,5.640489459037781E-001,4.515323042869568E-002,4.920529574155808E-002,-8.012898564338684E-001,5.640489459037781E-001,
1.233833333333334E+009,4.489090666174889E-002,6.376916915178299E-002,-7.805491685867310E-001,5.839418172836304E-001,4.489090666174889E-002,6.376916915178299E-002,-7.805491685867310E-001,5.839418172836304E-001,
1.242200000000000E+009,5.171261355280876E-002,7.737333327531815E-002,-7.525635361671448E-001,6.000927686691284E-001,5.171261355280876E-002,7.737333327531815E-002,-7.525635361671448E-001,6.000927686691284E-001,
1.250566666666667E+009,6.769347190856934E-002,8.604434132575989E-002,-7.558774948120117E-001,6.272770166397095E-001,6.769347190856934E-002,8.604434132575989E-002,-7.558774948120117E-001,6.272770166397095E-001,
1.258933333333334E+009,8.868863433599472E-002,8.549288660287857E-002,-7.347497940063477E-001,6.360859870910645E-001,8.868863433599472E-002,8.549288660287857E-002,-7.347497940063477E-001,6.360859870910645E-001,
1.267300000000000E+009,1.064340546727181E-001,7.183361053466797E-002,-7.111036181449890E-001,6.535437703132629E-001,1.064340546727181E-001,7.183361053466797E-002,-7.111036181449890E-001,6.535437703132629E-001,
1.275666666666667E+009,1.174295991659164E-001,5.421951413154602E-002,-7.079147696495056E-001,6.585599184036255E-001,1.174295991659164E-001,5.421951413154602E-002,-7.079147696495056E-001,6.585599184036255E-001,
1.284033333333334E+009,1.186164915561676E-001,3.151073306798935E-002,-6.761210560798645E-001,7.082079052925110E-001,1.186164915561676E-001,3.151073306798935E-002,-6.761210560798645E-001,7.082079052925110E-001,
1.292400000000000E+009,1.068305224180222E-001,1.356097310781479E-002,-6.727904677391052E-001,7.081865072250366E-001,1.068305224180222E-001,1.356097310781479E-002,-6.727904677391052E-001,7.081865072250366E-001,
1.300766666666667E+009,8.928818255662918E-002,5.696987733244896E-003,-6.541770100593567E-001,7.249842286109924E-001,8.928818255662918E-002,5.696987733244896E-003,-6.541770100593567E-001,7.249842286109924E-001,
1.309133333333334E+009,7.070034742355347E-002,8.103160187602043E-003,-6.383550763130188E-001,7.525295615196228E-001,7.070034742355347E-002,8.103160187602043E-003,-6.383550763130188E-001,7.525295615196228E-001,
1.317500000000000E+009,5.757746100425720E-002,1.993268355727196E-002,-6.072878241539002E-001,7.763618230819702E-001,5.757746100425720E-002,1.993268355727196E-002,-6.072878241539002E-001,7.763618230819702E-001,
1.325866666666667E+009,5.433559790253639E-002,3.524013981223106E-002,-5.888296365737915E-001,7.757138013839722E-001,5.433559790253639E-002,3.524013981223106E-002,-5.888296365737915E-001,7.757138013839722E-001,
1.334233333333334E+009,6.233243644237518E-002,5.253349617123604E-002,-5.666559934616089E-001,7.874889969825745E-001,6.233243644237518E-002,5.253349617123604E-002,-5.666559934616089E-001,7.874889969825745E-001,
1.342600000000000E+009,7.977237552404404E-002,5.676389113068581E-002,-5.531165599822998E-001,8.050310015678406E-001,7.977237552404404E-002,5.676389113068581E-002,-5.531165599822998E-001,8.050310015678406E-001,
1.350966666666667E+009,9.766763448715210E-002,5.409930273890495E-002,-5.238636136054993E-001,8.234552741050720E-001,9.766763448715210E-002,5.409930273890495E-002,-5.238636136054993E-001,8.234552741050720E-001,
1.359333333333334E+009,1.135688722133637E-001,4.070982336997986E-002,-5.065714120864868E-001,8.297781944274902E-001,1.135688722133637E-001,4.070982336997986E-002,-5.065714120864868E-001,8.297781944274902E-001,
1.367700000000000E+009,1.198253706097603E-001,1.896727271378040E-002,-4.886542856693268E-001,8.402455449104309E-001,1.198253706097603E-001,1.896727271378040E-002,-4.886542856693268E-001,8.402455449104309E-001,
1.376066666666667E+009,1.137978211045265E-001,-4.389686044305563E-003,-4.629137217998505E-001,8.516627550125122E-001,1.137978211045265E-001,-4.389686044305563E-003,-4.629137217998505E-001,8.516627550125122E-001,
1.384433333333334E+009,9.860321134328842E-002,-1.797322742640972E-002,-4.541280865669251E-001,8.626036643981934E-001,9.860321134328842E-002,-1.797322742640972E-002,-4.541280865669251E-001,8.626036643981934E-001,
1.392800000000000E+009,7.582322508096695E-002,-2.149691060185432E-002,-4.298628568649292E-001,8.698724508285523E-001,7.582322508096695E-002,-2.149691060185432E-002,-4.298628568649292E-001,8.698724508285523E-001,
1.401166666666667E+009,5.957791209220886E-002,-1.358507759869099E-002,-3.977243006229401E-001,8.964253067970276E-001,5.957791209220886E-002,-1.358507759869099E-002,-3.977243006229401E-001,8.964253067970276E-001,
1.409533333333334E+009,4.824005067348480E-002,5.449051503092051E-003,-3.741472959518433E-001,9.052610397338867E-001,4.824005067348480E-002,5.449051503092051E-003,-3.741472959518433E-001,9.052610397338867E-001,
1.417900000000000E+009,4.854001104831696E-002,2.566022053360939E-002,-3.347744941711426E-001,8.987660408020020E-001,4.854001104831696E-002,2.566022053360939E-002,-3.347744941711426E-001,8.987660408020020E-001,
1.426266666666667E+009,6.066150218248367E-002,4.248838871717453E-002,-3.286631107330322E-001,9.268252253532410E-001,6.066150218248367E-002,4.248838871717453E-002,-3.286631107330322E-001,9.268252253532410E-001,
1.434633333333334E+009,7.983771711587906E-002,4.771402850747109E-002,-2.992064058780670E-001,9.188385605812073E-001,7.983771711587906E-002,4.771402850747109E-002,-2.992064058780670E-001,9.188385605812073E-001,
1.443000000000000E+009,1.022268608212471E-001,4.330795630812645E-002,-2.730717658996582E-001,9.302409887313843E-001,1.022268608212471E-001,4.330795630812645E-002,-2.730717658996582E-001,9.302409887313843E-001,
1.451366666666667E+009,1.169859170913696E-001,2.577836439013481E-002,-2.548464238643646E-001,9.349997639656067E-001,1.169859170913696E-001,2.577836439013481E-002,-2.548464238643646E-001,9.349997639656067E-001,
1.459733333333334E+009,1.226531192660332E-001,3.940594848245382E-003,-2.406340539455414E-001,9.380443096160889E-001,1.226531192660332E-001,3.940594848245382E-003,-2.406340539455414E-001,9.380443096160889E-001,
1.468100000000000E+009,1.162371188402176E-001,-1.764813996851444E-002,-2.049975246191025E-001,9.451137781143189E-001,1.162371188402176E-001,-1.764813996851444E-002,-2.049975246191025E-001,9.451137781143189E-001,
1.476466666666667E+009,9.986439347267151E-002,-3.206001222133637E-002,-1.857807487249374E-001,9.606074690818787E-001,9.986439347267151E-002,-3.206001222133637E-002,-1.857807487249374E-001,9.606074690818787E-001,
1.484833333333334E+009,7.804620265960693E-002,-3.530981019139290E-002,-1.529714167118073E-001,9.619532227516174E-001,7.804620265960693E-002,-3.530981019139290E-002,-1.529714167118073E-001,9.619532227516174E-001,
1.493200000000000E+009,6.205105781555176E-002,-2.640755660831928E-002,-1.351314038038254E-001,9.634993076324463E-001,6.205105781555176E-002,-2.640755660831928E-002,-1.351314038038254E-001,9.634993076324463E-001,
1.501566666666667E+009,5.299782007932663E-002,-8.430053479969502E-003,-1.052584573626518E-001,9.660524129867554E-001,5.299782007932663E-002,-8.430053479969502E-003,-1.052584573626518E-001,9.660524129867554E-001,
1.509933333333334E+009,5.405358597636223E-002,1.212437544018030E-002,-8.860161155462265E-002,9.704518914222717E-001,5.405358597636223E-002,1.212437544018030E-002,-8.860161155462265E-002,9.704518914222717E-001,
1.518300000000000E+009,6.935384124517441E-002,2.642585337162018E-002,-6.171392276883125E-002,9.756613373756409E-001,6.935384124517441E-002,2.642585337162018E-002,-6.171392276883125E-002,9.756613373756409E-001,
1.526666666666667E+009,8.921721577644348E-002,3.072164207696915E-002,-2.921392954885960E-002,9.673125743865967E-001,8.921721577644348E-002,3.072164207696915E-002,-2.921392954885960E-002,9.673125743865967E-001,
1.535033333333334E+009,1.094713136553764E-001,2.498625591397286E-002,-7.796374149620533E-003,9.759632945060730E-001,1.094713136553764E-001,2.498625591397286E-002,-7.796374149620533E-003,9.759632945060730E-001,
1.543400000000000E+009,1.224037930369377E-001,7.517104037106037E-003,1.217376068234444E-002,9.689344167709351E-001,1.224037930369377E-001,7.517104037106037E-003,1.217376068234444E-002,9.689344167709351E-001,
1.551766666666667E+009,1.236022189259529E-001,-1.598157919943333E-002,3.421500697731972E-002,9.633305668830872E-001,1.236022189259529E-001,-1.598157919943333E-002,3.421500697731972E-002,9.633305668830872E-001,
1.560133333333334E+009,1.163972541689873E-001,-3.685221448540688E-002,5.560379475355148E-002,9.694924950599670E-001,1.163972541689873E-001,-3.685221448540688E-002,5.560379475355148E-002,9.694924950599670E-001,
1.568500000000000E+009,1.013051718473434E-001,-4.954243823885918E-002,7.310091704130173E-002,9.719169735908508E-001,1.013051718473434E-001,-4.954243823885918E-002,7.310091704130173E-002,9.719169735908508E-001,
1.576866666666667E+009,8.114551752805710E-002,-5.087117850780487E-002,1.144277229905129E-001,9.626762866973877E-001,8.114551752805710E-002,-5.087117850780487E-002,1.144277229905129E-001,9.626762866973877E-001,
1.585233333333334E+009,6.789304316043854E-002,-4.272655397653580E-002,1.302089244127274E-001,9.625928997993469E-001,6.789304316043854E-002,-4.272655397653580E-002,1.302089244127274E-001,9.625928997993469E-001,
1.593600000000000E+009,6.036001443862915E-002,-2.853750437498093E-002,1.587295532226563E-001,9.566274285316467E-001,6.036001443862915E-002,-2.853750437498093E-002,1.587295532226563E-001,9.566274285316467E-001,
1.601966666666667E+009,6.316662579774857E-002,-1.129085104912520E-002,1.809050142765045E-001,9.544937014579773E-001,6.316662579774857E-002,-1.129085104912520E-002,1.809050142765045E-001,9.544937014579773E-001,
1.610333333333334E+009,7.524680346250534E-002,-5.845776759088039E-004,2.115930169820786E-001,9.457517266273499E-001,7.524680346250534E-002,-5.845776759088039E-004,2.115930169820786E-001,9.457517266273499E-001,
1.618700000000000E+009,9.322424232959747E-002,1.216662349179387E-003,2.370009422302246E-001,9.411000013351440E-001,9.322424232959747E-002,1.216662349179387E-003,2.370009422302246E-001,9.411000013351440E-001,
1.627066666666667E+009,1.078128963708878E-001,-7.063349708914757E-003,2.573632895946503E-001,9.315941333770752E-001,1.078128963708878E-001,-7.063349708914757E-003,2.573632895946503E-001,9.315941333770752E-001,
1.635433333333334E+009,1.158232986927033E-001,-2.063542418181896E-002,2.842570543289185E-001,9.314172267913818E-001,1.158232986927033E-001,-2.063542418181896E-002,2.842570543289185E-001,9.314172267913818E-001,
1.643800000000000E+009,1.159472465515137E-001,-3.997694700956345E-002,2.960388958454132E-001,9.208821058273315E-001,1.159472465515137E-001,-3.997694700956345E-002,2.960388958454132E-001,9.208821058273315E-001,
1.652166666666667E+009,1.065167635679245E-001,-5.615156888961792E-002,3.295812010765076E-001,9.114416241645813E-001,1.065167635679245E-001,-5.615156888961792E-002,3.295812010765076E-001,9.114416241645813E-001,
1.660533333333334E+009,9.163832664489746E-002,-6.444576382637024E-002,3.465048968791962E-001,9.065269231796265E-001,9.163832664489746E-002,-6.444576382637024E-002,3.465048968791962E-001,9.065269231796265E-001,
1.668900000000000E+009,7.612074166536331E-002,-6.306544691324234E-002,3.685463070869446E-001,8.950187563896179E-001,7.612074166536331E-002,-6.306544691324234E-002,3.685463070869446E-001,8.950187563896179E-001,
1.677266666666667E+009,6.347423046827316E-002,-5.552975460886955E-002,4.080311655998230E-001,8.847447633743286E-001,6.347423046827316E-002,-5.552975460886955E-002,4.080311655998230E-001,8.847447633743286E-001,
1.685633333333334E+009,6.076098605990410E-002,-4.135275259613991E-002,4.240660369396210E-001,8.772441148757935E-001,6.076098605990410E-002,-4.135275259613991E-002,4.240660369396210E-001,8.772441148757935E-001,
1.694000000000000E+009,6.478680670261383E-002,-2.945296466350555E-002,4.405494332313538E-001,8.638775944709778E-001,6.478680670261383E-002,-2.945296466350555E-002,4.405494332313538E-001,8.638775944709778E-001,
1.702366666666667E+009,7.644770294427872E-002,-1.994259841740131E-002,4.638735651969910E-001,8.541715145111084E-001,7.644770294427872E-002,-1.994259841740131E-002,4.638735651969910E-001,8.541715145111084E-001,
1.710733333333334E+009,9.234125912189484E-002,-1.866894587874413E-002,4.822669029235840E-001,8.351650834083557E-001,9.234125912189484E-002,-1.866894587874413E-002,4.822669029235840E-001,8.351650834083557E-001,
1.719100000000000E+009,1.065185442566872E-001,-2.806127630174160E-002,5.077002644538879E-001,8.195738792419434E-001,1.065185442566872E-001,-2.806127630174160E-002,5.077002644538879E-001,8.195738792419434E-001,
1.727466666666667E+009,1.150791049003601E-001,-4.269283637404442E-002,5.244473814964294E-001,8.118993043899536E-001,1.150791049003601E-001,-4.269283637404442E-002,5.244473814964294E-001,8.118993043899536E-001,
1.735833333333334E+009,1.151606962084770E-001,-6.019291654229164E-002,5.394458174705505E-001,7.966122031211853E-001,1.151606962084770E-001,-6.019291654229164E-002,5.394458174705505E-001,7.966122031211853E-001,
1.744200000000000E+009,1.066571325063705E-001,-7.815036922693253E-002,5.669057369232178E-001,7.750870585441589E-001,1.066571325063705E-001,-7.815036922693253E-002,5.669057369232178E-001,7.750870585441589E-001,
1.752566666666667E+009,9.372684359550476E-002,-8.955868333578110E-002,5.941923856735230E-001,7.685459852218628E-001,9.372684359550476E-002,-8.955868333578110E-002,5.941923856735230E-001,7.685459852218628E-001,
1.760933333333334E+009,7.788607478141785E-002,-9.450731426477432E-002,6.030806303024292E-001,7.557759881019592E-001,7.788607478141785E-002,-9.450731426477432E-002,6.030806303024292E-001,7.557759881019592E-001,
1.769300000000000E+009,6.318431347608566E-002,-9.166750311851502E-002,6.272048354148865E-001,7.464702129364014E-001,6.318431347608566E-002,-9.166750311851502E-002,6.272048354148865E-001,7.464702129364014E-001,
1.777666666666667E+009,5.418891832232475E-002,-8.125244081020355E-002,6.419424414634705E-001,7.362126708030701E-001,5.418891832232475E-002,-8.125244081020355E-002,6.419424414634705E-001,7.362126708030701E-001,
1.786033333333334E+009,5.236629024147987E-002,-7.156049460172653E-002,6.567826867103577E-001,7.053765058517456E-001,5.236629024147987E-002,-7.156049460172653E-002,6.567826867103577E-001,7.053765058517456E-001,
1.794400000000000E+009,5.790027230978012E-002,-5.979279428720474E-002,6.799868345260620E-001,6.897160410881043E-001,5.790027230978012E-002,-5.979279428720474E-002,6.799868345260620E-001,6.897160410881043E-001,
1.802766666666667E+009,6.481212377548218E-002,-5.521701276302338E-002,6.981725096702576E-001,6.705229878425598E-001,6.481212377548218E-002,-5.521701276302338E-002,6.981725096702576E-001,6.705229878425598E-001,
1.811133333333334E+009,7.421293109655380E-002,-5.485718697309494E-002,7.217647433280945E-001,6.510801911354065E-001,7.421293109655380E-002,-5.485718697309494E-002,7.217647433280945E-001,6.510801911354065E-001,
1.819500000000000E+009,8.316595107316971E-002,-6.026393920183182E-002,7.319179773330689E-001,6.246565580368042E-001,8.316595107316971E-002,-6.026393920183182E-002,7.319179773330689E-001,6.246565580368042E-001,
1.827866666666667E+009,8.790437877178192E-002,-7.016361504793167E-002,7.513315081596375E-001,6.134461760520935E-001,8.790437877178192E-002,-7.016361504793167E-002,7.513315081596375E-001,6.134461760520935E-001,
1.836233333333334E+009,8.450708538293839E-002,-8.210331946611404E-002,7.626605629920960E-001,5.960227251052856E-001,8.450708538293839E-002,-8.210331946611404E-002,7.626605629920960E-001,5.960227251052856E-001,
1.844600000000000E+009,7.680435478687286E-002,-9.152634441852570E-002,7.784298062324524E-001,5.888810157775879E-001,7.680435478687286E-002,-9.152634441852570E-002,7.784298062324524E-001,5.888810157775879E-001,
1.852966666666667E+009,6.770022958517075E-002,-9.692270308732987E-002,7.861632108688355E-001,5.552054643630981E-001,6.770022958517075E-002,-9.692270308732987E-002,7.861632108688355E-001,5.552054643630981E-001,
1.861333333333334E+009,5.765839666128159E-002,-1.001375764608383E-001,8.091616034507752E-001,5.358998179435730E-001,5.765839666128159E-002,-1.001375764608383E-001,8.091616034507752E-001,5.358998179435730E-001,
1.869700000000000E+009,5.005388706922531E-002,-9.433882683515549E-002,8.235269784927368E-001,5.162357687950134E-001,5.005388706922531E-002,-9.433882683515549E-002,8.235269784927368E-001,5.162357687950134E-001,
1.878066666666667E+009,4.644948616623879E-002,-8.943399786949158E-002,8.370433449745178E-001,5.008984208106995E-001,4.644948616623879E-002,-8.943399786949158E-002,8.370433449745178E-001,5.008984208106995E-001,
1.886433333333334E+009,4.771846532821655E-002,-8.172344416379929E-002,8.545178174972534E-001,4.745216667652130E-001,4.771846532821655E-002,-8.172344416379929E-002,8.545178174972534E-001,4.745216667652130E-001,
1.894800000000000E+009,5.520180612802506E-002,-7.709424197673798E-002,8.653510212898254E-001,4.544016122817993E-001,5.520180612802506E-002,-7.709424197673798E-002,8.653510212898254E-001,4.544016122817993E-001,
1.903166666666667E+009,6.300360709428787E-002,-7.459311187267304E-002,8.756880760192871E-001,4.234345555305481E-001,6.300360709428787E-002,-7.459311187267304E-002,8.756880760192871E-001,4.234345555305481E-001,
1.911533333333334E+009,7.092359662055969E-002,-8.037903159856796E-002,8.820034265518189E-001,3.962915539741516E-001,7.092359662055969E-002,-8.037903159856796E-002,8.820034265518189E-001,3.962915539741516E-001,
1.919900000000000E+009,7.617136836051941E-002,-8.957683295011520E-002,8.960036635398865E-001,3.814381957054138E-001,7.617136836051941E-002,-8.957683295011520E-002,8.960036635398865E-001,3.814381957054138E-001,
1.928266666666667E+009,7.769189774990082E-002,-1.006656959652901E-001,8.915278911590576E-001,3.446882069110870E-001,7.769189774990082E-002,-1.006656959652901E-001,8.915278911590576E-001,3.446882069110870E-001,
1.936633333333334E+009,7.110639661550522E-002,-1.134797781705856E-001,9.105157256126404E-001,3.342293202877045E-001,7.110639661550522E-002,-1.134797781705856E-001,9.105157256126404E-001,3.342293202877045E-001,
1.945000000000000E+009,6.033338233828545E-002,-1.224400773644447E-001,9.194960594177246E-001,3.094659447669983E-001,6.033338233828545E-002,-1.224400773644447E-001,9.194960594177246E-001,3.094659447669983E-001,
1.953366666666667E+009,4.804167896509171E-002,-1.284689158201218E-001,9.210280776023865E-001,2.888942062854767E-001,4.804167896509171E-002,-1.284689158201218E-001,9.210280776023865E-001,2.888942062854767E-001,
1.961733333333334E+009,3.295130282640457E-002,-1.254279613494873E-001,9.356535673141480E-001,2.666682898998261E-001,3.295130282640457E-002,-1.254279613494873E-001,9.356535673141480E-001,2.666682898998261E-001,
1.970100000000000E+009,2.208617888391018E-002,-1.194919943809509E-001,9.360302090644836E-001,2.435286939144135E-001,2.208617888391018E-002,-1.194919943809509E-001,9.360302090644836E-001,2.435286939144135E-001,
1.978466666666667E+009,1.830916665494442E-002,-1.078199744224548E-001,9.462377429008484E-001,2.136188149452210E-001,1.830916665494442E-002,-1.078199744224548E-001,9.462377429008484E-001,2.136188149452210E-001,
1.986833333333334E+009,2.131587266921997E-002,-9.742530435323715E-002,9.490184187889099E-001,1.947671025991440E-001,2.131587266921997E-002,-9.742530435323715E-002,9.490184187889099E-001,1.947671025991440E-001,
1.995200000000000E+009,3.233694285154343E-002,-9.125202894210815E-002,9.516777396202087E-001,1.766374558210373E-001,3.233694285154343E-002,-9.125202894210815E-002,9.516777396202087E-001,1.766374558210373E-001,
2.003566666666667E+009,4.498397558927536E-002,-9.113563597202301E-002,9.566993713378906E-001,1.407982110977173E-001,4.498397558927536E-002,-9.113563597202301E-002,9.566993713378906E-001,1.407982110977173E-001,
2.011933333333334E+009,5.601470544934273E-002,-1.004685983061791E-001,9.647571444511414E-001,1.131796240806580E-001,5.601470544934273E-002,-1.004685983061791E-001,9.647571444511414E-001,1.131796240806580E-001,
2.020300000000000E+009,6.225959584116936E-002,-1.121878847479820E-001,9.648289084434509E-001,8.155228197574616E-002,6.225959584116936E-002,-1.121878847479820E-001,9.648289084434509E-001,8.155228197574616E-002,
2.028666666666667E+009,5.959299951791763E-002,-1.284621804952622E-001,9.656105041503906E-001,6.650022417306900E-002,5.959299951791763E-002,-1.284621804952622E-001,9.656105041503906E-001,6.650022417306900E-002,
2.037033333333334E+009,4.851238057017326E-002,-1.450566798448563E-001,9.675859808921814E-001,4.077810049057007E-002,4.851238057017326E-002,-1.450566798448563E-001,9.675859808921814E-001,4.077810049057007E-002,
2.045400000000000E+009,3.162487968802452E-002,-1.538137644529343E-001,9.631884694099426E-001,2.283635921776295E-002,3.162487968802452E-002,-1.538137644529343E-001,9.631884694099426E-001,2.283635921776295E-002,
2.053766666666667E+009,1.180714555084705E-002,-1.539621949195862E-001,9.653122425079346E-001,-2.962540602311492E-003,1.180714555084705E-002,-1.539621949195862E-001,9.653122425079346E-001,-2.962540602311492E-003,
2.062133333333334E+009,-2.934693591669202E-003,-1.477362960577011E-001,9.691811203956604E-001,-2.911332622170448E-002,-2.934693591669202E-003,-1.477362960577011E-001,9.691811203956604E-001,-2.911332622170448E-002,
2.070500000000000E+009,-1.092311367392540E-002,-1.326069682836533E-001,9.692369103431702E-001,-5.525688454508781E-002,-1.092311367392540E-002,-1.326069682836533E-001,9.692369103431702E-001,-5.525688454508781E-002,
2.078866666666667E+009,-9.149103425443173E-003,-1.180231869220734E-001,9.654032588005066E-001,-7.758934795856476E-002,-9.149103425443173E-003,-1.180231869220734E-001,9.654032588005066E-001,-7.758934795856476E-002,
2.087233333333334E+009,1.189369009807706E-003,-1.103122383356094E-001,9.651241302490234E-001,-1.122317463159561E-001,1.189369009807706E-003,-1.103122383356094E-001,9.651241302490234E-001,-1.122317463159561E-001,
2.095600000000000E+009,1.618443243205547E-002,-1.075445413589478E-001,9.669035077095032E-001,-1.335129886865616E-001,1.618443243205547E-002,-1.075445413589478E-001,9.669035077095032E-001,-1.335129886865616E-001,
2.103966666666667E+009,2.987857162952423E-002,-1.181532219052315E-001,9.625555872917175E-001,-1.615272015333176E-001,2.987857162952423E-002,-1.181532219052315E-001,9.625555872917175E-001,-1.615272015333176E-001,
2.112333333333334E+009,3.676481172442436E-002,-1.345263123512268E-001,9.491096735000610E-001,-1.811755597591400E-001,3.676481172442436E-002,-1.345263123512268E-001,9.491096735000610E-001,-1.811755597591400E-001,
2.120700000000000E+009,3.381394222378731E-002,-1.578856408596039E-001,9.435808062553406E-001,-2.118030488491058E-001,3.381394222378731E-002,-1.578856408596039E-001,9.435808062553406E-001,-2.118030488491058E-001,
2.129066666666667E+009,1.812710240483284E-002,-1.740858554840088E-001,9.462496638298035E-001,-2.385605126619339E-001,1.812710240483284E-002,-1.740858554840088E-001,9.462496638298035E-001,-2.385605126619339E-001,
2.137433333333334E+009,-6.061779800802469E-003,-1.837398707866669E-001,9.277986288070679E-001,-2.551670670509338E-001,-6.061779800802469E-003,-1.837398707866669E-001,9.277986288070679E-001,-2.551670670509338E-001,
2.145800000000000E+009,-3.424654901027679E-002,-1.818125396966934E-001,9.253810644149780E-001,-2.766348123550415E-001,-3.424654901027679E-002,-1.818125396966934E-001,9.253810644149780E-001,-2.766348123550415E-001,
2.154166666666667E+009,-5.540878698229790E-002,-1.687467694282532E-001,9.176639914512634E-001,-2.941702604293823E-001,-5.540878698229790E-002,-1.687467694282532E-001,9.176639914512634E-001,-2.941702604293823E-001,
2.162533333333334E+009,-6.701288372278214E-002,-1.468837559223175E-001,8.992228507995606E-001,-3.178637027740479E-001,-6.701288372278214E-002,-1.468837559223175E-001,8.992228507995606E-001,-3.178637027740479E-001,
2.170900000000000E+009,-6.469323486089706E-002,-1.253980100154877E-001,9.069516658782959E-001,-3.469089865684509E-001,-6.469323486089706E-002,-1.253980100154877E-001,9.069516658782959E-001,-3.469089865684509E-001,
2.179266666666667E+009,-5.114137753844261E-002,-1.117661520838738E-001,8.951184749603272E-001,-3.636037111282349E-001,-5.114137753844261E-002,-1.117661520838738E-001,8.951184749603272E-001,-3.636037111282349E-001,
2.187633333333334E+009,-3.239954635500908E-002,-1.080432310700417E-001,8.906859755516052E-001,-3.975965380668640E-001,-3.239954635500908E-002,-1.080432310700417E-001,8.906859755516052E-001,-3.975965380668640E-001,
2.196000000000000E+009,-1.314606890082359E-002,-1.186043173074722E-001,8.696620464324951E-001,-4.193802177906036E-001,-1.314606890082359E-002,-1.186043173074722E-001,8.696620464324951E-001,-4.193802177906036E-001,
2.204366666666667E+009,-3.097905777394772E-003,-1.400513052940369E-001,8.600064516067505E-001,-4.415709674358368E-001,-3.097905777394772E-003,-1.400513052940369E-001,8.600064516067505E-001,-4.415709674358368E-001,
2.212733333333334E+009,-6.783165037631989E-003,-1.646080315113068E-001,8.436195254325867E-001,-4.725157916545868E-001,-6.783165037631989E-003,-1.646080315113068E-001,8.436195254325867E-001,-4.725157916545868E-001,
2.221100000000000E+009,-2.519282698631287E-002,-1.830073446035385E-001,8.224893212318420E-001,-4.823780655860901E-001,-2.519282698631287E-002,-1.830073446035385E-001,8.224893212318420E-001,-4.823780655860901E-001,
2.229466666666667E+009,-5.071854591369629E-002,-1.925710290670395E-001,8.143599033355713E-001,-4.929539859294891E-001,-5.071854591369629E-002,-1.925710290670395E-001,8.143599033355713E-001,-4.929539859294891E-001,
2.237833333333334E+009,-8.172292262315750E-002,-1.860070824623108E-001,8.054023385047913E-001,-5.179353356361389E-001,-8.172292262315750E-002,-1.860070824623108E-001,8.054023385047913E-001,-5.179353356361389E-001,
2.246200000000000E+009,-1.067310720682144E-001,-1.687048822641373E-001,7.926125526428223E-001,-5.367390513420105E-001,-1.067310720682144E-001,-1.687048822641373E-001,7.926125526428223E-001,-5.367390513420105E-001,
2.254566666666667E+009,-1.170924007892609E-001,-1.417820602655411E-001,7.836178541183472E-001,-5.542492270469666E-001,-1.170924007892609E-001,-1.417820602655411E-001,7.836178541183472E-001,-5.542492270469666E-001,
2.262933333333334E+009,-1.156417280435562E-001,-1.178918629884720E-001,7.706263065338135E-001,-5.759716629981995E-001,-1.156417280435562E-001,-1.178918629884720E-001,7.706263065338135E-001,-5.759716629981995E-001,
2.271300000000000E+009,-1.008679792284966E-001,-9.973064810037613E-002,7.534457445144653E-001,-5.955008864402771E-001,-1.008679792284966E-001,-9.973064810037613E-002,7.534457445144653E-001,-5.955008864402771E-001,
2.279666666666667E+009,-7.862488180398941E-002,-9.771068394184113E-002,7.416743636131287E-001,-6.179665327072144E-001,-7.862488180398941E-002,-9.771068394184113E-002,7.416743636131287E-001,-6.179665327072144E-001,
2.288033333333334E+009,-6.060183793306351E-002,-1.095700934529305E-001,7.233371734619141E-001,-6.479535102844238E-001,-6.060183793306351E-002,-1.095700934529305E-001,7.233371734619141E-001,-6.479535102844238E-001,
2.296400000000000E+009,-5.203598365187645E-002,-1.320819705724716E-001,6.996279358863831E-001,-6.662327051162720E-001,-5.203598365187645E-002,-1.320819705724716E-001,6.996279358863831E-001,-6.662327051162720E-001,
2.304766666666667E+009,-5.982055142521858E-002,-1.562844365835190E-001,6.842111349105835E-001,-6.717456579208374E-001,-5.982055142521858E-002,-1.562844365835190E-001,6.842111349105835E-001,-6.717456579208374E-001,
2.313133333333334E+009,-8.277550339698792E-002,-1.709840595722199E-001,6.580629944801331E-001,-7.010819911956787E-001,-8.277550339698792E-002,-1.709840595722199E-001,6.580629944801331E-001,-7.010819911956787E-001,
2.321500000000000E+009,-1.085323318839073E-001,-1.721684485673904E-001,6.436263918876648E-001,-7.060617804527283E-001,-1.085323318839073E-001,-1.721684485673904E-001,6.436263918876648E-001,-7.060617804527283E-001,
2.329866666666667E+009,-1.350569427013397E-001,-1.590457260608673E-001,6.333382129669190E-001,-7.218238115310669E-001,-1.350569427013397E-001,-1.590457260608673E-001,6.333382129669190E-001,-7.218238115310669E-001,
2.338233333333334E+009,-1.536665707826614E-001,-1.358741670846939E-001,6.073748469352722E-001,-7.371258735656738E-001,-1.536665707826614E-001,-1.358741670846939E-001,6.073748469352722E-001,-7.371258735656738E-001,
2.346600000000000E+009,-1.573257148265839E-001,-1.049262955784798E-001,5.899530649185181E-001,-7.549843788146973E-001,-1.573257148265839E-001,-1.049262955784798E-001,5.899530649185181E-001,-7.549843788146973E-001,
2.354966666666667E+009,-1.446382254362106E-001,-8.221091330051422E-002,5.823572874069214E-001,-7.679916620254517E-001,-1.446382254362106E-001,-8.221091330051422E-002,5.823572874069214E-001,-7.679916620254517E-001,
2.363333333333334E+009,-1.230608299374580E-001,-7.290468364953995E-002,5.651826858520508E-001,-7.857229113578796E-001,-1.230608299374580E-001,-7.290468364953995E-002,5.651826858520508E-001,-7.857229113578796E-001,
2.371700000000000E+009,-9.681637585163117E-002,-7.847511768341065E-002,5.435031056404114E-001,-8.073531985282898E-001,-9.681637585163117E-002,-7.847511768341065E-002,5.435031056404114E-001,-8.073531985282898E-001,
2.380066666666667E+009,-8.188492059707642E-002,-1.027168780565262E-001,5.105681419372559E-001,-8.213248848915100E-001,-8.188492059707642E-002,-1.027168780565262E-001,5.105681419372559E-001,-8.213248848915100E-001,
2.388433333333334E+009,-8.389836549758911E-002,-1.326317042112351E-001,4.873261153697968E-001,-8.262006044387817E-001,-8.389836549758911E-002,-1.326317042112351E-001,4.873261153697968E-001,-8.262006044387817E-001,
2.396800000000000E+009,-1.037265658378601E-001,-1.606734693050385E-001,4.528667926788330E-001,-8.427799344062805E-001,-1.037265658378601E-001,-1.606734693050385E-001,4.528667926788330E-001,-8.427799344062805E-001,
2.405166666666667E+009,-1.364616155624390E-001,-1.767464578151703E-001,4.344407021999359E-001,-8.501080870628357E-001,-1.364616155624390E-001,-1.767464578151703E-001,4.344407021999359E-001,-8.501080870628357E-001,
2.413533333333334E+009,-1.769559681415558E-001,-1.699365228414536E-001,4.111371934413910E-001,-8.522359728813171E-001,-1.769559681415558E-001,-1.699365228414536E-001,4.111371934413910E-001,-8.522359728813171E-001,
2.421900000000000E+009,-2.131809592247009E-001,-1.465072929859161E-001,4.000077545642853E-001,-8.611073493957520E-001,-2.131809592247009E-001,-1.465072929859161E-001,4.000077545642853E-001,-8.611073493957520E-001,
2.430266666666667E+009,-2.316485941410065E-001,-1.098673418164253E-001,3.828027248382568E-001,-8.701384067535400E-001,-2.316485941410065E-001,-1.098673418164253E-001,3.828027248382568E-001,-8.701384067535400E-001,
2.438633333333334E+009,-2.356598973274231E-001,-6.622305512428284E-002,3.653037846088409E-001,-8.789545893669128E-001,-2.356598973274231E-001,-6.622305512428284E-002,3.653037846088409E-001,-8.789545893669128E-001,
2.447000000000000E+009,-2.184535861015320E-001,-2.817237749695778E-002,3.447231650352478E-001,-8.948159217834473E-001,-2.184535861015320E-001,-2.817237749695778E-002,3.447231650352478E-001,-8.948159217834473E-001,
2.455366666666667E+009,-1.870570033788681E-001,-7.761642802506685E-003,3.251639008522034E-001,-9.036008715629578E-001,-1.870570033788681E-001,-7.761642802506685E-003,3.251639008522034E-001,-9.036008715629578E-001,
2.463733333333334E+009,-1.538220793008804E-001,-6.707230582833290E-003,3.013294339179993E-001,-9.209942221641541E-001,-1.538220793008804E-001,-6.707230582833290E-003,3.013294339179993E-001,-9.209942221641541E-001,
2.472100000000000E+009,-1.291445642709732E-001,-2.658726088702679E-002,2.726042866706848E-001,-9.309167861938477E-001,-1.291445642709732E-001,-2.658726088702679E-002,2.726042866706848E-001,-9.309167861938477E-001,
2.480466666666667E+009,-1.210040897130966E-001,-5.715543776750565E-002,2.373992204666138E-001,-9.325780272483826E-001,-1.210040897130966E-001,-5.715543776750565E-002,2.373992204666138E-001,-9.325780272483826E-001,
2.488833333333334E+009,-1.334197372198105E-001,-8.681206405162811E-002,2.142873704433441E-001,-9.378587007522583E-001,-1.334197372198105E-001,-8.681206405162811E-002,2.142873704433441E-001,-9.378587007522583E-001,
2.497200000000000E+009,-1.589483022689819E-001,-1.030665934085846E-001,1.839681565761566E-001,-9.424151182174683E-001,-1.589483022689819E-001,-1.030665934085846E-001,1.839681565761566E-001,-9.424151182174683E-001,
2.505566666666667E+009,-1.961646080017090E-001,-1.019202470779419E-001,1.577311754226685E-001,-9.450977444648743E-001,-1.961646080017090E-001,-1.019202470779419E-001,1.577311754226685E-001,-9.450977444648743E-001,
2.513933333333334E+009,-2.245485335588455E-001,-8.040598034858704E-002,1.408502608537674E-001,-9.414421319961548E-001,-2.245485335588455E-001,-8.040598034858704E-002,1.408502608537674E-001,-9.414421319961548E-001,
2.522300000000000E+009,-2.403941303491592E-001,-4.874461516737938E-002,1.164418682456017E-001,-9.431593418121338E-001,-2.403941303491592E-001,-4.874461516737938E-002,1.164418682456017E-001,-9.431593418121338E-001,
2.530666666666667E+009,-2.372811734676361E-001,-1.017547771334648E-002,9.424974024295807E-002,-9.510677456855774E-001,-2.372811734676361E-001,-1.017547771334648E-002,9.424974024295807E-002,-9.510677456855774E-001,
2.539033333333334E+009,-2.189747840166092E-001,2.090162970125675E-002,7.798273116350174E-002,-9.521260857582092E-001,-2.189747840166092E-001,2.090162970125675E-002,7.798273116350174E-002,-9.521260857582092E-001,
2.547400000000000E+009,-1.897436827421188E-001,3.794800117611885E-002,5.894712731242180E-002,-9.650846123695374E-001,-1.897436827421188E-001,3.794800117611885E-002,5.894712731242180E-002,-9.650846123695374E-001,
2.555766666666667E+009,-1.575340926647186E-001,3.584003075957298E-002,2.877405099570751E-002,-9.718301892280579E-001,-1.575340926647186E-001,3.584003075957298E-002,2.877405099570751E-002,-9.718301892280579E-001,
2.564133333333334E+009,-1.376459896564484E-001,1.385435834527016E-002,-5.336133763194084E-004,-9.678530693054199E-001,-1.376459896564484E-001,1.385435834527016E-002,-5.336133763194084E-004,-9.678530693054199E-001,
2.572500000000000E+009,-1.355351805686951E-001,-1.563192158937454E-002,-3.042059391736984E-002,-9.660214185714722E-001,-1.355351805686951E-001,-1.563192158937454E-002,-3.042059391736984E-002,-9.660214185714722E-001,
2.580866666666667E+009,-1.520867645740509E-001,-4.189442098140717E-002,-6.074259802699089E-002,-9.647412896156311E-001,-1.520867645740509E-001,-4.189442098140717E-002,-6.074259802699089E-002,-9.647412896156311E-001,
2.589233333333334E+009,-1.840136051177979E-001,-5.475353449583054E-002,-9.125582128763199E-002,-9.543328285217285E-001,-1.840136051177979E-001,-5.475353449583054E-002,-9.125582128763199E-002,-9.543328285217285E-001,
2.597600000000000E+009,-2.183256000280380E-001,-4.991250485181809E-002,-1.167933344841003E-001,-9.475210905075073E-001,-2.183256000280380E-001,-4.991250485181809E-002,-1.167933344841003E-001,-9.475210905075073E-001,
2.605966666666667E+009,-2.465129047632217E-001,-2.458915673196316E-002,-1.285529434680939E-001,-9.464724659919739E-001,-2.465129047632217E-001,-2.458915673196316E-002,-1.285529434680939E-001,-9.464724659919739E-001,
2.614333333333334E+009,-2.589721381664276E-001,9.366272948682308E-003,-1.497415751218796E-001,-9.345093369483948E-001,-2.589721381664276E-001,9.366272948682308E-003,-1.497415751218796E-001,-9.345093369483948E-001,
2.622700000000000E+009,-2.527633905410767E-001,5.023347213864327E-002,-1.672041416168213E-001,-9.294618964195252E-001,-2.527633905410767E-001,5.023347213864327E-002,-1.672041416168213E-001,-9.294618964195252E-001,
2.631066666666667E+009,-2.310427725315094E-001,8.291414380073547E-002,-1.892565190792084E-001,-9.400660991668701E-001,-2.310427725315094E-001,8.291414380073547E-002,-1.892565190792084E-001,-9.400660991668701E-001,
2.639433333333334E+009,-1.973802745342255E-001,9.871745109558106E-002,-2.098030000925064E-001,-9.310397505760193E-001,-1.973802745342255E-001,9.871745109558106E-002,-2.098030000925064E-001,-9.310397505760193E-001,
2.647800000000000E+009,-1.631530672311783E-001,9.702012687921524E-002,-2.363090366125107E-001,-9.323332905769348E-001,-1.631530672311783E-001,9.702012687921524E-002,-2.363090366125107E-001,-9.323332905769348E-001,
2.656166666666667E+009,-1.416000425815582E-001,7.745105773210526E-002,-2.620339989662170E-001,-9.345439076423645E-001,-1.416000425815582E-001,7.745105773210526E-002,-2.620339989662170E-001,-9.345439076423645E-001,
2.664533333333334E+009,-1.373336613178253E-001,5.060071870684624E-002,-2.982106208801270E-001,-9.161835312843323E-001,-1.373336613178253E-001,5.060071870684624E-002,-2.982106208801270E-001,-9.161835312843323E-001,
2.672900000000000E+009,-1.517263501882553E-001,2.547469921410084E-002,-3.207240104675293E-001,-9.096213579177856E-001,-1.517263501882553E-001,2.547469921410084E-002,-3.207240104675293E-001,-9.096213579177856E-001,
2.681266666666667E+009,-1.799397021532059E-001,1.511350739747286E-002,-3.484935462474823E-001,-8.934716582298279E-001,-1.799397021532059E-001,1.511350739747286E-002,-3.484935462474823E-001,-8.934716582298279E-001,
2.689633333333334E+009,-2.128612995147705E-001,2.219093404710293E-002,-3.688680529594421E-001,-8.821476697921753E-001,-2.128612995147705E-001,2.219093404710293E-002,-3.688680529594421E-001,-8.821476697921753E-001,
2.698000000000000E+009,-2.365135848522186E-001,4.637420549988747E-002,-3.806341886520386E-001,-8.663030862808228E-001,-2.365135848522186E-001,4.637420549988747E-002,-3.806341886520386E-001,-8.663030862808228E-001,
2.706366666666667E+009,-2.446150183677673E-001,8.227455615997315E-002,-4.028549492359161E-001,-8.513208627700806E-001,-2.446150183677673E-001,8.227455615997315E-002,-4.028549492359161E-001,-8.513208627700806E-001,
2.714733333333334E+009,-2.359604239463806E-001,1.172700002789497E-001,-4.144105315208435E-001,-8.505508303642273E-001,-2.359604239463806E-001,1.172700002789497E-001,-4.144105315208435E-001,-8.505508303642273E-001,
2.723100000000000E+009,-2.092240303754807E-001,1.474435180425644E-001,-4.329226613044739E-001,-8.398039937019348E-001,-2.092240303754807E-001,1.474435180425644E-001,-4.329226613044739E-001,-8.398039937019348E-001,
2.731466666666667E+009,-1.715811043977737E-001,1.625560671091080E-001,-4.580163657665253E-001,-8.367025256156921E-001,-1.715811043977737E-001,1.625560671091080E-001,-4.580163657665253E-001,-8.367025256156921E-001,
2.739833333333334E+009,-1.358110010623932E-001,1.575108319520950E-001,-4.781881272792816E-001,-8.273264765739441E-001,-1.358110010623932E-001,1.575108319520950E-001,-4.781881272792816E-001,-8.273264765739441E-001,
2.748200000000000E+009,-1.112522855401039E-001,1.378881484270096E-001,-5.036317110061646E-001,-8.201784491539002E-001,-1.112522855401039E-001,1.378881484270096E-001,-5.036317110061646E-001,-8.201784491539002E-001,
2.756566666666667E+009,-1.042902842164040E-001,1.090814843773842E-001,-5.318788290023804E-001,-8.096626400947571E-001,-1.042902842164040E-001,1.090814843773842E-001,-5.318788290023804E-001,-8.096626400947571E-001,
2.764933333333334E+009,-1.160678118467331E-001,8.319057524204254E-002,-5.657832026481628E-001,-7.963843345642090E-001,-1.160678118467331E-001,8.319057524204254E-002,-5.657832026481628E-001,-7.963843345642090E-001,
2.773300000000000E+009,-1.416220515966415E-001,6.754817813634872E-002,-5.801719427108765E-001,-7.710244655609131E-001,-1.416220515966415E-001,6.754817813634872E-002,-5.801719427108765E-001,-7.710244655609131E-001,
2.781666666666667E+009,-1.749839186668396E-001,7.493379712104797E-002,-5.975198745727539E-001,-7.492848038673401E-001,-1.749839186668396E-001,7.493379712104797E-002,-5.975198745727539E-001,-7.492848038673401E-001,
2.790033333333334E+009,-1.990261524915695E-001,9.600260108709335E-002,-6.135715246200562E-001,-7.328720092773438E-001,-1.990261524915695E-001,9.600260108709335E-002,-6.135715246200562E-001,-7.328720092773438E-001,
2.798400000000000E+009,-2.092486023902893E-001,1.298122704029083E-001,-6.273523569107056E-001,-7.180787920951843E-001,-2.092486023902893E-001,1.298122704029083E-001,-6.273523569107056E-001,-7.180787920951843E-001,
2.806766666666667E+009,-1.978244036436081E-001,1.656111478805542E-001,-6.386184692382813E-001,-6.950516700744629E-001,-1.978244036436081E-001,1.656111478805542E-001,-6.386184692382813E-001,-6.950516700744629E-001,
2.815133333333334E+009,-1.726650744676590E-001,1.911181509494782E-001,-6.516892313957214E-001,-6.866450309753418E-001,-1.726650744676590E-001,1.911181509494782E-001,-6.516892313957214E-001,-6.866450309753418E-001,
2.823500000000000E+009,-1.358506381511688E-001,2.040214836597443E-001,-6.692376732826233E-001,-6.772744655609131E-001,-1.358506381511688E-001,2.040214836597443E-001,-6.692376732826233E-001,-6.772744655609131E-001,
2.831866666666667E+009,-9.931001067161560E-002,1.966527551412582E-001,-6.854768991470337E-001,-6.642768979072571E-001,-9.931001067161560E-002,1.966527551412582E-001,-6.854768991470337E-001,-6.642768979072571E-001,
2.840233333333334E+009,-7.235398143529892E-002,1.757461726665497E-001,-7.131515741348267E-001,-6.513305306434631E-001,-7.235398143529892E-002,1.757461726665497E-001,-7.131515741348267E-001,-6.513305306434631E-001,
2.848600000000000E+009,-6.291168183088303E-002,1.466681212186813E-001,-7.310255169868469E-001,-6.285099983215332E-001,-6.291168183088303E-002,1.466681212186813E-001,-7.310255169868469E-001,-6.285099983215332E-001,
2.856966666666667E+009,-7.410861551761627E-002,1.204077228903770E-001,-7.519451379776001E-001,-6.108933091163635E-001,-7.410861551761627E-002,1.204077228903770E-001,-7.519451379776001E-001,-6.108933091163635E-001,
2.865333333333334E+009,-1.013519987463951E-001,1.059510409832001E-001,-7.715521454811096E-001,-5.907772779464722E-001,-1.013519987463951E-001,1.059510409832001E-001,-7.715521454811096E-001,-5.907772779464722E-001,
2.873700000000000E+009,-1.335150748491287E-001,1.106439009308815E-001,-7.871332764625549E-001,-5.553031563758850E-001,-1.335150748491287E-001,1.106439009308815E-001,-7.871332764625549E-001,-5.553031563758850E-001,
2.882066666666667E+009,-1.584030240774155E-001,1.326663643121719E-001,-7.915050983428955E-001,-5.271534919738770E-001,-1.584030240774155E-001,1.326663643121719E-001,-7.915050983428955E-001,-5.271534919738770E-001,
2.890433333333334E+009,-1.687777191400528E-001,1.681658029556274E-001,-8.001213669776917E-001,-5.083253979682922E-001,-1.687777191400528E-001,1.681658029556274E-001,-8.001213669776917E-001,-5.083253979682922E-001,
2.898800000000000E+009,-1.579044461250305E-001,2.055604457855225E-001,-8.055949807167053E-001,-4.921732544898987E-001,-1.579044461250305E-001,2.055604457855225E-001,-8.055949807167053E-001,-4.921732544898987E-001,
2.907166666666667E+009,-1.297185122966766E-001,2.320389151573181E-001,-8.089288473129273E-001,-4.798114299774170E-001,-1.297185122966766E-001,2.320389151573181E-001,-8.089288473129273E-001,-4.798114299774170E-001,
2.915533333333334E+009,-8.942906558513641E-002,2.444696128368378E-001,-8.231315016746521E-001,-4.602916836738586E-001,-8.942906558513641E-002,2.444696128368378E-001,-8.231315016746521E-001,-4.602916836738586E-001,
2.923900000000000E+009,-5.054355785250664E-002,2.366226613521576E-001,-8.366268873214722E-001,-4.519666731357575E-001,-5.054355785250664E-002,2.366226613521576E-001,-8.366268873214722E-001,-4.519666731357575E-001,
2.932266666666667E+009,-2.036381512880325E-002,2.131623774766922E-001,-8.523185849189758E-001,-4.354804158210754E-001,-2.036381512880325E-002,2.131623774766922E-001,-8.523185849189758E-001,-4.354804158210754E-001,
2.940633333333334E+009,-8.684820495545864E-003,1.794045716524124E-001,-8.700417280197144E-001,-4.095766544342041E-001,-8.684820495545864E-003,1.794045716524124E-001,-8.700417280197144E-001,-4.095766544342041E-001,
2.949000000000000E+009,-1.769487187266350E-002,1.461246013641357E-001,-8.913895487785339E-001,-3.762810528278351E-001,-1.769487187266350E-002,1.461246013641357E-001,-8.913895487785339E-001,-3.762810528278351E-001,
2.957366666666667E+009,-4.381741955876350E-002,1.282141953706741E-001,-9.040968418121338E-001,-3.549380004405975E-001,-4.381741955876350E-002,1.282141953706741E-001,-9.040968418121338E-001,-3.549380004405975E-001,
2.965733333333334E+009,-7.898011803627014E-002,1.306639313697815E-001,-9.146684408187866E-001,-3.225808143615723E-001,-7.898011803627014E-002,1.306639313697815E-001,-9.146684408187866E-001,-3.225808143615723E-001,
2.974100000000000E+009,-1.050776466727257E-001,1.540761142969132E-001,-9.176797866821289E-001,-2.876434624195099E-001,-1.050776466727257E-001,1.540761142969132E-001,-9.176797866821289E-001,-2.876434624195099E-001,
2.982466666666667E+009,-1.153607890009880E-001,1.897674351930618E-001,-9.186779856681824E-001,-2.627659440040588E-001,-1.153607890009880E-001,1.897674351930618E-001,-9.186779856681824E-001,-2.627659440040588E-001,
2.990833333333334E+009,-1.052732765674591E-001,2.270423173904419E-001,-9.122904539108276E-001,-2.475524991750717E-001,-1.052732765674591E-001,2.270423173904419E-001,-9.122904539108276E-001,-2.475524991750717E-001,
2.999200000000000E+009,-7.611476629972458E-002,2.551885843276978E-001,-9.144957065582275E-001,-2.300536632537842E-001,-7.611476629972458E-002,2.551885843276978E-001,-9.144957065582275E-001,-2.300536632537842E-001,
3.007566666666667E+009,-3.488511964678764E-002,2.666265666484833E-001,-9.183715581893921E-001,-2.114522159099579E-001,-3.488511964678764E-002,2.666265666484833E-001,-9.183715581893921E-001,-2.114522159099579E-001,
3.015933333333334E+009,8.233239874243736E-003,2.552510797977448E-001,-9.227588176727295E-001,-1.988147795200348E-001,8.233239874243736E-003,2.552510797977448E-001,-9.227588176727295E-001,-1.988147795200348E-001,
3.024300000000000E+009,3.903755545616150E-002,2.284120023250580E-001,-9.350132942199707E-001,-1.799561679363251E-001,3.903755545616150E-002,2.284120023250580E-001,-9.350132942199707E-001,-1.799561679363251E-001,
3.032666666666667E+009,5.162686854600906E-002,1.886317133903503E-001,-9.476007223129273E-001,-1.539764851331711E-001,5.162686854600906E-002,1.886317133903503E-001,-9.476007223129273E-001,-1.539764851331711E-001,
3.041033333333334E+009,3.988103196024895E-002,1.517531424760819E-001,-9.586143493652344E-001,-1.277409642934799E-001,3.988103196024895E-002,1.517531424760819E-001,-9.586143493652344E-001,-1.277409642934799E-001,
3.049400000000000E+009,9.112409316003323E-003,1.308534145355225E-001,-9.644116759300232E-001,-8.794589340686798E-002,9.112409316003323E-003,1.308534145355225E-001,-9.644116759300232E-001,-8.794589340686798E-002,
3.057766666666667E+009,-2.792460843920708E-002,1.328513473272324E-001,-9.705579280853272E-001,-6.920111179351807E-002,-2.792460843920708E-002,1.328513473272324E-001,-9.705579280853272E-001,-6.920111179351807E-002,
3.066133333333334E+009,-5.911665782332420E-002,1.571445912122726E-001,-9.604329466819763E-001,-2.795503474771977E-002,-5.911665782332420E-002,1.571445912122726E-001,-9.604329466819763E-001,-2.795503474771977E-002,
3.074500000000000E+009,-7.054308801889420E-002,1.974745392799377E-001,-9.582906365394592E-001,-1.251065754331648E-003,-7.054308801889420E-002,1.974745392799377E-001,-9.582906365394592E-001,-1.251065754331648E-003,
3.082866666666667E+009,-5.577643960714340E-002,2.386962920427322E-001,-9.486207365989685E-001,1.879758015275002E-002,-5.577643960714340E-002,2.386962920427322E-001,-9.486207365989685E-001,1.879758015275002E-002,
3.091233333333334E+009,-2.111995965242386E-002,2.706328630447388E-001,-9.393826723098755E-001,3.969352319836617E-002,-2.111995965242386E-002,2.706328630447388E-001,-9.393826723098755E-001,3.969352319836617E-002,
3.099600000000000E+009,2.650831639766693E-002,2.800979614257813E-001,-9.329276680946350E-001,5.103780701756477E-002,2.650831639766693E-002,2.800979614257813E-001,-9.329276680946350E-001,5.103780701756477E-002,
3.107966666666667E+009,7.690692692995071E-002,2.648505568504334E-001,-9.372566938400269E-001,6.433905661106110E-002,7.690692692995071E-002,2.648505568504334E-001,-9.372566938400269E-001,6.433905661106110E-002,
3.116333333333334E+009,1.135945245623589E-001,2.296055555343628E-001,-9.422289729118347E-001,8.333471417427063E-002,1.135945245623589E-001,2.296055555343628E-001,-9.422289729118347E-001,8.333471417427063E-002,
3.124700000000000E+009,1.259570419788361E-001,1.810354292392731E-001,-9.511771202087402E-001,1.017906069755554E-001,1.259570419788361E-001,1.810354292392731E-001,-9.511771202087402E-001,1.017906069755554E-001,
3.133066666666667E+009,1.127179190516472E-001,1.351546049118042E-001,-9.590741991996765E-001,1.360957473516464E-001,1.127179190516472E-001,1.351546049118042E-001,-9.590741991996765E-001,1.360957473516464E-001,
3.141433333333334E+009,7.800751924514771E-002,1.042803972959518E-001,-9.605416059494019E-001,1.652451753616333E-001,7.800751924514771E-002,1.042803972959518E-001,-9.605416059494019E-001,1.652451753616333E-001,
3.149800000000000E+009,3.040570951998234E-002,1.017492562532425E-001,-9.576947093009949E-001,2.053562253713608E-001,3.040570951998234E-002,1.017492562532425E-001,-9.576947093009949E-001,2.053562253713608E-001,
3.158166666666667E+009,-9.083833545446396E-003,1.272625029087067E-001,-9.406151175498962E-001,2.396871298551559E-001,-9.083833545446396E-003,1.272625029087067E-001,-9.406151175498962E-001,2.396871298551559E-001,
3.166533333333334E+009,-2.653297409415245E-002,1.714573353528976E-001,-9.276894927024841E-001,2.656901776790619E-001,-2.653297409415245E-002,1.714573353528976E-001,-9.276894927024841E-001,2.656901776790619E-001,
3.174900000000000E+009,-1.706898212432861E-002,2.193037867546082E-001,-9.080908298492432E-001,2.895146906375885E-001,-1.706898212432861E-002,2.193037867546082E-001,-9.080908298492432E-001,2.895146906375885E-001,
3.183266666666667E+009,1.842356659471989E-002,2.558221518993378E-001,-8.907483220100403E-001,3.045670986175537E-001,1.842356659471989E-002,2.558221518993378E-001,-8.907483220100403E-001,3.045670986175537E-001,
3.191633333333334E+009,6.784411519765854E-002,2.673496603965759E-001,-8.772679567337036E-001,3.154055476188660E-001,6.784411519765854E-002,2.673496603965759E-001,-8.772679567337036E-001,3.154055476188660E-001,
3.200000000000000E+009,1.182510182261467E-001,2.517231404781342E-001,-8.769515156745911E-001,3.238664567470551E-001,1.182510182261467E-001,2.517231404781342E-001,-8.769515156745911E-001,3.238664567470551E-001,
