% Version 1.00
%
%freq[Hz],re:Trc1_S11,im:Trc1_S11,re:Trc2_S21,im:Trc2_S21,re:Trc3_S11,im:Trc3_S11,re:Trc4_S21,im:Trc4_S21,
6.900000000000000E+008,-5.580059811472893E-002,4.731459915637970E-002,-5.132025480270386E-001,-8.450956344604492E-001,-5.580059811472893E-002,4.731459915637970E-002,-5.132025480270386E-001,-8.450956344604492E-001,
6.983666666666666E+008,-4.830513894557953E-002,4.760247468948364E-002,-5.277658700942993E-001,-8.279300928115845E-001,-4.830513894557953E-002,4.760247468948364E-002,-5.277658700942993E-001,-8.279300928115845E-001,
7.067333333333334E+008,-4.221658408641815E-002,4.457588121294975E-002,-5.577750802040100E-001,-8.006201982498169E-001,-4.221658408641815E-002,4.457588121294975E-002,-5.577750802040100E-001,-8.006201982498169E-001,
7.151000000000000E+008,-4.313540086150169E-002,3.631513938307762E-002,-5.672017335891724E-001,-7.930287718772888E-001,-4.313540086150169E-002,3.631513938307762E-002,-5.672017335891724E-001,-7.930287718772888E-001,
7.234666666666666E+008,-4.335079342126846E-002,3.129827603697777E-002,-6.047815680503845E-001,-7.799359560012817E-001,-4.335079342126846E-002,3.129827603697777E-002,-6.047815680503845E-001,-7.799359560012817E-001,
7.318333333333334E+008,-5.112530291080475E-002,2.870808355510235E-002,-6.111077666282654E-001,-7.743403315544128E-001,-5.112530291080475E-002,2.870808355510235E-002,-6.111077666282654E-001,-7.743403315544128E-001,
7.402000000000000E+008,-5.841770768165588E-002,3.119046427309513E-002,-6.410206556320190E-001,-7.505230307579041E-001,-5.841770768165588E-002,3.119046427309513E-002,-6.410206556320190E-001,-7.505230307579041E-001,
7.485666666666666E+008,-6.340382993221283E-002,3.709736466407776E-002,-6.623719334602356E-001,-7.134149670600891E-001,-6.340382993221283E-002,3.709736466407776E-002,-6.623719334602356E-001,-7.134149670600891E-001,
7.569333333333334E+008,-6.361508369445801E-002,4.652935266494751E-002,-6.776534318923950E-001,-7.139354348182678E-001,-6.361508369445801E-002,4.652935266494751E-002,-6.776534318923950E-001,-7.139354348182678E-001,
7.653000000000000E+008,-5.960862711071968E-002,5.568101257085800E-002,-6.849544048309326E-001,-7.065280675888062E-001,-5.960862711071968E-002,5.568101257085800E-002,-6.849544048309326E-001,-7.065280675888062E-001,
7.736666666666666E+008,-5.137788504362106E-002,6.464629620313644E-002,-7.109146714210510E-001,-6.984633207321167E-001,-5.137788504362106E-002,6.464629620313644E-002,-7.109146714210510E-001,-6.984633207321167E-001,
7.820333333333334E+008,-4.457540437579155E-002,6.847754120826721E-002,-7.337320446968079E-001,-6.753172278404236E-001,-4.457540437579155E-002,6.847754120826721E-002,-7.337320446968079E-001,-6.753172278404236E-001,
7.904000000000000E+008,-3.468934446573257E-002,6.690737605094910E-002,-7.473801970481873E-001,-6.522480845451355E-001,-3.468934446573257E-002,6.690737605094910E-002,-7.473801970481873E-001,-6.522480845451355E-001,
7.987666666666666E+008,-2.726316824555397E-002,6.262353807687759E-002,-7.599696516990662E-001,-6.318258643150330E-001,-2.726316824555397E-002,6.262353807687759E-002,-7.599696516990662E-001,-6.318258643150330E-001,
8.071333333333334E+008,-2.733736857771874E-002,5.830476805567741E-002,-7.728905081748962E-001,-6.185687184333801E-001,-2.733736857771874E-002,5.830476805567741E-002,-7.728905081748962E-001,-6.185687184333801E-001,
8.155000000000000E+008,-3.135358542203903E-002,5.127827078104019E-002,-7.826189994812012E-001,-5.725331902503967E-001,-3.135358542203903E-002,5.127827078104019E-002,-7.826189994812012E-001,-5.725331902503967E-001,
8.238666666666666E+008,-3.596758097410202E-002,4.893126338720322E-002,-8.147841095924377E-001,-5.757577419281006E-001,-3.596758097410202E-002,4.893126338720322E-002,-8.147841095924377E-001,-5.757577419281006E-001,
8.322333333333334E+008,-4.425816982984543E-002,5.128327757120132E-002,-8.255474567413330E-001,-5.487096309661865E-001,-4.425816982984543E-002,5.128327757120132E-002,-8.255474567413330E-001,-5.487096309661865E-001,
8.406000000000000E+008,-4.852654039859772E-002,5.525732785463333E-002,-8.382313847541809E-001,-5.323526859283447E-001,-4.852654039859772E-002,5.525732785463333E-002,-8.382313847541809E-001,-5.323526859283447E-001,
8.489666666666668E+008,-4.870710521936417E-002,6.354523450136185E-002,-8.578149080276489E-001,-5.055400729179382E-001,-4.870710521936417E-002,6.354523450136185E-002,-8.578149080276489E-001,-5.055400729179382E-001,
8.573333333333334E+008,-4.501330107450485E-002,7.134404778480530E-002,-8.626704812049866E-001,-4.870107769966126E-001,-4.501330107450485E-002,7.134404778480530E-002,-8.626704812049866E-001,-4.870107769966126E-001,
8.657000000000000E+008,-3.763248771429062E-002,8.020037412643433E-002,-8.782911300659180E-001,-4.588441848754883E-001,-3.763248771429062E-002,8.020037412643433E-002,-8.782911300659180E-001,-4.588441848754883E-001,
8.740666666666668E+008,-2.877085655927658E-002,8.517013490200043E-002,-8.729400038719177E-001,-4.400790035724640E-001,-2.877085655927658E-002,8.517013490200043E-002,-8.729400038719177E-001,-4.400790035724640E-001,
8.824333333333334E+008,-1.922384835779667E-002,8.395704627037048E-002,-9.035280942916870E-001,-4.080733358860016E-001,-1.922384835779667E-002,8.395704627037048E-002,-9.035280942916870E-001,-4.080733358860016E-001,
8.908000000000000E+008,-1.135243289172649E-002,8.403815329074860E-002,-9.140988588333130E-001,-4.042674899101257E-001,-1.135243289172649E-002,8.403815329074860E-002,-9.140988588333130E-001,-4.042674899101257E-001,
8.991666666666668E+008,-8.691070601344109E-003,7.726699113845825E-002,-9.254553914070129E-001,-3.746514916419983E-001,-8.691070601344109E-003,7.726699113845825E-002,-9.254553914070129E-001,-3.746514916419983E-001,
9.075333333333334E+008,-8.538877591490746E-003,7.294113188982010E-002,-9.170373082160950E-001,-3.485288023948669E-001,-8.538877591490746E-003,7.294113188982010E-002,-9.170373082160950E-001,-3.485288023948669E-001,
9.159000000000000E+008,-1.090610958635807E-002,6.844215095043182E-002,-9.323225617408752E-001,-3.378417193889618E-001,-1.090610958635807E-002,6.844215095043182E-002,-9.323225617408752E-001,-3.378417193889618E-001,
9.242666666666668E+008,-1.582468301057816E-002,6.435564905405045E-002,-9.428265690803528E-001,-3.114945292472839E-001,-1.582468301057816E-002,6.435564905405045E-002,-9.428265690803528E-001,-3.114945292472839E-001,
9.326333333333334E+008,-2.023342065513134E-002,6.693813204765320E-002,-9.465554952621460E-001,-2.782610356807709E-001,-2.023342065513134E-002,6.693813204765320E-002,-9.465554952621460E-001,-2.782610356807709E-001,
9.410000000000000E+008,-2.503800578415394E-002,7.338570058345795E-002,-9.511942863464356E-001,-2.491088360548019E-001,-2.503800578415394E-002,7.338570058345795E-002,-9.511942863464356E-001,-2.491088360548019E-001,
9.493666666666668E+008,-2.536963112652302E-002,8.111554384231567E-002,-9.575178027153015E-001,-2.398921698331833E-001,-2.536963112652302E-002,8.111554384231567E-002,-9.575178027153015E-001,-2.398921698331833E-001,
9.577333333333334E+008,-2.010370790958405E-002,8.919206261634827E-002,-9.822094440460205E-001,-1.973019689321518E-001,-2.010370790958405E-002,8.919206261634827E-002,-9.822094440460205E-001,-1.973019689321518E-001,
9.661000000000000E+008,-1.088621001690626E-002,9.618014842271805E-002,-9.671415686607361E-001,-1.819123625755310E-001,-1.088621001690626E-002,9.618014842271805E-002,-9.671415686607361E-001,-1.819123625755310E-001,
9.744666666666668E+008,-1.033131382428110E-003,1.006866842508316E-001,-9.763385653495789E-001,-1.507283449172974E-001,-1.033131382428110E-003,1.006866842508316E-001,-9.763385653495789E-001,-1.507283449172974E-001,
9.828333333333334E+008,1.322079636156559E-002,9.867037087678909E-002,-9.722043275833130E-001,-1.247104182839394E-001,1.322079636156559E-002,9.867037087678909E-002,-9.722043275833130E-001,-1.247104182839394E-001,
9.912000000000000E+008,2.311214804649353E-002,9.552239626646042E-002,-9.840874075889587E-001,-1.150729656219482E-001,2.311214804649353E-002,9.552239626646042E-002,-9.840874075889587E-001,-1.150729656219482E-001,
9.995666666666668E+008,2.791628055274487E-002,8.614681661128998E-002,-9.866416454315186E-001,-7.877290993928909E-002,2.791628055274487E-002,8.614681661128998E-002,-9.866416454315186E-001,-7.877290993928909E-002,
1.007933333333333E+009,2.805995382368565E-002,7.813049107789993E-002,-9.905285835266113E-001,-5.916631966829300E-002,2.805995382368565E-002,7.813049107789993E-002,-9.905285835266113E-001,-5.916631966829300E-002,
1.016300000000000E+009,2.241767384111881E-002,6.942306458950043E-002,-9.885541200637817E-001,-3.249907866120338E-002,2.241767384111881E-002,6.942306458950043E-002,-9.885541200637817E-001,-3.249907866120338E-002,
1.024666666666667E+009,1.437799260020256E-002,6.887207180261612E-002,-9.902896881103516E-001,-1.119332760572434E-002,1.437799260020256E-002,6.887207180261612E-002,-9.902896881103516E-001,-1.119332760572434E-002,
1.033033333333333E+009,7.747497875243425E-003,7.028799504041672E-002,-9.675849676132202E-001,2.798931673169136E-002,7.747497875243425E-003,7.028799504041672E-002,-9.675849676132202E-001,2.798931673169136E-002,
1.041400000000000E+009,4.279555752873421E-003,7.682616263628006E-002,-9.740765094757080E-001,4.952285811305046E-002,4.279555752873421E-003,7.682616263628006E-002,-9.740765094757080E-001,4.952285811305046E-002,
1.049766666666667E+009,4.229185171425343E-003,8.548704534769058E-002,-9.822208285331726E-001,7.128527760505676E-002,4.229185171425343E-003,8.548704534769058E-002,-9.822208285331726E-001,7.128527760505676E-002,
1.058133333333333E+009,1.312991045415402E-002,9.411378949880600E-002,-9.773226976394653E-001,9.632713347673416E-002,1.312991045415402E-002,9.411378949880600E-002,-9.773226976394653E-001,9.632713347673416E-002,
1.066500000000000E+009,2.637116611003876E-002,9.840775281190872E-002,-9.597899913787842E-001,1.233167573809624E-001,2.637116611003876E-002,9.840775281190872E-002,-9.597899913787842E-001,1.233167573809624E-001,
1.074866666666667E+009,3.917914628982544E-002,9.469713270664215E-002,-9.711369276046753E-001,1.533416658639908E-001,3.917914628982544E-002,9.469713270664215E-002,-9.711369276046753E-001,1.533416658639908E-001,
1.083233333333334E+009,5.215826630592346E-002,8.990021049976349E-002,-9.663136005401611E-001,1.697939038276672E-001,5.215826630592346E-002,8.990021049976349E-002,-9.663136005401611E-001,1.697939038276672E-001,
1.091600000000000E+009,5.675866827368736E-002,7.779223471879959E-002,-9.587237834930420E-001,2.033856213092804E-001,5.675866827368736E-002,7.779223471879959E-002,-9.587237834930420E-001,2.033856213092804E-001,
1.099966666666667E+009,5.825231224298477E-002,6.486762315034866E-002,-9.545385837554932E-001,2.196504771709442E-001,5.825231224298477E-002,6.486762315034866E-002,-9.545385837554932E-001,2.196504771709442E-001,
1.108333333333334E+009,5.013736709952354E-002,5.514313280582428E-002,-9.655160307884216E-001,2.437229603528976E-001,5.013736709952354E-002,5.514313280582428E-002,-9.655160307884216E-001,2.437229603528976E-001,
1.116700000000000E+009,3.861220553517342E-002,5.588285252451897E-002,-9.510804414749146E-001,2.755080461502075E-001,3.861220553517342E-002,5.588285252451897E-002,-9.510804414749146E-001,2.755080461502075E-001,
1.125066666666667E+009,2.701376564800739E-002,5.760402232408524E-002,-9.350524544715881E-001,2.975077629089356E-001,2.701376564800739E-002,5.760402232408524E-002,-9.350524544715881E-001,2.975077629089356E-001,
1.133433333333334E+009,1.742317713797092E-002,6.994699686765671E-002,-9.296129345893860E-001,3.163945674896240E-001,1.742317713797092E-002,6.994699686765671E-002,-9.296129345893860E-001,3.163945674896240E-001,
1.141800000000000E+009,1.951154693961144E-002,8.279769122600555E-002,-9.173147678375244E-001,3.399020433425903E-001,1.951154693961144E-002,8.279769122600555E-002,-9.173147678375244E-001,3.399020433425903E-001,
1.150166666666667E+009,2.715932577848434E-002,9.479578584432602E-002,-9.109415411949158E-001,3.710369169712067E-001,2.715932577848434E-002,9.479578584432602E-002,-9.109415411949158E-001,3.710369169712067E-001,
1.158533333333334E+009,4.630624502897263E-002,1.018137484788895E-001,-8.994665145874023E-001,3.927278816699982E-001,4.630624502897263E-002,1.018137484788895E-001,-8.994665145874023E-001,3.927278816699982E-001,
1.166900000000000E+009,6.680116057395935E-002,9.974355250597000E-002,-8.904339671134949E-001,4.190403819084168E-001,6.680116057395935E-002,9.974355250597000E-002,-8.904339671134949E-001,4.190403819084168E-001,
1.175266666666667E+009,8.284983038902283E-002,8.884608745574951E-002,-8.717604875564575E-001,4.318388104438782E-001,8.284983038902283E-002,8.884608745574951E-002,-8.717604875564575E-001,4.318388104438782E-001,
1.183633333333334E+009,9.577408432960510E-002,7.307657599449158E-002,-8.660328984260559E-001,4.580281674861908E-001,9.577408432960510E-002,7.307657599449158E-002,-8.660328984260559E-001,4.580281674861908E-001,
1.192000000000000E+009,9.682100266218185E-002,5.510853603482246E-002,-8.587341904640198E-001,4.850500822067261E-001,9.682100266218185E-002,5.510853603482246E-002,-8.587341904640198E-001,4.850500822067261E-001,
1.200366666666667E+009,8.712960034608841E-002,3.772851824760437E-002,-8.460958600044251E-001,5.028886795043945E-001,8.712960034608841E-002,3.772851824760437E-002,-8.460958600044251E-001,5.028886795043945E-001,
1.208733333333334E+009,6.982956081628799E-002,2.936223894357681E-002,-8.400090336799622E-001,5.322268009185791E-001,6.982956081628799E-002,2.936223894357681E-002,-8.400090336799622E-001,5.322268009185791E-001,
1.217100000000000E+009,5.184880271553993E-002,3.164098784327507E-002,-8.075903654098511E-001,5.458417534828186E-001,5.184880271553993E-002,3.164098784327507E-002,-8.075903654098511E-001,5.458417534828186E-001,
1.225466666666667E+009,4.109942167997360E-002,4.350359737873077E-002,-8.089393973350525E-001,5.708818435668945E-001,4.109942167997360E-002,4.350359737873077E-002,-8.089393973350525E-001,5.708818435668945E-001,
1.233833333333334E+009,4.047918692231178E-002,5.867133289575577E-002,-7.885612249374390E-001,5.919964313507080E-001,4.047918692231178E-002,5.867133289575577E-002,-7.885612249374390E-001,5.919964313507080E-001,
1.242200000000000E+009,4.727607592940331E-002,7.283230870962143E-002,-7.598125934600830E-001,6.086552739143372E-001,4.727607592940331E-002,7.283230870962143E-002,-7.598125934600830E-001,6.086552739143372E-001,
1.250566666666667E+009,6.360739469528198E-002,8.189477771520615E-002,-7.626157999038696E-001,6.342502236366272E-001,6.360739469528198E-002,8.189477771520615E-002,-7.626157999038696E-001,6.342502236366272E-001,
1.258933333333334E+009,8.497642725706101E-002,8.143353462219238E-002,-7.416339516639710E-001,6.440933346748352E-001,8.497642725706101E-002,8.143353462219238E-002,-7.416339516639710E-001,6.440933346748352E-001,
1.267300000000000E+009,1.030385792255402E-001,6.766288727521896E-002,-7.169072628021240E-001,6.623781919479370E-001,1.030385792255402E-001,6.766288727521896E-002,-7.169072628021240E-001,6.623781919479370E-001,
1.275666666666667E+009,1.143420860171318E-001,4.977552220225334E-002,-7.136138081550598E-001,6.667163968086243E-001,1.143420860171318E-001,4.977552220225334E-002,-7.136138081550598E-001,6.667163968086243E-001,
1.284033333333334E+009,1.154517307877541E-001,2.691406011581421E-002,-6.818087697029114E-001,7.163829803466797E-001,1.154517307877541E-001,2.691406011581421E-002,-6.818087697029114E-001,7.163829803466797E-001,
1.292400000000000E+009,1.032517850399017E-001,8.936856873333454E-003,-6.788715720176697E-001,7.164573669433594E-001,1.032517850399017E-001,8.936856873333454E-003,-6.788715720176697E-001,7.164573669433594E-001,
1.300766666666667E+009,8.510451763868332E-002,1.384119153954089E-003,-6.603181958198547E-001,7.334667444229126E-001,8.510451763868332E-002,1.384119153954089E-003,-6.603181958198547E-001,7.334667444229126E-001,
1.309133333333334E+009,6.607484817504883E-002,4.168610088527203E-003,-6.431385278701782E-001,7.619197368621826E-001,6.607484817504883E-002,4.168610088527203E-003,-6.431385278701782E-001,7.619197368621826E-001,
1.317500000000000E+009,5.238535255193710E-002,1.670849882066250E-002,-6.120232939720154E-001,7.871725559234619E-001,5.238535255193710E-002,1.670849882066250E-002,-6.120232939720154E-001,7.871725559234619E-001,
1.325866666666667E+009,4.878545925021172E-002,3.287180885672569E-002,-5.942928194999695E-001,7.848766446113586E-001,4.878545925021172E-002,3.287180885672569E-002,-5.942928194999695E-001,7.848766446113586E-001,
1.334233333333334E+009,5.716831982135773E-002,5.064439028501511E-002,-5.708729028701782E-001,7.974371314048767E-001,5.716831982135773E-002,5.064439028501511E-002,-5.708729028701782E-001,7.974371314048767E-001,
1.342600000000000E+009,7.498865574598312E-002,5.507938936352730E-002,-5.566099286079407E-001,8.143633604049683E-001,7.498865574598312E-002,5.507938936352730E-002,-5.566099286079407E-001,8.143633604049683E-001,
1.350966666666667E+009,9.339946508407593E-002,5.226379260420799E-002,-5.269762873649597E-001,8.332986235618591E-001,9.339946508407593E-002,5.226379260420799E-002,-5.269762873649597E-001,8.332986235618591E-001,
1.359333333333334E+009,1.097507849335671E-001,3.842535242438316E-002,-5.100022554397583E-001,8.390657901763916E-001,1.097507849335671E-001,3.842535242438316E-002,-5.100022554397583E-001,8.390657901763916E-001,
1.367700000000000E+009,1.163186058402062E-001,1.615101099014282E-002,-4.918591678142548E-001,8.503938913345337E-001,1.163186058402062E-001,1.615101099014282E-002,-4.918591678142548E-001,8.503938913345337E-001,
1.376066666666667E+009,1.101362854242325E-001,-7.548870053142309E-003,-4.665904045104981E-001,8.612597584724426E-001,1.101362854242325E-001,-7.548870053142309E-003,-4.665904045104981E-001,8.612597584724426E-001,
1.384433333333334E+009,9.465872496366501E-002,-2.107534930109978E-002,-4.587052762508392E-001,8.722422719001770E-001,9.465872496366501E-002,-2.107534930109978E-002,-4.587052762508392E-001,8.722422719001770E-001,
1.392800000000000E+009,7.155831158161163E-002,-2.441833727061749E-002,-4.344325363636017E-001,8.799243569374085E-001,7.155831158161163E-002,-2.441833727061749E-002,-4.344325363636017E-001,8.799243569374085E-001,
1.401166666666667E+009,5.454883351922035E-002,-1.610015891492367E-002,-4.005478024482727E-001,9.068161845207214E-001,5.454883351922035E-002,-1.610015891492367E-002,-4.005478024482727E-001,9.068161845207214E-001,
1.409533333333334E+009,4.297663271427155E-002,3.913662396371365E-003,-3.768901824951172E-001,9.160841703414917E-001,4.297663271427155E-002,3.913662396371365E-003,-3.768901824951172E-001,9.160841703414917E-001,
1.417900000000000E+009,4.304533824324608E-002,2.496718242764473E-002,-3.376736640930176E-001,9.100242257118225E-001,4.304533824324608E-002,2.496718242764473E-002,-3.376736640930176E-001,9.100242257118225E-001,
1.426266666666667E+009,5.516374111175537E-002,4.241926968097687E-002,-3.310227990150452E-001,9.374099373817444E-001,5.516374111175537E-002,4.241926968097687E-002,-3.310227990150452E-001,9.374099373817444E-001,
1.434633333333334E+009,7.473389804363251E-002,4.785319417715073E-002,-3.011268079280853E-001,9.296050071716309E-001,7.473389804363251E-002,4.785319417715073E-002,-3.011268079280853E-001,9.296050071716309E-001,
1.443000000000000E+009,9.781796485185623E-002,4.324924200773239E-002,-2.741363048553467E-001,9.415236711502075E-001,9.781796485185623E-002,4.324924200773239E-002,-2.741363048553467E-001,9.415236711502075E-001,
1.451366666666667E+009,1.126712188124657E-001,2.543224021792412E-002,-2.558211684226990E-001,9.450366497039795E-001,1.126712188124657E-001,2.543224021792412E-002,-2.558211684226990E-001,9.450366497039795E-001,
1.459733333333334E+009,1.184004992246628E-001,3.113843733444810E-003,-2.408086955547333E-001,9.477027058601379E-001,1.184004992246628E-001,3.113843733444810E-003,-2.408086955547333E-001,9.477027058601379E-001,
1.468100000000000E+009,1.118611022830010E-001,-1.903376355767250E-002,-2.047521322965622E-001,9.554479718208313E-001,1.118611022830010E-001,-1.903376355767250E-002,-2.047521322965622E-001,9.554479718208313E-001,
1.476466666666667E+009,9.542461484670639E-002,-3.359690681099892E-002,-1.860651373863220E-001,9.710376262664795E-001,9.542461484670639E-002,-3.359690681099892E-002,-1.860651373863220E-001,9.710376262664795E-001,
1.484833333333334E+009,7.355128228664398E-002,-3.646603971719742E-002,-1.524242460727692E-001,9.723188877105713E-001,7.355128228664398E-002,-3.646603971719742E-002,-1.524242460727692E-001,9.723188877105713E-001,
1.493200000000000E+009,5.747815966606140E-002,-2.682442404329777E-002,-1.357624530792236E-001,9.744358658790588E-001,5.747815966606140E-002,-2.682442404329777E-002,-1.357624530792236E-001,9.744358658790588E-001,
1.501566666666667E+009,4.849035665392876E-002,-8.071331307291985E-003,-1.046064719557762E-001,9.765409231185913E-001,4.849035665392876E-002,-8.071331307291985E-003,-1.046064719557762E-001,9.765409231185913E-001,
1.509933333333334E+009,5.010064318776131E-002,1.332995295524597E-002,-8.790456503629684E-002,9.815153479576111E-001,5.010064318776131E-002,1.332995295524597E-002,-8.790456503629684E-002,9.815153479576111E-001,
1.518300000000000E+009,6.595037132501602E-002,2.808072045445442E-002,-5.971110612154007E-002,9.866292476654053E-001,6.595037132501602E-002,2.808072045445442E-002,-5.971110612154007E-002,9.866292476654053E-001,
1.526666666666667E+009,8.643563836812973E-002,3.261177986860275E-002,-2.673489041626453E-002,9.783473610877991E-001,8.643563836812973E-002,3.261177986860275E-002,-2.673489041626453E-002,9.783473610877991E-001,
1.535033333333334E+009,1.071357876062393E-001,2.658957615494728E-002,-4.386934451758862E-003,9.868882894515991E-001,1.071357876062393E-001,2.658957615494728E-002,-4.386934451758862E-003,9.868882894515991E-001,
1.543400000000000E+009,1.200341358780861E-001,8.307790383696556E-003,1.523270644247532E-002,9.790078997612000E-001,1.200341358780861E-001,8.307790383696556E-003,1.523270644247532E-002,9.790078997612000E-001,
1.551766666666667E+009,1.211142390966415E-001,-1.604968868196011E-002,3.832065314054489E-002,9.732888340950012E-001,1.211142390966415E-001,-1.604968868196011E-002,3.832065314054489E-002,9.732888340950012E-001,
1.560133333333334E+009,1.134965494275093E-001,-3.730616346001625E-002,5.897545069456101E-002,9.784483909606934E-001,1.134965494275093E-001,-3.730616346001625E-002,5.897545069456101E-002,9.784483909606934E-001,
1.568500000000000E+009,9.801905602216721E-002,-5.050364136695862E-002,7.659184187650681E-002,9.816563725471497E-001,9.801905602216721E-002,-5.050364136695862E-002,7.659184187650681E-002,9.816563725471497E-001,
1.576866666666667E+009,7.759453356266022E-002,-5.197593569755554E-002,1.173830926418304E-001,9.716330170631409E-001,7.759453356266022E-002,-5.197593569755554E-002,1.173830926418304E-001,9.716330170631409E-001,
1.585233333333334E+009,6.429827958345413E-002,-4.345576465129852E-002,1.339966356754303E-001,9.726273417472839E-001,6.429827958345413E-002,-4.345576465129852E-002,1.339966356754303E-001,9.726273417472839E-001,
1.593600000000000E+009,5.678848922252655E-002,-2.870699018239975E-002,1.617918610572815E-001,9.664511084556580E-001,5.678848922252655E-002,-2.870699018239975E-002,1.617918610572815E-001,9.664511084556580E-001,
1.601966666666667E+009,6.013178452849388E-002,-1.072934083640575E-002,1.839266568422318E-001,9.648087620735169E-001,6.013178452849388E-002,-1.072934083640575E-002,1.839266568422318E-001,9.648087620735169E-001,
1.610333333333334E+009,7.285842299461365E-002,4.806318320333958E-004,2.159433960914612E-001,9.563458561897278E-001,7.285842299461365E-002,4.806318320333958E-004,2.159433960914612E-001,9.563458561897278E-001,
1.618700000000000E+009,9.129445254802704E-002,2.606795635074377E-003,2.424661368131638E-001,9.512287378311157E-001,9.129445254802704E-002,2.606795635074377E-003,2.424661368131638E-001,9.512287378311157E-001,
1.627066666666667E+009,1.063258796930313E-001,-5.815356038510799E-003,2.635878622531891E-001,9.419276118278503E-001,1.063258796930313E-001,-5.815356038510799E-003,2.635878622531891E-001,9.419276118278503E-001,
1.635433333333334E+009,1.143630072474480E-001,-1.973164640367031E-002,2.905959188938141E-001,9.410481452941895E-001,1.143630072474480E-001,-1.973164640367031E-002,2.905959188938141E-001,9.410481452941895E-001,
1.643800000000000E+009,1.142292097210884E-001,-3.970155492424965E-002,3.022927045822144E-001,9.297899007797241E-001,1.142292097210884E-001,-3.970155492424965E-002,3.022927045822144E-001,9.297899007797241E-001,
1.652166666666667E+009,1.045063287019730E-001,-5.635160207748413E-002,3.357332348823547E-001,9.201883673667908E-001,1.045063287019730E-001,-5.635160207748413E-002,3.357332348823547E-001,9.201883673667908E-001,
1.660533333333334E+009,8.924318104982376E-002,-6.512025743722916E-002,3.540557324886322E-001,9.148007631301880E-001,8.924318104982376E-002,-6.512025743722916E-002,3.540557324886322E-001,9.148007631301880E-001,
1.668900000000000E+009,7.346458733081818E-002,-6.404957175254822E-002,3.749309480190277E-001,9.034465551376343E-001,7.346458733081818E-002,-6.404957175254822E-002,3.749309480190277E-001,9.034465551376343E-001,
1.677266666666667E+009,6.101684644818306E-002,-5.638699606060982E-002,4.145186841487885E-001,8.933024406433106E-001,6.101684644818306E-002,-5.638699606060982E-002,4.145186841487885E-001,8.933024406433106E-001,
1.685633333333334E+009,5.829570814967156E-002,-4.219767078757286E-002,4.300233721733093E-001,8.862422108650208E-001,5.829570814967156E-002,-4.219767078757286E-002,4.300233721733093E-001,8.862422108650208E-001,
1.694000000000000E+009,6.295289844274521E-002,-3.030078671872616E-002,4.474085569381714E-001,8.718297481536865E-001,6.295289844274521E-002,-3.030078671872616E-002,4.474085569381714E-001,8.718297481536865E-001,
1.702366666666667E+009,7.523986697196960E-002,-2.068298123776913E-002,4.709004461765289E-001,8.623273968696594E-001,7.523986697196960E-002,-2.068298123776913E-002,4.709004461765289E-001,8.623273968696594E-001,
1.710733333333334E+009,9.181607514619827E-002,-1.951261609792709E-002,4.899851083755493E-001,8.428331017494202E-001,9.181607514619827E-002,-1.951261609792709E-002,4.899851083755493E-001,8.428331017494202E-001,
1.719100000000000E+009,1.063591539859772E-001,-2.915926836431027E-002,5.162923336029053E-001,8.263679742813110E-001,1.063591539859772E-001,-2.915926836431027E-002,5.162923336029053E-001,8.263679742813110E-001,
1.727466666666667E+009,1.147716790437698E-001,-4.415226727724075E-002,5.327813625335693E-001,8.191996216773987E-001,1.147716790437698E-001,-4.415226727724075E-002,5.327813625335693E-001,8.191996216773987E-001,
1.735833333333334E+009,1.145344972610474E-001,-6.192768737673760E-002,5.489110350608826E-001,8.033357858657837E-001,1.145344972610474E-001,-6.192768737673760E-002,5.489110350608826E-001,8.033357858657837E-001,
1.744200000000000E+009,1.053925529122353E-001,-8.057536184787750E-002,5.759805440902710E-001,7.804873585700989E-001,1.053925529122353E-001,-8.057536184787750E-002,5.759805440902710E-001,7.804873585700989E-001,
1.752566666666667E+009,9.166483581066132E-002,-9.229864925146103E-002,6.033957004547119E-001,7.738922238349915E-001,9.166483581066132E-002,-9.229864925146103E-002,6.033957004547119E-001,7.738922238349915E-001,
1.760933333333334E+009,7.488826662302017E-002,-9.763300418853760E-002,6.118719577789307E-001,7.595241665840149E-001,7.488826662302017E-002,-9.763300418853760E-002,6.118719577789307E-001,7.595241665840149E-001,
1.769300000000000E+009,5.981208756566048E-002,-9.483711421489716E-002,6.350417137145996E-001,7.513793706893921E-001,5.981208756566048E-002,-9.483711421489716E-002,6.350417137145996E-001,7.513793706893921E-001,
1.777666666666667E+009,5.062577873468399E-002,-8.458271622657776E-002,6.501018404960632E-001,7.419107556343079E-001,5.062577873468399E-002,-8.458271622657776E-002,6.501018404960632E-001,7.419107556343079E-001,
1.786033333333334E+009,4.880381748080254E-002,-7.498736679553986E-002,6.655772924423218E-001,7.109123468399048E-001,4.880381748080254E-002,-7.498736679553986E-002,6.655772924423218E-001,7.109123468399048E-001,
1.794400000000000E+009,5.463774502277374E-002,-6.321860104799271E-002,6.889209747314453E-001,6.957575082778931E-001,5.463774502277374E-002,-6.321860104799271E-002,6.889209747314453E-001,6.957575082778931E-001,
1.802766666666667E+009,6.204004958271980E-002,-5.872628837823868E-002,7.071799635887146E-001,6.759903430938721E-001,6.204004958271980E-002,-5.872628837823868E-002,7.071799635887146E-001,6.759903430938721E-001,
1.811133333333334E+009,7.180656492710114E-002,-5.821723490953445E-002,7.316078543663025E-001,6.561806201934815E-001,7.180656492710114E-002,-5.821723490953445E-002,7.316078543663025E-001,6.561806201934815E-001,
1.819500000000000E+009,8.092755079269409E-002,-6.360977888107300E-002,7.414503097534180E-001,6.292869448661804E-001,8.092755079269409E-002,-6.360977888107300E-002,7.414503097534180E-001,6.292869448661804E-001,
1.827866666666667E+009,8.560768514871597E-002,-7.364489883184433E-002,7.613322734832764E-001,6.175923347473145E-001,8.560768514871597E-002,-7.364489883184433E-002,7.613322734832764E-001,6.175923347473145E-001,
1.836233333333334E+009,8.184887468814850E-002,-8.565463870763779E-002,7.720362544059753E-001,5.997999310493469E-001,8.184887468814850E-002,-8.565463870763779E-002,7.720362544059753E-001,5.997999310493469E-001,
1.844600000000000E+009,7.380022853612900E-002,-9.500915557146072E-002,7.881762385368347E-001,5.911380052566528E-001,7.380022853612900E-002,-9.500915557146072E-002,7.881762385368347E-001,5.911380052566528E-001,
1.852966666666667E+009,6.392377614974976E-002,-1.004779636859894E-001,7.964684367179871E-001,5.576886534690857E-001,6.392377614974976E-002,-1.004779636859894E-001,7.964684367179871E-001,5.576886534690857E-001,
1.861333333333334E+009,5.320755392313004E-002,-1.038681194186211E-001,8.190338611602783E-001,5.384675860404968E-001,5.320755392313004E-002,-1.038681194186211E-001,8.190338611602783E-001,5.384675860404968E-001,
1.869700000000000E+009,4.539266973733902E-002,-9.831639379262924E-002,8.327947258949280E-001,5.194939374923706E-001,4.539266973733902E-002,-9.831639379262924E-002,8.327947258949280E-001,5.194939374923706E-001,
1.878066666666667E+009,4.132452607154846E-002,-9.376035630702972E-002,8.472638130187988E-001,5.033195614814758E-001,4.132452607154846E-002,-9.376035630702972E-002,8.472638130187988E-001,5.033195614814758E-001,
1.886433333333334E+009,4.252675920724869E-002,-8.630690723657608E-002,8.644012212753296E-001,4.769004285335541E-001,4.252675920724869E-002,-8.630690723657608E-002,8.644012212753296E-001,4.769004285335541E-001,
1.894800000000000E+009,5.023911967873573E-002,-8.183089643716812E-002,8.757924437522888E-001,4.565438330173492E-001,5.023911967873573E-002,-8.183089643716812E-002,8.757924437522888E-001,4.565438330173492E-001,
1.903166666666667E+009,5.834133550524712E-002,-7.948020845651627E-002,8.857408165931702E-001,4.257556200027466E-001,5.834133550524712E-002,-7.948020845651627E-002,8.857408165931702E-001,4.257556200027466E-001,
1.911533333333334E+009,6.649050861597061E-002,-8.558052033185959E-002,8.931590318679810E-001,3.973416984081268E-001,6.649050861597061E-002,-8.558052033185959E-002,8.931590318679810E-001,3.973416984081268E-001,
1.919900000000000E+009,7.180768996477127E-002,-9.472656250000000E-002,9.068371653556824E-001,3.821972906589508E-001,7.180768996477127E-002,-9.472656250000000E-002,9.068371653556824E-001,3.821972906589508E-001,
1.928266666666667E+009,7.303727418184280E-002,-1.061074435710907E-001,9.022642374038696E-001,3.449998199939728E-001,7.303727418184280E-002,-1.061074435710907E-001,9.022642374038696E-001,3.449998199939728E-001,
1.936633333333334E+009,6.560251861810684E-002,-1.187867969274521E-001,9.219412207603455E-001,3.337863087654114E-001,6.560251861810684E-002,-1.187867969274521E-001,9.219412207603455E-001,3.337863087654114E-001,
1.945000000000000E+009,5.415260419249535E-002,-1.276641488075256E-001,9.301099777221680E-001,3.083198070526123E-001,5.415260419249535E-002,-1.276641488075256E-001,9.301099777221680E-001,3.083198070526123E-001,
1.953366666666667E+009,4.096793383359909E-002,-1.337043792009354E-001,9.308172464370728E-001,2.877511680126190E-001,4.096793383359909E-002,-1.337043792009354E-001,9.308172464370728E-001,2.877511680126190E-001,
1.961733333333334E+009,2.483402006328106E-002,-1.305537074804306E-001,9.457801580429077E-001,2.649385929107666E-001,2.483402006328106E-002,-1.305537074804306E-001,9.457801580429077E-001,2.649385929107666E-001,
1.970100000000000E+009,1.326030399650335E-002,-1.243013888597488E-001,9.456672668457031E-001,2.422296404838562E-001,1.326030399650335E-002,-1.243013888597488E-001,9.456672668457031E-001,2.422296404838562E-001,
1.978466666666667E+009,8.987911976873875E-003,-1.126270145177841E-001,9.560359716415405E-001,2.125893533229828E-001,8.987911976873875E-003,-1.126270145177841E-001,9.560359716415405E-001,2.125893533229828E-001,
1.986833333333334E+009,1.182496547698975E-002,-1.024229004979134E-001,9.589793682098389E-001,1.941417455673218E-001,1.182496547698975E-002,-1.024229004979134E-001,9.589793682098389E-001,1.941417455673218E-001,
1.995200000000000E+009,2.296851947903633E-002,-9.624303132295609E-002,9.616320133209229E-001,1.756795942783356E-001,2.296851947903633E-002,-9.624303132295609E-002,9.616320133209229E-001,1.756795942783356E-001,
2.003566666666667E+009,3.608706966042519E-002,-9.614832699298859E-002,9.672580361366272E-001,1.399656236171722E-001,3.608706966042519E-002,-9.614832699298859E-002,9.672580361366272E-001,1.399656236171722E-001,
2.011933333333334E+009,4.728686064481735E-002,-1.057068482041359E-001,9.761679172515869E-001,1.108245179057121E-001,4.728686064481735E-002,-1.057068482041359E-001,9.761679172515869E-001,1.108245179057121E-001,
2.020300000000000E+009,5.346995964646339E-002,-1.173660308122635E-001,9.749400019645691E-001,7.864259928464890E-002,5.346995964646339E-002,-1.173660308122635E-001,9.749400019645691E-001,7.864259928464890E-002,
2.028666666666667E+009,5.055694654583931E-002,-1.337293088436127E-001,9.761608839035034E-001,6.297894567251205E-002,5.055694654583931E-002,-1.337293088436127E-001,9.761608839035034E-001,6.297894567251205E-002,
2.037033333333334E+009,3.860484063625336E-002,-1.500468850135803E-001,9.778053164482117E-001,3.645496442914009E-002,3.860484063625336E-002,-1.500468850135803E-001,9.778053164482117E-001,3.645496442914009E-002,
2.045400000000000E+009,2.100322395563126E-002,-1.583790928125382E-001,9.732846021652222E-001,1.885263808071613E-002,2.100322395563126E-002,-1.583790928125382E-001,9.732846021652222E-001,1.885263808071613E-002,
2.053766666666667E+009,2.205766213592142E-004,-1.578628420829773E-001,9.741630554199219E-001,-7.550788577646017E-003,2.205766213592142E-004,-1.578628420829773E-001,9.741630554199219E-001,-7.550788577646017E-003,
2.062133333333334E+009,-1.541132014244795E-002,-1.511136144399643E-001,9.782549142837524E-001,-3.349982574582100E-002,-1.541132014244795E-002,-1.511136144399643E-001,9.782549142837524E-001,-3.349982574582100E-002,
2.070500000000000E+009,-2.392626926302910E-002,-1.356113255023956E-001,9.778357148170471E-001,-5.960154160857201E-002,-2.392626926302910E-002,-1.356113255023956E-001,9.778357148170471E-001,-5.960154160857201E-002,
2.078866666666667E+009,-2.243014983832836E-002,-1.209875121712685E-001,9.740017056465149E-001,-8.205333352088928E-002,-2.243014983832836E-002,-1.209875121712685E-001,9.740017056465149E-001,-8.205333352088928E-002,
2.087233333333334E+009,-1.214865688234568E-002,-1.132323518395424E-001,9.731584191322327E-001,-1.161269098520279E-001,-1.214865688234568E-002,-1.132323518395424E-001,9.731584191322327E-001,-1.161269098520279E-001,
2.095600000000000E+009,2.945471089333296E-003,-1.108043417334557E-001,9.756542444229126E-001,-1.378811001777649E-001,2.945471089333296E-003,-1.108043417334557E-001,9.756542444229126E-001,-1.378811001777649E-001,
2.103966666666667E+009,1.650872081518173E-002,-1.218273341655731E-001,9.720489382743835E-001,-1.663329154253006E-001,1.650872081518173E-002,-1.218273341655731E-001,9.720489382743835E-001,-1.663329154253006E-001,
2.112333333333334E+009,2.352283522486687E-002,-1.384624838829041E-001,9.594444036483765E-001,-1.863427311182022E-001,2.352283522486687E-002,-1.384624838829041E-001,9.594444036483765E-001,-1.863427311182022E-001,
2.120700000000000E+009,1.997472904622555E-002,-1.617617905139923E-001,9.533924460411072E-001,-2.184309661388397E-001,1.997472904622555E-002,-1.617617905139923E-001,9.533924460411072E-001,-2.184309661388397E-001,
2.129066666666667E+009,3.322040196508169E-003,-1.775106936693192E-001,9.549233913421631E-001,-2.458476573228836E-001,3.322040196508169E-003,-1.775106936693192E-001,9.549233913421631E-001,-2.458476573228836E-001,
2.137433333333334E+009,-2.147569693624973E-002,-1.863522678613663E-001,9.355893135070801E-001,-2.628869116306305E-001,-2.147569693624973E-002,-1.863522678613663E-001,9.355893135070801E-001,-2.628869116306305E-001,
2.145800000000000E+009,-5.049113929271698E-002,-1.831273585557938E-001,9.318480491638184E-001,-2.853435575962067E-001,-5.049113929271698E-002,-1.831273585557938E-001,9.318480491638184E-001,-2.853435575962067E-001,
2.154166666666667E+009,-7.203373312950134E-002,-1.687195897102356E-001,9.237931966781616E-001,-3.018120825290680E-001,-7.203373312950134E-002,-1.687195897102356E-001,9.237931966781616E-001,-3.018120825290680E-001,
2.162533333333334E+009,-8.410860598087311E-002,-1.455430239439011E-001,9.049676656723023E-001,-3.252051472663879E-001,-8.410860598087311E-002,-1.455430239439011E-001,9.049676656723023E-001,-3.252051472663879E-001,
2.170900000000000E+009,-8.212877064943314E-002,-1.236184239387512E-001,9.124211072921753E-001,-3.533157706260681E-001,-8.212877064943314E-002,-1.236184239387512E-001,9.124211072921753E-001,-3.533157706260681E-001,
2.179266666666667E+009,-6.847220659255981E-002,-1.095580235123634E-001,9.016855359077454E-001,-3.704450726509094E-001,-6.847220659255981E-002,-1.095580235123634E-001,9.016855359077454E-001,-3.704450726509094E-001,
2.187633333333334E+009,-4.954564198851585E-002,-1.058896780014038E-001,8.974710702896118E-001,-4.034698009490967E-001,-4.954564198851585E-002,-1.058896780014038E-001,8.974710702896118E-001,-4.034698009490967E-001,
2.196000000000000E+009,-2.999709360301495E-002,-1.168404817581177E-001,8.769603967666626E-001,-4.260541796684265E-001,-2.999709360301495E-002,-1.168404817581177E-001,8.769603967666626E-001,-4.260541796684265E-001,
2.204366666666667E+009,-1.999937184154987E-002,-1.389994174242020E-001,8.676265478134155E-001,-4.495284855365753E-001,-1.999937184154987E-002,-1.389994174242020E-001,8.676265478134155E-001,-4.495284855365753E-001,
2.212733333333334E+009,-2.402400784194470E-002,-1.638422012329102E-001,8.511949777603149E-001,-4.817405939102173E-001,-2.402400784194470E-002,-1.638422012329102E-001,8.511949777603149E-001,-4.817405939102173E-001,
2.221100000000000E+009,-4.293998330831528E-002,-1.818914413452148E-001,8.289244771003723E-001,-4.915244281291962E-001,-4.293998330831528E-002,-1.818914413452148E-001,8.289244771003723E-001,-4.915244281291962E-001,
2.229466666666667E+009,-6.921582669019699E-002,-1.906325519084930E-001,8.194546103477478E-001,-5.026835799217224E-001,-6.921582669019699E-002,-1.906325519084930E-001,8.194546103477478E-001,-5.026835799217224E-001,
2.237833333333334E+009,-1.007780134677887E-001,-1.826354712247849E-001,8.088662028312683E-001,-5.275364518165588E-001,-1.007780134677887E-001,-1.826354712247849E-001,8.088662028312683E-001,-5.275364518165588E-001,
2.246200000000000E+009,-1.258047819137573E-001,-1.636492609977722E-001,7.956340312957764E-001,-5.462443828582764E-001,-1.258047819137573E-001,-1.636492609977722E-001,7.956340312957764E-001,-5.462443828582764E-001,
2.254566666666667E+009,-1.362351477146149E-001,-1.353524029254913E-001,7.864124774932861E-001,-5.633106231689453E-001,-1.362351477146149E-001,-1.353524029254913E-001,7.864124774932861E-001,-5.633106231689453E-001,
2.262933333333334E+009,-1.347965747117996E-001,-1.104940026998520E-001,7.737361192703247E-001,-5.839241147041321E-001,-1.347965747117996E-001,-1.104940026998520E-001,7.737361192703247E-001,-5.839241147041321E-001,
2.271300000000000E+009,-1.200079172849655E-001,-9.149690717458725E-002,7.568644285202026E-001,-6.029242873191834E-001,-1.200079172849655E-001,-9.149690717458725E-002,7.568644285202026E-001,-6.029242873191834E-001,
2.279666666666667E+009,-9.770743548870087E-002,-8.920423686504364E-002,7.458286285400391E-001,-6.261568069458008E-001,-9.770743548870087E-002,-8.920423686504364E-002,7.458286285400391E-001,-6.261568069458008E-001,
2.288033333333334E+009,-7.984203845262528E-002,-1.012041419744492E-001,7.292798161506653E-001,-6.565374732017517E-001,-7.984203845262528E-002,-1.012041419744492E-001,7.292798161506653E-001,-6.565374732017517E-001,
2.296400000000000E+009,-7.135821133852005E-002,-1.238672509789467E-001,7.040062546730042E-001,-6.750883460044861E-001,-7.135821133852005E-002,-1.238672509789467E-001,7.040062546730042E-001,-6.750883460044861E-001,
2.304766666666667E+009,-7.961670309305191E-002,-1.481083780527115E-001,6.882274746894836E-001,-6.815144419670105E-001,-7.961670309305191E-002,-1.481083780527115E-001,6.882274746894836E-001,-6.815144419670105E-001,
2.313133333333334E+009,-1.027565822005272E-001,-1.622816473245621E-001,6.608399152755737E-001,-7.109171152114868E-001,-1.027565822005272E-001,-1.622816473245621E-001,6.608399152755737E-001,-7.109171152114868E-001,
2.321500000000000E+009,-1.284179836511612E-001,-1.626071333885193E-001,6.459473967552185E-001,-7.160776853561401E-001,-1.284179836511612E-001,-1.626071333885193E-001,6.459473967552185E-001,-7.160776853561401E-001,
2.329866666666667E+009,-1.548307687044144E-001,-1.482425928115845E-001,6.353310942649841E-001,-7.320060133934021E-001,-1.548307687044144E-001,-1.482425928115845E-001,6.353310942649841E-001,-7.320060133934021E-001,
2.338233333333334E+009,-1.729164868593216E-001,-1.236584335565567E-001,6.083969473838806E-001,-7.469149827957153E-001,-1.729164868593216E-001,-1.236584335565567E-001,6.083969473838806E-001,-7.469149827957153E-001,
2.346600000000000E+009,-1.756405681371689E-001,-9.146714210510254E-002,5.902813076972961E-001,-7.646529674530029E-001,-1.756405681371689E-001,-9.146714210510254E-002,5.902813076972961E-001,-7.646529674530029E-001,
2.354966666666667E+009,-1.622622013092041E-001,-6.775882095098496E-002,5.825760364532471E-001,-7.770463824272156E-001,-1.622622013092041E-001,-6.775882095098496E-002,5.825760364532471E-001,-7.770463824272156E-001,
2.363333333333334E+009,-1.402065008878708E-001,-5.784274637699127E-002,5.665934085845947E-001,-7.936443686485291E-001,-1.402065008878708E-001,-5.784274637699127E-002,5.665934085845947E-001,-7.936443686485291E-001,
2.371700000000000E+009,-1.136665120720863E-001,-6.327880173921585E-002,5.454723238945007E-001,-8.159272670745850E-001,-1.136665120720863E-001,-6.327880173921585E-002,5.454723238945007E-001,-8.159272670745850E-001,
2.380066666666667E+009,-9.877230972051621E-002,-8.753217011690140E-002,5.122316479682922E-001,-8.303229212760925E-001,-9.877230972051621E-002,-8.753217011690140E-002,5.122316479682922E-001,-8.303229212760925E-001,
2.388433333333334E+009,-1.014471352100372E-001,-1.176578700542450E-001,4.898518621921539E-001,-8.370558619499207E-001,-1.014471352100372E-001,-1.176578700542450E-001,4.898518621921539E-001,-8.370558619499207E-001,
2.396800000000000E+009,-1.217440068721771E-001,-1.456767469644547E-001,4.537842869758606E-001,-8.535352349281311E-001,-1.217440068721771E-001,-1.456767469644547E-001,4.537842869758606E-001,-8.535352349281311E-001,
2.405166666666667E+009,-1.553659141063690E-001,-1.611172556877136E-001,4.339687824249268E-001,-8.620795607566834E-001,-1.553659141063690E-001,-1.611172556877136E-001,4.339687824249268E-001,-8.620795607566834E-001,
2.413533333333334E+009,-1.956933885812759E-001,-1.532567888498306E-001,4.093399941921234E-001,-8.639364838600159E-001,-1.956933885812759E-001,-1.532567888498306E-001,4.093399941921234E-001,-8.639364838600159E-001,
2.421900000000000E+009,-2.314632236957550E-001,-1.283681243658066E-001,3.969812095165253E-001,-8.712872862815857E-001,-2.314632236957550E-001,-1.283681243658066E-001,3.969812095165253E-001,-8.712872862815857E-001,
2.430266666666667E+009,-2.489152699708939E-001,-9.047251194715500E-002,3.790140151977539E-001,-8.796382546424866E-001,-2.489152699708939E-001,-9.047251194715500E-002,3.790140151977539E-001,-8.796382546424866E-001,
2.438633333333334E+009,-2.516660988330841E-001,-4.539468139410019E-002,3.617880940437317E-001,-8.873558044433594E-001,-2.516660988330841E-001,-4.539468139410019E-002,3.617880940437317E-001,-8.873558044433594E-001,
2.447000000000000E+009,-2.328206598758698E-001,-6.597925908863545E-003,3.408058583736420E-001,-9.019287228584290E-001,-2.328206598758698E-001,-6.597925908863545E-003,3.408058583736420E-001,-9.019287228584290E-001,
2.455366666666667E+009,-2.002842724323273E-001,1.425969321280718E-002,3.226080536842346E-001,-9.104788899421692E-001,-2.002842724323273E-001,1.425969321280718E-002,3.226080536842346E-001,-9.104788899421692E-001,
2.463733333333334E+009,-1.664409935474396E-001,1.553952693939209E-002,2.989211678504944E-001,-9.278860688209534E-001,-1.664409935474396E-001,1.553952693939209E-002,2.989211678504944E-001,-9.278860688209534E-001,
2.472100000000000E+009,-1.415315866470337E-001,-3.832001006230712E-003,2.714385390281677E-001,-9.386951327323914E-001,-1.415315866470337E-001,-3.832001006230712E-003,2.714385390281677E-001,-9.386951327323914E-001,
2.480466666666667E+009,-1.332765072584152E-001,-3.420555964112282E-002,2.364582866430283E-001,-9.404827952384949E-001,-1.332765072584152E-001,-3.420555964112282E-002,2.364582866430283E-001,-9.404827952384949E-001,
2.488833333333334E+009,-1.459593027830124E-001,-6.385839730501175E-002,2.120860368013382E-001,-9.472042918205261E-001,-1.459593027830124E-001,-6.385839730501175E-002,2.120860368013382E-001,-9.472042918205261E-001,
2.497200000000000E+009,-1.717011183500290E-001,-7.995581626892090E-002,1.813421696424484E-001,-9.523910284042358E-001,-1.717011183500290E-001,-7.995581626892090E-002,1.813421696424484E-001,-9.523910284042358E-001,
2.505566666666667E+009,-2.090201675891876E-001,-7.787943631410599E-002,1.527870893478394E-001,-9.552085995674133E-001,-2.090201675891876E-001,-7.787943631410599E-002,1.527870893478394E-001,-9.552085995674133E-001,
2.513933333333334E+009,-2.366793006658554E-001,-5.537732318043709E-002,1.347526907920837E-001,-9.511632919311523E-001,-2.366793006658554E-001,-5.537732318043709E-002,1.347526907920837E-001,-9.511632919311523E-001,
2.522300000000000E+009,-2.513518333435059E-001,-2.313563041388989E-002,1.096855103969574E-001,-9.522768855094910E-001,-2.513518333435059E-001,-2.313563041388989E-002,1.096855103969574E-001,-9.522768855094910E-001,
2.530666666666667E+009,-2.462951242923737E-001,1.548459008336067E-002,8.748395740985870E-002,-9.574608802795410E-001,-2.462951242923737E-001,1.548459008336067E-002,8.748395740985870E-002,-9.574608802795410E-001,
2.539033333333334E+009,-2.262427955865860E-001,4.673881828784943E-002,7.166560739278793E-002,-9.582686424255371E-001,-2.262427955865860E-001,4.673881828784943E-002,7.166560739278793E-002,-9.582686424255371E-001,
2.547400000000000E+009,-1.956924647092819E-001,6.382692605257034E-002,5.364016070961952E-002,-9.712402224540710E-001,-1.956924647092819E-001,6.382692605257034E-002,5.364016070961952E-002,-9.712402224540710E-001,
2.555766666666667E+009,-1.623124033212662E-001,6.156188622117043E-002,2.467497065663338E-002,-9.775593876838684E-001,-1.623124033212662E-001,6.156188622117043E-002,2.467497065663338E-002,-9.775593876838684E-001,
2.564133333333334E+009,-1.420004367828369E-001,3.968827426433563E-002,-4.363184794783592E-003,-9.739872217178345E-001,-1.420004367828369E-001,3.968827426433563E-002,-4.363184794783592E-003,-9.739872217178345E-001,
2.572500000000000E+009,-1.400048881769180E-001,1.032240968197584E-002,-3.256037458777428E-002,-9.734485149383545E-001,-1.400048881769180E-001,1.032240968197584E-002,-3.256037458777428E-002,-9.734485149383545E-001,
2.580866666666667E+009,-1.565791964530945E-001,-1.596261188387871E-002,-6.316812336444855E-002,-9.736185669898987E-001,-1.565791964530945E-001,-1.596261188387871E-002,-6.316812336444855E-002,-9.736185669898987E-001,
2.589233333333334E+009,-1.890857666730881E-001,-2.815452776849270E-002,-9.556366503238678E-002,-9.633100628852844E-001,-1.890857666730881E-001,-2.815452776849270E-002,-9.556366503238678E-002,-9.633100628852844E-001,
2.597600000000000E+009,-2.233859002590179E-001,-2.261233702301979E-002,-1.225400790572166E-001,-9.563360810279846E-001,-2.233859002590179E-001,-2.261233702301979E-002,-1.225400790572166E-001,-9.563360810279846E-001,
2.605966666666667E+009,-2.510839104652405E-001,3.480842802673578E-003,-1.353820115327835E-001,-9.537933468818665E-001,-2.510839104652405E-001,3.480842802673578E-003,-1.353820115327835E-001,-9.537933468818665E-001,
2.614333333333334E+009,-2.626987993717194E-001,3.775592148303986E-002,-1.563860625028610E-001,-9.417309761047363E-001,-2.626987993717194E-001,3.775592148303986E-002,-1.563860625028610E-001,-9.417309761047363E-001,
2.622700000000000E+009,-2.548514902591705E-001,7.880231738090515E-002,-1.744022071361542E-001,-9.356316328048706E-001,-2.548514902591705E-001,7.880231738090515E-002,-1.744022071361542E-001,-9.356316328048706E-001,
2.631066666666667E+009,-2.312319725751877E-001,1.113715693354607E-001,-1.971003711223602E-001,-9.438091516494751E-001,-2.312319725751877E-001,1.113715693354607E-001,-1.971003711223602E-001,-9.438091516494751E-001,
2.639433333333334E+009,-1.961855739355087E-001,1.267913281917572E-001,-2.172223329544067E-001,-9.347394704818726E-001,-1.961855739355087E-001,1.267913281917572E-001,-2.172223329544067E-001,-9.347394704818726E-001,
2.647800000000000E+009,-1.607260555028915E-001,1.245864555239677E-001,-2.424127459526062E-001,-9.359739422798157E-001,-1.607260555028915E-001,1.245864555239677E-001,-2.424127459526062E-001,-9.359739422798157E-001,
2.656166666666667E+009,-1.382901072502136E-001,1.050907298922539E-001,-2.661916017532349E-001,-9.396460652351379E-001,-1.382901072502136E-001,1.050907298922539E-001,-2.661916017532349E-001,-9.396460652351379E-001,
2.664533333333334E+009,-1.330961436033249E-001,7.812172174453735E-002,-3.027251064777374E-001,-9.217121005058289E-001,-1.330961436033249E-001,7.812172174453735E-002,-3.027251064777374E-001,-9.217121005058289E-001,
2.672900000000000E+009,-1.470917463302612E-001,5.347672104835510E-002,-3.253183364868164E-001,-9.161676764488220E-001,-1.470917463302612E-001,5.347672104835510E-002,-3.253183364868164E-001,-9.161676764488220E-001,
2.681266666666667E+009,-1.749013215303421E-001,4.319802671670914E-002,-3.534775972366333E-001,-9.003793597221375E-001,-1.749013215303421E-001,4.319802671670914E-002,-3.534775972366333E-001,-9.003793597221375E-001,
2.689633333333334E+009,-2.077354788780212E-001,5.031361430883408E-002,-3.746640384197235E-001,-8.895046114921570E-001,-2.077354788780212E-001,5.031361430883408E-002,-3.746640384197235E-001,-8.895046114921570E-001,
2.698000000000000E+009,-2.307865023612976E-001,7.475901395082474E-002,-3.874196410179138E-001,-8.730836510658264E-001,-2.307865023612976E-001,7.475901395082474E-002,-3.874196410179138E-001,-8.730836510658264E-001,
2.706366666666667E+009,-2.379581928253174E-001,1.112203299999237E-001,-4.116673171520233E-001,-8.561577200889587E-001,-2.379581928253174E-001,1.112203299999237E-001,-4.116673171520233E-001,-8.561577200889587E-001,
2.714733333333334E+009,-2.281295210123062E-001,1.458867788314819E-001,-4.236789047718048E-001,-8.532905578613281E-001,-2.281295210123062E-001,1.458867788314819E-001,-4.236789047718048E-001,-8.532905578613281E-001,
2.723100000000000E+009,-2.001886367797852E-001,1.750825941562653E-001,-4.419257640838623E-001,-8.424825072288513E-001,-2.001886367797852E-001,1.750825941562653E-001,-4.419257640838623E-001,-8.424825072288513E-001,
2.731466666666667E+009,-1.615711152553558E-001,1.887298822402954E-001,-4.650688171386719E-001,-8.389045000076294E-001,-1.615711152553558E-001,1.887298822402954E-001,-4.650688171386719E-001,-8.389045000076294E-001,
2.739833333333334E+009,-1.249454617500305E-001,1.827557533979416E-001,-4.846350550651550E-001,-8.296387791633606E-001,-1.249454617500305E-001,1.827557533979416E-001,-4.846350550651550E-001,-8.296387791633606E-001,
2.748200000000000E+009,-9.945067763328552E-002,1.622616350650787E-001,-5.102738142013550E-001,-8.221003413200378E-001,-9.945067763328552E-002,1.622616350650787E-001,-5.102738142013550E-001,-8.221003413200378E-001,
2.756566666666667E+009,-9.171707928180695E-002,1.331896930932999E-001,-5.383097529411316E-001,-8.117105960845947E-001,-9.171707928180695E-002,1.331896930932999E-001,-5.383097529411316E-001,-8.117105960845947E-001,
2.764933333333334E+009,-1.032420918345451E-001,1.070672869682312E-001,-5.719248056411743E-001,-7.998640537261963E-001,-1.032420918345451E-001,1.070672869682312E-001,-5.719248056411743E-001,-7.998640537261963E-001,
2.773300000000000E+009,-1.283619254827499E-001,9.168156236410141E-002,-5.879560708999634E-001,-7.747839689254761E-001,-1.283619254827499E-001,9.168156236410141E-002,-5.879560708999634E-001,-7.747839689254761E-001,
2.781666666666667E+009,-1.609676480293274E-001,9.960888326168060E-002,-6.062473654747009E-001,-7.518773674964905E-001,-1.609676480293274E-001,9.960888326168060E-002,-6.062473654747009E-001,-7.518773674964905E-001,
2.790033333333334E+009,-1.849356144666672E-001,1.209789514541626E-001,-6.227173805236816E-001,-7.359291315078735E-001,-1.849356144666672E-001,1.209789514541626E-001,-6.227173805236816E-001,-7.359291315078735E-001,
2.798400000000000E+009,-1.945231705904007E-001,1.548033803701401E-001,-6.365143656730652E-001,-7.213546633720398E-001,-1.945231705904007E-001,1.548033803701401E-001,-6.365143656730652E-001,-7.213546633720398E-001,
2.806766666666667E+009,-1.823510974645615E-001,1.900404244661331E-001,-6.460475325584412E-001,-6.982276439666748E-001,-1.823510974645615E-001,1.900404244661331E-001,-6.460475325584412E-001,-6.982276439666748E-001,
2.815133333333334E+009,-1.566011607646942E-001,2.149415910243988E-001,-6.600939631462097E-001,-6.875483989715576E-001,-1.566011607646942E-001,2.149415910243988E-001,-6.600939631462097E-001,-6.875483989715576E-001,
2.823500000000000E+009,-1.190829500555992E-001,2.265478223562241E-001,-6.777181625366211E-001,-6.760831475257874E-001,-1.190829500555992E-001,2.265478223562241E-001,-6.777181625366211E-001,-6.760831475257874E-001,
2.831866666666667E+009,-8.259500563144684E-002,2.179393917322159E-001,-6.920634508132935E-001,-6.642765402793884E-001,-8.259500563144684E-002,2.179393917322159E-001,-6.920634508132935E-001,-6.642765402793884E-001,
2.840233333333334E+009,-5.529448762536049E-002,1.960112452507019E-001,-7.183634638786316E-001,-6.515727639198303E-001,-5.529448762536049E-002,1.960112452507019E-001,-7.183634638786316E-001,-6.515727639198303E-001,
2.848600000000000E+009,-4.487795010209084E-002,1.659852862358093E-001,-7.374927997589111E-001,-6.291447281837463E-001,-4.487795010209084E-002,1.659852862358093E-001,-7.374927997589111E-001,-6.291447281837463E-001,
2.856966666666667E+009,-5.516617372632027E-002,1.392183750867844E-001,-7.590646147727966E-001,-6.106880307197571E-001,-5.516617372632027E-002,1.392183750867844E-001,-7.590646147727966E-001,-6.106880307197571E-001,
2.865333333333334E+009,-8.160118758678436E-002,1.245791763067246E-001,-7.782216072082520E-001,-5.915134549140930E-001,-8.160118758678436E-002,1.245791763067246E-001,-7.782216072082520E-001,-5.915134549140930E-001,
2.873700000000000E+009,-1.134365424513817E-001,1.291929632425308E-001,-7.945355772972107E-001,-5.573315024375916E-001,-1.134365424513817E-001,1.291929632425308E-001,-7.945355772972107E-001,-5.573315024375916E-001,
2.882066666666667E+009,-1.375880837440491E-001,1.517286002635956E-001,-8.002329468727112E-001,-5.283215641975403E-001,-1.375880837440491E-001,1.517286002635956E-001,-8.002329468727112E-001,-5.283215641975403E-001,
2.890433333333334E+009,-1.470329314470291E-001,1.875959932804108E-001,-8.095044493675232E-001,-5.082595944404602E-001,-1.470329314470291E-001,1.875959932804108E-001,-8.095044493675232E-001,-5.082595944404602E-001,
2.898800000000000E+009,-1.356084495782852E-001,2.242763638496399E-001,-8.134973049163818E-001,-4.927309751510620E-001,-1.356084495782852E-001,2.242763638496399E-001,-8.134973049163818E-001,-4.927309751510620E-001,
2.907166666666667E+009,-1.069099307060242E-001,2.500553727149963E-001,-8.169882893562317E-001,-4.791836142539978E-001,-1.069099307060242E-001,2.500553727149963E-001,-8.169882893562317E-001,-4.791836142539978E-001,
2.915533333333334E+009,-6.635012477636337E-002,2.618921697139740E-001,-8.310682773590088E-001,-4.572726786136627E-001,-6.635012477636337E-002,2.618921697139740E-001,-8.310682773590088E-001,-4.572726786136627E-001,
2.923900000000000E+009,-2.759457938373089E-002,2.524739503860474E-001,-8.438707590103149E-001,-4.470448791980743E-001,-2.759457938373089E-002,2.524739503860474E-001,-8.438707590103149E-001,-4.470448791980743E-001,
2.932266666666667E+009,1.826415886171162E-003,2.282705157995224E-001,-8.577486872673035E-001,-4.325716495513916E-001,1.826415886171162E-003,2.282705157995224E-001,-8.577486872673035E-001,-4.325716495513916E-001,
2.940633333333334E+009,1.381442695856094E-002,1.932491362094879E-001,-8.754063248634338E-001,-4.092978537082672E-001,1.381442695856094E-002,1.932491362094879E-001,-8.754063248634338E-001,-4.092978537082672E-001,
2.949000000000000E+009,5.359439644962549E-003,1.586922109127045E-001,-8.975115418434143E-001,-3.768304884433746E-001,5.359439644962549E-003,1.586922109127045E-001,-8.975115418434143E-001,-3.768304884433746E-001,
2.957366666666667E+009,-2.044954150915146E-002,1.398872286081314E-001,-9.099137783050537E-001,-3.573643863201141E-001,-2.044954150915146E-002,1.398872286081314E-001,-9.099137783050537E-001,-3.573643863201141E-001,
2.965733333333334E+009,-5.499844253063202E-002,1.417821943759918E-001,-9.215843081474304E-001,-3.244054615497589E-001,-5.499844253063202E-002,1.417821943759918E-001,-9.215843081474304E-001,-3.244054615497589E-001,
2.974100000000000E+009,-8.008395135402679E-002,1.646909862756729E-001,-9.247431159019470E-001,-2.873413562774658E-001,-8.008395135402679E-002,1.646909862756729E-001,-9.247431159019470E-001,-2.873413562774658E-001,
2.982466666666667E+009,-9.002389758825302E-002,2.004552185535431E-001,-9.273553490638733E-001,-2.614112198352814E-001,-9.002389758825302E-002,2.004552185535431E-001,-9.273553490638733E-001,-2.614112198352814E-001,
2.990833333333334E+009,-7.941423356533051E-002,2.373902350664139E-001,-9.201441407203674E-001,-2.447777837514877E-001,-7.941423356533051E-002,2.373902350664139E-001,-9.201441407203674E-001,-2.447777837514877E-001,
2.999200000000000E+009,-4.943595454096794E-002,2.652400434017181E-001,-9.221021533012390E-001,-2.262569069862366E-001,-4.943595454096794E-002,2.652400434017181E-001,-9.221021533012390E-001,-2.262569069862366E-001,
3.007566666666667E+009,-7.873468101024628E-003,2.760480642318726E-001,-9.253094792366028E-001,-2.074700891971588E-001,-7.873468101024628E-003,2.760480642318726E-001,-9.253094792366028E-001,-2.074700891971588E-001,
3.015933333333334E+009,3.497190400958061E-002,2.637434303760529E-001,-9.295971989631653E-001,-1.951421946287155E-001,3.497190400958061E-002,2.637434303760529E-001,-9.295971989631653E-001,-1.951421946287155E-001,
3.024300000000000E+009,6.509716063737869E-002,2.360734343528748E-001,-9.401693344116211E-001,-1.776670962572098E-001,6.509716063737869E-002,2.360734343528748E-001,-9.401693344116211E-001,-1.776670962572098E-001,
3.032666666666667E+009,7.719011604785919E-002,1.955170929431915E-001,-9.522941708564758E-001,-1.528838872909546E-001,7.719011604785919E-002,1.955170929431915E-001,-9.522941708564758E-001,-1.528838872909546E-001,
3.041033333333334E+009,6.519874185323715E-002,1.573301851749420E-001,-9.630566835403442E-001,-1.258471310138702E-001,6.519874185323715E-002,1.573301851749420E-001,-9.630566835403442E-001,-1.258471310138702E-001,
3.049400000000000E+009,3.445392102003098E-002,1.355015635490418E-001,-9.697275161743164E-001,-8.768811076879501E-002,3.445392102003098E-002,1.355015635490418E-001,-9.697275161743164E-001,-8.768811076879501E-002,
3.057766666666667E+009,-2.329108770936728E-003,1.361642628908157E-001,-9.771765470504761E-001,-6.843858957290649E-002,-2.329108770936728E-003,1.361642628908157E-001,-9.771765470504761E-001,-6.843858957290649E-002,
3.066133333333334E+009,-3.336137160658836E-002,1.595382690429688E-001,-9.682021737098694E-001,-2.696055360138416E-002,-3.336137160658836E-002,1.595382690429688E-001,-9.682021737098694E-001,-2.696055360138416E-002,
3.074500000000000E+009,-4.471020773053169E-002,1.992966085672379E-001,-9.661073684692383E-001,1.425074064172804E-003,-4.471020773053169E-002,1.992966085672379E-001,-9.661073684692383E-001,1.425074064172804E-003,
3.082866666666667E+009,-2.958914823830128E-002,2.400049269199371E-001,-9.558054804801941E-001,2.389401011168957E-002,-2.958914823830128E-002,2.400049269199371E-001,-9.558054804801941E-001,2.389401011168957E-002,
3.091233333333334E+009,5.805936641991139E-003,2.715928852558136E-001,-9.463390111923218E-001,4.447131976485252E-002,5.805936641991139E-003,2.715928852558136E-001,-9.463390111923218E-001,4.447131976485252E-002,
3.099600000000000E+009,5.394786223769188E-002,2.802825868129730E-001,-9.394567608833313E-001,5.503997579216957E-002,5.394786223769188E-002,2.802825868129730E-001,-9.394567608833313E-001,5.503997579216957E-002,
3.107966666666667E+009,1.042841300368309E-001,2.641878426074982E-001,-9.426956176757813E-001,6.826275587081909E-002,1.042841300368309E-001,2.641878426074982E-001,-9.426956176757813E-001,6.826275587081909E-002,
3.116333333333334E+009,1.408441960811615E-001,2.284697294235230E-001,-9.465613365173340E-001,8.818481117486954E-002,1.408441960811615E-001,2.284697294235230E-001,-9.465613365173340E-001,8.818481117486954E-002,
3.124700000000000E+009,1.524419188499451E-001,1.794822067022324E-001,-9.553151726722717E-001,1.050505563616753E-001,1.524419188499451E-001,1.794822067022324E-001,-9.553151726722717E-001,1.050505563616753E-001,
3.133066666666667E+009,1.388189941644669E-001,1.331200003623962E-001,-9.629912376403809E-001,1.395163685083389E-001,1.388189941644669E-001,1.331200003623962E-001,-9.629912376403809E-001,1.395163685083389E-001,
3.141433333333334E+009,1.034969836473465E-001,1.011989191174507E-001,-9.643463492393494E-001,1.694919914007187E-001,1.034969836473465E-001,1.011989191174507E-001,-9.643463492393494E-001,1.694919914007187E-001,
3.149800000000000E+009,5.542749539017677E-002,9.735883027315140E-002,-9.625513553619385E-001,2.107567936182022E-001,5.542749539017677E-002,9.735883027315140E-002,-9.625513553619385E-001,2.107567936182022E-001,
3.158166666666667E+009,1.513950806111097E-002,1.220542415976524E-001,-9.463717937469482E-001,2.445049434900284E-001,1.513950806111097E-002,1.220542415976524E-001,-9.463717937469482E-001,2.445049434900284E-001,
3.166533333333334E+009,-2.533212071284652E-003,1.656932681798935E-001,-9.344539046287537E-001,2.707014679908752E-001,-2.533212071284652E-003,1.656932681798935E-001,-9.344539046287537E-001,2.707014679908752E-001,
3.174900000000000E+009,6.686888635158539E-003,2.131606191396713E-001,-9.159662723541260E-001,2.941676080226898E-001,6.686888635158539E-003,2.131606191396713E-001,-9.159662723541260E-001,2.941676080226898E-001,
3.183266666666667E+009,4.259386286139488E-002,2.495164871215820E-001,-8.982892036437988E-001,3.088067471981049E-001,4.259386286139488E-002,2.495164871215820E-001,-8.982892036437988E-001,3.088067471981049E-001,
3.191633333333334E+009,9.277640283107758E-002,2.605970203876495E-001,-8.825804591178894E-001,3.219715952873230E-001,9.277640283107758E-002,2.605970203876495E-001,-8.825804591178894E-001,3.219715952873230E-001,
3.200000000000000E+009,1.437869817018509E-001,2.441523075103760E-001,-8.801754117012024E-001,3.319463133811951E-001,1.437869817018509E-001,2.441523075103760E-001,-8.801754117012024E-001,3.319463133811951E-001,
