% Version 1.00
%
%freq[Hz],re:Trc1_S11,im:Trc1_S11,re:Trc2_S21,im:Trc2_S21,re:Trc3_S11,im:Trc3_S11,re:Trc4_S21,im:Trc4_S21,
6.900000000000000E+008,-5.667873844504356E-002,5.159802734851837E-002,-5.130926966667175E-001,-8.433347344398499E-001,-5.667873844504356E-002,5.159802734851837E-002,-5.130926966667175E-001,-8.433347344398499E-001,
6.983666666666666E+008,-4.883762821555138E-002,5.214504897594452E-002,-5.297750234603882E-001,-8.256684541702271E-001,-4.883762821555138E-002,5.214504897594452E-002,-5.297750234603882E-001,-8.256684541702271E-001,
7.067333333333334E+008,-4.283911362290382E-002,4.934501275420189E-002,-5.587174892425537E-001,-7.986430525779724E-001,-4.283911362290382E-002,4.934501275420189E-002,-5.587174892425537E-001,-7.986430525779724E-001,
7.151000000000000E+008,-4.372157901525497E-002,4.101758450269699E-002,-5.674464106559753E-001,-7.910810112953186E-001,-4.372157901525497E-002,4.101758450269699E-002,-5.674464106559753E-001,-7.910810112953186E-001,
7.234666666666666E+008,-4.366504400968552E-002,3.605154901742935E-002,-6.060351729393005E-001,-7.781935930252075E-001,-4.366504400968552E-002,3.605154901742935E-002,-6.060351729393005E-001,-7.781935930252075E-001,
7.318333333333334E+008,-5.121235176920891E-002,3.353882208466530E-002,-6.122419238090515E-001,-7.728390097618103E-001,-5.121235176920891E-002,3.353882208466530E-002,-6.122419238090515E-001,-7.728390097618103E-001,
7.402000000000000E+008,-5.837293341755867E-002,3.605021163821220E-002,-6.419485211372376E-001,-7.484385967254639E-001,-5.837293341755867E-002,3.605021163821220E-002,-6.419485211372376E-001,-7.484385967254639E-001,
7.485666666666666E+008,-6.312159448862076E-002,4.210517555475235E-002,-6.635473370552063E-001,-7.102876305580139E-001,-6.312159448862076E-002,4.210517555475235E-002,-6.635473370552063E-001,-7.102876305580139E-001,
7.569333333333334E+008,-6.308420002460480E-002,5.148905888199806E-002,-6.783443689346314E-001,-7.122098207473755E-001,-6.308420002460480E-002,5.148905888199806E-002,-6.783443689346314E-001,-7.122098207473755E-001,
7.653000000000000E+008,-5.898451060056686E-002,6.080177426338196E-002,-6.857151985168457E-001,-7.044900655746460E-001,-5.898451060056686E-002,6.080177426338196E-002,-6.857151985168457E-001,-7.044900655746460E-001,
7.736666666666666E+008,-5.050041154026985E-002,6.983719766139984E-002,-7.111967206001282E-001,-6.962420344352722E-001,-5.050041154026985E-002,6.983719766139984E-002,-7.111967206001282E-001,-6.962420344352722E-001,
7.820333333333334E+008,-4.356948658823967E-002,7.380610704421997E-002,-7.336087226867676E-001,-6.725699901580811E-001,-4.356948658823967E-002,7.380610704421997E-002,-7.336087226867676E-001,-6.725699901580811E-001,
7.904000000000000E+008,-3.382531926035881E-002,7.239370793104172E-002,-7.482531666755676E-001,-6.495041847229004E-001,-3.382531926035881E-002,7.239370793104172E-002,-7.482531666755676E-001,-6.495041847229004E-001,
7.987666666666666E+008,-2.623843960464001E-002,6.816189736127853E-002,-7.604758143424988E-001,-6.294345855712891E-001,-2.623843960464001E-002,6.816189736127853E-002,-7.604758143424988E-001,-6.294345855712891E-001,
8.071333333333334E+008,-2.623307518661022E-002,6.395944207906723E-002,-7.738937735557556E-001,-6.151508688926697E-001,-2.623307518661022E-002,6.395944207906723E-002,-7.738937735557556E-001,-6.151508688926697E-001,
8.155000000000000E+008,-3.020929172635078E-002,5.697501450777054E-002,-7.833353877067566E-001,-5.695093274116516E-001,-3.020929172635078E-002,5.697501450777054E-002,-7.833353877067566E-001,-5.695093274116516E-001,
8.238666666666666E+008,-3.470453619956970E-002,5.477377399802208E-002,-8.152117729187012E-001,-5.731285214424133E-001,-3.470453619956970E-002,5.477377399802208E-002,-8.152117729187012E-001,-5.731285214424133E-001,
8.322333333333334E+008,-4.282343387603760E-002,5.722352862358093E-002,-8.260471820831299E-001,-5.445742607116699E-001,-4.282343387603760E-002,5.722352862358093E-002,-8.260471820831299E-001,-5.445742607116699E-001,
8.406000000000000E+008,-4.694905877113342E-002,6.111894547939301E-002,-8.379324078559876E-001,-5.298538804054260E-001,-4.694905877113342E-002,6.111894547939301E-002,-8.379324078559876E-001,-5.298538804054260E-001,
8.489666666666668E+008,-4.676187410950661E-002,6.959068030118942E-002,-8.578676581382752E-001,-5.025240182876587E-001,-4.676187410950661E-002,6.959068030118942E-002,-8.578676581382752E-001,-5.025240182876587E-001,
8.573333333333334E+008,-4.268932715058327E-002,7.726921886205673E-002,-8.624519109725952E-001,-4.847357869148254E-001,-4.268932715058327E-002,7.726921886205673E-002,-8.624519109725952E-001,-4.847357869148254E-001,
8.657000000000000E+008,-3.502274304628372E-002,8.618484437465668E-002,-8.785313963890076E-001,-4.552583992481232E-001,-3.502274304628372E-002,8.618484437465668E-002,-8.785313963890076E-001,-4.552583992481232E-001,
8.740666666666668E+008,-2.588503248989582E-002,9.117037802934647E-002,-8.723790049552918E-001,-4.371331632137299E-001,-2.588503248989582E-002,9.117037802934647E-002,-8.723790049552918E-001,-4.371331632137299E-001,
8.824333333333334E+008,-1.602582633495331E-002,9.006083756685257E-002,-9.033061861991882E-001,-4.051744341850281E-001,-1.602582633495331E-002,9.006083756685257E-002,-9.033061861991882E-001,-4.051744341850281E-001,
8.908000000000000E+008,-8.074938319623470E-003,9.007126092910767E-002,-9.141448140144348E-001,-4.013553559780121E-001,-8.074938319623470E-003,9.007126092910767E-002,-9.141448140144348E-001,-4.013553559780121E-001,
8.991666666666668E+008,-5.306114442646503E-003,8.331443369388580E-002,-9.248629212379456E-001,-3.717281520366669E-001,-5.306114442646503E-003,8.331443369388580E-002,-9.248629212379456E-001,-3.717281520366669E-001,
9.075333333333334E+008,-5.110724829137325E-003,7.900056242942810E-002,-9.165281653404236E-001,-3.463200926780701E-001,-5.110724829137325E-003,7.900056242942810E-002,-9.165281653404236E-001,-3.463200926780701E-001,
9.159000000000000E+008,-7.244872860610485E-003,7.454728335142136E-002,-9.320002198219299E-001,-3.351847231388092E-001,-7.244872860610485E-003,7.454728335142136E-002,-9.320002198219299E-001,-3.351847231388092E-001,
9.242666666666668E+008,-1.209456473588944E-002,7.042767107486725E-002,-9.422003030776978E-001,-3.094232380390167E-001,-1.209456473588944E-002,7.042767107486725E-002,-9.422003030776978E-001,-3.094232380390167E-001,
9.326333333333334E+008,-1.616460271179676E-002,7.290374487638474E-002,-9.455664753913879E-001,-2.746874392032623E-001,-1.616460271179676E-002,7.290374487638474E-002,-9.455664753913879E-001,-2.746874392032623E-001,
9.410000000000000E+008,-2.077456004917622E-002,7.948063313961029E-002,-9.512820839881897E-001,-2.465976327657700E-001,-2.077456004917622E-002,7.948063313961029E-002,-9.512820839881897E-001,-2.465976327657700E-001,
9.493666666666668E+008,-2.064552716910839E-002,8.701223880052567E-002,-9.569202661514282E-001,-2.368703931570053E-001,-2.064552716910839E-002,8.701223880052567E-002,-9.569202661514282E-001,-2.368703931570053E-001,
9.577333333333334E+008,-1.502291020005941E-002,9.476758539676666E-002,-9.812384247779846E-001,-1.940844506025314E-001,-1.502291020005941E-002,9.476758539676666E-002,-9.812384247779846E-001,-1.940844506025314E-001,
9.661000000000000E+008,-5.461276974529028E-003,1.016958430409432E-001,-9.656302332878113E-001,-1.797016859054565E-001,-5.461276974529028E-003,1.016958430409432E-001,-9.656302332878113E-001,-1.797016859054565E-001,
9.744666666666668E+008,4.947858396917582E-003,1.059971898794174E-001,-9.756162166595459E-001,-1.477772891521454E-001,4.947858396917582E-003,1.059971898794174E-001,-9.756162166595459E-001,-1.477772891521454E-001,
9.828333333333334E+008,1.927642710506916E-002,1.037854179739952E-001,-9.714893102645874E-001,-1.226660013198853E-001,1.927642710506916E-002,1.037854179739952E-001,-9.714893102645874E-001,-1.226660013198853E-001,
9.912000000000000E+008,2.921661175787449E-002,1.003357619047165E-001,-9.823341965675354E-001,-1.126585900783539E-001,2.921661175787449E-002,1.003357619047165E-001,-9.823341965675354E-001,-1.126585900783539E-001,
9.995666666666668E+008,3.400442376732826E-002,9.080567210912705E-002,-9.852125644683838E-001,-7.626352459192276E-002,3.400442376732826E-002,9.080567210912705E-002,-9.852125644683838E-001,-7.626352459192276E-002,
1.007933333333333E+009,3.420005738735199E-002,8.284877985715866E-002,-9.885758757591248E-001,-5.642326921224594E-002,3.420005738735199E-002,8.284877985715866E-002,-9.885758757591248E-001,-5.642326921224594E-002,
1.016300000000000E+009,2.858567051589489E-002,7.406778633594513E-002,-9.874438643455505E-001,-2.977751381695271E-002,2.858567051589489E-002,7.406778633594513E-002,-9.874438643455505E-001,-2.977751381695271E-002,
1.024666666666667E+009,2.051878347992897E-002,7.352909445762634E-002,-9.882749319076538E-001,-8.421231061220169E-003,2.051878347992897E-002,7.352909445762634E-002,-9.882749319076538E-001,-8.421231061220169E-003,
1.033033333333333E+009,1.396482158452272E-002,7.489016652107239E-002,-9.655421972274780E-001,3.037929907441139E-002,1.396482158452272E-002,7.489016652107239E-002,-9.655421972274780E-001,3.037929907441139E-002,
1.041400000000000E+009,1.076862309128046E-002,8.131819218397141E-002,-9.725060462951660E-001,5.168164521455765E-002,1.076862309128046E-002,8.131819218397141E-002,-9.725060462951660E-001,5.168164521455765E-002,
1.049766666666667E+009,1.098003704100847E-002,8.995146304368973E-002,-9.806126356124878E-001,7.391024380922318E-002,1.098003704100847E-002,8.995146304368973E-002,-9.806126356124878E-001,7.391024380922318E-002,
1.058133333333333E+009,2.038369141519070E-002,9.824740886688232E-002,-9.752143621444702E-001,9.953923523426056E-002,2.038369141519070E-002,9.824740886688232E-002,-9.752143621444702E-001,9.953923523426056E-002,
1.066500000000000E+009,3.418030962347984E-002,1.023114621639252E-001,-9.582725763320923E-001,1.263239681720734E-001,3.418030962347984E-002,1.023114621639252E-001,-9.582725763320923E-001,1.263239681720734E-001,
1.074866666666667E+009,4.733419790863991E-002,9.832283854484558E-002,-9.679370522499085E-001,1.553590893745422E-001,4.733419790863991E-002,9.832283854484558E-002,-9.679370522499085E-001,1.553590893745422E-001,
1.083233333333334E+009,6.062721461057663E-002,9.338971227407455E-002,-9.634496569633484E-001,1.719283908605576E-001,6.062721461057663E-002,9.338971227407455E-002,-9.634496569633484E-001,1.719283908605576E-001,
1.091600000000000E+009,6.543563306331635E-002,8.080276101827622E-002,-9.561639428138733E-001,2.057821005582809E-001,6.543563306331635E-002,8.080276101827622E-002,-9.561639428138733E-001,2.057821005582809E-001,
1.099966666666667E+009,6.724050641059876E-002,6.798953562974930E-002,-9.519088268280029E-001,2.222029566764832E-001,6.724050641059876E-002,6.798953562974930E-002,-9.519088268280029E-001,2.222029566764832E-001,
1.108333333333334E+009,5.910369753837585E-002,5.815404653549194E-002,-9.632576704025269E-001,2.451192140579224E-001,5.910369753837585E-002,5.815404653549194E-002,-9.632576704025269E-001,2.451192140579224E-001,
1.116700000000000E+009,4.780925810337067E-002,5.865776911377907E-002,-9.483484625816345E-001,2.776902914047241E-001,4.780925810337067E-002,5.865776911377907E-002,-9.483484625816345E-001,2.776902914047241E-001,
1.125066666666667E+009,3.620956093072891E-002,6.019525974988937E-002,-9.321126341819763E-001,2.989932298660278E-001,3.620956093072891E-002,6.019525974988937E-002,-9.321126341819763E-001,2.989932298660278E-001,
1.133433333333334E+009,2.671667374670506E-002,7.205596566200256E-002,-9.270666241645813E-001,3.172707855701447E-001,2.671667374670506E-002,7.205596566200256E-002,-9.270666241645813E-001,3.172707855701447E-001,
1.141800000000000E+009,2.889426425099373E-002,8.464638888835907E-002,-9.144465327262878E-001,3.426076471805573E-001,2.889426425099373E-002,8.464638888835907E-002,-9.144465327262878E-001,3.426076471805573E-001,
1.150166666666667E+009,3.647251427173615E-002,9.623478353023529E-002,-9.079878926277161E-001,3.731628358364105E-001,3.647251427173615E-002,9.623478353023529E-002,-9.079878926277161E-001,3.731628358364105E-001,
1.158533333333334E+009,5.573599413037300E-002,1.026656031608582E-001,-8.965482711791992E-001,3.949572443962097E-001,5.573599413037300E-002,1.026656031608582E-001,-8.965482711791992E-001,3.949572443962097E-001,
1.166900000000000E+009,7.632017135620117E-002,9.994940459728241E-002,-8.871018290519714E-001,4.206094741821289E-001,7.632017135620117E-002,9.994940459728241E-002,-8.871018290519714E-001,4.206094741821289E-001,
1.175266666666667E+009,9.235587716102600E-002,8.880244940519333E-002,-8.678830265998840E-001,4.327949583530426E-001,9.235587716102600E-002,8.880244940519333E-002,-8.678830265998840E-001,4.327949583530426E-001,
1.183633333333334E+009,1.054450720548630E-001,7.280096411705017E-002,-8.627071380615234E-001,4.600681364536285E-001,1.054450720548630E-001,7.280096411705017E-002,-8.627071380615234E-001,4.600681364536285E-001,
1.192000000000000E+009,1.068157404661179E-001,5.492907389998436E-002,-8.561294078826904E-001,4.855304062366486E-001,1.068157404661179E-001,5.492907389998436E-002,-8.561294078826904E-001,4.855304062366486E-001,
1.200366666666667E+009,9.704981744289398E-002,3.741987794637680E-002,-8.423497676849365E-001,5.037713646888733E-001,9.704981744289398E-002,3.741987794637680E-002,-8.423497676849365E-001,5.037713646888733E-001,
1.208733333333334E+009,8.001309633255005E-002,2.903222292661667E-002,-8.372064828872681E-001,5.331478118896484E-001,8.001309633255005E-002,2.903222292661667E-002,-8.372064828872681E-001,5.331478118896484E-001,
1.217100000000000E+009,6.214626505970955E-002,3.138834238052368E-002,-8.046374320983887E-001,5.464936494827271E-001,6.214626505970955E-002,3.138834238052368E-002,-8.046374320983887E-001,5.464936494827271E-001,
1.225466666666667E+009,5.176728218793869E-002,4.312164708971977E-002,-8.065539598464966E-001,5.724643468856812E-001,5.176728218793869E-002,4.312164708971977E-002,-8.065539598464966E-001,5.724643468856812E-001,
1.233833333333334E+009,5.119812861084938E-002,5.789339169859886E-002,-7.856176495552063E-001,5.926455259323120E-001,5.119812861084938E-002,5.789339169859886E-002,-7.856176495552063E-001,5.926455259323120E-001,
1.242200000000000E+009,5.816983431577683E-002,7.144283503293991E-002,-7.566666007041931E-001,6.090667247772217E-001,5.816983431577683E-002,7.144283503293991E-002,-7.566666007041931E-001,6.090667247772217E-001,
1.250566666666667E+009,7.461379468441010E-002,7.959108054637909E-002,-7.600262761116028E-001,6.360128521919251E-001,7.461379468441010E-002,7.959108054637909E-002,-7.600262761116028E-001,6.360128521919251E-001,
1.258933333333334E+009,9.597913920879364E-002,7.822766900062561E-002,-7.373797893524170E-001,6.455181837081909E-001,9.597913920879364E-002,7.822766900062561E-002,-7.373797893524170E-001,6.455181837081909E-001,
1.267300000000000E+009,1.138778179883957E-001,6.364814937114716E-002,-7.135090827941895E-001,6.625410914421082E-001,1.138778179883957E-001,6.364814937114716E-002,-7.135090827941895E-001,6.625410914421082E-001,
1.275666666666667E+009,1.249362155795097E-001,4.501256719231606E-002,-7.102532982826233E-001,6.670679450035095E-001,1.249362155795097E-001,4.501256719231606E-002,-7.102532982826233E-001,6.670679450035095E-001,
1.284033333333334E+009,1.258701980113983E-001,2.174133993685246E-002,-6.778495907783508E-001,7.172552943229675E-001,1.258701980113983E-001,2.174133993685246E-002,-6.778495907783508E-001,7.172552943229675E-001,
1.292400000000000E+009,1.135538369417191E-001,3.578579053282738E-003,-6.752238869667053E-001,7.167363762855530E-001,1.135538369417191E-001,3.578579053282738E-003,-6.752238869667053E-001,7.167363762855530E-001,
1.300766666666667E+009,9.535703063011169E-002,-3.943442367017269E-003,-6.569322943687439E-001,7.337155342102051E-001,9.535703063011169E-002,-3.943442367017269E-003,-6.569322943687439E-001,7.337155342102051E-001,
1.309133333333334E+009,7.615367323160172E-002,-1.157656777650118E-003,-6.413276791572571E-001,7.614980936050415E-001,7.615367323160172E-002,-1.157656777650118E-003,-6.413276791572571E-001,7.614980936050415E-001,
1.317500000000000E+009,6.259151548147202E-002,1.124524045735598E-002,-6.095504164695740E-001,7.856265902519226E-001,6.259151548147202E-002,1.124524045735598E-002,-6.095504164695740E-001,7.856265902519226E-001,
1.325866666666667E+009,5.901390314102173E-002,2.709095552563667E-002,-5.906024575233460E-001,7.853970527648926E-001,5.901390314102173E-002,2.709095552563667E-002,-5.906024575233460E-001,7.853970527648926E-001,
1.334233333333334E+009,6.721824407577515E-002,4.458265006542206E-002,-5.681249499320984E-001,7.972139120101929E-001,6.721824407577515E-002,4.458265006542206E-002,-5.681249499320984E-001,7.972139120101929E-001,
1.342600000000000E+009,8.489939570426941E-002,4.838977009057999E-002,-5.539680719375610E-001,8.148863911628723E-001,8.489939570426941E-002,4.838977009057999E-002,-5.539680719375610E-001,8.148863911628723E-001,
1.350966666666667E+009,1.031267866492271E-001,4.500508680939674E-002,-5.238707065582275E-001,8.332873582839966E-001,1.031267866492271E-001,4.500508680939674E-002,-5.238707065582275E-001,8.332873582839966E-001,
1.359333333333334E+009,1.190595924854279E-001,3.039352782070637E-002,-5.056117773056030E-001,8.394223451614380E-001,1.190595924854279E-001,3.039352782070637E-002,-5.056117773056030E-001,8.394223451614380E-001,
1.367700000000000E+009,1.250721663236618E-001,7.481042295694351E-003,-4.879813790321350E-001,8.494950532913208E-001,1.250721663236618E-001,7.481042295694351E-003,-4.879813790321350E-001,8.494950532913208E-001,
1.376066666666667E+009,1.185749843716621E-001,-1.646219938993454E-002,-4.625414013862610E-001,8.603134751319885E-001,1.185749843716621E-001,-1.646219938993454E-002,-4.625414013862610E-001,8.603134751319885E-001,
1.384433333333334E+009,1.029368042945862E-001,-3.027827851474285E-002,-4.542833566665649E-001,8.719917535781860E-001,1.029368042945862E-001,-3.027827851474285E-002,-4.542833566665649E-001,8.719917535781860E-001,
1.392800000000000E+009,7.951827347278595E-002,-3.361900150775909E-002,-4.301871359348297E-001,8.786956667900085E-001,7.951827347278595E-002,-3.361900150775909E-002,-4.301871359348297E-001,8.786956667900085E-001,
1.401166666666667E+009,6.290622800588608E-002,-2.503406628966332E-002,-3.975374400615692E-001,9.058579802513123E-001,6.290622800588608E-002,-2.503406628966332E-002,-3.975374400615692E-001,9.058579802513123E-001,
1.409533333333334E+009,5.148131027817726E-002,-5.076014902442694E-003,-3.739337623119354E-001,9.150050878524780E-001,5.148131027817726E-002,-5.076014902442694E-003,-3.739337623119354E-001,9.150050878524780E-001,
1.417900000000000E+009,5.189545080065727E-002,1.577534899115562E-002,-3.338974118232727E-001,9.083124995231628E-001,5.189545080065727E-002,1.577534899115562E-002,-3.338974118232727E-001,9.083124995231628E-001,
1.426266666666667E+009,6.416111439466476E-002,3.290401399135590E-002,-3.275025188922882E-001,9.368752837181091E-001,6.416111439466476E-002,3.290401399135590E-002,-3.275025188922882E-001,9.368752837181091E-001,
1.434633333333334E+009,8.370602130889893E-002,3.784326836466789E-002,-2.973553836345673E-001,9.288489222526550E-001,8.370602130889893E-002,3.784326836466789E-002,-2.973553836345673E-001,9.288489222526550E-001,
1.443000000000000E+009,1.061954125761986E-001,3.269585967063904E-002,-2.703171372413635E-001,9.401493072509766E-001,1.061954125761986E-001,3.269585967063904E-002,-2.703171372413635E-001,9.401493072509766E-001,
1.451366666666667E+009,1.207604259252548E-001,1.420938502997160E-002,-2.515735328197479E-001,9.442024230957031E-001,1.207604259252548E-001,1.420938502997160E-002,-2.515735328197479E-001,9.442024230957031E-001,
1.459733333333334E+009,1.258985698223114E-001,-9.011487476527691E-003,-2.371734082698822E-001,9.470904469490051E-001,1.258985698223114E-001,-9.011487476527691E-003,-2.371734082698822E-001,9.470904469490051E-001,
1.468100000000000E+009,1.188613176345825E-001,-3.152067586779594E-002,-2.015544474124908E-001,9.536796212196350E-001,1.188613176345825E-001,-3.152067586779594E-002,-2.015544474124908E-001,9.536796212196350E-001,
1.476466666666667E+009,1.017477065324783E-001,-4.629890248179436E-002,-1.824700236320496E-001,9.686194658279419E-001,1.017477065324783E-001,-4.629890248179436E-002,-1.824700236320496E-001,9.686194658279419E-001,
1.484833333333334E+009,7.956486195325851E-002,-4.956133291125298E-002,-1.492439806461334E-001,9.702363610267639E-001,7.956486195325851E-002,-4.956133291125298E-002,-1.492439806461334E-001,9.702363610267639E-001,
1.493200000000000E+009,6.331244111061096E-002,-4.012842848896980E-002,-1.318518817424774E-001,9.714494943618774E-001,6.331244111061096E-002,-4.012842848896980E-002,-1.318518817424774E-001,9.714494943618774E-001,
1.501566666666667E+009,5.441392213106155E-002,-2.140526846051216E-002,-1.013970971107483E-001,9.747597575187683E-001,5.441392213106155E-002,-2.140526846051216E-002,-1.013970971107483E-001,9.747597575187683E-001,
1.509933333333334E+009,5.592532455921173E-002,-1.187084053526633E-004,-8.467596769332886E-002,9.799945354461670E-001,5.592532455921173E-002,-1.187084053526633E-004,-8.467596769332886E-002,9.799945354461670E-001,
1.518300000000000E+009,7.170000672340393E-002,1.454351469874382E-002,-5.700790509581566E-002,9.852955937385559E-001,7.170000672340393E-002,1.454351469874382E-002,-5.700790509581566E-002,9.852955937385559E-001,
1.526666666666667E+009,9.179787337779999E-002,1.866823993623257E-002,-2.377908304333687E-002,9.766924381256104E-001,9.179787337779999E-002,1.866823993623257E-002,-2.377908304333687E-002,9.766924381256104E-001,
1.535033333333334E+009,1.120618805289269E-001,1.222215406596661E-002,-1.820050878450275E-003,9.852638840675354E-001,1.120618805289269E-001,1.222215406596661E-002,-1.820050878450275E-003,9.852638840675354E-001,
1.543400000000000E+009,1.243524998426437E-001,-6.368957925587893E-003,1.889661513268948E-002,9.772084355354309E-001,1.243524998426437E-001,-6.368957925587893E-003,1.889661513268948E-002,9.772084355354309E-001,
1.551766666666667E+009,1.245269700884819E-001,-3.092917241156101E-002,4.137454181909561E-002,9.715756177902222E-001,1.245269700884819E-001,-3.092917241156101E-002,4.137454181909561E-002,9.715756177902222E-001,
1.560133333333334E+009,1.161922365427017E-001,-5.234398320317268E-002,6.249104067683220E-002,9.763032197952271E-001,1.161922365427017E-001,-5.234398320317268E-002,6.249104067683220E-002,9.763032197952271E-001,
1.568500000000000E+009,1.001711860299110E-001,-6.567072868347168E-002,7.985809445381165E-002,9.788159132003784E-001,1.001711860299110E-001,-6.567072868347168E-002,7.985809445381165E-002,9.788159132003784E-001,
1.576866666666667E+009,7.934335619211197E-002,-6.707408279180527E-002,1.207014769315720E-001,9.692540168762207E-001,7.934335619211197E-002,-6.707408279180527E-002,1.207014769315720E-001,9.692540168762207E-001,
1.585233333333334E+009,6.592171639204025E-002,-5.880834907293320E-002,1.364556550979614E-001,9.698600172996521E-001,6.592171639204025E-002,-5.880834907293320E-002,1.364556550979614E-001,9.698600172996521E-001,
1.593600000000000E+009,5.859032273292542E-002,-4.416129365563393E-002,1.651618033647537E-001,9.642327427864075E-001,5.859032273292542E-002,-4.416129365563393E-002,1.651618033647537E-001,9.642327427864075E-001,
1.601966666666667E+009,6.191680580377579E-002,-2.651948109269142E-002,1.874053329229355E-001,9.620181322097778E-001,6.191680580377579E-002,-2.651948109269142E-002,1.874053329229355E-001,9.620181322097778E-001,
1.610333333333334E+009,7.453352212905884E-002,-1.565843075513840E-002,2.190240770578384E-001,9.531840085983276E-001,7.453352212905884E-002,-1.565843075513840E-002,2.190240770578384E-001,9.531840085983276E-001,
1.618700000000000E+009,9.278532862663269E-002,-1.413176581263542E-002,2.450246512889862E-001,9.483685493469238E-001,9.278532862663269E-002,-1.413176581263542E-002,2.450246512889862E-001,9.483685493469238E-001,
1.627066666666667E+009,1.071356683969498E-001,-2.278259582817555E-002,2.665385603904724E-001,9.391756057739258E-001,1.071356683969498E-001,-2.278259582817555E-002,2.665385603904724E-001,9.391756057739258E-001,
1.635433333333334E+009,1.144197657704353E-001,-3.721294924616814E-002,2.935603559017181E-001,9.374398589134216E-001,1.144197657704353E-001,-3.721294924616814E-002,2.935603559017181E-001,9.374398589134216E-001,
1.643800000000000E+009,1.133102700114250E-001,-5.737906694412231E-002,3.054664134979248E-001,9.260318279266357E-001,1.133102700114250E-001,-5.737906694412231E-002,3.054664134979248E-001,9.260318279266357E-001,
1.652166666666667E+009,1.023319363594055E-001,-7.413897663354874E-002,3.387199938297272E-001,9.159749150276184E-001,1.023319363594055E-001,-7.413897663354874E-002,3.387199938297272E-001,9.159749150276184E-001,
1.660533333333334E+009,8.638326078653336E-002,-8.263429999351502E-002,3.548238277435303E-001,9.112426638603210E-001,8.638326078653336E-002,-8.263429999351502E-002,3.548238277435303E-001,9.112426638603210E-001,
1.668900000000000E+009,6.981185078620911E-002,-8.149406313896179E-002,3.766850531101227E-001,8.988785743713379E-001,6.981185078620911E-002,-8.149406313896179E-002,3.766850531101227E-001,8.988785743713379E-001,
1.677266666666667E+009,5.682258680462837E-002,-7.387687265872955E-002,4.163965880870819E-001,8.892531394958496E-001,5.682258680462837E-002,-7.387687265872955E-002,4.163965880870819E-001,8.892531394958496E-001,
1.685633333333334E+009,5.416215956211090E-002,-5.967429652810097E-002,4.322696626186371E-001,8.819297552108765E-001,5.416215956211090E-002,-5.967429652810097E-002,4.322696626186371E-001,8.819297552108765E-001,
1.694000000000000E+009,5.855667963624001E-002,-4.772809892892838E-002,4.492600262165070E-001,8.683851361274719E-001,5.855667963624001E-002,-4.772809892892838E-002,4.492600262165070E-001,8.683851361274719E-001,
1.702366666666667E+009,7.056689262390137E-002,-3.821099549531937E-002,4.732045829296112E-001,8.589633703231812E-001,7.056689262390137E-002,-3.821099549531937E-002,4.732045829296112E-001,8.589633703231812E-001,
1.710733333333334E+009,8.701771497726440E-002,-3.698489069938660E-002,4.919900596141815E-001,8.398610949516296E-001,8.701771497726440E-002,-3.698489069938660E-002,4.919900596141815E-001,8.398610949516296E-001,
1.719100000000000E+009,1.007993295788765E-001,-4.669754952192307E-002,5.183179378509522E-001,8.234401345252991E-001,1.007993295788765E-001,-4.669754952192307E-002,5.183179378509522E-001,8.234401345252991E-001,
1.727466666666667E+009,1.087013185024262E-001,-6.173612549901009E-002,5.354583263397217E-001,8.150697350502014E-001,1.087013185024262E-001,-6.173612549901009E-002,5.354583263397217E-001,8.150697350502014E-001,
1.735833333333334E+009,1.075326725840569E-001,-7.952845096588135E-002,5.507394671440125E-001,7.988343238830566E-001,1.075326725840569E-001,-7.952845096588135E-002,5.507394671440125E-001,7.988343238830566E-001,
1.744200000000000E+009,9.751098603010178E-002,-9.787887334823608E-002,5.776093006134033E-001,7.759824991226196E-001,9.751098603010178E-002,-9.787887334823608E-002,5.776093006134033E-001,7.759824991226196E-001,
1.752566666666667E+009,8.273305743932724E-002,-1.094440445303917E-001,6.047099232673645E-001,7.694534063339233E-001,8.273305743932724E-002,-1.094440445303917E-001,6.047099232673645E-001,7.694534063339233E-001,
1.760933333333334E+009,6.548374891281128E-002,-1.145306527614594E-001,6.125530600547791E-001,7.564307451248169E-001,6.548374891281128E-002,-1.145306527614594E-001,6.125530600547791E-001,7.564307451248169E-001,
1.769300000000000E+009,4.960807785391808E-002,-1.117066293954849E-001,6.364113688468933E-001,7.469769716262817E-001,4.960807785391808E-002,-1.117066293954849E-001,6.364113688468933E-001,7.469769716262817E-001,
1.777666666666667E+009,4.022604972124100E-002,-1.013010218739510E-001,6.511080861091614E-001,7.373682260513306E-001,4.022604972124100E-002,-1.013010218739510E-001,6.511080861091614E-001,7.373682260513306E-001,
1.786033333333334E+009,3.825534880161285E-002,-9.159597009420395E-002,6.660453677177429E-001,7.065871953964233E-001,3.825534880161285E-002,-9.159597009420395E-002,6.660453677177429E-001,7.065871953964233E-001,
1.794400000000000E+009,4.406659677624703E-002,-7.981461286544800E-002,6.896046996116638E-001,6.905986666679382E-001,4.406659677624703E-002,-7.981461286544800E-002,6.896046996116638E-001,6.905986666679382E-001,
1.802766666666667E+009,5.117999389767647E-002,-7.520923018455505E-002,7.080001235008240E-001,6.714370250701904E-001,5.117999389767647E-002,-7.520923018455505E-002,7.080001235008240E-001,6.714370250701904E-001,
1.811133333333334E+009,6.081196665763855E-002,-7.453681528568268E-002,7.325862646102905E-001,6.517278552055359E-001,6.081196665763855E-002,-7.453681528568268E-002,7.325862646102905E-001,6.517278552055359E-001,
1.819500000000000E+009,6.930741667747498E-002,-7.997060567140579E-002,7.424722909927368E-001,6.248046159744263E-001,6.930741667747498E-002,-7.997060567140579E-002,7.424722909927368E-001,6.248046159744263E-001,
1.827866666666667E+009,7.323147356510162E-002,-8.964503556489945E-002,7.623425722122192E-001,6.132976412773132E-001,7.323147356510162E-002,-8.964503556489945E-002,7.623425722122192E-001,6.132976412773132E-001,
1.836233333333334E+009,6.853620707988739E-002,-1.010546758770943E-001,7.730829119682312E-001,5.950981378555298E-001,6.853620707988739E-002,-1.010546758770943E-001,7.730829119682312E-001,5.950981378555298E-001,
1.844600000000000E+009,5.936640873551369E-002,-1.101815178990364E-001,7.890809774398804E-001,5.874161124229431E-001,5.936640873551369E-002,-1.101815178990364E-001,7.890809774398804E-001,5.874161124229431E-001,
1.852966666666667E+009,4.880310967564583E-002,-1.151687949895859E-001,7.963747978210449E-001,5.531060099601746E-001,4.880310967564583E-002,-1.151687949895859E-001,7.963747978210449E-001,5.531060099601746E-001,
1.861333333333334E+009,3.715290129184723E-002,-1.181162968277931E-001,8.190900683403015E-001,5.337461829185486E-001,3.715290129184723E-002,-1.181162968277931E-001,8.190900683403015E-001,5.337461829185486E-001,
1.869700000000000E+009,2.894475124776363E-002,-1.123578548431397E-001,8.332016468048096E-001,5.143481492996216E-001,2.894475124776363E-002,-1.123578548431397E-001,8.332016468048096E-001,5.143481492996216E-001,
1.878066666666667E+009,2.446301095187664E-002,-1.075300574302673E-001,8.468476533889771E-001,4.985979497432709E-001,2.446301095187664E-002,-1.075300574302673E-001,8.468476533889771E-001,4.985979497432709E-001,
1.886433333333334E+009,2.563728392124176E-002,-1.000916659832001E-001,8.645779490470886E-001,4.721578359603882E-001,2.563728392124176E-002,-1.000916659832001E-001,8.645779490470886E-001,4.721578359603882E-001,
1.894800000000000E+009,3.324915468692780E-002,-9.557354450225830E-002,8.753142356872559E-001,4.521893262863159E-001,3.324915468692780E-002,-9.557354450225830E-002,8.753142356872559E-001,4.521893262863159E-001,
1.903166666666667E+009,4.123160988092423E-002,-9.299557656049728E-002,8.859196305274963E-001,4.210506379604340E-001,4.123160988092423E-002,-9.299557656049728E-002,8.859196305274963E-001,4.210506379604340E-001,
1.911533333333334E+009,4.896690696477890E-002,-9.855844080448151E-002,8.921944499015808E-001,3.931216299533844E-001,4.896690696477890E-002,-9.855844080448151E-002,8.921944499015808E-001,3.931216299533844E-001,
1.919900000000000E+009,5.362866446375847E-002,-1.072703450918198E-001,9.069352149963379E-001,3.781057298183441E-001,5.362866446375847E-002,-1.072703450918198E-001,9.069352149963379E-001,3.781057298183441E-001,
1.928266666666667E+009,5.419423803687096E-002,-1.178005561232567E-001,9.018732905387878E-001,3.405315876007080E-001,5.419423803687096E-002,-1.178005561232567E-001,9.018732905387878E-001,3.405315876007080E-001,
1.936633333333334E+009,4.599191993474960E-002,-1.297135502099991E-001,9.202685952186585E-001,3.293294012546539E-001,4.599191993474960E-002,-1.297135502099991E-001,9.202685952186585E-001,3.293294012546539E-001,
1.945000000000000E+009,3.331869095563889E-002,-1.376015692949295E-001,9.293416142463684E-001,3.037492036819458E-001,3.331869095563889E-002,-1.376015692949295E-001,9.293416142463684E-001,3.037492036819458E-001,
1.953366666666667E+009,1.912996731698513E-002,-1.427623629570007E-001,9.297955036163330E-001,2.831579148769379E-001,1.912996731698513E-002,-1.427623629570007E-001,9.297955036163330E-001,2.831579148769379E-001,
1.961733333333334E+009,2.509050071239471E-003,-1.387811899185181E-001,9.443571567535400E-001,2.607521116733551E-001,2.509050071239471E-003,-1.387811899185181E-001,9.443571567535400E-001,2.607521116733551E-001,
1.970100000000000E+009,-9.567404165863991E-003,-1.321416348218918E-001,9.440379142761231E-001,2.373781800270081E-001,-9.567404165863991E-003,-1.321416348218918E-001,9.440379142761231E-001,2.373781800270081E-001,
1.978466666666667E+009,-1.386651862412691E-002,-1.202545166015625E-001,9.539834856987000E-001,2.077771872282028E-001,-1.386651862412691E-002,-1.202545166015625E-001,9.539834856987000E-001,2.077771872282028E-001,
1.986833333333334E+009,-1.074988767504692E-002,-1.100365743041039E-001,9.573863744735718E-001,1.890283077955246E-001,-1.074988767504692E-002,-1.100365743041039E-001,9.573863744735718E-001,1.890283077955246E-001,
1.995200000000000E+009,3.536784206517041E-004,-1.040476113557816E-001,9.604223966598511E-001,1.711558401584625E-001,3.536784206517041E-004,-1.040476113557816E-001,9.604223966598511E-001,1.711558401584625E-001,
2.003566666666667E+009,1.351299788802862E-002,-1.037903204560280E-001,9.656921625137329E-001,1.355906873941422E-001,1.351299788802862E-002,-1.037903204560280E-001,9.656921625137329E-001,1.355906873941422E-001,
2.011933333333334E+009,2.458680048584938E-002,-1.128152981400490E-001,9.742003083229065E-001,1.065738573670387E-001,2.458680048584938E-002,-1.128152981400490E-001,9.742003083229065E-001,1.065738573670387E-001,
2.020300000000000E+009,3.060669079422951E-002,-1.240904629230499E-001,9.742833375930786E-001,7.426062226295471E-002,3.060669079422951E-002,-1.240904629230499E-001,9.742833375930786E-001,7.426062226295471E-002,
2.028666666666667E+009,2.700551599264145E-002,-1.393687427043915E-001,9.750663638114929E-001,5.820220336318016E-002,2.700551599264145E-002,-1.393687427043915E-001,9.750663638114929E-001,5.820220336318016E-002,
2.037033333333334E+009,1.415566820651293E-002,-1.543709486722946E-001,9.762554168701172E-001,3.121791593730450E-002,1.415566820651293E-002,-1.543709486722946E-001,9.762554168701172E-001,3.121791593730450E-002,
2.045400000000000E+009,-4.477251786738634E-003,-1.613616645336151E-001,9.712830185890198E-001,1.285715587437153E-002,-4.477251786738634E-003,-1.613616645336151E-001,9.712830185890198E-001,1.285715587437153E-002,
2.053766666666667E+009,-2.614438906311989E-002,-1.595128476619721E-001,9.715099930763245E-001,-1.325835101306438E-002,-2.614438906311989E-002,-1.595128476619721E-001,9.715099930763245E-001,-1.325835101306438E-002,
2.062133333333334E+009,-4.257278889417648E-002,-1.520543396472931E-001,9.752609133720398E-001,-3.850182145833969E-002,-4.257278889417648E-002,-1.520543396472931E-001,9.752609133720398E-001,-3.850182145833969E-002,
2.070500000000000E+009,-5.141943693161011E-002,-1.357194334268570E-001,9.749433398246765E-001,-6.393707543611527E-002,-5.141943693161011E-002,-1.357194334268570E-001,9.749433398246765E-001,-6.393707543611527E-002,
2.078866666666667E+009,-5.012808367609978E-002,-1.207673624157906E-001,9.709384441375732E-001,-8.614478260278702E-002,-5.012808367609978E-002,-1.207673624157906E-001,9.709384441375732E-001,-8.614478260278702E-002,
2.087233333333334E+009,-3.950105607509613E-002,-1.129571869969368E-001,9.710189104080200E-001,-1.201541721820831E-001,-3.950105607509613E-002,-1.129571869969368E-001,9.710189104080200E-001,-1.201541721820831E-001,
2.095600000000000E+009,-2.421317249536514E-002,-1.105324774980545E-001,9.737178683280945E-001,-1.415092647075653E-001,-2.421317249536514E-002,-1.105324774980545E-001,9.737178683280945E-001,-1.415092647075653E-001,
2.103966666666667E+009,-1.039386633783579E-002,-1.212035045027733E-001,9.700853228569031E-001,-1.703995168209076E-001,-1.039386633783579E-002,-1.212035045027733E-001,9.700853228569031E-001,-1.703995168209076E-001,
2.112333333333334E+009,-3.393895924091339E-003,-1.374632716178894E-001,9.567867517471314E-001,-1.915846467018127E-001,-3.393895924091339E-003,-1.374632716178894E-001,9.567867517471314E-001,-1.915846467018127E-001,
2.120700000000000E+009,-6.870015058666468E-003,-1.597528755664825E-001,9.506770372390747E-001,-2.232334911823273E-001,-6.870015058666468E-003,-1.597528755664825E-001,9.506770372390747E-001,-2.232334911823273E-001,
2.129066666666667E+009,-2.367246709764004E-002,-1.740062832832336E-001,9.517914056777954E-001,-2.514347136020660E-001,-2.367246709764004E-002,-1.740062832832336E-001,9.517914056777954E-001,-2.514347136020660E-001,
2.137433333333334E+009,-4.887295514345169E-002,-1.810431629419327E-001,9.321260452270508E-001,-2.683354020118713E-001,-4.887295514345169E-002,-1.810431629419327E-001,9.321260452270508E-001,-2.683354020118713E-001,
2.145800000000000E+009,-7.811165601015091E-002,-1.761673390865326E-001,9.283630251884460E-001,-2.898067533969879E-001,-7.811165601015091E-002,-1.761673390865326E-001,9.283630251884460E-001,-2.898067533969879E-001,
2.154166666666667E+009,-9.998212009668350E-002,-1.604282259941101E-001,9.197767376899719E-001,-3.064524829387665E-001,-9.998212009668350E-002,-1.604282259941101E-001,9.197767376899719E-001,-3.064524829387665E-001,
2.162533333333334E+009,-1.119939163327217E-001,-1.362624019384384E-001,9.004932641983032E-001,-3.286018371582031E-001,-1.119939163327217E-001,-1.362624019384384E-001,9.004932641983032E-001,-3.286018371582031E-001,
2.170900000000000E+009,-1.102204099297524E-001,-1.140041649341583E-001,9.079499840736389E-001,-3.569594323635101E-001,-1.102204099297524E-001,-1.140041649341583E-001,9.079499840736389E-001,-3.569594323635101E-001,
2.179266666666667E+009,-9.664118289947510E-002,-9.970080107450485E-002,8.974442481994629E-001,-3.725586235523224E-001,-9.664118289947510E-002,-9.970080107450485E-002,8.974442481994629E-001,-3.725586235523224E-001,
2.187633333333334E+009,-7.780072838068008E-002,-9.629534929990768E-002,8.935900330543518E-001,-4.063644409179688E-001,-7.780072838068008E-002,-9.629534929990768E-002,8.935900330543518E-001,-4.063644409179688E-001,
2.196000000000000E+009,-5.834183841943741E-002,-1.072825342416763E-001,8.737677931785584E-001,-4.288198947906494E-001,-5.834183841943741E-002,-1.072825342416763E-001,8.737677931785584E-001,-4.288198947906494E-001,
2.204366666666667E+009,-4.847036302089691E-002,-1.292483210563660E-001,8.641199469566345E-001,-4.526427388191223E-001,-4.847036302089691E-002,-1.292483210563660E-001,8.641199469566345E-001,-4.526427388191223E-001,
2.212733333333334E+009,-5.225501209497452E-002,-1.533939093351364E-001,8.470328450202942E-001,-4.851627945899963E-001,-5.225501209497452E-002,-1.533939093351364E-001,8.470328450202942E-001,-4.851627945899963E-001,
2.221100000000000E+009,-7.080924510955811E-002,-1.697848588228226E-001,8.243182301521301E-001,-4.957321882247925E-001,-7.080924510955811E-002,-1.697848588228226E-001,8.243182301521301E-001,-4.957321882247925E-001,
2.229466666666667E+009,-9.673154354095459E-002,-1.766988635063171E-001,8.147982954978943E-001,-5.070952177047730E-001,-9.673154354095459E-002,-1.766988635063171E-001,8.147982954978943E-001,-5.070952177047730E-001,
2.237833333333334E+009,-1.277726888656616E-001,-1.662311851978302E-001,8.039164543151856E-001,-5.318859815597534E-001,-1.277726888656616E-001,-1.662311851978302E-001,8.039164543151856E-001,-5.318859815597534E-001,
2.246200000000000E+009,-1.522322893142700E-001,-1.449929624795914E-001,7.899138331413269E-001,-5.494603514671326E-001,-1.522322893142700E-001,-1.449929624795914E-001,7.899138331413269E-001,-5.494603514671326E-001,
2.254566666666667E+009,-1.618189215660095E-001,-1.150727197527885E-001,7.806437611579895E-001,-5.652193427085877E-001,-1.618189215660095E-001,-1.150727197527885E-001,7.806437611579895E-001,-5.652193427085877E-001,
2.262933333333334E+009,-1.599909514188767E-001,-8.919459581375122E-002,7.674768567085266E-001,-5.858696699142456E-001,-1.599909514188767E-001,-8.919459581375122E-002,7.674768567085266E-001,-5.858696699142456E-001,
2.271300000000000E+009,-1.452816128730774E-001,-6.994511932134628E-002,7.513313889503479E-001,-6.045039892196655E-001,-1.452816128730774E-001,-6.994511932134628E-002,7.513313889503479E-001,-6.045039892196655E-001,
2.279666666666667E+009,-1.230066046118736E-001,-6.805922836065292E-002,7.403334975242615E-001,-6.267832517623901E-001,-1.230066046118736E-001,-6.805922836065292E-002,7.403334975242615E-001,-6.267832517623901E-001,
2.288033333333334E+009,-1.054960936307907E-001,-8.044507354497910E-002,7.236142754554749E-001,-6.578223705291748E-001,-1.054960936307907E-001,-8.044507354497910E-002,7.236142754554749E-001,-6.578223705291748E-001,
2.296400000000000E+009,-9.721889346837997E-002,-1.034776195883751E-001,6.997153759002686E-001,-6.771458387374878E-001,-9.721889346837997E-002,-1.034776195883751E-001,6.997153759002686E-001,-6.771458387374878E-001,
2.304766666666667E+009,-1.054437682032585E-001,-1.274019628763199E-001,6.835724711418152E-001,-6.839288473129273E-001,-1.054437682032585E-001,-1.274019628763199E-001,6.835724711418152E-001,-6.839288473129273E-001,
2.313133333333334E+009,-1.279331445693970E-001,-1.406915634870529E-001,6.556044220924377E-001,-7.142303586006165E-001,-1.279331445693970E-001,-1.406915634870529E-001,6.556044220924377E-001,-7.142303586006165E-001,
2.321500000000000E+009,-1.529360562562943E-001,-1.397057324647903E-001,6.397379040718079E-001,-7.193540930747986E-001,-1.529360562562943E-001,-1.397057324647903E-001,6.397379040718079E-001,-7.193540930747986E-001,
2.329866666666667E+009,-1.781607717275620E-001,-1.232535019516945E-001,6.277763843536377E-001,-7.343688011169434E-001,-1.781607717275620E-001,-1.232535019516945E-001,6.277763843536377E-001,-7.343688011169434E-001,
2.338233333333334E+009,-1.949580609798431E-001,-9.657040983438492E-002,6.010732650756836E-001,-7.479590177536011E-001,-1.949580609798431E-001,-9.657040983438492E-002,6.010732650756836E-001,-7.479590177536011E-001,
2.346600000000000E+009,-1.966710388660431E-001,-6.264434009790421E-002,5.831579566001892E-001,-7.642956972122192E-001,-1.966710388660431E-001,-6.264434009790421E-002,5.831579566001892E-001,-7.642956972122192E-001,
2.354966666666667E+009,-1.825706809759140E-001,-3.777781501412392E-002,5.766861438751221E-001,-7.759695053100586E-001,-1.825706809759140E-001,-3.777781501412392E-002,5.766861438751221E-001,-7.759695053100586E-001,
2.363333333333334E+009,-1.605157256126404E-001,-2.710883691906929E-002,5.608325004577637E-001,-7.932915091514587E-001,-1.605157256126404E-001,-2.710883691906929E-002,5.608325004577637E-001,-7.932915091514587E-001,
2.371700000000000E+009,-1.339130848646164E-001,-3.241366520524025E-002,5.398664474487305E-001,-8.149245977401733E-001,-1.339130848646164E-001,-3.241366520524025E-002,5.398664474487305E-001,-8.149245977401733E-001,
2.380066666666667E+009,-1.198070421814919E-001,-5.657307431101799E-002,5.080874562263489E-001,-8.307288289070129E-001,-1.198070421814919E-001,-5.657307431101799E-002,5.080874562263489E-001,-8.307288289070129E-001,
2.388433333333334E+009,-1.227319464087486E-001,-8.669035881757736E-002,4.852065145969391E-001,-8.377070426940918E-001,-1.227319464087486E-001,-8.669035881757736E-002,4.852065145969391E-001,-8.377070426940918E-001,
2.396800000000000E+009,-1.432777941226959E-001,-1.145018115639687E-001,4.485065042972565E-001,-8.555777668952942E-001,-1.432777941226959E-001,-1.145018115639687E-001,4.485065042972565E-001,-8.555777668952942E-001,
2.405166666666667E+009,-1.767957955598831E-001,-1.292008757591248E-001,4.274385571479797E-001,-8.641384840011597E-001,-1.767957955598831E-001,-1.292008757591248E-001,4.274385571479797E-001,-8.641384840011597E-001,
2.413533333333334E+009,-2.153698503971100E-001,-1.199272945523262E-001,4.016302525997162E-001,-8.654391169548035E-001,-2.153698503971100E-001,-1.199272945523262E-001,4.016302525997162E-001,-8.654391169548035E-001,
2.421900000000000E+009,-2.487417161464691E-001,-9.319713711738586E-002,3.879444301128388E-001,-8.727225661277771E-001,-2.487417161464691E-001,-9.319713711738586E-002,3.879444301128388E-001,-8.727225661277771E-001,
2.430266666666667E+009,-2.640086412429810E-001,-5.405289307236671E-002,3.700579702854157E-001,-8.794872760772705E-001,-2.640086412429810E-001,-5.405289307236671E-002,3.700579702854157E-001,-8.794872760772705E-001,
2.438633333333334E+009,-2.641479969024658E-001,-7.814013399183750E-003,3.525534570217133E-001,-8.856266736984253E-001,-2.641479969024658E-001,-7.814013399183750E-003,3.525534570217133E-001,-8.856266736984253E-001,
2.447000000000000E+009,-2.432202398777008E-001,3.171074017882347E-002,3.335207998752594E-001,-8.990318775177002E-001,-2.432202398777008E-001,3.171074017882347E-002,3.335207998752594E-001,-8.990318775177002E-001,
2.455366666666667E+009,-2.099896371364594E-001,5.278398841619492E-002,3.160513341426849E-001,-9.067319035530090E-001,-2.099896371364594E-001,5.278398841619492E-002,3.160513341426849E-001,-9.067319035530090E-001,
2.463733333333334E+009,-1.760844439268112E-001,5.459836870431900E-002,2.943680882453919E-001,-9.243867397308350E-001,-1.760844439268112E-001,5.459836870431900E-002,2.943680882453919E-001,-9.243867397308350E-001,
2.472100000000000E+009,-1.516337096691132E-001,3.529375791549683E-002,2.666824162006378E-001,-9.358741044998169E-001,-1.516337096691132E-001,3.529375791549683E-002,2.666824162006378E-001,-9.358741044998169E-001,
2.480466666666667E+009,-1.446165293455124E-001,4.674421623349190E-003,2.320925593376160E-001,-9.393601417541504E-001,-1.446165293455124E-001,4.674421623349190E-003,2.320925593376160E-001,-9.393601417541504E-001,
2.488833333333334E+009,-1.575675010681152E-001,-2.514012902975082E-002,2.075019627809525E-001,-9.462535977363586E-001,-1.575675010681152E-001,-2.514012902975082E-002,2.075019627809525E-001,-9.462535977363586E-001,
2.497200000000000E+009,-1.835673153400421E-001,-4.092436283826828E-002,1.754476875066757E-001,-9.516604542732239E-001,-1.835673153400421E-001,-4.092436283826828E-002,1.754476875066757E-001,-9.516604542732239E-001,
2.505566666666667E+009,-2.193828374147415E-001,-3.783970698714256E-002,1.463010162115097E-001,-9.543028473854065E-001,-2.193828374147415E-001,-3.783970698714256E-002,1.463010162115097E-001,-9.543028473854065E-001,
2.513933333333334E+009,-2.449941635131836E-001,-1.432313304394484E-002,1.271811723709106E-001,-9.485622644424439E-001,-2.449941635131836E-001,-1.432313304394484E-002,1.271811723709106E-001,-9.485622644424439E-001,
2.522300000000000E+009,-2.570771872997284E-001,1.890826597809792E-002,1.016641631722450E-001,-9.482067227363586E-001,-2.570771872997284E-001,1.890826597809792E-002,1.016641631722450E-001,-9.482067227363586E-001,
2.530666666666667E+009,-2.490560114383698E-001,5.790250375866890E-002,8.041811734437943E-002,-9.535991549491882E-001,-2.490560114383698E-001,5.790250375866890E-002,8.041811734437943E-002,-9.535991549491882E-001,
2.539033333333334E+009,-2.263751924037933E-001,8.978356420993805E-002,6.551441550254822E-002,-9.532654881477356E-001,-2.263751924037933E-001,8.978356420993805E-002,6.551441550254822E-002,-9.532654881477356E-001,
2.547400000000000E+009,-1.938926130533218E-001,1.073555275797844E-001,4.824486002326012E-002,-9.652554988861084E-001,-1.938926130533218E-001,1.073555275797844E-001,4.824486002326012E-002,-9.652554988861084E-001,
2.555766666666667E+009,-1.598503440618515E-001,1.056267693638802E-001,2.055384591221809E-002,-9.721021652221680E-001,-1.598503440618515E-001,1.056267693638802E-001,2.055384591221809E-002,-9.721021652221680E-001,
2.564133333333334E+009,-1.399855464696884E-001,8.425402641296387E-002,-6.975842639803886E-003,-9.700563549995422E-001,-1.399855464696884E-001,8.425402641296387E-002,-6.975842639803886E-003,-9.700563549995422E-001,
2.572500000000000E+009,-1.385996639728546E-001,5.560921505093575E-002,-3.680489957332611E-002,-9.705174565315247E-001,-1.385996639728546E-001,5.560921505093575E-002,-3.680489957332611E-002,-9.705174565315247E-001,
2.580866666666667E+009,-1.557390987873077E-001,2.957976609468460E-002,-6.789725273847580E-002,-9.709686040878296E-001,-1.557390987873077E-001,2.957976609468460E-002,-6.789725273847580E-002,-9.709686040878296E-001,
2.589233333333334E+009,-1.884432882070541E-001,1.755124330520630E-002,-1.016270443797112E-001,-9.606436491012573E-001,-1.884432882070541E-001,1.755124330520630E-002,-1.016270443797112E-001,-9.606436491012573E-001,
2.597600000000000E+009,-2.222114801406860E-001,2.352078072726727E-002,-1.302808523178101E-001,-9.533089399337769E-001,-2.222114801406860E-001,2.352078072726727E-002,-1.302808523178101E-001,-9.533089399337769E-001,
2.605966666666667E+009,-2.481360286474228E-001,4.948836565017700E-002,-1.432426720857620E-001,-9.500350952148438E-001,-2.481360286474228E-001,4.948836565017700E-002,-1.432426720857620E-001,-9.500350952148438E-001,
2.614333333333334E+009,-2.570642828941345E-001,8.378112316131592E-002,-1.640193462371826E-001,-9.363430738449097E-001,-2.570642828941345E-001,8.378112316131592E-002,-1.640193462371826E-001,-9.363430738449097E-001,
2.622700000000000E+009,-2.452541738748550E-001,1.243438422679901E-001,-1.821219772100449E-001,-9.282718300819397E-001,-2.452541738748550E-001,1.243438422679901E-001,-1.821219772100449E-001,-9.282718300819397E-001,
2.631066666666667E+009,-2.183875739574432E-001,1.560196727514267E-001,-2.033785879611969E-001,-9.367130398750305E-001,-2.183875739574432E-001,1.560196727514267E-001,-2.033785879611969E-001,-9.367130398750305E-001,
2.639433333333334E+009,-1.807068735361099E-001,1.707404404878616E-001,-2.212995588779450E-001,-9.269441366195679E-001,-1.807068735361099E-001,1.707404404878616E-001,-2.212995588779450E-001,-9.269441366195679E-001,
2.647800000000000E+009,-1.437043845653534E-001,1.684443950653076E-001,-2.456121742725372E-001,-9.283868074417114E-001,-1.437043845653534E-001,1.684443950653076E-001,-2.456121742725372E-001,-9.283868074417114E-001,
2.656166666666667E+009,-1.207989230751991E-001,1.494244039058685E-001,-2.691404521465302E-001,-9.326580166816711E-001,-1.207989230751991E-001,1.494244039058685E-001,-2.691404521465302E-001,-9.326580166816711E-001,
2.664533333333334E+009,-1.159450933337212E-001,1.230435222387314E-001,-3.046402037143707E-001,-9.162569046020508E-001,-1.159450933337212E-001,1.230435222387314E-001,-3.046402037143707E-001,-9.162569046020508E-001,
2.672900000000000E+009,-1.310123950242996E-001,9.906838834285736E-002,-3.284695446491242E-001,-9.109323620796204E-001,-1.310123950242996E-001,9.906838834285736E-002,-3.284695446491242E-001,-9.109323620796204E-001,
2.681266666666667E+009,-1.596173048019409E-001,8.947520703077316E-002,-3.576057553291321E-001,-8.958569765090942E-001,-1.596173048019409E-001,8.947520703077316E-002,-3.576057553291321E-001,-8.958569765090942E-001,
2.689633333333334E+009,-1.923984289169312E-001,9.738666564226151E-002,-3.804614245891571E-001,-8.839913606643677E-001,-1.923984289169312E-001,9.738666564226151E-002,-3.804614245891571E-001,-8.839913606643677E-001,
2.698000000000000E+009,-2.146455347537994E-001,1.217062324285507E-001,-3.929395377635956E-001,-8.664794564247131E-001,-2.146455347537994E-001,1.217062324285507E-001,-3.929395377635956E-001,-8.664794564247131E-001,
2.706366666666667E+009,-2.194539010524750E-001,1.568640470504761E-001,-4.162822067737579E-001,-8.485234975814819E-001,-2.194539010524750E-001,1.568640470504761E-001,-4.162822067737579E-001,-8.485234975814819E-001,
2.714733333333334E+009,-2.070637643337250E-001,1.905878335237503E-001,-4.287552833557129E-001,-8.450587987899780E-001,-2.070637643337250E-001,1.905878335237503E-001,-4.287552833557129E-001,-8.450587987899780E-001,
2.723100000000000E+009,-1.755871325731278E-001,2.179875969886780E-001,-4.447180926799774E-001,-8.324715495109558E-001,-1.755871325731278E-001,2.179875969886780E-001,-4.447180926799774E-001,-8.324715495109558E-001,
2.731466666666667E+009,-1.344056725502014E-001,2.300337851047516E-001,-4.660631716251373E-001,-8.292853832244873E-001,-1.344056725502014E-001,2.300337851047516E-001,-4.660631716251373E-001,-8.292853832244873E-001,
2.739833333333334E+009,-9.544610977172852E-002,2.229932695627213E-001,-4.851462244987488E-001,-8.199670314788818E-001,-9.544610977172852E-002,2.229932695627213E-001,-4.851462244987488E-001,-8.199670314788818E-001,
2.748200000000000E+009,-6.863178312778473E-002,2.025453299283981E-001,-5.094794631004334E-001,-8.135131597518921E-001,-6.863178312778473E-002,2.025453299283981E-001,-5.094794631004334E-001,-8.135131597518921E-001,
2.756566666666667E+009,-6.051574274897575E-002,1.742124855518341E-001,-5.367084741592407E-001,-8.050247430801392E-001,-6.051574274897575E-002,1.742124855518341E-001,-5.367084741592407E-001,-8.050247430801392E-001,
2.764933333333334E+009,-7.201253622770309E-002,1.492379754781723E-001,-5.709503889083862E-001,-7.939882874488831E-001,-7.201253622770309E-002,1.492379754781723E-001,-5.709503889083862E-001,-7.939882874488831E-001,
2.773300000000000E+009,-9.823997318744659E-002,1.349918097257614E-001,-5.875224471092224E-001,-7.702501416206360E-001,-9.823997318744659E-002,1.349918097257614E-001,-5.875224471092224E-001,-7.702501416206360E-001,
2.781666666666667E+009,-1.307006329298019E-001,1.437798887491226E-001,-6.072168350219727E-001,-7.473596334457398E-001,-1.307006329298019E-001,1.437798887491226E-001,-6.072168350219727E-001,-7.473596334457398E-001,
2.790033333333334E+009,-1.541993916034699E-001,1.653149574995041E-001,-6.251934170722961E-001,-7.292312383651733E-001,-1.541993916034699E-001,1.653149574995041E-001,-6.251934170722961E-001,-7.292312383651733E-001,
2.798400000000000E+009,-1.625486612319946E-001,1.979105770587921E-001,-6.387419700622559E-001,-7.136530876159668E-001,-1.625486612319946E-001,1.979105770587921E-001,-6.387419700622559E-001,-7.136530876159668E-001,
2.806766666666667E+009,-1.481124013662338E-001,2.306806743144989E-001,-6.481670737266541E-001,-6.889533996582031E-001,-1.481124013662338E-001,2.306806743144989E-001,-6.481670737266541E-001,-6.889533996582031E-001,
2.815133333333334E+009,-1.196339651942253E-001,2.524377703666687E-001,-6.609773635864258E-001,-6.770677566528320E-001,-1.196339651942253E-001,2.524377703666687E-001,-6.609773635864258E-001,-6.770677566528320E-001,
2.823500000000000E+009,-7.940493524074554E-002,2.614173293113709E-001,-6.775357127189636E-001,-6.656877994537354E-001,-7.940493524074554E-002,2.614173293113709E-001,-6.775357127189636E-001,-6.656877994537354E-001,
2.831866666666667E+009,-4.088621586561203E-002,2.501252591609955E-001,-6.899440884590149E-001,-6.541219949722290E-001,-4.088621586561203E-002,2.501252591609955E-001,-6.899440884590149E-001,-6.541219949722290E-001,
2.840233333333334E+009,-1.171855349093676E-002,2.268727421760559E-001,-7.152160406112671E-001,-6.436349749565125E-001,-1.171855349093676E-002,2.268727421760559E-001,-7.152160406112671E-001,-6.436349749565125E-001,
2.848600000000000E+009,-2.257207088405266E-004,1.966992616653442E-001,-7.328049540519714E-001,-6.227177977561951E-001,-2.257207088405266E-004,1.966992616653442E-001,-7.328049540519714E-001,-6.227177977561951E-001,
2.856966666666667E+009,-9.578024037182331E-003,1.711738258600235E-001,-7.558257579803467E-001,-6.052949428558350E-001,-9.578024037182331E-003,1.711738258600235E-001,-7.558257579803467E-001,-6.052949428558350E-001,
2.865333333333334E+009,-3.592991828918457E-002,1.584428548812866E-001,-7.770697474479675E-001,-5.864413380622864E-001,-3.592991828918457E-002,1.584428548812866E-001,-7.770697474479675E-001,-5.864413380622864E-001,
2.873700000000000E+009,-6.838339567184448E-002,1.644923239946365E-001,-7.937729954719544E-001,-5.519312620162964E-001,-6.838339567184448E-002,1.644923239946365E-001,-7.937729954719544E-001,-5.519312620162964E-001,
2.882066666666667E+009,-9.282490611076355E-002,1.881462037563324E-001,-8.007616996765137E-001,-5.220692753791809E-001,-9.282490611076355E-002,1.881462037563324E-001,-8.007616996765137E-001,-5.220692753791809E-001,
2.890433333333334E+009,-1.014132723212242E-001,2.236083000898361E-001,-8.099945187568665E-001,-5.005162358283997E-001,-1.014132723212242E-001,2.236083000898361E-001,-8.099945187568665E-001,-5.005162358283997E-001,
2.898800000000000E+009,-8.926540613174439E-002,2.581368386745453E-001,-8.134818673133850E-001,-4.846159517765045E-001,-8.926540613174439E-002,2.581368386745453E-001,-8.134818673133850E-001,-4.846159517765045E-001,
2.907166666666667E+009,-5.942233651876450E-002,2.799498438835144E-001,-8.150954842567444E-001,-4.711623191833496E-001,-5.942233651876450E-002,2.799498438835144E-001,-8.150954842567444E-001,-4.711623191833496E-001,
2.915533333333334E+009,-1.696835458278656E-002,2.870977222919464E-001,-8.277944326400757E-001,-4.481570124626160E-001,-1.696835458278656E-002,2.870977222919464E-001,-8.277944326400757E-001,-4.481570124626160E-001,
2.923900000000000E+009,2.273813448846340E-002,2.733077108860016E-001,-8.387544155120850E-001,-4.381713569164276E-001,2.273813448846340E-002,2.733077108860016E-001,-8.387544155120850E-001,-4.381713569164276E-001,
2.932266666666667E+009,5.367879197001457E-002,2.458499372005463E-001,-8.521398305892944E-001,-4.244107902050018E-001,5.367879197001457E-002,2.458499372005463E-001,-8.521398305892944E-001,-4.244107902050018E-001,
2.940633333333334E+009,6.660476326942444E-002,2.091160118579865E-001,-8.687763810157776E-001,-4.027189612388611E-001,6.660476326942444E-002,2.091160118579865E-001,-8.687763810157776E-001,-4.027189612388611E-001,
2.949000000000000E+009,5.915556102991104E-002,1.746801882982254E-001,-8.909791111946106E-001,-3.728067576885223E-001,5.915556102991104E-002,1.746801882982254E-001,-8.909791111946106E-001,-3.728067576885223E-001,
2.957366666666667E+009,3.495902195572853E-002,1.571320295333862E-001,-9.055002927780151E-001,-3.526658415794373E-001,3.495902195572853E-002,1.571320295333862E-001,-9.055002927780151E-001,-3.526658415794373E-001,
2.965733333333334E+009,7.926700054667890E-004,1.612228453159332E-001,-9.179850220680237E-001,-3.212643861770630E-001,7.926700054667890E-004,1.612228453159332E-001,-9.179850220680237E-001,-3.212643861770630E-001,
2.974100000000000E+009,-2.350962907075882E-002,1.857351362705231E-001,-9.229001998901367E-001,-2.839817404747009E-001,-2.350962907075882E-002,1.857351362705231E-001,-9.229001998901367E-001,-2.839817404747009E-001,
2.982466666666667E+009,-3.268812969326973E-002,2.222076356410980E-001,-9.254291653633118E-001,-2.547664344310761E-001,-3.268812969326973E-002,2.222076356410980E-001,-9.254291653633118E-001,-2.547664344310761E-001,
2.990833333333334E+009,-2.207575365900993E-002,2.585524022579193E-001,-9.183831214904785E-001,-2.383340001106262E-001,-2.207575365900993E-002,2.585524022579193E-001,-9.183831214904785E-001,-2.383340001106262E-001,
2.999200000000000E+009,8.019522763788700E-003,2.834332883358002E-001,-9.188117384910584E-001,-2.178487181663513E-001,8.019522763788700E-003,2.834332883358002E-001,-9.188117384910584E-001,-2.178487181663513E-001,
3.007566666666667E+009,4.891205951571465E-002,2.894258499145508E-001,-9.203114509582520E-001,-1.998771280050278E-001,4.891205951571465E-002,2.894258499145508E-001,-9.203114509582520E-001,-1.998771280050278E-001,
3.015933333333334E+009,9.120811522006989E-002,2.718596458435059E-001,-9.224263429641724E-001,-1.870094537734985E-001,9.120811522006989E-002,2.718596458435059E-001,-9.224263429641724E-001,-1.870094537734985E-001,
3.024300000000000E+009,1.211102753877640E-001,2.395142763853073E-001,-9.321999549865723E-001,-1.718350499868393E-001,1.211102753877640E-001,2.395142763853073E-001,-9.321999549865723E-001,-1.718350499868393E-001,
3.032666666666667E+009,1.331735402345657E-001,1.956726610660553E-001,-9.435926079750061E-001,-1.498485207557678E-001,1.331735402345657E-001,1.956726610660553E-001,-9.435926079750061E-001,-1.498485207557678E-001,
3.041033333333334E+009,1.220098137855530E-001,1.561086326837540E-001,-9.552164077758789E-001,-1.242780089378357E-001,1.220098137855530E-001,1.561086326837540E-001,-9.552164077758789E-001,-1.242780089378357E-001,
3.049400000000000E+009,9.285771101713181E-002,1.344368755817413E-001,-9.630773663520813E-001,-8.677662909030914E-002,9.285771101713181E-002,1.344368755817413E-001,-9.630773663520813E-001,-8.677662909030914E-002,
3.057766666666667E+009,5.816363543272018E-002,1.366924047470093E-001,-9.721761345863342E-001,-6.734475493431091E-002,5.816363543272018E-002,1.366924047470093E-001,-9.721761345863342E-001,-6.734475493431091E-002,
3.066133333333334E+009,2.905415743589401E-002,1.622369140386581E-001,-9.651589393615723E-001,-2.466056682169437E-002,2.905415743589401E-002,1.622369140386581E-001,-9.651589393615723E-001,-2.466056682169437E-002,
3.074500000000000E+009,2.093329466879368E-002,2.035163193941116E-001,-9.636602401733398E-001,6.549387704581022E-003,2.093329466879368E-002,2.035163193941116E-001,-9.636602401733398E-001,6.549387704581022E-003,
3.082866666666667E+009,3.597924485802651E-002,2.435192018747330E-001,-9.525727629661560E-001,2.675339952111244E-002,3.597924485802651E-002,2.435192018747330E-001,-9.525727629661560E-001,2.675339952111244E-002,
3.091233333333334E+009,7.246510684490204E-002,2.731095254421234E-001,-9.419040083885193E-001,5.229446291923523E-002,7.246510684490204E-002,2.731095254421234E-001,-9.419040083885193E-001,5.229446291923523E-002,
3.099600000000000E+009,1.187935397028923E-001,2.776008248329163E-001,-9.334836006164551E-001,6.145042926073074E-002,1.187935397028923E-001,2.776008248329163E-001,-9.334836006164551E-001,6.145042926073074E-002,
3.107966666666667E+009,1.657863557338715E-001,2.560064494609833E-001,-9.348028898239136E-001,7.291387021541596E-002,1.657863557338715E-001,2.560064494609833E-001,-9.348028898239136E-001,7.291387021541596E-002,
3.116333333333334E+009,1.990600228309631E-001,2.148642390966415E-001,-9.360715746879578E-001,9.478478878736496E-002,1.990600228309631E-001,2.148642390966415E-001,-9.360715746879578E-001,9.478478878736496E-002,
3.124700000000000E+009,2.071189731359482E-001,1.624979525804520E-001,-9.443957805633545E-001,1.065163984894753E-001,2.071189731359482E-001,1.624979525804520E-001,-9.443957805633545E-001,1.065163984894753E-001,
3.133066666666667E+009,1.923000961542130E-001,1.140974611043930E-001,-9.535648226737976E-001,1.377262622117996E-001,1.923000961542130E-001,1.140974611043930E-001,-9.535648226737976E-001,1.377262622117996E-001,
3.141433333333334E+009,1.572738289833069E-001,8.143679797649384E-002,-9.570241570472717E-001,1.651885360479355E-001,1.572738289833069E-001,8.143679797649384E-002,-9.570241570472717E-001,1.651885360479355E-001,
3.149800000000000E+009,1.112810224294663E-001,7.838050276041031E-002,-9.578853845596314E-001,2.042749375104904E-001,1.112810224294663E-001,7.838050276041031E-002,-9.578853845596314E-001,2.042749375104904E-001,
3.158166666666667E+009,7.408909499645233E-002,1.041138470172882E-001,-9.441562891006470E-001,2.396722733974457E-001,7.408909499645233E-002,1.041138470172882E-001,-9.441562891006470E-001,2.396722733974457E-001,
3.166533333333334E+009,5.977759510278702E-002,1.486288905143738E-001,-9.324994087219238E-001,2.701487541198731E-001,5.977759510278702E-002,1.486288905143738E-001,-9.324994087219238E-001,2.701487541198731E-001,
3.174900000000000E+009,7.104239612817764E-002,1.957556903362274E-001,-9.135113954544067E-001,2.953253686428070E-001,7.104239612817764E-002,1.957556903362274E-001,-9.135113954544067E-001,2.953253686428070E-001,
3.183266666666667E+009,1.078582555055618E-001,2.301902920007706E-001,-8.945788741111755E-001,3.134875595569611E-001,1.078582555055618E-001,2.301902920007706E-001,-8.945788741111755E-001,3.134875595569611E-001,
3.191633333333334E+009,1.563617885112763E-001,2.380568981170654E-001,-8.780765533447266E-001,3.257763385772705E-001,1.563617885112763E-001,2.380568981170654E-001,-8.780765533447266E-001,3.257763385772705E-001,
3.200000000000000E+009,2.027070522308350E-001,2.167719304561615E-001,-8.734294772148132E-001,3.352459073066711E-001,2.027070522308350E-001,2.167719304561615E-001,-8.734294772148132E-001,3.352459073066711E-001,
