% Version 1.00
%
%freq[Hz],re:Trc1_S11,im:Trc1_S11,re:Trc2_S21,im:Trc2_S21,re:Trc3_S11,im:Trc3_S11,re:Trc4_S21,im:Trc4_S21,
6.900000000000000E+008,-1.566815376281738E-002,1.955788210034370E-002,-4.726388454437256E-001,-8.690884709358215E-001,-1.566815376281738E-002,1.955788210034370E-002,-4.726388454437256E-001,-8.690884709358215E-001,
6.983666666666666E+008,-8.407880552113056E-003,1.895207166671753E-002,-4.885736107826233E-001,-8.574362397193909E-001,-8.407880552113056E-003,1.895207166671753E-002,-4.885736107826233E-001,-8.574362397193909E-001,
7.067333333333334E+008,-3.185508307069540E-003,1.480595115572214E-002,-5.137904882431030E-001,-8.290317058563232E-001,-3.185508307069540E-003,1.480595115572214E-002,-5.137904882431030E-001,-8.290317058563232E-001,
7.151000000000000E+008,-3.357615089043975E-003,6.443638354539871E-003,-5.252602100372315E-001,-8.195972442626953E-001,-3.357615089043975E-003,6.443638354539871E-003,-5.252602100372315E-001,-8.195972442626953E-001,
7.234666666666666E+008,-4.172735847532749E-003,-6.998248281888664E-004,-5.691741704940796E-001,-8.101625442504883E-001,-4.172735847532749E-003,-6.998248281888664E-004,-5.691741704940796E-001,-8.101625442504883E-001,
7.318333333333334E+008,-1.116405054926872E-002,-4.454169888049364E-003,-5.713268518447876E-001,-8.052964806556702E-001,-1.116405054926872E-002,-4.454169888049364E-003,-5.713268518447876E-001,-8.052964806556702E-001,
7.402000000000000E+008,-1.918308250606060E-002,-4.295678809285164E-003,-6.020714640617371E-001,-7.886693477630615E-001,-1.918308250606060E-002,-4.295678809285164E-003,-6.020714640617371E-001,-7.886693477630615E-001,
7.485666666666666E+008,-2.393493056297302E-002,5.933842476224527E-005,-6.253041028976440E-001,-7.483200430870056E-001,-2.393493056297302E-002,5.933842476224527E-005,-6.253041028976440E-001,-7.483200430870056E-001,
7.569333333333334E+008,-2.555078268051148E-002,7.925190962851048E-003,-6.423143744468689E-001,-7.524709701538086E-001,-2.555078268051148E-002,7.925190962851048E-003,-6.423143744468689E-001,-7.524709701538086E-001,
7.653000000000000E+008,-2.324587851762772E-002,1.571245305240154E-002,-6.429182291030884E-001,-7.474576234817505E-001,-2.324587851762772E-002,1.571245305240154E-002,-6.429182291030884E-001,-7.474576234817505E-001,
7.736666666666666E+008,-1.521466206759214E-002,2.290525101125240E-002,-6.710000038146973E-001,-7.381456494331360E-001,-1.521466206759214E-002,2.290525101125240E-002,-6.710000038146973E-001,-7.381456494331360E-001,
7.820333333333334E+008,-9.260142222046852E-003,2.644793130457401E-002,-6.974276304244995E-001,-7.149860858917236E-001,-9.260142222046852E-003,2.644793130457401E-002,-6.974276304244995E-001,-7.149860858917236E-001,
7.904000000000000E+008,-8.964971057139337E-004,2.418450638651848E-002,-7.132022976875305E-001,-6.959890723228455E-001,-8.964971057139337E-004,2.418450638651848E-002,-7.132022976875305E-001,-6.959890723228455E-001,
7.987666666666666E+008,6.057179998606443E-003,1.788713596761227E-002,-7.284910678863525E-001,-6.667268872261047E-001,6.057179998606443E-003,1.788713596761227E-002,-7.284910678863525E-001,-6.667268872261047E-001,
8.071333333333334E+008,5.380766931921244E-003,1.297354511916637E-002,-7.383356690406799E-001,-6.559214591979981E-001,5.380766931921244E-003,1.297354511916637E-002,-7.383356690406799E-001,-6.559214591979981E-001,
8.155000000000000E+008,8.962416904978454E-004,5.703787785023451E-003,-7.503566145896912E-001,-6.174038052558899E-001,8.962416904978454E-004,5.703787785023451E-003,-7.503566145896912E-001,-6.174038052558899E-001,
8.238666666666666E+008,-4.538289736956358E-003,1.221470651216805E-003,-7.816640138626099E-001,-6.187893152236939E-001,-4.538289736956358E-003,1.221470651216805E-003,-7.816640138626099E-001,-6.187893152236939E-001,
8.322333333333334E+008,-1.331724040210247E-002,2.009461866691709E-003,-7.944530844688416E-001,-5.930857062339783E-001,-1.331724040210247E-002,2.009461866691709E-003,-7.944530844688416E-001,-5.930857062339783E-001,
8.406000000000000E+008,-1.926133595407009E-002,4.360987339168787E-003,-8.044381737709045E-001,-5.838489532470703E-001,-1.926133595407009E-002,4.360987339168787E-003,-8.044381737709045E-001,-5.838489532470703E-001,
8.489666666666668E+008,-1.991964690387249E-002,1.118981000036001E-002,-8.293580412864685E-001,-5.568712949752808E-001,-1.991964690387249E-002,1.118981000036001E-002,-8.293580412864685E-001,-5.568712949752808E-001,
8.573333333333334E+008,-1.820362731814385E-002,1.738131232559681E-002,-8.354739546775818E-001,-5.398429632186890E-001,-1.820362731814385E-002,1.738131232559681E-002,-8.354739546775818E-001,-5.398429632186890E-001,
8.657000000000000E+008,-1.262028422206640E-002,2.515807002782822E-002,-8.511697649955750E-001,-5.143617391586304E-001,-1.262028422206640E-002,2.515807002782822E-002,-8.511697649955750E-001,-5.143617391586304E-001,
8.740666666666668E+008,-5.332369823008776E-003,2.950805798172951E-002,-8.433261513710022E-001,-4.905389249324799E-001,-5.332369823008776E-003,2.950805798172951E-002,-8.433261513710022E-001,-4.905389249324799E-001,
8.824333333333334E+008,3.043641336262226E-003,2.723426930606365E-002,-8.811469078063965E-001,-4.618513882160187E-001,3.043641336262226E-003,2.723426930606365E-002,-8.811469078063965E-001,-4.618513882160187E-001,
8.908000000000000E+008,8.986368775367737E-003,2.713948115706444E-002,-8.891179561614990E-001,-4.605966210365295E-001,8.986368775367737E-003,2.713948115706444E-002,-8.891179561614990E-001,-4.605966210365295E-001,
8.991666666666668E+008,1.176531240344048E-002,1.966828666627407E-002,-9.013810753822327E-001,-4.294812381267548E-001,1.176531240344048E-002,1.966828666627407E-002,-9.013810753822327E-001,-4.294812381267548E-001,
9.075333333333334E+008,1.155380345880985E-002,1.507813856005669E-002,-8.941787481307983E-001,-4.039853811264038E-001,1.155380345880985E-002,1.507813856005669E-002,-8.941787481307983E-001,-4.039853811264038E-001,
9.159000000000000E+008,7.816780358552933E-003,8.248845115303993E-003,-9.091113805770874E-001,-3.945715427398682E-001,7.816780358552933E-003,8.248845115303993E-003,-9.091113805770874E-001,-3.945715427398682E-001,
9.242666666666668E+008,1.532402704469860E-003,2.960781333968043E-003,-9.218716621398926E-001,-3.742525279521942E-001,1.532402704469860E-003,2.960781333968043E-003,-9.218716621398926E-001,-3.742525279521942E-001,
9.326333333333334E+008,-4.137476440519095E-003,4.283166024833918E-003,-9.275156259536743E-001,-3.406314551830292E-001,-4.137476440519095E-003,4.283166024833918E-003,-9.275156259536743E-001,-3.406314551830292E-001,
9.410000000000000E+008,-1.014944817870855E-002,1.017634011805058E-002,-9.370347261428833E-001,-3.132649362087250E-001,-1.014944817870855E-002,1.017634011805058E-002,-9.370347261428833E-001,-3.132649362087250E-001,
9.493666666666668E+008,-1.264642551541328E-002,1.558294240385294E-002,-9.409253001213074E-001,-3.028330504894257E-001,-1.264642551541328E-002,1.558294240385294E-002,-9.409253001213074E-001,-3.028330504894257E-001,
9.577333333333334E+008,-9.897625073790550E-003,2.343528717756271E-002,-9.710863828659058E-001,-2.639845609664917E-001,-9.897625073790550E-003,2.343528717756271E-002,-9.710863828659058E-001,-2.639845609664917E-001,
9.661000000000000E+008,-3.454828867688775E-003,2.989241294562817E-002,-9.566189646720886E-001,-2.464096844196320E-001,-3.454828867688775E-003,2.989241294562817E-002,-9.566189646720886E-001,-2.464096844196320E-001,
9.744666666666668E+008,4.841438494622707E-003,3.388543799519539E-002,-9.679017066955566E-001,-2.158489674329758E-001,4.841438494622707E-003,3.388543799519539E-002,-9.679017066955566E-001,-2.158489674329758E-001,
9.828333333333334E+008,1.705790869891644E-002,3.214373812079430E-002,-9.679990410804749E-001,-1.918960511684418E-001,1.705790869891644E-002,3.214373812079430E-002,-9.679990410804749E-001,-1.918960511684418E-001,
9.912000000000000E+008,2.521917410194874E-002,2.901425212621689E-002,-9.741648435592651E-001,-1.804670393466950E-001,2.521917410194874E-002,2.901425212621689E-002,-9.741648435592651E-001,-1.804670393466950E-001,
9.995666666666668E+008,2.923440933227539E-002,2.036524005234242E-002,-9.801541566848755E-001,-1.465749144554138E-001,2.923440933227539E-002,2.036524005234242E-002,-9.801541566848755E-001,-1.465749144554138E-001,
1.007933333333333E+009,2.865814045071602E-002,1.157088205218315E-002,-9.863731265068054E-001,-1.267951577901840E-001,2.865814045071602E-002,1.157088205218315E-002,-9.863731265068054E-001,-1.267951577901840E-001,
1.016300000000000E+009,2.122634835541248E-002,2.207710174843669E-003,-9.893479347229004E-001,-1.022757515311241E-001,2.122634835541248E-002,2.207710174843669E-003,-9.893479347229004E-001,-1.022757515311241E-001,
1.024666666666667E+009,1.255774311721325E-002,5.787668051198125E-004,-9.906802177429199E-001,-8.324291557073593E-002,1.255774311721325E-002,5.787668051198125E-004,-9.906802177429199E-001,-8.324291557073593E-002,
1.033033333333333E+009,3.940644674003124E-003,2.446700636937749E-005,-9.695519804954529E-001,-4.384781420230866E-002,3.940644674003124E-003,2.446700636937749E-005,-9.695519804954529E-001,-4.384781420230866E-002,
1.041400000000000E+009,-1.969939563423395E-003,5.300698336213827E-003,-9.818229079246521E-001,-2.079097181558609E-002,-1.969939563423395E-003,5.300698336213827E-003,-9.818229079246521E-001,-2.079097181558609E-002,
1.049766666666667E+009,-4.478140734136105E-003,1.295799296349287E-002,-9.923160076141357E-001,-1.091779442504048E-003,-4.478140734136105E-003,1.295799296349287E-002,-9.923160076141357E-001,-1.091779442504048E-003,
1.058133333333333E+009,1.220265403389931E-003,2.221039496362209E-002,-9.875415563583374E-001,2.447686716914177E-002,1.220265403389931E-003,2.221039496362209E-002,-9.875415563583374E-001,2.447686716914177E-002,
1.066500000000000E+009,1.257594674825668E-002,2.698090486228466E-002,-9.731855988502502E-001,5.387508869171143E-002,1.257594674825668E-002,2.698090486228466E-002,-9.731855988502502E-001,5.387508869171143E-002,
1.074866666666667E+009,2.316410653293133E-002,2.441504411399365E-002,-9.876244664192200E-001,8.221948146820068E-002,2.316410653293133E-002,2.441504411399365E-002,-9.876244664192200E-001,8.221948146820068E-002,
1.083233333333334E+009,3.469572961330414E-002,2.127954922616482E-002,-9.795255661010742E-001,9.887734055519104E-002,3.469572961330414E-002,2.127954922616482E-002,-9.795255661010742E-001,9.887734055519104E-002,
1.091600000000000E+009,3.863468393683434E-002,9.471534751355648E-003,-9.759719371795654E-001,1.331996619701386E-001,3.863468393683434E-002,9.471534751355648E-003,-9.759719371795654E-001,1.331996619701386E-001,
1.099966666666667E+009,4.017609730362892E-002,-3.564921673387289E-003,-9.716060161590576E-001,1.519776433706284E-001,4.017609730362892E-002,-3.564921673387289E-003,-9.716060161590576E-001,1.519776433706284E-001,
1.108333333333334E+009,3.154634311795235E-002,-1.377832610160112E-002,-9.833443760871887E-001,1.704587489366531E-001,3.154634311795235E-002,-1.377832610160112E-002,-9.833443760871887E-001,1.704587489366531E-001,
1.116700000000000E+009,1.728268712759018E-002,-1.479943376034498E-002,-9.747334718704224E-001,2.007202208042145E-001,1.728268712759018E-002,-1.479943376034498E-002,-9.747334718704224E-001,2.007202208042145E-001,
1.125066666666667E+009,4.008845891803503E-003,-1.543455198407173E-002,-9.572482109069824E-001,2.224700897932053E-001,4.008845891803503E-003,-1.543455198407173E-002,-9.572482109069824E-001,2.224700897932053E-001,
1.133433333333334E+009,-9.098539128899574E-003,-3.735289443284273E-003,-9.552792906761169E-001,2.419637739658356E-001,-9.098539128899574E-003,-3.735289443284273E-003,-9.552792906761169E-001,2.419637739658356E-001,
1.141800000000000E+009,-1.120060030370951E-002,9.249206632375717E-003,-9.450650811195374E-001,2.663216292858124E-001,-1.120060030370951E-002,9.249206632375717E-003,-9.450650811195374E-001,2.663216292858124E-001,
1.150166666666667E+009,-7.175203878432512E-003,2.256126143038273E-002,-9.427768588066101E-001,2.974741160869598E-001,-7.175203878432512E-003,2.256126143038273E-002,-9.427768588066101E-001,2.974741160869598E-001,
1.158533333333334E+009,8.241306990385056E-003,3.043655678629875E-002,-9.350733757019043E-001,3.192819356918335E-001,8.241306990385056E-003,3.043655678629875E-002,-9.350733757019043E-001,3.192819356918335E-001,
1.166900000000000E+009,2.591467835009098E-002,3.108472563326359E-002,-9.289292097091675E-001,3.509805202484131E-001,2.591467835009098E-002,3.108472563326359E-002,-9.289292097091675E-001,3.509805202484131E-001,
1.175266666666667E+009,4.158062115311623E-002,2.356212213635445E-002,-9.101936817169190E-001,3.634993433952332E-001,4.158062115311623E-002,2.356212213635445E-002,-9.101936817169190E-001,3.634993433952332E-001,
1.183633333333334E+009,5.445234104990959E-002,8.802469819784164E-003,-9.054609537124634E-001,3.921394050121307E-001,5.445234104990959E-002,8.802469819784164E-003,-9.054609537124634E-001,3.921394050121307E-001,
1.192000000000000E+009,5.644384026527405E-002,-8.295468054711819E-003,-9.033331274986267E-001,4.190708696842194E-001,5.644384026527405E-002,-8.295468054711819E-003,-9.033331274986267E-001,4.190708696842194E-001,
1.200366666666667E+009,4.754330962896347E-002,-2.599555812776089E-002,-8.877969384193420E-001,4.337136745452881E-001,4.754330962896347E-002,-2.599555812776089E-002,-8.877969384193420E-001,4.337136745452881E-001,
1.208733333333334E+009,2.892952039837837E-002,-3.510754927992821E-002,-8.857651352882385E-001,4.649025797843933E-001,2.892952039837837E-002,-3.510754927992821E-002,-8.857651352882385E-001,4.649025797843933E-001,
1.217100000000000E+009,9.467570111155510E-003,-3.421456366777420E-002,-8.550228476524353E-001,4.755253195762634E-001,9.467570111155510E-003,-3.421456366777420E-002,-8.550228476524353E-001,4.755253195762634E-001,
1.225466666666667E+009,-4.992444999516010E-003,-2.437688224017620E-002,-8.580216169357300E-001,5.032787322998047E-001,-4.992444999516010E-003,-2.437688224017620E-002,-8.580216169357300E-001,5.032787322998047E-001,
1.233833333333334E+009,-1.014249026775360E-002,-8.475905284285545E-003,-8.425990939140320E-001,5.230046510696411E-001,-1.014249026775360E-002,-8.475905284285545E-003,-8.425990939140320E-001,5.230046510696411E-001,
1.242200000000000E+009,-7.163834758102894E-003,6.809253711253405E-003,-8.159984946250916E-001,5.392915606498718E-001,-7.163834758102894E-003,6.809253711253405E-003,-8.159984946250916E-001,5.392915606498718E-001,
1.250566666666667E+009,5.208608228713274E-003,1.881504803895950E-002,-8.187812566757202E-001,5.677566528320313E-001,5.208608228713274E-003,1.881504803895950E-002,-8.187812566757202E-001,5.677566528320313E-001,
1.258933333333334E+009,2.450654469430447E-002,2.134962566196919E-002,-8.039661049842835E-001,5.807590484619141E-001,2.450654469430447E-002,2.134962566196919E-002,-8.039661049842835E-001,5.807590484619141E-001,
1.267300000000000E+009,4.156637564301491E-002,1.101082842797041E-002,-7.801805138587952E-001,6.018107533454895E-001,4.156637564301491E-002,1.101082842797041E-002,-7.801805138587952E-001,6.018107533454895E-001,
1.275666666666667E+009,5.251551792025566E-002,-4.838775377720594E-003,-7.779356241226196E-001,6.073132753372192E-001,5.251551792025566E-002,-4.838775377720594E-003,-7.779356241226196E-001,6.073132753372192E-001,
1.284033333333334E+009,5.549004301428795E-002,-2.732044644653797E-002,-7.483020424842835E-001,6.645454168319702E-001,5.549004301428795E-002,-2.732044644653797E-002,-7.483020424842835E-001,6.645454168319702E-001,
1.292400000000000E+009,4.346141964197159E-002,-4.578825458884239E-002,-7.426044940948486E-001,6.597929000854492E-001,4.346141964197159E-002,-4.578825458884239E-002,-7.426044940948486E-001,6.597929000854492E-001,
1.300766666666667E+009,2.549666911363602E-002,-5.473338067531586E-002,-7.244927287101746E-001,6.772462129592896E-001,2.549666911363602E-002,-5.473338067531586E-002,-7.244927287101746E-001,6.772462129592896E-001,
1.309133333333334E+009,4.308837000280619E-003,-5.267326161265373E-002,-7.135804295539856E-001,7.031267881393433E-001,4.308837000280619E-003,-5.267326161265373E-002,-7.135804295539856E-001,7.031267881393433E-001,
1.317500000000000E+009,-1.314880140125752E-002,-4.125354066491127E-002,-6.831435561180115E-001,7.251331806182861E-001,-1.314880140125752E-002,-4.125354066491127E-002,-6.831435561180115E-001,7.251331806182861E-001,
1.325866666666667E+009,-2.108918316662312E-002,-2.442768588662148E-002,-6.668314933776856E-001,7.286769747734070E-001,-2.108918316662312E-002,-2.442768588662148E-002,-6.668314933776856E-001,7.286769747734070E-001,
1.334233333333334E+009,-1.819823309779167E-002,-3.947247751057148E-003,-6.486115455627441E-001,7.437617182731628E-001,-1.819823309779167E-002,-3.947247751057148E-003,-6.486115455627441E-001,7.437617182731628E-001,
1.342600000000000E+009,-3.563371719792485E-003,4.463457968086004E-003,-6.358084678649902E-001,7.623131275177002E-001,-3.563371719792485E-003,4.463457968086004E-003,-6.358084678649902E-001,7.623131275177002E-001,
1.350966666666667E+009,1.326082274317741E-002,5.597268696874380E-003,-6.076136231422424E-001,7.877554297447205E-001,1.326082274317741E-002,5.597268696874380E-003,-6.076136231422424E-001,7.877554297447205E-001,
1.359333333333334E+009,2.882199734449387E-002,-4.688236396759749E-003,-5.899495482444763E-001,7.950264215469360E-001,2.882199734449387E-002,-4.688236396759749E-003,-5.899495482444763E-001,7.950264215469360E-001,
1.367700000000000E+009,3.592522814869881E-002,-2.417487278580666E-002,-5.717504620552063E-001,8.090246319770813E-001,3.592522814869881E-002,-2.417487278580666E-002,-5.717504620552063E-001,8.090246319770813E-001,
1.376066666666667E+009,3.176729753613472E-002,-4.771303758025169E-002,-5.477839708328247E-001,8.222209215164185E-001,3.176729753613472E-002,-4.771303758025169E-002,-5.477839708328247E-001,8.222209215164185E-001,
1.384433333333334E+009,1.642002910375595E-002,-6.177962943911552E-002,-5.387557148933411E-001,8.332616090774536E-001,1.642002910375595E-002,-6.177962943911552E-002,-5.387557148933411E-001,8.332616090774536E-001,
1.392800000000000E+009,-7.308059372007847E-003,-6.606674939393997E-002,-5.168348550796509E-001,8.364434838294983E-001,-7.308059372007847E-003,-6.606674939393997E-002,-5.168348550796509E-001,8.364434838294983E-001,
1.401166666666667E+009,-2.698651328682900E-002,-5.887349322438240E-002,-4.860921800136566E-001,8.675745129585266E-001,-2.698651328682900E-002,-5.887349322438240E-002,-4.860921800136566E-001,8.675745129585266E-001,
1.409533333333334E+009,-4.204572364687920E-002,-3.838567808270454E-002,-4.637201726436615E-001,8.765649199485779E-001,-4.204572364687920E-002,-3.838567808270454E-002,-4.637201726436615E-001,8.765649199485779E-001,
1.417900000000000E+009,-4.694135487079620E-002,-1.652377471327782E-002,-4.265004396438599E-001,8.707774877548218E-001,-4.694135487079620E-002,-1.652377471327782E-002,-4.265004396438599E-001,8.707774877548218E-001,
1.426266666666667E+009,-3.997216373682022E-002,5.417525302618742E-003,-4.274621903896332E-001,9.049804210662842E-001,-3.997216373682022E-002,5.417525302618742E-003,-4.274621903896332E-001,9.049804210662842E-001,
1.434633333333334E+009,-2.301191724836826E-002,1.659679971635342E-002,-3.986055254936218E-001,9.000168442726135E-001,-2.301191724836826E-002,1.659679971635342E-002,-3.986055254936218E-001,9.000168442726135E-001,
1.443000000000000E+009,-1.007803250104189E-003,1.718793436884880E-002,-3.718118071556091E-001,9.157333970069885E-001,-1.007803250104189E-003,1.718793436884880E-002,-3.718118071556091E-001,9.157333970069885E-001,
1.451366666666667E+009,1.559691969305277E-002,3.468124661594629E-003,-3.535902202129364E-001,9.225491881370544E-001,1.559691969305277E-002,3.468124661594629E-003,-3.535902202129364E-001,9.225491881370544E-001,
1.459733333333334E+009,2.190461754798889E-002,-1.553393062204123E-002,-3.374072909355164E-001,9.298124909400940E-001,2.190461754798889E-002,-1.553393062204123E-002,-3.374072909355164E-001,9.298124909400940E-001,
1.468100000000000E+009,1.761508546769619E-002,-3.624171391129494E-002,-3.015686571598053E-001,9.357390999794006E-001,1.761508546769619E-002,-3.624171391129494E-002,-3.015686571598053E-001,9.357390999794006E-001,
1.476466666666667E+009,1.561859855428338E-003,-5.151584371924400E-002,-2.826136052608490E-001,9.514861106872559E-001,1.561859855428338E-003,-5.151584371924400E-002,-2.826136052608490E-001,9.514861106872559E-001,
1.484833333333334E+009,-2.120950259268284E-002,-5.651220679283142E-002,-2.466775476932526E-001,9.577564001083374E-001,-2.120950259268284E-002,-5.651220679283142E-002,-2.466775476932526E-001,9.577564001083374E-001,
1.493200000000000E+009,-3.998550027608872E-002,-4.729459807276726E-002,-2.330957800149918E-001,9.613198041915894E-001,-3.998550027608872E-002,-4.729459807276726E-002,-2.330957800149918E-001,9.613198041915894E-001,
1.501566666666667E+009,-5.412223190069199E-002,-2.727948315441608E-002,-2.048153728246689E-001,9.614408016204834E-001,-5.412223190069199E-002,-2.727948315441608E-002,-2.048153728246689E-001,9.614408016204834E-001,
1.509933333333334E+009,-5.675047263503075E-002,-2.906555309891701E-003,-1.934709697961807E-001,9.689782857894898E-001,-5.675047263503075E-002,-2.906555309891701E-003,-1.934709697961807E-001,9.689782857894898E-001,
1.518300000000000E+009,-4.454809799790382E-002,1.688348315656185E-002,-1.679565012454987E-001,9.784169197082520E-001,-4.454809799790382E-002,1.688348315656185E-002,-1.679565012454987E-001,9.784169197082520E-001,
1.526666666666667E+009,-2.567868120968342E-002,2.843412756919861E-002,-1.360284984111786E-001,9.742105603218079E-001,-2.567868120968342E-002,2.843412756919861E-002,-1.360284984111786E-001,9.742105603218079E-001,
1.535033333333334E+009,-4.570011515170336E-003,2.905803546309471E-002,-1.125870048999786E-001,9.893008470535278E-001,-4.570011515170336E-003,2.905803546309471E-002,-1.125870048999786E-001,9.893008470535278E-001,
1.543400000000000E+009,1.086485199630261E-002,1.581920497119427E-002,-9.194499999284744E-002,9.853157997131348E-001,1.086485199630261E-002,1.581920497119427E-002,-9.194499999284744E-002,9.853157997131348E-001,
1.551766666666667E+009,1.534302532672882E-002,-4.807833582162857E-003,-6.821506470441818E-002,9.834125638008118E-001,1.534302532672882E-002,-4.807833582162857E-003,-6.821506470441818E-002,9.834125638008118E-001,
1.560133333333334E+009,1.022276747971773E-002,-2.496376447379589E-002,-4.390091821551323E-002,9.890956282615662E-001,1.022276747971773E-002,-2.496376447379589E-002,-4.390091821551323E-002,9.890956282615662E-001,
1.568500000000000E+009,-4.880654159933329E-003,-3.862426802515984E-002,-2.482769452035427E-002,9.921334981918335E-001,-4.880654159933329E-003,-3.862426802515984E-002,-2.482769452035427E-002,9.921334981918335E-001,
1.576866666666667E+009,-2.553304843604565E-002,-4.018823057413101E-002,1.588359661400318E-002,9.848598241806030E-001,-2.553304843604565E-002,-4.018823057413101E-002,1.588359661400318E-002,9.848598241806030E-001,
1.585233333333334E+009,-4.120380803942680E-002,-3.164127841591835E-002,2.964656986296177E-002,9.850327372550964E-001,-4.120380803942680E-002,-3.164127841591835E-002,2.964656986296177E-002,9.850327372550964E-001,
1.593600000000000E+009,-5.079998448491097E-002,-1.563259027898312E-002,5.878841876983643E-002,9.828652143478394E-001,-5.079998448491097E-002,-1.563259027898312E-002,5.878841876983643E-002,9.828652143478394E-001,
1.601966666666667E+009,-5.125242471694946E-002,6.131723523139954E-003,7.733885943889618E-002,9.808177947998047E-001,-5.125242471694946E-002,6.131723523139954E-003,7.733885943889618E-002,9.808177947998047E-001,
1.610333333333334E+009,-4.089618846774101E-002,2.229264751076698E-002,1.062475740909576E-001,9.772394299507141E-001,-4.089618846774101E-002,2.229264751076698E-002,1.062475740909576E-001,9.772394299507141E-001,
1.618700000000000E+009,-2.366389334201813E-002,3.030488640069962E-002,1.324178129434586E-001,9.801584482192993E-001,-2.366389334201813E-002,3.030488640069962E-002,1.324178129434586E-001,9.801584482192993E-001,
1.627066666666667E+009,-6.779637653380632E-003,2.774456515908241E-002,1.504525542259216E-001,9.753319025039673E-001,-6.779637653380632E-003,2.774456515908241E-002,1.504525542259216E-001,9.753319025039673E-001,
1.635433333333334E+009,4.316244740039110E-003,1.808394305408001E-002,1.844830065965653E-001,9.765062928199768E-001,4.316244740039110E-003,1.808394305408001E-002,1.844830065965653E-001,9.765062928199768E-001,
1.643800000000000E+009,7.482134271413088E-003,6.574274739250541E-004,1.974289864301682E-001,9.680100083351135E-001,7.482134271413088E-003,6.574274739250541E-004,1.974289864301682E-001,9.680100083351135E-001,
1.652166666666667E+009,-1.030335115501657E-004,-1.423829328268766E-002,2.332931905984879E-001,9.625290632247925E-001,-1.030335115501657E-004,-1.423829328268766E-002,2.332931905984879E-001,9.625290632247925E-001,
1.660533333333334E+009,-1.382577512413263E-002,-2.281539142131805E-002,2.497461736202240E-001,9.547113776206970E-001,-1.382577512413263E-002,-2.281539142131805E-002,2.497461736202240E-001,9.547113776206970E-001,
1.668900000000000E+009,-3.084746748209000E-002,-2.119149453938007E-002,2.755647301673889E-001,9.450291395187378E-001,-3.084746748209000E-002,-2.119149453938007E-002,2.755647301673889E-001,9.450291395187378E-001,
1.677266666666667E+009,-4.445626959204674E-002,-1.259806286543608E-002,3.120802938938141E-001,9.377160668373108E-001,-4.445626959204674E-002,-1.259806286543608E-002,3.120802938938141E-001,9.377160668373108E-001,
1.685633333333334E+009,-4.931698366999626E-002,4.673360381275415E-003,3.269362747669220E-001,9.328321218490601E-001,-4.931698366999626E-002,4.673360381275415E-003,3.269362747669220E-001,9.328321218490601E-001,
1.694000000000000E+009,-4.711750894784927E-002,2.042151987552643E-002,3.445629179477692E-001,9.250892400741577E-001,-4.711750894784927E-002,2.042151987552643E-002,3.445629179477692E-001,9.250892400741577E-001,
1.702366666666667E+009,-3.515934944152832E-002,3.584009408950806E-002,3.642231225967407E-001,9.145248532295227E-001,-3.515934944152832E-002,3.584009408950806E-002,3.642231225967407E-001,9.145248532295227E-001,
1.710733333333334E+009,-1.866850070655346E-002,4.267536848783493E-002,3.857184350490570E-001,9.000400900840759E-001,-1.866850070655346E-002,4.267536848783493E-002,3.857184350490570E-001,9.000400900840759E-001,
1.719100000000000E+009,-1.015324844047427E-003,4.041358083486557E-002,4.143461585044861E-001,8.893942832946777E-001,-1.015324844047427E-003,4.041358083486557E-002,4.143461585044861E-001,8.893942832946777E-001,
1.727466666666667E+009,1.149310730397701E-002,2.944220416247845E-002,4.294299185276032E-001,8.864266872406006E-001,1.149310730397701E-002,2.944220416247845E-002,4.294299185276032E-001,8.864266872406006E-001,
1.735833333333334E+009,1.550033781677485E-002,1.499448250979185E-002,4.531533420085907E-001,8.719261288642883E-001,1.550033781677485E-002,1.499448250979185E-002,4.531533420085907E-001,8.719261288642883E-001,
1.744200000000000E+009,1.052668783813715E-002,-2.613169839605689E-003,4.830382764339447E-001,8.532462716102600E-001,1.052668783813715E-002,-2.613169839605689E-003,4.830382764339447E-001,8.532462716102600E-001,
1.752566666666667E+009,-1.273286907235161E-004,-1.360061299055815E-002,5.122017860412598E-001,8.485463261604309E-001,-1.273286907235161E-004,-1.360061299055815E-002,5.122017860412598E-001,8.485463261604309E-001,
1.760933333333334E+009,-1.513524446636438E-002,-1.860874518752098E-002,5.198936462402344E-001,8.396157026290894E-001,-1.513524446636438E-002,-1.860874518752098E-002,5.198936462402344E-001,8.396157026290894E-001,
1.769300000000000E+009,-2.972307987511158E-002,-1.580479927361012E-002,5.468291044235230E-001,8.276649117469788E-001,-2.972307987511158E-002,-1.580479927361012E-002,5.468291044235230E-001,8.276649117469788E-001,
1.777666666666667E+009,-3.954275324940682E-002,-4.276996944099665E-003,5.592896342277527E-001,8.164802193641663E-001,-3.954275324940682E-002,-4.276996944099665E-003,5.592896342277527E-001,8.164802193641663E-001,
1.786033333333334E+009,-4.191602766513825E-002,7.763181813061237E-003,5.770215988159180E-001,7.896384596824646E-001,-4.191602766513825E-002,7.763181813061237E-003,5.770215988159180E-001,7.896384596824646E-001,
1.794400000000000E+009,-3.645677119493485E-002,2.342659235000610E-002,5.976583361625671E-001,7.789410352706909E-001,-3.645677119493485E-002,2.342659235000610E-002,5.976583361625671E-001,7.789410352706909E-001,
1.802766666666667E+009,-2.783105336129665E-002,3.297382220625877E-002,6.195685267448425E-001,7.608485221862793E-001,-2.783105336129665E-002,3.297382220625877E-002,6.195685267448425E-001,7.608485221862793E-001,
1.811133333333334E+009,-1.581547036767006E-002,3.697734698653221E-002,6.454964876174927E-001,7.480976581573486E-001,-1.581547036767006E-002,3.697734698653221E-002,6.454964876174927E-001,7.480976581573486E-001,
1.819500000000000E+009,-5.066318437457085E-003,3.713588044047356E-002,6.597068309783936E-001,7.240066528320313E-001,-5.066318437457085E-003,3.713588044047356E-002,6.597068309783936E-001,7.240066528320313E-001,
1.827866666666667E+009,2.958149416372180E-003,3.041729331016541E-002,6.806926727294922E-001,7.152455449104309E-001,2.958149416372180E-003,3.041729331016541E-002,6.806926727294922E-001,7.152455449104309E-001,
1.836233333333334E+009,3.578377421945334E-003,2.054700255393982E-002,6.958038210868835E-001,6.992976665496826E-001,3.578377421945334E-003,2.054700255393982E-002,6.958038210868835E-001,6.992976665496826E-001,
1.844600000000000E+009,-1.243558363057673E-003,1.317985448986292E-002,7.125577926635742E-001,6.930746436119080E-001,-1.243558363057673E-003,1.317985448986292E-002,7.125577926635742E-001,6.930746436119080E-001,
1.852966666666667E+009,-9.178407490253449E-003,7.887297309935093E-003,7.255656123161316E-001,6.599847674369812E-001,-9.178407490253449E-003,7.887297309935093E-003,7.255656123161316E-001,6.599847674369812E-001,
1.861333333333334E+009,-1.675197482109070E-002,6.443109828978777E-003,7.479584217071533E-001,6.435779929161072E-001,-1.675197482109070E-002,6.443109828978777E-003,7.479584217071533E-001,6.435779929161072E-001,
1.869700000000000E+009,-2.381373941898346E-002,1.251767948269844E-002,7.647129893302918E-001,6.283937096595764E-001,-2.381373941898346E-002,1.251767948269844E-002,7.647129893302918E-001,6.283937096595764E-001,
1.878066666666667E+009,-2.602831646800041E-002,2.030008845031261E-002,7.774823904037476E-001,6.138771772384644E-001,-2.602831646800041E-002,2.030008845031261E-002,7.774823904037476E-001,6.138771772384644E-001,
1.886433333333334E+009,-2.390968240797520E-002,3.047483600676060E-002,7.996366620063782E-001,5.883909463882446E-001,-2.390968240797520E-002,3.047483600676060E-002,7.996366620063782E-001,5.883909463882446E-001,
1.894800000000000E+009,-1.417753659188747E-002,3.860923275351524E-002,8.094809055328369E-001,5.717205405235291E-001,-1.417753659188747E-002,3.860923275351524E-002,8.094809055328369E-001,5.717205405235291E-001,
1.903166666666667E+009,-3.373589599505067E-003,4.475367069244385E-002,8.236616849899292E-001,5.444967746734619E-001,-3.373589599505067E-003,4.475367069244385E-002,8.236616849899292E-001,5.444967746734619E-001,
1.911533333333334E+009,8.867016062140465E-003,4.367449879646301E-002,8.346667885780335E-001,5.187925100326538E-001,8.867016062140465E-003,4.367449879646301E-002,8.346667885780335E-001,5.187925100326538E-001,
1.919900000000000E+009,1.921302266418934E-002,3.864648938179016E-002,8.534806370735169E-001,5.071802735328674E-001,1.921302266418934E-002,3.864648938179016E-002,8.534806370735169E-001,5.071802735328674E-001,
1.928266666666667E+009,2.438512071967125E-002,2.955597825348377E-002,8.543627858161926E-001,4.703219830989838E-001,2.438512071967125E-002,2.955597825348377E-002,8.543627858161926E-001,4.703219830989838E-001,
1.936633333333334E+009,2.275336720049381E-002,1.830546185374260E-002,8.754647970199585E-001,4.595961868762970E-001,2.275336720049381E-002,1.830546185374260E-002,8.754647970199585E-001,4.595961868762970E-001,
1.945000000000000E+009,1.551970001310110E-002,8.959635160863400E-003,8.876823782920837E-001,4.390750527381897E-001,1.551970001310110E-002,8.959635160863400E-003,8.876823782920837E-001,4.390750527381897E-001,
1.953366666666667E+009,5.971803795546293E-003,2.642763080075383E-003,8.933896422386169E-001,4.160629808902741E-001,5.971803795546293E-003,2.642763080075383E-003,8.933896422386169E-001,4.160629808902741E-001,
1.961733333333334E+009,-7.789751514792442E-003,4.922534339129925E-003,9.089735150337219E-001,3.937073051929474E-001,-7.789751514792442E-003,4.922534339129925E-003,9.089735150337219E-001,3.937073051929474E-001,
1.970100000000000E+009,-1.757331565022469E-002,1.001616101711988E-002,9.120475053787231E-001,3.715418875217438E-001,-1.757331565022469E-002,1.001616101711988E-002,9.120475053787231E-001,3.715418875217438E-001,
1.978466666666667E+009,-2.094259671866894E-002,2.265319041907787E-002,9.239310622215271E-001,3.427784442901611E-001,-2.094259671866894E-002,2.265319041907787E-002,9.239310622215271E-001,3.427784442901611E-001,
1.986833333333334E+009,-1.770158298313618E-002,3.482014685869217E-002,9.274947643280029E-001,3.242969810962677E-001,-1.770158298313618E-002,3.482014685869217E-002,9.274947643280029E-001,3.242969810962677E-001,
1.995200000000000E+009,-4.521944560110569E-003,4.533322155475617E-002,9.315457344055176E-001,3.103862106800079E-001,-4.521944560110569E-003,4.533322155475617E-002,9.315457344055176E-001,3.103862106800079E-001,
2.003566666666667E+009,1.257113181054592E-002,4.999171569943428E-002,9.429931044578552E-001,2.773647010326386E-001,1.257113181054592E-002,4.999171569943428E-002,9.429931044578552E-001,2.773647010326386E-001,
2.011933333333334E+009,2.950595878064632E-002,4.553757607936859E-002,9.541742801666260E-001,2.535949945449829E-001,2.950595878064632E-002,4.553757607936859E-002,9.541742801666260E-001,2.535949945449829E-001,
2.020300000000000E+009,4.185304045677185E-002,3.663908690214157E-002,9.608229994773865E-001,2.230432927608490E-001,4.185304045677185E-002,3.663908690214157E-002,9.608229994773865E-001,2.230432927608490E-001,
2.028666666666667E+009,4.624790698289871E-002,2.197390608489513E-002,9.666714072227478E-001,2.060370594263077E-001,4.624790698289871E-002,2.197390608489513E-002,9.666714072227478E-001,2.060370594263077E-001,
2.037033333333334E+009,4.218503832817078E-002,4.814937710762024E-003,9.735609292984009E-001,1.789902150630951E-001,4.218503832817078E-002,4.814937710762024E-003,9.735609292984009E-001,1.789902150630951E-001,
2.045400000000000E+009,2.967486903071404E-002,-6.360329221934080E-003,9.737258553504944E-001,1.618173271417618E-001,2.967486903071404E-002,-6.360329221934080E-003,9.737258553504944E-001,1.618173271417618E-001,
2.053766666666667E+009,1.200717873871326E-002,-9.008013643324375E-003,9.805104136466980E-001,1.343789994716644E-001,1.200717873871326E-002,-9.008013643324375E-003,9.805104136466980E-001,1.343789994716644E-001,
2.062133333333334E+009,-3.710858523845673E-003,-4.109393805265427E-003,9.845624566078186E-001,1.079060360789299E-001,-3.710858523845673E-003,-4.109393805265427E-003,9.845624566078186E-001,1.079060360789299E-001,
2.070500000000000E+009,-1.155799906700850E-002,9.673206135630608E-003,9.848952889442444E-001,7.972814887762070E-002,-1.155799906700850E-002,9.673206135630608E-003,9.848952889442444E-001,7.972814887762070E-002,
2.078866666666667E+009,-1.035158429294825E-002,2.575248107314110E-002,9.830676317214966E-001,5.800833180546761E-002,-1.035158429294825E-002,2.575248107314110E-002,9.830676317214966E-001,5.800833180546761E-002,
2.087233333333334E+009,2.215159125626087E-003,3.539450839161873E-002,9.865083098411560E-001,2.610962837934494E-002,2.215159125626087E-003,3.539450839161873E-002,9.865083098411560E-001,2.610962837934494E-002,
2.095600000000000E+009,2.123972401022911E-002,4.228042066097260E-002,9.915811419487000E-001,1.056582201272249E-002,2.123972401022911E-002,4.228042066097260E-002,9.915811419487000E-001,1.056582201272249E-002,
2.103966666666667E+009,4.275679588317871E-002,3.614903241395950E-002,9.919663667678833E-001,-1.689523085951805E-002,4.275679588317871E-002,3.614903241395950E-002,9.919663667678833E-001,-1.689523085951805E-002,
2.112333333333334E+009,5.849022418260574E-002,2.159677445888519E-002,9.866575598716736E-001,-3.408903256058693E-002,5.849022418260574E-002,2.159677445888519E-002,9.866575598716736E-001,-3.408903256058693E-002,
2.120700000000000E+009,6.550250947475433E-002,-1.068150973878801E-003,9.870184063911438E-001,-6.541793793439865E-002,6.550250947475433E-002,-1.068150973878801E-003,9.870184063911438E-001,-6.541793793439865E-002,
2.129066666666667E+009,5.849764496088028E-002,-1.973260194063187E-002,9.954360723495483E-001,-9.421308338642120E-002,5.849764496088028E-002,-1.973260194063187E-002,9.954360723495483E-001,-9.421308338642120E-002,
2.137433333333334E+009,3.964446112513542E-002,-3.431640192866325E-002,9.809966683387756E-001,-1.154295876622200E-001,3.964446112513542E-002,-3.431640192866325E-002,9.809966683387756E-001,-1.154295876622200E-001,
2.145800000000000E+009,1.302917487919331E-002,-3.835009783506393E-002,9.809173941612244E-001,-1.413713246583939E-001,1.302917487919331E-002,-3.835009783506393E-002,9.809173941612244E-001,-1.413713246583939E-001,
2.154166666666667E+009,-9.519357234239578E-003,-2.974821813404560E-002,9.753853678703308E-001,-1.615156680345535E-001,-9.519357234239578E-003,-2.974821813404560E-002,9.753853678703308E-001,-1.615156680345535E-001,
2.162533333333334E+009,-2.305146306753159E-002,-9.964325465261936E-003,9.592089653015137E-001,-1.884617209434509E-001,-2.305146306753159E-002,-9.964325465261936E-003,9.592089653015137E-001,-1.884617209434509E-001,
2.170900000000000E+009,-2.425375208258629E-002,1.312283985316753E-002,9.667636156082153E-001,-2.157592326402664E-001,-2.425375208258629E-002,1.312283985316753E-002,9.667636156082153E-001,-2.157592326402664E-001,
2.179266666666667E+009,-1.008756645023823E-002,2.996922470629215E-002,9.519820809364319E-001,-2.287908792495728E-001,-1.008756645023823E-002,2.996922470629215E-002,9.519820809364319E-001,-2.287908792495728E-001,
2.187633333333334E+009,1.198923774063587E-002,3.782818466424942E-002,9.539585113525391E-001,-2.605534791946411E-001,1.198923774063587E-002,3.782818466424942E-002,9.539585113525391E-001,-2.605534791946411E-001,
2.196000000000000E+009,3.883321955800057E-002,3.132947906851769E-002,9.394661188125610E-001,-2.836107313632965E-001,3.883321955800057E-002,3.132947906851769E-002,9.394661188125610E-001,-2.836107313632965E-001,
2.204366666666667E+009,5.869633704423904E-002,1.240720599889755E-002,9.386947154998779E-001,-3.037120103836060E-001,5.869633704423904E-002,1.240720599889755E-002,9.386947154998779E-001,-3.037120103836060E-001,
2.212733333333334E+009,6.615654379129410E-002,-1.470742374658585E-002,9.271941781044006E-001,-3.404769599437714E-001,6.615654379129410E-002,-1.470742374658585E-002,9.271941781044006E-001,-3.404769599437714E-001,
2.221100000000000E+009,5.891934782266617E-002,-3.907344862818718E-002,9.134717583656311E-001,-3.548037111759186E-001,5.891934782266617E-002,-3.907344862818718E-002,9.134717583656311E-001,-3.548037111759186E-001,
2.229466666666667E+009,3.842006996273994E-002,-5.592251196503639E-002,9.073841571807861E-001,-3.699322938919067E-001,3.842006996273994E-002,-5.592251196503639E-002,9.073841571807861E-001,-3.699322938919067E-001,
2.237833333333334E+009,9.698594920337200E-003,-5.670084804296494E-002,9.025681018829346E-001,-3.996536135673523E-001,9.698594920337200E-003,-5.670084804296494E-002,9.025681018829346E-001,-3.996536135673523E-001,
2.246200000000000E+009,-1.815508678555489E-002,-4.398112744092941E-002,8.894292712211609E-001,-4.212525188922882E-001,-1.815508678555489E-002,-4.398112744092941E-002,8.894292712211609E-001,-4.212525188922882E-001,
2.254566666666667E+009,-3.191721066832542E-002,-1.903601922094822E-002,8.798995018005371E-001,-4.432537555694580E-001,-3.191721066832542E-002,-1.903601922094822E-002,8.798995018005371E-001,-4.432537555694580E-001,
2.262933333333334E+009,-3.416342288255692E-002,5.859548225998879E-003,8.685359954833984E-001,-4.661384224891663E-001,-3.416342288255692E-002,5.859548225998879E-003,8.685359954833984E-001,-4.661384224891663E-001,
2.271300000000000E+009,-2.013435214757919E-002,2.799449115991592E-002,8.535247445106506E-001,-4.844576120376587E-001,-2.013435214757919E-002,2.799449115991592E-002,8.535247445106506E-001,-4.844576120376587E-001,
2.279666666666667E+009,4.516824148595333E-003,3.407992422580719E-002,8.443421721458435E-001,-5.045462846755981E-001,4.516824148595333E-003,3.407992422580719E-002,8.443421721458435E-001,-5.045462846755981E-001,
2.288033333333334E+009,2.969163283705711E-002,2.542341314256191E-002,8.362274765968323E-001,-5.318833589553833E-001,2.969163283705711E-002,2.542341314256191E-002,8.362274765968323E-001,-5.318833589553833E-001,
2.296400000000000E+009,4.865012690424919E-002,2.201159950345755E-003,8.151912093162537E-001,-5.518276095390320E-001,4.865012690424919E-002,2.201159950345755E-003,8.151912093162537E-001,-5.518276095390320E-001,
2.304766666666667E+009,5.223675817251205E-002,-2.615095302462578E-002,8.050803542137146E-001,-5.613906383514404E-001,5.223675817251205E-002,-2.615095302462578E-002,8.050803542137146E-001,-5.613906383514404E-001,
2.313133333333334E+009,3.935284167528153E-002,-5.018947273492813E-002,7.856330275535584E-001,-5.968852043151856E-001,3.935284167528153E-002,-5.018947273492813E-002,7.856330275535584E-001,-5.968852043151856E-001,
2.321500000000000E+009,1.645979471504688E-002,-6.134357303380966E-002,7.752659320831299E-001,-6.123613715171814E-001,1.645979471504688E-002,-6.134357303380966E-002,7.752659320831299E-001,-6.123613715171814E-001,
2.329866666666667E+009,-9.617587551474571E-003,-5.686175078153610E-002,7.637226581573486E-001,-6.271319389343262E-001,-9.617587551474571E-003,-5.686175078153610E-002,7.637226581573486E-001,-6.271319389343262E-001,
2.338233333333334E+009,-3.177460655570030E-002,-3.773159161210060E-002,7.384109497070313E-001,-6.519258618354797E-001,-3.177460655570030E-002,-3.773159161210060E-002,7.384109497070313E-001,-6.519258618354797E-001,
2.346600000000000E+009,-4.032723233103752E-002,-6.430220790207386E-003,7.197812199592590E-001,-6.718150377273560E-001,-4.032723233103752E-002,-6.430220790207386E-003,7.197812199592590E-001,-6.718150377273560E-001,
2.354966666666667E+009,-3.035807795822620E-002,2.102662809193134E-002,7.112050056457520E-001,-6.847414374351502E-001,-3.035807795822620E-002,2.102662809193134E-002,7.112050056457520E-001,-6.847414374351502E-001,
2.363333333333334E+009,-8.480508811771870E-003,3.652883693575859E-002,6.952991485595703E-001,-6.990097165107727E-001,-8.480508811771870E-003,3.652883693575859E-002,6.952991485595703E-001,-6.990097165107727E-001,
2.371700000000000E+009,2.274580299854279E-002,3.492579981684685E-002,6.803247928619385E-001,-7.179622054100037E-001,2.274580299854279E-002,3.492579981684685E-002,6.803247928619385E-001,-7.179622054100037E-001,
2.380066666666667E+009,4.855528846383095E-002,1.311707124114037E-002,6.536494493484497E-001,-7.367792725563049E-001,4.855528846383095E-002,1.311707124114037E-002,6.536494493484497E-001,-7.367792725563049E-001,
2.388433333333334E+009,5.972980335354805E-002,-2.107876725494862E-002,6.378714442253113E-001,-7.429425716400147E-001,5.972980335354805E-002,-2.107876725494862E-002,6.378714442253113E-001,-7.429425716400147E-001,
2.396800000000000E+009,5.246713757514954E-002,-6.033882871270180E-002,6.128576397895813E-001,-7.685379385948181E-001,5.246713757514954E-002,-6.033882871270180E-002,6.128576397895813E-001,-7.685379385948181E-001,
2.405166666666667E+009,2.780321054160595E-002,-9.038987010717392E-002,5.955344438552856E-001,-7.834633588790894E-001,2.780321054160595E-002,-9.038987010717392E-002,5.955344438552856E-001,-7.834633588790894E-001,
2.413533333333334E+009,-1.049264892935753E-002,-1.018425896763802E-001,5.758597254753113E-001,-7.948651313781738E-001,-1.049264892935753E-002,-1.018425896763802E-001,5.758597254753113E-001,-7.948651313781738E-001,
2.421900000000000E+009,-5.173395201563835E-002,-9.201138466596603E-002,5.606133341789246E-001,-8.141974806785584E-001,-5.173395201563835E-002,-9.201138466596603E-002,5.606133341789246E-001,-8.141974806785584E-001,
2.430266666666667E+009,-7.912121713161469E-002,-6.091645359992981E-002,5.417611002922058E-001,-8.265800476074219E-001,-7.912121713161469E-002,-6.091645359992981E-002,5.417611002922058E-001,-8.265800476074219E-001,
2.438633333333334E+009,-9.180869907140732E-002,-1.750800386071205E-002,5.180811882019043E-001,-8.383461833000183E-001,-9.180869907140732E-002,-1.750800386071205E-002,5.180811882019043E-001,-8.383461833000183E-001,
2.447000000000000E+009,-8.092180639505386E-002,2.521015517413616E-002,4.940326213836670E-001,-8.563206791877747E-001,-8.092180639505386E-002,2.521015517413616E-002,4.940326213836670E-001,-8.563206791877747E-001,
2.455366666666667E+009,-5.206340178847313E-002,5.395551770925522E-002,4.722995162010193E-001,-8.612280488014221E-001,-5.206340178847313E-002,5.395551770925522E-002,4.722995162010193E-001,-8.612280488014221E-001,
2.463733333333334E+009,-1.519944984465838E-002,6.307444721460342E-002,4.538840055465698E-001,-8.781180977821350E-001,-1.519944984465838E-002,6.307444721460342E-002,4.538840055465698E-001,-8.781180977821350E-001,
2.472100000000000E+009,1.809374056756496E-002,4.819462820887566E-002,4.319737255573273E-001,-8.860086798667908E-001,1.809374056756496E-002,4.819462820887566E-002,4.319737255573273E-001,-8.860086798667908E-001,
2.480466666666667E+009,3.729021921753883E-002,1.682768948376179E-002,4.009201228618622E-001,-8.932970166206360E-001,3.729021921753883E-002,1.682768948376179E-002,4.009201228618622E-001,-8.932970166206360E-001,
2.488833333333334E+009,3.628382086753845E-002,-2.209288068115711E-002,3.850041925907135E-001,-9.024066925048828E-001,3.628382086753845E-002,-2.209288068115711E-002,3.850041925907135E-001,-9.024066925048828E-001,
2.497200000000000E+009,1.781797409057617E-002,-5.258158221840859E-002,3.617391288280487E-001,-9.192547798156738E-001,1.781797409057617E-002,-5.258158221840859E-002,3.617391288280487E-001,-9.192547798156738E-001,
2.505566666666667E+009,-1.596124283969402E-002,-6.912857294082642E-002,3.343844413757324E-001,-9.256772994995117E-001,-1.596124283969402E-002,-6.912857294082642E-002,3.343844413757324E-001,-9.256772994995117E-001,
2.513933333333334E+009,-4.822491109371185E-002,-6.147409602999687E-002,3.146020472049713E-001,-9.308298826217651E-001,-4.822491109371185E-002,-6.147409602999687E-002,3.146020472049713E-001,-9.308298826217651E-001,
2.522300000000000E+009,-7.228759676218033E-002,-3.691095113754273E-002,2.838395535945892E-001,-9.407233595848084E-001,-7.228759676218033E-002,-3.691095113754273E-002,2.838395535945892E-001,-9.407233595848084E-001,
2.530666666666667E+009,-7.800142467021942E-002,5.362270167097449E-004,2.566473782062531E-001,-9.533498287200928E-001,-7.800142467021942E-002,5.362270167097449E-004,2.566473782062531E-001,-9.533498287200928E-001,
2.539033333333334E+009,-6.449503451585770E-002,3.583538159728050E-002,2.410136163234711E-001,-9.524037241935730E-001,-6.449503451585770E-002,3.583538159728050E-002,2.410136163234711E-001,-9.524037241935730E-001,
2.547400000000000E+009,-3.526724129915237E-002,5.977760255336762E-002,2.211095690727234E-001,-9.632541537284851E-001,-3.526724129915237E-002,5.977760255336762E-002,2.211095690727234E-001,-9.632541537284851E-001,
2.555766666666667E+009,1.198689802549779E-003,6.432364135980606E-002,1.938462704420090E-001,-9.705977439880371E-001,1.198689802549779E-003,6.432364135980606E-002,1.938462704420090E-001,-9.705977439880371E-001,
2.564133333333334E+009,2.991374582052231E-002,4.618790373206139E-002,1.667253971099854E-001,-9.684476852416992E-001,2.991374582052231E-002,4.618790373206139E-002,1.667253971099854E-001,-9.684476852416992E-001,
2.572500000000000E+009,4.278285428881645E-002,1.395662128925324E-002,1.432934552431107E-001,-9.711133837699890E-001,4.278285428881645E-002,1.395662128925324E-002,1.432934552431107E-001,-9.711133837699890E-001,
2.580866666666667E+009,3.508638963103294E-002,-2.354729361832142E-002,1.213862672448158E-001,-9.763782620429993E-001,3.508638963103294E-002,-2.354729361832142E-002,1.213862672448158E-001,-9.763782620429993E-001,
2.589233333333334E+009,8.523980155587196E-003,-5.251752212643623E-002,8.968160301446915E-002,-9.797295331954956E-001,8.523980155587196E-003,-5.251752212643623E-002,8.968160301446915E-002,-9.797295331954956E-001,
2.597600000000000E+009,-2.727782726287842E-002,-6.577650457620621E-002,6.223089247941971E-002,-9.828945398330689E-001,-2.727782726287842E-002,-6.577650457620621E-002,6.223089247941971E-002,-9.828945398330689E-001,
2.605966666666667E+009,-6.367436051368713E-002,-5.545455962419510E-002,4.875702038407326E-002,-9.884267449378967E-001,-6.367436051368713E-002,-5.545455962419510E-002,4.875702038407326E-002,-9.884267449378967E-001,
2.614333333333334E+009,-8.685529977083206E-002,-2.976875007152557E-002,2.039043046534061E-002,-9.816865921020508E-001,-8.685529977083206E-002,-2.976875007152557E-002,2.039043046534061E-002,-9.816865921020508E-001,
2.622700000000000E+009,-9.114940464496613E-002,9.203814901411533E-003,-1.005001831799746E-003,-9.785441160202026E-001,-9.114940464496613E-002,9.203814901411533E-003,-1.005001831799746E-003,-9.785441160202026E-001,
2.631066666666667E+009,-7.523799687623978E-002,4.587554559111595E-002,-2.733996883034706E-002,-9.899339079856873E-001,-7.523799687623978E-002,4.587554559111595E-002,-2.733996883034706E-002,-9.899339079856873E-001,
2.639433333333334E+009,-4.284700006246567E-002,6.919877976179123E-002,-5.247757956385613E-002,-9.800587296485901E-001,-4.284700006246567E-002,6.919877976179123E-002,-5.247757956385613E-002,-9.800587296485901E-001,
2.647800000000000E+009,-3.818914759904146E-003,7.414843142032623E-002,-7.840763032436371E-002,-9.791365265846252E-001,-3.818914759904146E-003,7.414843142032623E-002,-7.840763032436371E-002,-9.791365265846252E-001,
2.656166666666667E+009,2.652750350534916E-002,5.848963558673859E-002,-1.009207218885422E-001,-9.814125895500183E-001,2.652750350534916E-002,5.848963558673859E-002,-1.009207218885422E-001,-9.814125895500183E-001,
2.664533333333334E+009,3.991611301898956E-002,2.849349565804005E-002,-1.321135759353638E-001,-9.677872061729431E-001,3.991611301898956E-002,2.849349565804005E-002,-1.321135759353638E-001,-9.677872061729431E-001,
2.672900000000000E+009,3.409526124596596E-002,-5.035290494561195E-003,-1.500975638628006E-001,-9.688940644264221E-001,3.409526124596596E-002,-5.035290494561195E-003,-1.500975638628006E-001,-9.688940644264221E-001,
2.681266666666667E+009,8.338018320500851E-003,-3.052551858127117E-002,-1.749155223369598E-001,-9.645454883575440E-001,8.338018320500851E-003,-3.052551858127117E-002,-1.749155223369598E-001,-9.645454883575440E-001,
2.689633333333334E+009,-2.862962335348129E-002,-4.135378450155258E-002,-1.973230093717575E-001,-9.620820283889771E-001,-2.862962335348129E-002,-4.135378450155258E-002,-1.973230093717575E-001,-9.620820283889771E-001,
2.698000000000000E+009,-6.300990283489227E-002,-3.143896907567978E-002,-2.138673663139343E-001,-9.583121538162231E-001,-6.300990283489227E-002,-3.143896907567978E-002,-2.138673663139343E-001,-9.583121538162231E-001,
2.706366666666667E+009,-8.522075414657593E-002,-4.242712631821632E-003,-2.476929128170013E-001,-9.459326267242432E-001,-8.522075414657593E-002,-4.242712631821632E-003,-2.476929128170013E-001,-9.459326267242432E-001,
2.714733333333334E+009,-8.838091790676117E-002,3.069569915533066E-002,-2.662723064422607E-001,-9.461977481842041E-001,-8.838091790676117E-002,3.069569915533066E-002,-2.662723064422607E-001,-9.461977481842041E-001,
2.723100000000000E+009,-6.881433725357056E-002,6.412588804960251E-002,-2.885831892490387E-001,-9.349560737609863E-001,-6.881433725357056E-002,6.412588804960251E-002,-2.885831892490387E-001,-9.349560737609863E-001,
2.731466666666667E+009,-3.317881748080254E-002,8.646239340305328E-002,-3.158169984817505E-001,-9.301307201385498E-001,-3.317881748080254E-002,8.646239340305328E-002,-3.158169984817505E-001,-9.301307201385498E-001,
2.739833333333334E+009,6.898026913404465E-003,8.817758411169052E-002,-3.365963995456696E-001,-9.177246093750000E-001,6.898026913404465E-003,8.817758411169052E-002,-3.365963995456696E-001,-9.177246093750000E-001,
2.748200000000000E+009,4.070004448294640E-002,7.226052880287170E-002,-3.586588501930237E-001,-9.116356968879700E-001,4.070004448294640E-002,7.226052880287170E-002,-3.586588501930237E-001,-9.116356968879700E-001,
2.756566666666667E+009,5.795817822217941E-002,4.183158278465271E-002,-3.819110691547394E-001,-9.035339355468750E-001,5.795817822217941E-002,4.183158278465271E-002,-3.819110691547394E-001,-9.035339355468750E-001,
2.764933333333334E+009,5.465298146009445E-002,7.913670502603054E-003,-4.110525250434876E-001,-8.980146646499634E-001,5.465298146009445E-002,7.913670502603054E-003,-4.110525250434876E-001,-8.980146646499634E-001,
2.773300000000000E+009,3.200793638825417E-002,-1.987069472670555E-002,-4.295982718467712E-001,-8.832497000694275E-001,3.200793638825417E-002,-1.987069472670555E-002,-4.295982718467712E-001,-8.832497000694275E-001,
2.781666666666667E+009,-5.108417943120003E-003,-3.034489043056965E-002,-4.493133723735809E-001,-8.705781102180481E-001,-5.108417943120003E-003,-3.034489043056965E-002,-4.493133723735809E-001,-8.705781102180481E-001,
2.790033333333334E+009,-4.207658395171166E-002,-2.270883135497570E-002,-4.721270501613617E-001,-8.638973236083984E-001,-4.207658395171166E-002,-2.270883135497570E-002,-4.721270501613617E-001,-8.638973236083984E-001,
2.798400000000000E+009,-6.799204647541046E-002,2.503887750208378E-003,-4.938729405403137E-001,-8.555392026901245E-001,-6.799204647541046E-002,2.503887750208378E-003,-4.938729405403137E-001,-8.555392026901245E-001,
2.806766666666667E+009,-7.170850038528442E-002,3.566719219088554E-002,-5.163537859916687E-001,-8.315914273262024E-001,-7.170850038528442E-002,3.566719219088554E-002,-5.163537859916687E-001,-8.315914273262024E-001,
2.815133333333334E+009,-5.696093663573265E-002,6.610455363988876E-002,-5.354803204536438E-001,-8.251197934150696E-001,-5.696093663573265E-002,6.610455363988876E-002,-5.354803204536438E-001,-8.251197934150696E-001,
2.823500000000000E+009,-2.262179180979729E-002,8.551519364118576E-002,-5.553966760635376E-001,-8.129318356513977E-001,-2.262179180979729E-002,8.551519364118576E-002,-5.553966760635376E-001,-8.129318356513977E-001,
2.831866666666667E+009,1.764470897614956E-002,8.592823147773743E-002,-5.728446841239929E-001,-7.977246642112732E-001,1.764470897614956E-002,8.592823147773743E-002,-5.728446841239929E-001,-7.977246642112732E-001,
2.840233333333334E+009,5.322540178894997E-002,6.742504984140396E-002,-5.989186763763428E-001,-7.841359972953796E-001,5.322540178894997E-002,6.742504984140396E-002,-5.989186763763428E-001,-7.841359972953796E-001,
2.848600000000000E+009,7.283091545104981E-002,3.703813627362251E-002,-6.118090152740479E-001,-7.649342417716980E-001,7.283091545104981E-002,3.703813627362251E-002,-6.118090152740479E-001,-7.649342417716980E-001,
2.856966666666667E+009,7.105158269405365E-002,2.478125272318721E-003,-6.302932500839233E-001,-7.514774799346924E-001,7.105158269405365E-002,2.478125272318721E-003,-6.302932500839233E-001,-7.514774799346924E-001,
2.865333333333334E+009,4.747492820024490E-002,-2.580992318689823E-002,-6.484406590461731E-001,-7.394711971282959E-001,4.747492820024490E-002,-2.580992318689823E-002,-6.484406590461731E-001,-7.394711971282959E-001,
2.873700000000000E+009,9.593968279659748E-003,-3.506200388073921E-002,-6.748542189598084E-001,-7.140088677406311E-001,9.593968279659748E-003,-3.506200388073921E-002,-6.748542189598084E-001,-7.140088677406311E-001,
2.882066666666667E+009,-2.878868952393532E-002,-2.545904740691185E-002,-6.858192682266235E-001,-6.943103671073914E-001,-2.878868952393532E-002,-2.545904740691185E-002,-6.858192682266235E-001,-6.943103671073914E-001,
2.890433333333334E+009,-5.828161165118218E-002,1.685853116214275E-003,-7.047637104988098E-001,-6.808341145515442E-001,-5.828161165118218E-002,1.685853116214275E-003,-7.047637104988098E-001,-6.808341145515442E-001,
2.898800000000000E+009,-6.642387807369232E-002,3.876466676592827E-002,-7.199834585189819E-001,-6.660976409912109E-001,-6.642387807369232E-002,3.876466676592827E-002,-7.199834585189819E-001,-6.660976409912109E-001,
2.907166666666667E+009,-5.267310515046120E-002,7.080218195915222E-002,-7.291712760925293E-001,-6.518454551696777E-001,-5.267310515046120E-002,7.080218195915222E-002,-7.291712760925293E-001,-6.518454551696777E-001,
2.915533333333334E+009,-1.769209653139114E-002,9.093678742647171E-002,-7.522670626640320E-001,-6.270269155502319E-001,-1.769209653139114E-002,9.093678742647171E-002,-7.522670626640320E-001,-6.270269155502319E-001,
2.923900000000000E+009,2.337078191339970E-002,9.056157618761063E-002,-7.648504972457886E-001,-6.159859895706177E-001,2.337078191339970E-002,9.056157618761063E-002,-7.648504972457886E-001,-6.159859895706177E-001,
2.932266666666667E+009,6.208171695470810E-002,7.101242244243622E-002,-7.788207530975342E-001,-5.966299176216126E-001,6.208171695470810E-002,7.101242244243622E-002,-7.788207530975342E-001,-5.966299176216126E-001,
2.940633333333334E+009,8.442667126655579E-002,3.520884364843369E-002,-7.956964373588562E-001,-5.729773044586182E-001,8.442667126655579E-002,3.520884364843369E-002,-7.956964373588562E-001,-5.729773044586182E-001,
2.949000000000000E+009,8.529083430767059E-002,-4.936511628329754E-003,-8.151361942291260E-001,-5.484622120857239E-001,8.529083430767059E-002,-4.936511628329754E-003,-8.151361942291260E-001,-5.484622120857239E-001,
2.957366666666667E+009,6.394445896148682E-002,-3.529322892427445E-002,-8.266935944557190E-001,-5.351684689521790E-001,6.394445896148682E-002,-3.529322892427445E-002,-8.266935944557190E-001,-5.351684689521790E-001,
2.965733333333334E+009,2.649081684648991E-002,-4.730677232146263E-002,-8.413906097412109E-001,-5.121403336524963E-001,2.649081684648991E-002,-4.730677232146263E-002,-8.413906097412109E-001,-5.121403336524963E-001,
2.974100000000000E+009,-1.371411047875881E-002,-3.773105517029762E-002,-8.568305373191834E-001,-4.866512715816498E-001,-1.371411047875881E-002,-3.773105517029762E-002,-8.568305373191834E-001,-4.866512715816498E-001,
2.982466666666667E+009,-4.454026743769646E-002,-7.250232622027397E-003,-8.669358491897583E-001,-4.612115621566773E-001,-4.454026743769646E-002,-7.250232622027397E-003,-8.669358491897583E-001,-4.612115621566773E-001,
2.990833333333334E+009,-5.582156032323837E-002,3.139963746070862E-002,-8.717945218086243E-001,-4.472486078739166E-001,-5.582156032323837E-002,3.139963746070862E-002,-8.717945218086243E-001,-4.472486078739166E-001,
2.999200000000000E+009,-4.376482218503952E-002,6.885766237974167E-002,-8.857728242874146E-001,-4.225621223449707E-001,-4.376482218503952E-002,6.885766237974167E-002,-8.857728242874146E-001,-4.225621223449707E-001,
3.007566666666667E+009,-1.087231002748013E-002,9.154530614614487E-002,-8.973433971405029E-001,-3.978215157985687E-001,-1.087231002748013E-002,9.154530614614487E-002,-8.973433971405029E-001,-3.978215157985687E-001,
3.015933333333334E+009,3.297927975654602E-002,8.971154689788818E-002,-9.019262790679932E-001,-3.831514120101929E-001,3.297927975654602E-002,8.971154689788818E-002,-9.019262790679932E-001,-3.831514120101929E-001,
3.024300000000000E+009,7.118327915668488E-002,6.632935255765915E-002,-9.150643348693848E-001,-3.583473265171051E-001,7.118327915668488E-002,6.632935255765915E-002,-9.150643348693848E-001,-3.583473265171051E-001,
3.032666666666667E+009,9.494181722402573E-002,2.450570277869701E-002,-9.247564673423767E-001,-3.342600762844086E-001,9.494181722402573E-002,2.450570277869701E-002,-9.247564673423767E-001,-3.342600762844086E-001,
3.041033333333334E+009,9.452974051237106E-002,-2.065186388790608E-002,-9.284505844116211E-001,-3.127997219562531E-001,9.452974051237106E-002,-2.065186388790608E-002,-9.284505844116211E-001,-3.127997219562531E-001,
3.049400000000000E+009,7.007392495870590E-002,-5.644010007381439E-002,-9.395343661308289E-001,-2.837854921817780E-001,7.007392495870590E-002,-5.644010007381439E-002,-9.395343661308289E-001,-2.837854921817780E-001,
3.057766666666667E+009,3.051283210515976E-002,-7.062790542840958E-002,-9.474015235900879E-001,-2.757523357868195E-001,3.051283210515976E-002,-7.062790542840958E-002,-9.474015235900879E-001,-2.757523357868195E-001,
3.066133333333334E+009,-1.395854447036982E-002,-5.829555913805962E-002,-9.507835507392883E-001,-2.387233674526215E-001,-1.395854447036982E-002,-5.829555913805962E-002,-9.507835507392883E-001,-2.387233674526215E-001,
3.074500000000000E+009,-4.659898206591606E-002,-2.392042614519596E-002,-9.601313471794128E-001,-2.163812369108200E-001,-4.659898206591606E-002,-2.392042614519596E-002,-9.601313471794128E-001,-2.163812369108200E-001,
3.082866666666667E+009,-5.728091299533844E-002,2.366721630096436E-002,-9.638953804969788E-001,-1.941864192485809E-001,-5.728091299533844E-002,2.366721630096436E-002,-9.638953804969788E-001,-1.941864192485809E-001,
3.091233333333334E+009,-4.118937626481056E-002,6.945785135030747E-002,-9.661741256713867E-001,-1.648602187633514E-001,-4.118937626481056E-002,6.945785135030747E-002,-9.661741256713867E-001,-1.648602187633514E-001,
3.099600000000000E+009,-3.912938293069601E-003,9.642791002988815E-002,-9.670805335044861E-001,-1.449180096387863E-001,-3.912938293069601E-003,9.642791002988815E-002,-9.670805335044861E-001,-1.449180096387863E-001,
3.107966666666667E+009,4.621134698390961E-002,9.531773626804352E-002,-9.718559980392456E-001,-1.229642033576965E-001,4.621134698390961E-002,9.531773626804352E-002,-9.718559980392456E-001,-1.229642033576965E-001,
3.116333333333334E+009,9.025111049413681E-002,6.686059385538101E-002,-9.769155383110046E-001,-9.858010709285736E-002,9.025111049413681E-002,6.686059385538101E-002,-9.769155383110046E-001,-9.858010709285736E-002,
3.124700000000000E+009,1.136396378278732E-001,1.741106249392033E-002,-9.780079722404480E-001,-7.647687941789627E-002,1.136396378278732E-001,1.741106249392033E-002,-9.780079722404480E-001,-7.647687941789627E-002,
3.133066666666667E+009,1.132260784506798E-001,-3.801699727773666E-002,-9.848113059997559E-001,-4.931747540831566E-002,1.132260784506798E-001,-3.801699727773666E-002,-9.848113059997559E-001,-4.931747540831566E-002,
3.141433333333334E+009,8.532465994358063E-002,-8.310277014970779E-002,-9.824878573417664E-001,-2.854730188846588E-002,8.532465994358063E-002,-8.310277014970779E-002,-9.824878573417664E-001,-2.854730188846588E-002,
3.149800000000000E+009,3.687138855457306E-002,-1.045669838786125E-001,-9.853746294975281E-001,2.376165939494968E-003,3.687138855457306E-002,-1.045669838786125E-001,-9.853746294975281E-001,2.376165939494968E-003,
3.158166666666667E+009,-1.438896451145411E-002,-9.520085155963898E-002,-9.804920554161072E-001,3.046199865639210E-002,-1.438896451145411E-002,-9.520085155963898E-002,-9.804920554161072E-001,3.046199865639210E-002,
3.166533333333334E+009,-5.203743278980255E-002,-5.902952700853348E-002,-9.820373058319092E-001,5.422877147793770E-002,-5.203743278980255E-002,-5.902952700853348E-002,-9.820373058319092E-001,5.422877147793770E-002,
3.174900000000000E+009,-6.944521516561508E-002,-6.309022661298513E-003,-9.788453578948975E-001,7.663005590438843E-002,-6.944521516561508E-002,-6.309022661298513E-003,-9.788453578948975E-001,7.663005590438843E-002,
3.183266666666667E+009,-5.503875762224197E-002,4.638566449284554E-002,-9.735543131828308E-001,1.004230827093124E-001,-5.503875762224197E-002,4.638566449284554E-002,-9.735543131828308E-001,1.004230827093124E-001,
3.191633333333334E+009,-1.697396114468575E-002,7.830096781253815E-002,-9.684079289436340E-001,1.239078417420387E-001,-1.697396114468575E-002,7.830096781253815E-002,-9.684079289436340E-001,1.239078417420387E-001,
3.200000000000000E+009,3.167349100112915E-002,8.238661289215088E-002,-9.673182964324951E-001,1.435000449419022E-001,3.167349100112915E-002,8.238661289215088E-002,-9.673182964324951E-001,1.435000449419022E-001,
