% Version 1.00
%
%freq[Hz],re:Trc1_S11,im:Trc1_S11,re:Trc2_S21,im:Trc2_S21,re:Trc3_S11,im:Trc3_S11,re:Trc4_S21,im:Trc4_S21,
6.900000000000000E+008,-4.455953836441040E-002,3.885067999362946E-002,-4.977529942989349E-001,-8.526337742805481E-001,-4.455953836441040E-002,3.885067999362946E-002,-4.977529942989349E-001,-8.526337742805481E-001,
6.983666666666666E+008,-3.680133447051048E-002,3.902088105678558E-002,-5.129611492156982E-001,-8.362618088722229E-001,-3.680133447051048E-002,3.902088105678558E-002,-5.129611492156982E-001,-8.362618088722229E-001,
7.067333333333334E+008,-3.118318878114224E-002,3.582246974110603E-002,-5.428855419158936E-001,-8.099140524864197E-001,-3.118318878114224E-002,3.582246974110603E-002,-5.428855419158936E-001,-8.099140524864197E-001,
7.151000000000000E+008,-3.177433833479881E-002,2.800296433269978E-002,-5.510176420211792E-001,-8.001370429992676E-001,-3.177433833479881E-002,2.800296433269978E-002,-5.510176420211792E-001,-8.001370429992676E-001,
7.234666666666666E+008,-3.173032402992249E-002,2.187780663371086E-002,-5.954668521881104E-001,-7.871893048286438E-001,-3.173032402992249E-002,2.187780663371086E-002,-5.954668521881104E-001,-7.871893048286438E-001,
7.318333333333334E+008,-3.935312107205391E-002,1.851272024214268E-002,-5.989086031913757E-001,-7.822862267494202E-001,-3.935312107205391E-002,1.851272024214268E-002,-5.989086031913757E-001,-7.822862267494202E-001,
7.402000000000000E+008,-4.693160206079483E-002,2.035700343549252E-002,-6.260384321212769E-001,-7.631926536560059E-001,-4.693160206079483E-002,2.035700343549252E-002,-6.260384321212769E-001,-7.631926536560059E-001,
7.485666666666666E+008,-5.190873518586159E-002,2.590078301727772E-002,-6.471976041793823E-001,-7.250895500183106E-001,-5.190873518586159E-002,2.590078301727772E-002,-6.471976041793823E-001,-7.250895500183106E-001,
7.569333333333334E+008,-5.278594046831131E-002,3.474043682217598E-002,-6.651290655136108E-001,-7.263890504837036E-001,-5.278594046831131E-002,3.474043682217598E-002,-6.651290655136108E-001,-7.263890504837036E-001,
7.653000000000000E+008,-4.898928105831146E-002,4.347573593258858E-002,-6.760468482971191E-001,-7.195726633071899E-001,-4.898928105831146E-002,4.347573593258858E-002,-6.760468482971191E-001,-7.195726633071899E-001,
7.736666666666666E+008,-4.112175107002258E-002,5.232379585504532E-002,-6.976370215415955E-001,-7.121512293815613E-001,-4.112175107002258E-002,5.232379585504532E-002,-6.976370215415955E-001,-7.121512293815613E-001,
7.820333333333334E+008,-3.454552590847015E-002,5.649111047387123E-002,-7.216402292251587E-001,-6.880105137825012E-001,-3.454552590847015E-002,5.649111047387123E-002,-7.216402292251587E-001,-6.880105137825012E-001,
7.904000000000000E+008,-2.474778890609741E-002,5.491092056035996E-002,-7.356036901473999E-001,-6.673455834388733E-001,-2.474778890609741E-002,5.491092056035996E-002,-7.356036901473999E-001,-6.673455834388733E-001,
7.987666666666666E+008,-1.740284636616707E-002,4.990836977958679E-002,-7.470632791519165E-001,-6.440612077713013E-001,-1.740284636616707E-002,4.990836977958679E-002,-7.470632791519165E-001,-6.440612077713013E-001,
8.071333333333334E+008,-1.762404479086399E-002,4.590828716754913E-002,-7.607312202453613E-001,-6.338447332382202E-001,-1.762404479086399E-002,4.590828716754913E-002,-7.607312202453613E-001,-6.338447332382202E-001,
8.155000000000000E+008,-2.129524946212769E-002,3.869224339723587E-002,-7.702026963233948E-001,-5.868645310401917E-001,-2.129524946212769E-002,3.869224339723587E-002,-7.702026963233948E-001,-5.868645310401917E-001,
8.238666666666666E+008,-2.626699022948742E-002,3.552514314651489E-002,-8.017201423645020E-001,-5.907644629478455E-001,-2.626699022948742E-002,3.552514314651489E-002,-8.017201423645020E-001,-5.907644629478455E-001,
8.322333333333334E+008,-3.464382886886597E-002,3.718242794275284E-002,-8.142163157463074E-001,-5.638292431831360E-001,-3.464382886886597E-002,3.718242794275284E-002,-8.142163157463074E-001,-5.638292431831360E-001,
8.406000000000000E+008,-3.950362652540207E-002,4.066694900393486E-002,-8.251913189888001E-001,-5.501456856727600E-001,-3.950362652540207E-002,4.066694900393486E-002,-8.251913189888001E-001,-5.501456856727600E-001,
8.489666666666668E+008,-4.002775251865387E-002,4.844565689563751E-002,-8.472514748573303E-001,-5.231590270996094E-001,-4.002775251865387E-002,4.844565689563751E-002,-8.472514748573303E-001,-5.231590270996094E-001,
8.573333333333334E+008,-3.643646836280823E-002,5.575220659375191E-002,-8.516388535499573E-001,-5.053061246871948E-001,-3.643646836280823E-002,5.575220659375191E-002,-8.516388535499573E-001,-5.053061246871948E-001,
8.657000000000000E+008,-2.972773648798466E-002,6.476887315511704E-002,-8.698494434356690E-001,-4.763834774494171E-001,-2.972773648798466E-002,6.476887315511704E-002,-8.698494434356690E-001,-4.763834774494171E-001,
8.740666666666668E+008,-2.132891304790974E-002,6.999236345291138E-002,-8.595350384712219E-001,-4.566949605941773E-001,-2.132891304790974E-002,6.999236345291138E-002,-8.595350384712219E-001,-4.566949605941773E-001,
8.824333333333334E+008,-1.200901437550783E-002,6.901169568300247E-002,-8.945807218551636E-001,-4.265160262584686E-001,-1.200901437550783E-002,6.901169568300247E-002,-8.945807218551636E-001,-4.265160262584686E-001,
8.908000000000000E+008,-3.734226105734706E-003,6.855867058038712E-002,-9.049803614616394E-001,-4.219277799129486E-001,-3.734226105734706E-003,6.855867058038712E-002,-9.049803614616394E-001,-4.219277799129486E-001,
8.991666666666668E+008,-1.131071359850466E-003,6.169120967388153E-002,-9.162454605102539E-001,-3.934122323989868E-001,-1.131071359850466E-003,6.169120967388153E-002,-9.162454605102539E-001,-3.934122323989868E-001,
9.075333333333334E+008,-7.454089354723692E-004,5.715048313140869E-002,-9.095429182052612E-001,-3.675343990325928E-001,-7.454089354723692E-004,5.715048313140869E-002,-9.095429182052612E-001,-3.675343990325928E-001,
9.159000000000000E+008,-3.730759024620056E-003,5.211564153432846E-002,-9.246220588684082E-001,-3.579890429973602E-001,-3.730759024620056E-003,5.211564153432846E-002,-9.246220588684082E-001,-3.579890429973602E-001,
9.242666666666668E+008,-8.877749554812908E-003,4.729772731661797E-002,-9.332590699195862E-001,-3.321561515331268E-001,-8.877749554812908E-003,4.729772731661797E-002,-9.332590699195862E-001,-3.321561515331268E-001,
9.326333333333334E+008,-1.378134824335575E-002,4.940489679574966E-002,-9.365594387054443E-001,-2.998194992542267E-001,-1.378134824335575E-002,4.940489679574966E-002,-9.365594387054443E-001,-2.998194992542267E-001,
9.410000000000000E+008,-1.879305951297283E-002,5.556956678628922E-002,-9.478495121002197E-001,-2.706921100616455E-001,-1.879305951297283E-002,5.556956678628922E-002,-9.478495121002197E-001,-2.706921100616455E-001,
9.493666666666668E+008,-2.013115026056767E-002,6.257163733243942E-002,-9.523611664772034E-001,-2.617188394069672E-001,-2.013115026056767E-002,6.257163733243942E-002,-9.523611664772034E-001,-2.617188394069672E-001,
9.577333333333334E+008,-1.517699472606182E-002,7.055649161338806E-002,-9.787135124206543E-001,-2.190171927213669E-001,-1.517699472606182E-002,7.055649161338806E-002,-9.787135124206543E-001,-2.190171927213669E-001,
9.661000000000000E+008,-6.741195451468229E-003,7.762700319290161E-002,-9.648006558418274E-001,-2.060592472553253E-001,-6.741195451468229E-003,7.762700319290161E-002,-9.648006558418274E-001,-2.060592472553253E-001,
9.744666666666668E+008,2.932543866336346E-003,8.234713971614838E-002,-9.734700918197632E-001,-1.731870174407959E-001,2.932543866336346E-003,8.234713971614838E-002,-9.734700918197632E-001,-1.731870174407959E-001,
9.828333333333334E+008,1.703434064984322E-002,8.019817620515823E-002,-9.719738960266113E-001,-1.457198709249497E-001,1.703434064984322E-002,8.019817620515823E-002,-9.719738960266113E-001,-1.457198709249497E-001,
9.912000000000000E+008,2.649743296205998E-002,7.672785967588425E-002,-9.802780747413635E-001,-1.392695456743240E-001,2.649743296205998E-002,7.672785967588425E-002,-9.802780747413635E-001,-1.392695456743240E-001,
9.995666666666668E+008,3.147920966148377E-002,6.784064322710037E-002,-9.831774234771729E-001,-9.995357692241669E-002,3.147920966148377E-002,6.784064322710037E-002,-9.831774234771729E-001,-9.995357692241669E-002,
1.007933333333333E+009,3.187374770641327E-002,5.967390909790993E-002,-9.919332861900330E-001,-8.064510673284531E-002,3.187374770641327E-002,5.967390909790993E-002,-9.919332861900330E-001,-8.064510673284531E-002,
1.016300000000000E+009,2.524067647755146E-002,5.051087960600853E-002,-9.884364604949951E-001,-5.828214064240456E-002,2.524067647755146E-002,5.051087960600853E-002,-9.884364604949951E-001,-5.828214064240456E-002,
1.024666666666667E+009,1.702724955976009E-002,4.907199367880821E-002,-9.917407631874085E-001,-3.683785721659660E-002,1.702724955976009E-002,4.907199367880821E-002,-9.917407631874085E-001,-3.683785721659660E-002,
1.033033333333333E+009,9.622497484087944E-003,5.001058429479599E-002,-9.683831930160523E-001,3.809713525697589E-003,9.622497484087944E-003,5.001058429479599E-002,-9.683831930160523E-001,3.809713525697589E-003,
1.041400000000000E+009,5.396674852818251E-003,5.610392242670059E-002,-9.772018194198608E-001,2.470467053353787E-002,5.396674852818251E-003,5.610392242670059E-002,-9.772018194198608E-001,2.470467053353787E-002,
1.049766666666667E+009,4.388411995023489E-003,6.419690698385239E-002,-9.864593744277954E-001,4.723306372761726E-002,4.388411995023489E-003,6.419690698385239E-002,-9.864593744277954E-001,4.723306372761726E-002,
1.058133333333333E+009,1.257202588021755E-002,7.334309071302414E-002,-9.826210141181946E-001,7.175035029649735E-002,1.257202588021755E-002,7.334309071302414E-002,-9.826210141181946E-001,7.175035029649735E-002,
1.066500000000000E+009,2.566750906407833E-002,7.788267731666565E-002,-9.642928838729858E-001,1.004838719964027E-001,2.566750906407833E-002,7.788267731666565E-002,-9.642928838729858E-001,1.004838719964027E-001,
1.074866666666667E+009,3.842450678348541E-002,7.509841024875641E-002,-9.765929579734802E-001,1.279035806655884E-001,3.842450678348541E-002,7.509841024875641E-002,-9.765929579734802E-001,1.279035806655884E-001,
1.083233333333334E+009,5.144751816987991E-002,7.055170834064484E-002,-9.734658598899841E-001,1.438526958227158E-001,5.144751816987991E-002,7.055170834064484E-002,-9.734658598899841E-001,1.438526958227158E-001,
1.091600000000000E+009,5.654282495379448E-002,5.855002626776695E-002,-9.662860631942749E-001,1.787644922733307E-001,5.654282495379448E-002,5.855002626776695E-002,-9.662860631942749E-001,1.787644922733307E-001,
1.099966666666667E+009,5.847627297043800E-002,4.556250199675560E-002,-9.607074260711670E-001,1.965637356042862E-001,5.847627297043800E-002,4.556250199675560E-002,-9.607074260711670E-001,1.965637356042862E-001,
1.108333333333334E+009,5.008197948336601E-002,3.524907305836678E-002,-9.752950072288513E-001,2.192743867635727E-001,5.008197948336601E-002,3.524907305836678E-002,-9.752950072288513E-001,2.192743867635727E-001,
1.116700000000000E+009,3.764080256223679E-002,3.478948771953583E-002,-9.594271779060364E-001,2.484020739793778E-001,3.764080256223679E-002,3.478948771953583E-002,-9.594271779060364E-001,2.484020739793778E-001,
1.125066666666667E+009,2.534430287778378E-002,3.546854853630066E-002,-9.454068541526794E-001,2.729651629924774E-001,2.534430287778378E-002,3.546854853630066E-002,-9.454068541526794E-001,2.729651629924774E-001,
1.133433333333334E+009,1.449482608586550E-002,4.729134216904640E-002,-9.384644031524658E-001,2.912680506706238E-001,1.449482608586550E-002,4.729134216904640E-002,-9.384644031524658E-001,2.912680506706238E-001,
1.141800000000000E+009,1.496160030364990E-002,6.042959168553352E-002,-9.290643930435181E-001,3.195373713970184E-001,1.496160030364990E-002,6.042959168553352E-002,-9.290643930435181E-001,3.195373713970184E-001,
1.150166666666667E+009,2.133562043309212E-002,7.226509600877762E-002,-9.244479537010193E-001,3.468117713928223E-001,2.133562043309212E-002,7.226509600877762E-002,-9.244479537010193E-001,3.468117713928223E-001,
1.158533333333334E+009,3.967029601335526E-002,7.975203543901444E-002,-9.145497083663940E-001,3.680761158466339E-001,3.967029601335526E-002,7.975203543901444E-002,-9.145497083663940E-001,3.680761158466339E-001,
1.166900000000000E+009,5.932439491152763E-002,7.841120660305023E-002,-9.066097140312195E-001,3.954348564147949E-001,5.932439491152763E-002,7.841120660305023E-002,-9.066097140312195E-001,3.954348564147949E-001,
1.175266666666667E+009,7.639861851930618E-002,6.861271709203720E-002,-8.873023986816406E-001,4.109693765640259E-001,7.639861851930618E-002,6.861271709203720E-002,-8.873023986816406E-001,4.109693765640259E-001,
1.183633333333334E+009,8.972630649805069E-002,5.331121757626534E-002,-8.837914466857910E-001,4.362311959266663E-001,8.972630649805069E-002,5.331121757626534E-002,-8.837914466857910E-001,4.362311959266663E-001,
1.192000000000000E+009,9.120907634496689E-002,3.549578040838242E-002,-8.735995888710022E-001,4.610703885555267E-001,9.120907634496689E-002,3.549578040838242E-002,-8.735995888710022E-001,4.610703885555267E-001,
1.200366666666667E+009,8.204507082700729E-002,1.767950877547264E-002,-8.621852993965149E-001,4.804488420486450E-001,8.204507082700729E-002,1.767950877547264E-002,-8.621852993965149E-001,4.804488420486450E-001,
1.208733333333334E+009,6.447378545999527E-002,8.482015691697598E-003,-8.596735596656799E-001,5.106185674667358E-001,6.447378545999527E-002,8.482015691697598E-003,-8.596735596656799E-001,5.106185674667358E-001,
1.217100000000000E+009,4.564369469881058E-002,1.025605015456677E-002,-8.245993256568909E-001,5.209003686904907E-001,4.564369469881058E-002,1.025605015456677E-002,-8.245993256568909E-001,5.209003686904907E-001,
1.225466666666667E+009,3.356832638382912E-002,2.134458161890507E-002,-8.295172452926636E-001,5.468089580535889E-001,3.356832638382912E-002,2.134458161890507E-002,-8.295172452926636E-001,5.468089580535889E-001,
1.233833333333334E+009,3.086227923631668E-002,3.619091957807541E-002,-8.077842593193054E-001,5.685830116271973E-001,3.086227923631668E-002,3.619091957807541E-002,-8.077842593193054E-001,5.685830116271973E-001,
1.242200000000000E+009,3.653329983353615E-002,5.047522112727165E-002,-7.809961438179016E-001,5.850996971130371E-001,3.653329983353615E-002,5.047522112727165E-002,-7.809961438179016E-001,5.850996971130371E-001,
1.250566666666667E+009,5.212959274649620E-002,6.050807610154152E-002,-7.843649983406067E-001,6.120196580886841E-001,5.212959274649620E-002,6.050807610154152E-002,-7.843649983406067E-001,6.120196580886841E-001,
1.258933333333334E+009,7.270809262990952E-002,6.009671464562416E-002,-7.629178166389465E-001,6.257883310317993E-001,7.270809262990952E-002,6.009671464562416E-002,-7.629178166389465E-001,6.257883310317993E-001,
1.267300000000000E+009,9.115403890609741E-002,4.735133796930313E-002,-7.397082448005676E-001,6.427268385887146E-001,9.115403890609741E-002,4.735133796930313E-002,-7.397082448005676E-001,6.427268385887146E-001,
1.275666666666667E+009,1.028392314910889E-001,2.986654639244080E-002,-7.366259098052979E-001,6.470518708229065E-001,1.028392314910889E-001,2.986654639244080E-002,-7.366259098052979E-001,6.470518708229065E-001,
1.284033333333334E+009,1.044569835066795E-001,6.888665724545717E-003,-7.029014825820923E-001,6.962522268295288E-001,1.044569835066795E-001,6.888665724545717E-003,-7.029014825820923E-001,6.962522268295288E-001,
1.292400000000000E+009,9.288144111633301E-002,-1.193657703697681E-002,-7.013317942619324E-001,6.980790495872498E-001,9.288144111633301E-002,-1.193657703697681E-002,-7.013317942619324E-001,6.980790495872498E-001,
1.300766666666667E+009,7.446963340044022E-002,-1.987915672361851E-002,-6.844938993453980E-001,7.145493030548096E-001,7.446963340044022E-002,-1.987915672361851E-002,-6.844938993453980E-001,7.145493030548096E-001,
1.309133333333334E+009,5.429547280073166E-002,-1.776712201535702E-002,-6.673723459243774E-001,7.421664595603943E-001,5.429547280073166E-002,-1.776712201535702E-002,-6.673723459243774E-001,7.421664595603943E-001,
1.317500000000000E+009,3.903683274984360E-002,-5.683025810867548E-003,-6.379370093345642E-001,7.684461474418640E-001,3.903683274984360E-002,-5.683025810867548E-003,-6.379370093345642E-001,7.684461474418640E-001,
1.325866666666667E+009,3.364954888820648E-002,1.058755721896887E-002,-6.237186789512634E-001,7.665255665779114E-001,3.364954888820648E-002,1.058755721896887E-002,-6.237186789512634E-001,7.665255665779114E-001,
1.334233333333334E+009,4.000450298190117E-002,2.883727103471756E-002,-5.986446142196655E-001,7.801180481910706E-001,4.000450298190117E-002,2.883727103471756E-002,-5.986446142196655E-001,7.801180481910706E-001,
1.342600000000000E+009,5.602238699793816E-002,3.469515591859818E-002,-5.851444005966187E-001,8.000329732894898E-001,5.602238699793816E-002,3.469515591859818E-002,-5.851444005966187E-001,8.000329732894898E-001,
1.350966666666667E+009,7.423096895217896E-002,3.291586786508560E-002,-5.543467402458191E-001,8.181158900260925E-001,7.423096895217896E-002,3.291586786508560E-002,-5.543467402458191E-001,8.181158900260925E-001,
1.359333333333334E+009,9.076572209596634E-002,1.969991624355316E-002,-5.374543070793152E-001,8.274371623992920E-001,9.076572209596634E-002,1.969991624355316E-002,-5.374543070793152E-001,8.274371623992920E-001,
1.367700000000000E+009,9.811782836914063E-002,-2.060829661786556E-003,-5.218181014060974E-001,8.367031812667847E-001,9.811782836914063E-002,-2.060829661786556E-003,-5.218181014060974E-001,8.367031812667847E-001,
1.376066666666667E+009,9.252865612506867E-002,-2.617409266531467E-002,-4.939098358154297E-001,8.477814197540283E-001,9.252865612506867E-002,-2.617409266531467E-002,-4.939098358154297E-001,8.477814197540283E-001,
1.384433333333334E+009,7.765462249517441E-002,-3.995056077837944E-002,-4.894505441188812E-001,8.588306903839111E-001,7.765462249517441E-002,-3.995056077837944E-002,-4.894505441188812E-001,8.588306903839111E-001,
1.392800000000000E+009,5.368709564208984E-002,-4.415435716509819E-002,-4.627044200897217E-001,8.650373816490173E-001,5.368709564208984E-002,-4.415435716509819E-002,-4.627044200897217E-001,8.650373816490173E-001,
1.401166666666667E+009,3.606064990162849E-002,-3.642857074737549E-002,-4.325731694698334E-001,8.954172134399414E-001,3.606064990162849E-002,-3.642857074737549E-002,-4.325731694698334E-001,8.954172134399414E-001,
1.409533333333334E+009,2.292790263891220E-002,-1.659379526972771E-002,-4.087370634078980E-001,9.035196304321289E-001,2.292790263891220E-002,-1.659379526972771E-002,-4.087370634078980E-001,9.035196304321289E-001,
1.417900000000000E+009,2.108350954949856E-002,5.276782438158989E-003,-3.683673143386841E-001,9.023588895797730E-001,2.108350954949856E-002,5.276782438158989E-003,-3.683673143386841E-001,9.023588895797730E-001,
1.426266666666667E+009,3.070787899196148E-002,2.409102022647858E-002,-3.651937246322632E-001,9.280676245689392E-001,3.070787899196148E-002,2.409102022647858E-002,-3.651937246322632E-001,9.280676245689392E-001,
1.434633333333334E+009,4.967065155506134E-002,3.085223957896233E-002,-3.349225521087647E-001,9.204331040382385E-001,4.967065155506134E-002,3.085223957896233E-002,-3.349225521087647E-001,9.204331040382385E-001,
1.443000000000000E+009,7.223301380872726E-002,2.832063287496567E-002,-3.094832897186279E-001,9.351873397827148E-001,7.223301380872726E-002,2.832063287496567E-002,-3.094832897186279E-001,9.351873397827148E-001,
1.451366666666667E+009,8.754489570856094E-002,1.118704676628113E-002,-2.871710658073425E-001,9.422222971916199E-001,8.754489570856094E-002,1.118704676628113E-002,-2.871710658073425E-001,9.422222971916199E-001,
1.459733333333334E+009,9.400837868452072E-002,-1.111099030822516E-002,-2.744714319705963E-001,9.491855502128601E-001,9.400837868452072E-002,-1.111099030822516E-002,-2.744714319705963E-001,9.491855502128601E-001,
1.468100000000000E+009,8.832140266895294E-002,-3.332593664526939E-002,-2.400251626968384E-001,9.526010155677795E-001,8.832140266895294E-002,-3.332593664526939E-002,-2.400251626968384E-001,9.526010155677795E-001,
1.476466666666667E+009,7.157892733812332E-002,-4.860721528530121E-002,-2.186933159828186E-001,9.660556316375732E-001,7.157892733812332E-002,-4.860721528530121E-002,-2.186933159828186E-001,9.660556316375732E-001,
1.484833333333334E+009,4.976342618465424E-002,-5.219653993844986E-002,-1.881007999181747E-001,9.685624837875366E-001,4.976342618465424E-002,-5.219653993844986E-002,-1.881007999181747E-001,9.685624837875366E-001,
1.493200000000000E+009,3.221783041954041E-002,-4.336035251617432E-002,-1.701260954141617E-001,9.684970974922180E-001,3.221783041954041E-002,-4.336035251617432E-002,-1.701260954141617E-001,9.684970974922180E-001,
1.501566666666667E+009,2.147427573800087E-002,-2.416572533547878E-002,-1.415227353572846E-001,9.730572104454041E-001,2.147427573800087E-002,-2.416572533547878E-002,-1.415227353572846E-001,9.730572104454041E-001,
1.509933333333334E+009,2.113333344459534E-002,-1.730110961943865E-003,-1.257574558258057E-001,9.800454974174500E-001,2.113333344459534E-002,-1.730110961943865E-003,-1.257574558258057E-001,9.800454974174500E-001,
1.518300000000000E+009,3.504768013954163E-002,1.536925602704287E-002,-9.886129200458527E-002,9.870671033859253E-001,3.504768013954163E-002,1.536925602704287E-002,-9.886129200458527E-002,9.870671033859253E-001,
1.526666666666667E+009,5.473447218537331E-002,2.246752195060253E-002,-6.444079428911209E-002,9.817685484886169E-001,5.473447218537331E-002,2.246752195060253E-002,-6.444079428911209E-002,9.817685484886169E-001,
1.535033333333334E+009,7.500359416007996E-002,1.864520646631718E-002,-4.470120742917061E-002,9.910237789154053E-001,7.500359416007996E-002,1.864520646631718E-002,-4.470120742917061E-002,9.910237789154053E-001,
1.543400000000000E+009,8.871334791183472E-002,1.905349665321410E-003,-2.182752452790737E-002,9.852415919303894E-001,8.871334791183472E-002,1.905349665321410E-003,-2.182752452790737E-002,9.852415919303894E-001,
1.551766666666667E+009,9.046430885791779E-002,-2.129486016929150E-002,4.205602454021573E-004,9.775637388229370E-001,9.046430885791779E-002,-2.129486016929150E-002,4.205602454021573E-004,9.775637388229370E-001,
1.560133333333334E+009,8.372183889150620E-002,-4.345941543579102E-002,2.593288570642471E-002,9.855830073356628E-001,8.372183889150620E-002,-4.345941543579102E-002,2.593288570642471E-002,9.855830073356628E-001,
1.568500000000000E+009,6.839850544929504E-002,-5.699261277914047E-002,4.055807739496231E-002,9.867175817489624E-001,6.839850544929504E-002,-5.699261277914047E-002,4.055807739496231E-002,9.867175817489624E-001,
1.576866666666667E+009,4.835578054189682E-002,-5.970037728548050E-002,8.194372802972794E-002,9.802610278129578E-001,4.835578054189682E-002,-5.970037728548050E-002,8.194372802972794E-002,9.802610278129578E-001,
1.585233333333334E+009,3.424558788537979E-002,-5.134477838873863E-002,9.757714718580246E-002,9.818584322929382E-001,3.424558788537979E-002,-5.134477838873863E-002,9.757714718580246E-002,9.818584322929382E-001,
1.593600000000000E+009,2.570811286568642E-002,-3.640329092741013E-002,1.236243769526482E-001,9.760782718658447E-001,2.570811286568642E-002,-3.640329092741013E-002,1.236243769526482E-001,9.760782718658447E-001,
1.601966666666667E+009,2.766995504498482E-002,-1.695209927856922E-002,1.475643217563629E-001,9.760572910308838E-001,2.766995504498482E-002,-1.695209927856922E-002,1.475643217563629E-001,9.760572910308838E-001,
1.610333333333334E+009,3.916211798787117E-002,-3.948323428630829E-003,1.799158453941345E-001,9.686614274978638E-001,3.916211798787117E-002,-3.948323428630829E-003,1.799158453941345E-001,9.686614274978638E-001,
1.618700000000000E+009,5.653275176882744E-002,-7.465560338459909E-005,2.018426060676575E-001,9.655980467796326E-001,5.653275176882744E-002,-7.465560338459909E-005,2.018426060676575E-001,9.655980467796326E-001,
1.627066666666667E+009,7.237510383129120E-002,-5.741045344620943E-003,2.301652729511261E-001,9.569023251533508E-001,7.237510383129120E-002,-5.741045344620943E-003,2.301652729511261E-001,9.569023251533508E-001,
1.635433333333334E+009,8.030310273170471E-002,-1.831782050430775E-002,2.531151771545410E-001,9.564414620399475E-001,8.030310273170471E-002,-1.831782050430775E-002,2.531151771545410E-001,9.564414620399475E-001,
1.643800000000000E+009,8.074008673429489E-002,-3.783572837710381E-002,2.666142284870148E-001,9.457413554191589E-001,8.074008673429489E-002,-3.783572837710381E-002,2.666142284870148E-001,9.457413554191589E-001,
1.652166666666667E+009,7.121492177248001E-002,-5.414426699280739E-002,3.008143901824951E-001,9.360808730125427E-001,7.121492177248001E-002,-5.414426699280739E-002,3.008143901824951E-001,9.360808730125427E-001,
1.660533333333334E+009,5.637298151850700E-002,-6.380522251129150E-002,3.180858194828033E-001,9.334436058998108E-001,5.637298151850700E-002,-6.380522251129150E-002,3.180858194828033E-001,9.334436058998108E-001,
1.668900000000000E+009,3.921150043606758E-002,-6.268466264009476E-002,3.408862650394440E-001,9.202916026115418E-001,3.921150043606758E-002,-6.268466264009476E-002,3.408862650394440E-001,9.202916026115418E-001,
1.677266666666667E+009,2.638828009366989E-002,-5.566580966114998E-002,3.791436553001404E-001,9.132477641105652E-001,2.638828009366989E-002,-5.566580966114998E-002,3.791436553001404E-001,9.132477641105652E-001,
1.685633333333334E+009,2.282471768558025E-002,-4.046223685145378E-002,3.950688838958740E-001,9.054029583930969E-001,2.282471768558025E-002,-4.046223685145378E-002,3.950688838958740E-001,9.054029583930969E-001,
1.694000000000000E+009,2.636254392564297E-002,-2.707894518971443E-002,4.123696684837341E-001,8.927388787269592E-001,2.636254392564297E-002,-2.707894518971443E-002,4.123696684837341E-001,8.927388787269592E-001,
1.702366666666667E+009,3.819597139954567E-002,-1.495882775634527E-002,4.384295344352722E-001,8.828870058059692E-001,3.819597139954567E-002,-1.495882775634527E-002,4.384295344352722E-001,8.828870058059692E-001,
1.710733333333334E+009,5.478540807962418E-002,-1.148061640560627E-002,4.552992284297943E-001,8.677461147308350E-001,5.478540807962418E-002,-1.148061640560627E-002,4.552992284297943E-001,8.677461147308350E-001,
1.719100000000000E+009,6.957719475030899E-002,-1.850119046866894E-002,4.819612503051758E-001,8.537131547927856E-001,6.957719475030899E-002,-1.850119046866894E-002,4.819612503051758E-001,8.537131547927856E-001,
1.727466666666667E+009,7.920403778553009E-002,-3.130882978439331E-002,5.006697177886963E-001,8.488757014274597E-001,7.920403778553009E-002,-3.130882978439331E-002,5.006697177886963E-001,8.488757014274597E-001,
1.735833333333334E+009,8.060929179191589E-002,-4.805154353380203E-002,5.152885913848877E-001,8.304627537727356E-001,8.060929179191589E-002,-4.805154353380203E-002,5.152885913848877E-001,8.304627537727356E-001,
1.744200000000000E+009,7.216838747262955E-002,-6.603889167308807E-002,5.459613204002380E-001,8.091511726379395E-001,7.216838747262955E-002,-6.603889167308807E-002,5.459613204002380E-001,8.091511726379395E-001,
1.752566666666667E+009,5.891587585210800E-002,-7.808275520801544E-002,5.754900574684143E-001,8.024517297744751E-001,5.891587585210800E-002,-7.808275520801544E-002,5.754900574684143E-001,8.024517297744751E-001,
1.760933333333334E+009,4.231160879135132E-002,-8.402345329523087E-002,5.845854282379150E-001,7.898415327072144E-001,4.231160879135132E-002,-8.402345329523087E-002,5.845854282379150E-001,7.898415327072144E-001,
1.769300000000000E+009,2.628608793020248E-002,-8.134835958480835E-002,6.096636652946472E-001,7.794325947761536E-001,2.628608793020248E-002,-8.134835958480835E-002,6.096636652946472E-001,7.794325947761536E-001,
1.777666666666667E+009,1.686195656657219E-002,-7.140560448169708E-002,6.212996840476990E-001,7.718634009361267E-001,1.686195656657219E-002,-7.140560448169708E-002,6.212996840476990E-001,7.718634009361267E-001,
1.786033333333334E+009,1.468827947974205E-002,-6.079101562500000E-002,6.366524100303650E-001,7.423480153083801E-001,1.468827947974205E-002,-6.079101562500000E-002,6.366524100303650E-001,7.423480153083801E-001,
1.794400000000000E+009,2.027331478893757E-002,-4.774007573723793E-002,6.597172021865845E-001,7.274100780487061E-001,2.027331478893757E-002,-4.774007573723793E-002,6.597172021865845E-001,7.274100780487061E-001,
1.802766666666667E+009,2.798195183277130E-002,-4.088823869824410E-002,6.790100932121277E-001,7.100477814674377E-001,2.798195183277130E-002,-4.088823869824410E-002,6.790100932121277E-001,7.100477814674377E-001,
1.811133333333334E+009,3.849015012383461E-002,-3.895577788352966E-002,7.045026421546936E-001,6.895833611488342E-001,3.849015012383461E-002,-3.895577788352966E-002,7.045026421546936E-001,6.895833611488342E-001,
1.819500000000000E+009,4.777350649237633E-002,-4.203949123620987E-002,7.162482142448425E-001,6.657321453094482E-001,4.777350649237633E-002,-4.203949123620987E-002,7.162482142448425E-001,6.657321453094482E-001,
1.827866666666667E+009,5.375104025006294E-002,-5.039528757333756E-002,7.380412817001343E-001,6.564618349075317E-001,5.375104025006294E-002,-5.039528757333756E-002,7.380412817001343E-001,6.564618349075317E-001,
1.836233333333334E+009,5.108728632330895E-002,-6.113156303763390E-002,7.497586607933044E-001,6.370921730995178E-001,5.108728632330895E-002,-6.113156303763390E-002,7.497586607933044E-001,6.370921730995178E-001,
1.844600000000000E+009,4.343634098768234E-002,-6.935832649469376E-002,7.667587995529175E-001,6.298590302467346E-001,4.343634098768234E-002,-6.935832649469376E-002,7.667587995529175E-001,6.298590302467346E-001,
1.852966666666667E+009,3.405588865280151E-002,-7.477366179227829E-002,7.744144797325134E-001,5.965192914009094E-001,3.405588865280151E-002,-7.477366179227829E-002,7.744144797325134E-001,5.965192914009094E-001,
1.861333333333334E+009,2.338210493326187E-002,-7.808287441730499E-002,7.992983460426331E-001,5.766062140464783E-001,2.338210493326187E-002,-7.808287441730499E-002,7.992983460426331E-001,5.766062140464783E-001,
1.869700000000000E+009,1.530294865369797E-002,-7.220529764890671E-002,8.100495934486389E-001,5.578339099884033E-001,1.530294865369797E-002,-7.220529764890671E-002,8.100495934486389E-001,5.578339099884033E-001,
1.878066666666667E+009,1.156889460980892E-002,-6.724645197391510E-002,8.270644545555115E-001,5.441402792930603E-001,1.156889460980892E-002,-6.724645197391510E-002,8.270644545555115E-001,5.441402792930603E-001,
1.886433333333334E+009,1.295573171228170E-002,-5.904165282845497E-002,8.457331657409668E-001,5.175495147705078E-001,1.295573171228170E-002,-5.904165282845497E-002,8.457331657409668E-001,5.175495147705078E-001,
1.894800000000000E+009,2.102416381239891E-002,-5.303613469004631E-002,8.575114011764526E-001,4.993491768836975E-001,2.102416381239891E-002,-5.303613469004631E-002,8.575114011764526E-001,4.993491768836975E-001,
1.903166666666667E+009,3.011456504464150E-002,-4.911233484745026E-002,8.702068924903870E-001,4.705597758293152E-001,3.011456504464150E-002,-4.911233484745026E-002,8.702068924903870E-001,4.705597758293152E-001,
1.911533333333334E+009,3.956052288413048E-002,-5.291230976581574E-002,8.782217502593994E-001,4.415542185306549E-001,3.956052288413048E-002,-5.291230976581574E-002,8.782217502593994E-001,4.415542185306549E-001,
1.919900000000000E+009,4.700249806046486E-002,-6.029295921325684E-002,8.934975266456604E-001,4.285916984081268E-001,4.700249806046486E-002,-6.029295921325684E-002,8.934975266456604E-001,4.285916984081268E-001,
1.928266666666667E+009,4.969578608870506E-002,-7.026132196187973E-002,8.914683461189270E-001,3.900285363197327E-001,4.969578608870506E-002,-7.026132196187973E-002,8.914683461189270E-001,3.900285363197327E-001,
1.936633333333334E+009,4.396997019648552E-002,-8.214884996414185E-002,9.092438817024231E-001,3.791400194168091E-001,4.396997019648552E-002,-8.214884996414185E-002,9.092438817024231E-001,3.791400194168091E-001,
1.945000000000000E+009,3.352962434291840E-002,-9.049504250288010E-002,9.202508926391602E-001,3.539986908435822E-001,3.352962434291840E-002,-9.049504250288010E-002,9.202508926391602E-001,3.539986908435822E-001,
1.953366666666667E+009,2.045356482267380E-002,-9.720825403928757E-002,9.222800731658936E-001,3.346695005893707E-001,2.045356482267380E-002,-9.720825403928757E-002,9.222800731658936E-001,3.346695005893707E-001,
1.961733333333334E+009,4.994507879018784E-003,-9.390144795179367E-002,9.386217594146729E-001,3.122335970401764E-001,4.994507879018784E-003,-9.390144795179367E-002,9.386217594146729E-001,3.122335970401764E-001,
1.970100000000000E+009,-6.642725318670273E-003,-8.826932311058044E-002,9.395911097526550E-001,2.910374701023102E-001,-6.642725318670273E-003,-8.826932311058044E-002,9.395911097526550E-001,2.910374701023102E-001,
1.978466666666667E+009,-1.139636710286140E-002,-7.598441094160080E-002,9.496037960052490E-001,2.582303881645203E-001,-1.139636710286140E-002,-7.598441094160080E-002,9.496037960052490E-001,2.582303881645203E-001,
1.986833333333334E+009,-8.484432473778725E-003,-6.536400318145752E-002,9.539769887924194E-001,2.397079169750214E-001,-8.484432473778725E-003,-6.536400318145752E-002,9.539769887924194E-001,2.397079169750214E-001,
1.995200000000000E+009,3.085186704993248E-003,-5.776290595531464E-002,9.572580456733704E-001,2.236638069152832E-001,3.085186704993248E-003,-5.776290595531464E-002,9.572580456733704E-001,2.236638069152832E-001,
2.003566666666667E+009,1.774251833558083E-002,-5.602089688181877E-002,9.629887342453003E-001,1.874063163995743E-001,1.774251833558083E-002,-5.602089688181877E-002,9.629887342453003E-001,1.874063163995743E-001,
2.011933333333334E+009,3.148027509450913E-002,-6.344117224216461E-002,9.753743410110474E-001,1.597670763731003E-001,3.148027509450913E-002,-6.344117224216461E-002,9.753743410110474E-001,1.597670763731003E-001,
2.020300000000000E+009,4.049813747406006E-002,-7.386510819196701E-002,9.779605269432068E-001,1.280609220266342E-001,4.049813747406006E-002,-7.386510819196701E-002,9.779605269432068E-001,1.280609220266342E-001,
2.028666666666667E+009,3.998629376292229E-002,-8.937350660562515E-002,9.791260957717896E-001,1.132301241159439E-001,3.998629376292229E-002,-8.937350660562515E-002,9.791260957717896E-001,1.132301241159439E-001,
2.037033333333334E+009,3.046106360852718E-002,-1.053177192807198E-001,9.830917119979858E-001,8.704237639904022E-002,3.046106360852718E-002,-1.053177192807198E-001,9.830917119979858E-001,8.704237639904022E-002,
2.045400000000000E+009,1.355615165084600E-002,-1.140531003475189E-001,9.796024560928345E-001,6.654305756092072E-002,1.355615165084600E-002,-1.140531003475189E-001,9.796024560928345E-001,6.654305756092072E-002,
2.053766666666667E+009,-6.653334479779005E-003,-1.146731078624725E-001,9.807651638984680E-001,4.078840464353561E-002,-6.653334479779005E-003,-1.146731078624725E-001,9.807651638984680E-001,4.078840464353561E-002,
2.062133333333334E+009,-2.301085926592350E-002,-1.079929843544960E-001,9.855407476425171E-001,1.433874666690826E-002,-2.301085926592350E-002,-1.079929843544960E-001,9.855407476425171E-001,1.433874666690826E-002,
2.070500000000000E+009,-3.199325129389763E-002,-9.323611855506897E-002,9.874531030654907E-001,-1.282161474227905E-002,-3.199325129389763E-002,-9.323611855506897E-002,9.874531030654907E-001,-1.282161474227905E-002,
2.078866666666667E+009,-3.153371438384056E-002,-7.756769657135010E-002,9.835125207901001E-001,-3.410747647285461E-002,-3.153371438384056E-002,-7.756769657135010E-002,9.835125207901001E-001,-3.410747647285461E-002,
2.087233333333334E+009,-2.051863633096218E-002,-6.931319832801819E-002,9.864140748977661E-001,-6.874362379312515E-002,-2.051863633096218E-002,-6.931319832801819E-002,9.864140748977661E-001,-6.874362379312515E-002,
2.095600000000000E+009,-3.869676264002919E-003,-6.493076682090759E-002,9.883237481117249E-001,-8.745086193084717E-002,-3.869676264002919E-003,-6.493076682090759E-002,9.883237481117249E-001,-8.745086193084717E-002,
2.103966666666667E+009,1.257398072630167E-002,-7.421553879976273E-002,9.870196580886841E-001,-1.186941340565682E-001,1.257398072630167E-002,-7.421553879976273E-002,9.870196580886841E-001,-1.186941340565682E-001,
2.112333333333334E+009,2.312921546399593E-002,-9.029837697744370E-002,9.753337502479553E-001,-1.379214078187943E-001,2.312921546399593E-002,-9.029837697744370E-002,9.753337502479553E-001,-1.379214078187943E-001,
2.120700000000000E+009,2.363812923431397E-002,-1.127553582191467E-001,9.706723690032959E-001,-1.678573936223984E-001,2.363812923431397E-002,-1.127553582191467E-001,9.706723690032959E-001,-1.678573936223984E-001,
2.129066666666667E+009,1.029673311859369E-002,-1.297897845506668E-001,9.747393727302551E-001,-1.968012452125549E-001,1.029673311859369E-002,-1.297897845506668E-001,9.747393727302551E-001,-1.968012452125549E-001,
2.137433333333334E+009,-1.273156795650721E-002,-1.401472389698029E-001,9.583229422569275E-001,-2.166986167430878E-001,-1.273156795650721E-002,-1.401472389698029E-001,9.583229422569275E-001,-2.166986167430878E-001,
2.145800000000000E+009,-4.077093675732613E-002,-1.384343504905701E-001,9.524536728858948E-001,-2.371216863393784E-001,-4.077093675732613E-002,-1.384343504905701E-001,9.524536728858948E-001,-2.371216863393784E-001,
2.154166666666667E+009,-6.398165225982666E-002,-1.253109723329544E-001,9.474005103111267E-001,-2.570672035217285E-001,-6.398165225982666E-002,-1.253109723329544E-001,9.474005103111267E-001,-2.570672035217285E-001,
2.162533333333334E+009,-7.704594731330872E-002,-1.030117794871330E-001,9.282100200653076E-001,-2.819627821445465E-001,-7.704594731330872E-002,-1.030117794871330E-001,9.282100200653076E-001,-2.819627821445465E-001,
2.170900000000000E+009,-7.687365263700485E-002,-8.023931086063385E-002,9.364695549011231E-001,-3.090916275978088E-001,-7.687365263700485E-002,-8.023931086063385E-002,9.364695549011231E-001,-3.090916275978088E-001,
2.179266666666667E+009,-6.334486603736877E-002,-6.474062800407410E-002,9.247987866401672E-001,-3.241388201713562E-001,-6.334486603736877E-002,-6.474062800407410E-002,9.247987866401672E-001,-3.241388201713562E-001,
2.187633333333334E+009,-4.402712360024452E-002,-5.945502221584320E-002,9.227760434150696E-001,-3.577820956707001E-001,-4.402712360024452E-002,-5.945502221584320E-002,9.227760434150696E-001,-3.577820956707001E-001,
2.196000000000000E+009,-2.141686715185642E-002,-6.908840686082840E-002,9.042871594429016E-001,-3.798755407333374E-001,-2.141686715185642E-002,-6.908840686082840E-002,9.042871594429016E-001,-3.798755407333374E-001,
2.204366666666667E+009,-8.289407938718796E-003,-9.005269408226013E-002,8.977157473564148E-001,-4.039433300495148E-001,-8.289407938718796E-003,-9.005269408226013E-002,8.977157473564148E-001,-4.039433300495148E-001,
2.212733333333334E+009,-7.905460894107819E-003,-1.159432828426361E-001,8.823174238204956E-001,-4.382340908050537E-001,-7.905460894107819E-003,-1.159432828426361E-001,8.823174238204956E-001,-4.382340908050537E-001,
2.221100000000000E+009,-2.266421169042587E-002,-1.357271671295166E-001,8.623924851417542E-001,-4.480616152286530E-001,-2.266421169042587E-002,-1.357271671295166E-001,8.623924851417542E-001,-4.480616152286530E-001,
2.229466666666667E+009,-4.680624604225159E-002,-1.464313566684723E-001,8.549852967262268E-001,-4.613998830318451E-001,-4.680624604225159E-002,-1.464313566684723E-001,8.549852967262268E-001,-4.613998830318451E-001,
2.237833333333334E+009,-7.773002982139587E-002,-1.404979526996613E-001,8.458216786384583E-001,-4.891410470008850E-001,-7.773002982139587E-002,-1.404979526996613E-001,8.458216786384583E-001,-4.891410470008850E-001,
2.246200000000000E+009,-1.031984165310860E-001,-1.231932416558266E-001,8.323023915290833E-001,-5.092541575431824E-001,-1.031984165310860E-001,-1.231932416558266E-001,8.323023915290833E-001,-5.092541575431824E-001,
2.254566666666667E+009,-1.151224151253700E-001,-9.469623118638992E-002,8.225234746932983E-001,-5.261723995208740E-001,-1.151224151253700E-001,-9.469623118638992E-002,8.225234746932983E-001,-5.261723995208740E-001,
2.262933333333334E+009,-1.150213330984116E-001,-6.859727948904038E-002,8.086336255073547E-001,-5.476852059364319E-001,-1.150213330984116E-001,-6.859727948904038E-002,8.086336255073547E-001,-5.476852059364319E-001,
2.271300000000000E+009,-1.010271906852722E-001,-4.817070439457893E-002,7.934850454330444E-001,-5.658994317054749E-001,-1.010271906852722E-001,-4.817070439457893E-002,7.934850454330444E-001,-5.658994317054749E-001,
2.279666666666667E+009,-7.812891900539398E-002,-4.486965015530586E-002,7.841151356697083E-001,-5.887397527694702E-001,-7.812891900539398E-002,-4.486965015530586E-002,7.841151356697083E-001,-5.887397527694702E-001,
2.288033333333334E+009,-5.795994400978088E-002,-5.538406223058701E-002,7.681878805160523E-001,-6.194399595260620E-001,-5.795994400978088E-002,-5.538406223058701E-002,7.681878805160523E-001,-6.194399595260620E-001,
2.296400000000000E+009,-4.600002616643906E-002,-7.859564572572708E-002,7.470840215682983E-001,-6.392931342124939E-001,-4.600002616643906E-002,-7.859564572572708E-002,7.470840215682983E-001,-6.392931342124939E-001,
2.304766666666667E+009,-5.055058002471924E-002,-1.042536497116089E-001,7.327812314033508E-001,-6.462023854255676E-001,-5.055058002471924E-002,-1.042536497116089E-001,7.327812314033508E-001,-6.462023854255676E-001,
2.313133333333334E+009,-6.967150419950485E-002,-1.221102997660637E-001,7.098943591117859E-001,-6.811557412147522E-001,-6.967150419950485E-002,-1.221102997660637E-001,7.098943591117859E-001,-6.811557412147522E-001,
2.321500000000000E+009,-9.430824220180512E-002,-1.258152723312378E-001,6.924650669097900E-001,-6.853109598159790E-001,-9.430824220180512E-002,-1.258152723312378E-001,6.924650669097900E-001,-6.853109598159790E-001,
2.329866666666667E+009,-1.203325539827347E-001,-1.137788668274880E-001,6.827272772789002E-001,-7.021985650062561E-001,-1.203325539827347E-001,-1.137788668274880E-001,6.827272772789002E-001,-7.021985650062561E-001,
2.338233333333334E+009,-1.395324915647507E-001,-8.987461775541306E-002,6.538273096084595E-001,-7.206431031227112E-001,-1.395324915647507E-001,-8.987461775541306E-002,6.538273096084595E-001,-7.206431031227112E-001,
2.346600000000000E+009,-1.437879949808121E-001,-5.714820325374603E-002,6.381511688232422E-001,-7.392688393592835E-001,-1.437879949808121E-001,-5.714820325374603E-002,6.381511688232422E-001,-7.392688393592835E-001,
2.354966666666667E+009,-1.313633769750595E-001,-3.092864342033863E-002,6.299049258232117E-001,-7.498152256011963E-001,-1.313633769750595E-001,-3.092864342033863E-002,6.299049258232117E-001,-7.498152256011963E-001,
2.363333333333334E+009,-1.090564653277397E-001,-1.862307451665402E-002,6.132551431655884E-001,-7.671511769294739E-001,-1.090564653277397E-001,-1.862307451665402E-002,6.132551431655884E-001,-7.671511769294739E-001,
2.371700000000000E+009,-8.146333694458008E-002,-2.217529155313969E-002,5.952882170677185E-001,-7.870410680770874E-001,-8.146333694458008E-002,-2.217529155313969E-002,5.952882170677185E-001,-7.870410680770874E-001,
2.380066666666667E+009,-6.340996176004410E-002,-4.540818557143211E-002,5.639321208000183E-001,-8.064892292022705E-001,-6.340996176004410E-002,-4.540818557143211E-002,5.639321208000183E-001,-8.064892292022705E-001,
2.388433333333334E+009,-6.149093434214592E-002,-7.714948803186417E-002,5.441360473632813E-001,-8.135527968406677E-001,-6.149093434214592E-002,-7.714948803186417E-002,5.441360473632813E-001,-8.135527968406677E-001,
2.396800000000000E+009,-7.817818224430084E-002,-1.088597476482391E-001,5.112661719322205E-001,-8.344681859016419E-001,-7.817818224430084E-002,-1.088597476482391E-001,5.112661719322205E-001,-8.344681859016419E-001,
2.405166666666667E+009,-1.090239658951759E-001,-1.290559172630310E-001,4.902253746986389E-001,-8.440963625907898E-001,-1.090239658951759E-001,-1.290559172630310E-001,4.902253746986389E-001,-8.440963625907898E-001,
2.413533333333334E+009,-1.488492339849472E-001,-1.273651123046875E-001,4.650898575782776E-001,-8.504130244255066E-001,-1.488492339849472E-001,-1.273651123046875E-001,4.650898575782776E-001,-8.504130244255066E-001,
2.421900000000000E+009,-1.853684335947037E-001,-1.066831573843956E-001,4.525282979011536E-001,-8.580183982849121E-001,-1.853684335947037E-001,-1.066831573843956E-001,4.525282979011536E-001,-8.580183982849121E-001,
2.430266666666667E+009,-2.059552967548370E-001,-7.004299014806747E-002,4.342449605464935E-001,-8.703063726425171E-001,-2.059552967548370E-001,-7.004299014806747E-002,4.342449605464935E-001,-8.703063726425171E-001,
2.438633333333334E+009,-2.103869020938873E-001,-2.455754950642586E-002,4.133737385272980E-001,-8.773493170738220E-001,-2.103869020938873E-001,-2.455754950642586E-002,4.133737385272980E-001,-8.773493170738220E-001,
2.447000000000000E+009,-1.934673339128494E-001,1.615812256932259E-002,3.923053145408630E-001,-8.907134532928467E-001,-1.934673339128494E-001,1.615812256932259E-002,3.923053145408630E-001,-8.907134532928467E-001,
2.455366666666667E+009,-1.615841090679169E-001,4.009651392698288E-002,3.760553896427155E-001,-9.001963138580322E-001,-1.615841090679169E-001,4.009651392698288E-002,3.760553896427155E-001,-9.001963138580322E-001,
2.463733333333334E+009,-1.265160888433456E-001,4.508224502205849E-002,3.550520837306976E-001,-9.166144132614136E-001,-1.265160888433456E-001,4.508224502205849E-002,3.550520837306976E-001,-9.166144132614136E-001,
2.472100000000000E+009,-9.891138970851898E-002,2.726068720221520E-002,3.281196355819702E-001,-9.266877770423889E-001,-9.891138970851898E-002,2.726068720221520E-002,3.281196355819702E-001,-9.266877770423889E-001,
2.480466666666667E+009,-8.696054667234421E-002,-3.422205569222570E-003,2.946610748767853E-001,-9.299265146255493E-001,-8.696054667234421E-002,-3.422205569222570E-003,2.946610748767853E-001,-9.299265146255493E-001,
2.488833333333334E+009,-9.639857709407806E-002,-3.649138286709786E-002,2.742509245872498E-001,-9.402738213539124E-001,-9.639857709407806E-002,-3.649138286709786E-002,2.742509245872498E-001,-9.402738213539124E-001,
2.497200000000000E+009,-1.203339695930481E-001,-5.704976618289948E-002,2.418981790542603E-001,-9.504103064537048E-001,-1.203339695930481E-001,-5.704976618289948E-002,2.418981790542603E-001,-9.504103064537048E-001,
2.505566666666667E+009,-1.558960229158402E-001,-6.006498634815216E-002,2.139833122491837E-001,-9.527700543403626E-001,-1.558960229158402E-001,-6.006498634815216E-002,2.139833122491837E-001,-9.527700543403626E-001,
2.513933333333334E+009,-1.848670691251755E-001,-4.208402708172798E-002,1.940267682075501E-001,-9.506145119667053E-001,-1.848670691251755E-001,-4.208402708172798E-002,1.940267682075501E-001,-9.506145119667053E-001,
2.522300000000000E+009,-2.017242759466171E-001,-1.164664234966040E-002,1.660007685422897E-001,-9.535828232765198E-001,-2.017242759466171E-001,-1.164664234966040E-002,1.660007685422897E-001,-9.535828232765198E-001,
2.530666666666667E+009,-1.988127827644348E-001,2.662354148924351E-002,1.449990123510361E-001,-9.609711170196533E-001,-1.988127827644348E-001,2.662354148924351E-002,1.449990123510361E-001,-9.609711170196533E-001,
2.539033333333334E+009,-1.795534342527390E-001,5.947840958833695E-002,1.265373080968857E-001,-9.586691260337830E-001,-1.795534342527390E-001,5.947840958833695E-002,1.265373080968857E-001,-9.586691260337830E-001,
2.547400000000000E+009,-1.483218967914581E-001,7.936624437570572E-002,1.092385947704315E-001,-9.707404375076294E-001,-1.483218967914581E-001,7.936624437570572E-002,1.092385947704315E-001,-9.707404375076294E-001,
2.555766666666667E+009,-1.133105084300041E-001,8.029002696275711E-002,8.124894648790360E-002,-9.793333411216736E-001,-1.133105084300041E-001,8.029002696275711E-002,8.124894648790360E-002,-9.793333411216736E-001,
2.564133333333334E+009,-8.992611616849899E-002,6.013453006744385E-002,5.423283949494362E-002,-9.747605919837952E-001,-8.992611616849899E-002,6.013453006744385E-002,5.423283949494362E-002,-9.747605919837952E-001,
2.572500000000000E+009,-8.417076617479324E-002,3.059038147330284E-002,2.628221921622753E-002,-9.777818918228149E-001,-8.417076617479324E-002,3.059038147330284E-002,2.628221921622753E-002,-9.777818918228149E-001,
2.580866666666667E+009,-9.737517684698105E-002,1.211087568663061E-003,-2.267960458993912E-003,-9.825075864791870E-001,-9.737517684698105E-002,1.211087568663061E-003,-2.267960458993912E-003,-9.825075864791870E-001,
2.589233333333334E+009,-1.292594820261002E-001,-1.561983674764633E-002,-3.765991330146790E-002,-9.736893773078919E-001,-1.292594820261002E-001,-1.561983674764633E-002,-3.765991330146790E-002,-9.736893773078919E-001,
2.597600000000000E+009,-1.641856431961060E-001,-1.598240807652473E-002,-6.433703005313873E-002,-9.720893502235413E-001,-1.641856431961060E-001,-1.598240807652473E-002,-6.433703005313873E-002,-9.720893502235413E-001,
2.605966666666667E+009,-1.946284323930740E-001,5.090774502605200E-003,-7.973940670490265E-002,-9.723235368728638E-001,-1.946284323930740E-001,5.090774502605200E-003,-7.973940670490265E-002,-9.723235368728638E-001,
2.614333333333334E+009,-2.086153477430344E-001,3.680231049656868E-002,-1.008841767907143E-001,-9.598363637924194E-001,-2.086153477430344E-001,3.680231049656868E-002,-1.008841767907143E-001,-9.598363637924194E-001,
2.622700000000000E+009,-2.032858282327652E-001,7.666181772947311E-002,-1.196712851524353E-001,-9.527295827865601E-001,-2.032858282327652E-001,7.666181772947311E-002,-1.196712851524353E-001,-9.527295827865601E-001,
2.631066666666667E+009,-1.806554347276688E-001,1.099543198943138E-001,-1.416508555412293E-001,-9.606922268867493E-001,-1.806554347276688E-001,1.099543198943138E-001,-1.416508555412293E-001,-9.606922268867493E-001,
2.639433333333334E+009,-1.451806575059891E-001,1.280856430530548E-001,-1.652907431125641E-001,-9.516827464103699E-001,-1.451806575059891E-001,1.280856430530548E-001,-1.652907431125641E-001,-9.516827464103699E-001,
2.647800000000000E+009,-1.077741310000420E-001,1.279906332492828E-001,-1.887938231229782E-001,-9.535722732543945E-001,-1.077741310000420E-001,1.279906332492828E-001,-1.887938231229782E-001,-9.535722732543945E-001,
2.656166666666667E+009,-8.207155764102936E-002,1.103507429361343E-001,-2.092118859291077E-001,-9.575021862983704E-001,-8.207155764102936E-002,1.103507429361343E-001,-2.092118859291077E-001,-9.575021862983704E-001,
2.664533333333334E+009,-7.332655042409897E-002,8.319573104381561E-002,-2.451946139335632E-001,-9.436729550361633E-001,-7.332655042409897E-002,8.319573104381561E-002,-2.451946139335632E-001,-9.436729550361633E-001,
2.672900000000000E+009,-8.500938862562180E-002,5.622743815183640E-002,-2.673982977867127E-001,-9.386817812919617E-001,-8.500938862562180E-002,5.622743815183640E-002,-2.673982977867127E-001,-9.386817812919617E-001,
2.681266666666667E+009,-1.120970770716667E-001,4.192811995744705E-002,-2.972487509250641E-001,-9.285188913345337E-001,-1.120970770716667E-001,4.192811995744705E-002,-2.972487509250641E-001,-9.285188913345337E-001,
2.689633333333334E+009,-1.466549187898636E-001,4.427826032042503E-002,-3.202681541442871E-001,-9.201157093048096E-001,-1.466549187898636E-001,4.427826032042503E-002,-3.202681541442871E-001,-9.201157093048096E-001,
2.698000000000000E+009,-1.731190979480743E-001,6.463866680860519E-002,-3.349290490150452E-001,-9.042955636978149E-001,-1.731190979480743E-001,6.463866680860519E-002,-3.349290490150452E-001,-9.042955636978149E-001,
2.706366666666667E+009,-1.847826689481735E-001,9.813903272151947E-002,-3.610838949680328E-001,-8.877148032188416E-001,-1.847826689481735E-001,9.813903272151947E-002,-3.610838949680328E-001,-8.877148032188416E-001,
2.714733333333334E+009,-1.775631457567215E-001,1.333127766847611E-001,-3.761904835700989E-001,-8.874068856239319E-001,-1.775631457567215E-001,1.333127766847611E-001,-3.761904835700989E-001,-8.874068856239319E-001,
2.723100000000000E+009,-1.507054120302200E-001,1.625871211290360E-001,-3.938909471035004E-001,-8.747899532318115E-001,-1.507054120302200E-001,1.625871211290360E-001,-3.938909471035004E-001,-8.747899532318115E-001,
2.731466666666667E+009,-1.118307560682297E-001,1.783813834190369E-001,-4.195745587348938E-001,-8.706960678100586E-001,-1.118307560682297E-001,1.783813834190369E-001,-4.195745587348938E-001,-8.706960678100586E-001,
2.739833333333334E+009,-7.279118150472641E-002,1.742374598979950E-001,-4.381613433361054E-001,-8.606707453727722E-001,-7.279118150472641E-002,1.742374598979950E-001,-4.381613433361054E-001,-8.606707453727722E-001,
2.748200000000000E+009,-4.315919429063797E-002,1.549383252859116E-001,-4.603360593318939E-001,-8.552455902099609E-001,-4.315919429063797E-002,1.549383252859116E-001,-4.603360593318939E-001,-8.552455902099609E-001,
2.756566666666667E+009,-3.167267143726349E-002,1.259712129831314E-001,-4.859150648117065E-001,-8.467076420783997E-001,-3.167267143726349E-002,1.259712129831314E-001,-4.859150648117065E-001,-8.467076420783997E-001,
2.764933333333334E+009,-3.969069197773933E-002,9.758951514959335E-002,-5.189668536186218E-001,-8.390908837318420E-001,-3.969069197773933E-002,9.758951514959335E-002,-5.189668536186218E-001,-8.390908837318420E-001,
2.773300000000000E+009,-6.404890120029450E-002,7.943998277187347E-002,-5.381795763969421E-001,-8.180839419364929E-001,-6.404890120029450E-002,7.943998277187347E-002,-5.381795763969421E-001,-8.180839419364929E-001,
2.781666666666667E+009,-9.748994559049606E-002,8.169280737638474E-002,-5.587275028228760E-001,-7.984852194786072E-001,-9.748994559049606E-002,8.169280737638474E-002,-5.587275028228760E-001,-7.984852194786072E-001,
2.790033333333334E+009,-1.253454834222794E-001,1.000135093927383E-001,-5.779426097869873E-001,-7.834322452545166E-001,-1.253454834222794E-001,1.000135093927383E-001,-5.779426097869873E-001,-7.834322452545166E-001,
2.798400000000000E+009,-1.397512257099152E-001,1.311537623405457E-001,-5.958710908889771E-001,-7.698981761932373E-001,-1.397512257099152E-001,1.311537623405457E-001,-5.958710908889771E-001,-7.698981761932373E-001,
2.806766666666667E+009,-1.318094432353973E-001,1.655526161193848E-001,-6.084460020065308E-001,-7.466802597045898E-001,-1.318094432353973E-001,1.655526161193848E-001,-6.084460020065308E-001,-7.466802597045898E-001,
2.815133333333334E+009,-1.078508421778679E-001,1.910893917083740E-001,-6.241048574447632E-001,-7.338756918907166E-001,-1.078508421778679E-001,1.910893917083740E-001,-6.241048574447632E-001,-7.338756918907166E-001,
2.823500000000000E+009,-7.013826817274094E-002,2.039315849542618E-001,-6.409240365028381E-001,-7.205531001091003E-001,-7.013826817274094E-002,2.039315849542618E-001,-6.409240365028381E-001,-7.205531001091003E-001,
2.831866666666667E+009,-3.124306537210941E-002,1.963231116533279E-001,-6.548306345939636E-001,-7.095929980278015E-001,-3.124306537210941E-002,1.963231116533279E-001,-6.548306345939636E-001,-7.095929980278015E-001,
2.840233333333334E+009,-3.304026322439313E-004,1.745462119579315E-001,-6.795163154602051E-001,-6.985298991203308E-001,-3.304026322439313E-004,1.745462119579315E-001,-6.795163154602051E-001,-6.985298991203308E-001,
2.848600000000000E+009,1.425589621067047E-002,1.440874338150024E-001,-6.963811516761780E-001,-6.776527166366577E-001,1.425589621067047E-002,1.440874338150024E-001,-6.963811516761780E-001,-6.776527166366577E-001,
2.856966666666667E+009,8.371379226446152E-003,1.147272437810898E-001,-7.181111574172974E-001,-6.622983217239380E-001,8.371379226446152E-003,1.147272437810898E-001,-7.181111574172974E-001,-6.622983217239380E-001,
2.865333333333334E+009,-1.602154597640038E-002,9.621293842792511E-002,-7.390683293342590E-001,-6.459611654281616E-001,-1.602154597640038E-002,9.621293842792511E-002,-7.390683293342590E-001,-6.459611654281616E-001,
2.873700000000000E+009,-4.960877820849419E-002,9.711046516895294E-002,-7.593983411788940E-001,-6.156210303306580E-001,-4.960877820849419E-002,9.711046516895294E-002,-7.593983411788940E-001,-6.156210303306580E-001,
2.882066666666667E+009,-7.757217437028885E-002,1.164647936820984E-001,-7.709112167358398E-001,-5.877366065979004E-001,-7.757217437028885E-002,1.164647936820984E-001,-7.709112167358398E-001,-5.877366065979004E-001,
2.890433333333334E+009,-9.311044216156006E-002,1.500335782766342E-001,-7.818564176559448E-001,-5.697184205055237E-001,-9.311044216156006E-002,1.500335782766342E-001,-7.818564176559448E-001,-5.697184205055237E-001,
2.898800000000000E+009,-8.717939257621765E-002,1.869093775749207E-001,-7.904247045516968E-001,-5.513970255851746E-001,-8.717939257621765E-002,1.869093775749207E-001,-7.904247045516968E-001,-5.513970255851746E-001,
2.907166666666667E+009,-6.224858015775681E-002,2.131337374448776E-001,-7.945211529731751E-001,-5.336603522300720E-001,-6.224858015775681E-002,2.131337374448776E-001,-7.945211529731751E-001,-5.336603522300720E-001,
2.915533333333334E+009,-2.247736416757107E-002,2.258292138576508E-001,-8.102645277976990E-001,-5.113665461540222E-001,-2.247736416757107E-002,2.258292138576508E-001,-8.102645277976990E-001,-5.113665461540222E-001,
2.923900000000000E+009,1.712628640234470E-002,2.172490209341049E-001,-8.203622102737427E-001,-5.009352564811707E-001,1.712628640234470E-002,2.172490209341049E-001,-8.203622102737427E-001,-5.009352564811707E-001,
2.932266666666667E+009,5.026646330952644E-002,1.924372911453247E-001,-8.324665427207947E-001,-4.866539835929871E-001,5.026646330952644E-002,1.924372911453247E-001,-8.324665427207947E-001,-4.866539835929871E-001,
2.940633333333334E+009,6.602204591035843E-002,1.555501967668533E-001,-8.519164323806763E-001,-4.638900458812714E-001,6.602204591035843E-002,1.555501967668533E-001,-8.519164323806763E-001,-4.638900458812714E-001,
2.949000000000000E+009,6.174562498927116E-002,1.185469552874565E-001,-8.729581832885742E-001,-4.397660195827484E-001,6.174562498927116E-002,1.185469552874565E-001,-8.729581832885742E-001,-4.397660195827484E-001,
2.957366666666667E+009,3.846075385808945E-002,9.599585831165314E-002,-8.846971988677979E-001,-4.209558069705963E-001,3.846075385808945E-002,9.599585831165314E-002,-8.846971988677979E-001,-4.209558069705963E-001,
2.965733333333334E+009,3.920391667634249E-003,9.372045099735260E-002,-9.006094336509705E-001,-3.916644155979157E-001,3.920391667634249E-003,9.372045099735260E-002,-9.006094336509705E-001,-3.916644155979157E-001,
2.974100000000000E+009,-2.504605613648891E-002,1.128894761204720E-001,-9.093659520149231E-001,-3.572082519531250E-001,-2.504605613648891E-002,1.128894761204720E-001,-9.093659520149231E-001,-3.572082519531250E-001,
2.982466666666667E+009,-4.099311307072640E-002,1.478924006223679E-001,-9.156077504158020E-001,-3.310712575912476E-001,-4.099311307072640E-002,1.478924006223679E-001,-9.156077504158020E-001,-3.310712575912476E-001,
2.990833333333334E+009,-3.585240244865418E-002,1.861754059791565E-001,-9.139045476913452E-001,-3.126807510852814E-001,-3.585240244865418E-002,1.861754059791565E-001,-9.139045476913452E-001,-3.126807510852814E-001,
2.999200000000000E+009,-1.076067052781582E-002,2.163601666688919E-001,-9.174450039863586E-001,-2.912327349185944E-001,-1.076067052781582E-002,2.163601666688919E-001,-9.174450039863586E-001,-2.912327349185944E-001,
3.007566666666667E+009,2.821054309606552E-002,2.291967570781708E-001,-9.201843142509460E-001,-2.695352733135223E-001,2.821054309606552E-002,2.291967570781708E-001,-9.201843142509460E-001,-2.695352733135223E-001,
3.015933333333334E+009,7.153482735157013E-002,2.173233181238174E-001,-9.217209815979004E-001,-2.510655224323273E-001,7.153482735157013E-002,2.173233181238174E-001,-9.217209815979004E-001,-2.510655224323273E-001,
3.024300000000000E+009,1.039376556873322E-001,1.893711239099503E-001,-9.317912459373474E-001,-2.356632351875305E-001,1.039376556873322E-001,1.893711239099503E-001,-9.317912459373474E-001,-2.356632351875305E-001,
3.032666666666667E+009,1.194435209035873E-001,1.464903950691223E-001,-9.429190158843994E-001,-2.141602486371994E-001,1.194435209035873E-001,1.464903950691223E-001,-9.429190158843994E-001,-2.141602486371994E-001,
3.041033333333334E+009,1.119381412863731E-001,1.044004186987877E-001,-9.545478224754334E-001,-1.918493360280991E-001,1.119381412863731E-001,1.044004186987877E-001,-9.545478224754334E-001,-1.918493360280991E-001,
3.049400000000000E+009,8.407928049564362E-002,7.706461846828461E-002,-9.624769091606140E-001,-1.595463454723358E-001,8.407928049564362E-002,7.706461846828461E-002,-9.624769091606140E-001,-1.595463454723358E-001,
3.057766666666667E+009,4.783401638269424E-002,7.225876301527023E-002,-9.740535020828247E-001,-1.446652263402939E-001,4.783401638269424E-002,7.225876301527023E-002,-9.740535020828247E-001,-1.446652263402939E-001,
3.066133333333334E+009,1.308103185147047E-002,9.213077276945114E-002,-9.714431762695313E-001,-1.008862182497978E-001,1.308103185147047E-002,9.213077276945114E-002,-9.714431762695313E-001,-1.008862182497978E-001,
3.074500000000000E+009,-3.133852733299136E-003,1.306904852390289E-001,-9.743642210960388E-001,-7.052627950906754E-002,-3.133852733299136E-003,1.306904852390289E-001,-9.743642210960388E-001,-7.052627950906754E-002,
3.082866666666667E+009,4.624844994395971E-003,1.733402758836746E-001,-9.671811461448669E-001,-4.782117158174515E-002,4.624844994395971E-003,1.733402758836746E-001,-9.671811461448669E-001,-4.782117158174515E-002,
3.091233333333334E+009,3.587285801768303E-002,2.092252820730209E-001,-9.611905217170715E-001,-1.756614074110985E-002,3.587285801768303E-002,2.092252820730209E-001,-9.611905217170715E-001,-1.756614074110985E-002,
3.099600000000000E+009,8.075501769781113E-002,2.218505889177322E-001,-9.533965587615967E-001,-5.820383783429861E-003,8.075501769781113E-002,2.218505889177322E-001,-9.533965587615967E-001,-5.820383783429861E-003,
3.107966666666667E+009,1.304375231266022E-001,2.077904939651489E-001,-9.539899826049805E-001,8.828868158161640E-003,1.304375231266022E-001,2.077904939651489E-001,-9.539899826049805E-001,8.828868158161640E-003,
3.116333333333334E+009,1.678823977708817E-001,1.724417656660080E-001,-9.560436606407166E-001,2.992749027907848E-002,1.678823977708817E-001,1.724417656660080E-001,-9.560436606407166E-001,2.992749027907848E-002,
3.124700000000000E+009,1.816767305135727E-001,1.217430606484413E-001,-9.624860882759094E-001,4.268021509051323E-002,1.816767305135727E-001,1.217430606484413E-001,-9.624860882759094E-001,4.268021509051323E-002,
3.133066666666667E+009,1.716285496950150E-001,7.171298563480377E-002,-9.693323373794556E-001,7.302209734916687E-002,1.716285496950150E-001,7.171298563480377E-002,-9.693323373794556E-001,7.302209734916687E-002,
3.141433333333334E+009,1.394373327493668E-001,3.378954157233238E-002,-9.732943177223206E-001,9.776630252599716E-002,1.394373327493668E-001,3.378954157233238E-002,-9.732943177223206E-001,9.776630252599716E-002,
3.149800000000000E+009,9.208925068378449E-002,2.297097630798817E-002,-9.755489826202393E-001,1.343511790037155E-001,9.208925068378449E-002,2.297097630798817E-002,-9.755489826202393E-001,1.343511790037155E-001,
3.158166666666667E+009,4.925443977117539E-002,4.145755246281624E-002,-9.672853350639343E-001,1.689394265413284E-001,4.925443977117539E-002,4.145755246281624E-002,-9.672853350639343E-001,1.689394265413284E-001,
3.166533333333334E+009,2.567809075117111E-002,8.213599026203156E-002,-9.624438285827637E-001,1.969858705997467E-001,2.567809075117111E-002,8.213599026203156E-002,-9.624438285827637E-001,1.969858705997467E-001,
3.174900000000000E+009,2.729117684066296E-002,1.312331557273865E-001,-9.500259160995483E-001,2.228392362594605E-001,2.729117684066296E-002,1.312331557273865E-001,-9.500259160995483E-001,2.228392362594605E-001,
3.183266666666667E+009,5.808034539222717E-002,1.726440191268921E-001,-9.342770576477051E-001,2.440938800573349E-001,5.808034539222717E-002,1.726440191268921E-001,-9.342770576477051E-001,2.440938800573349E-001,
3.191633333333334E+009,1.048580110073090E-001,1.891743242740631E-001,-9.170590639114380E-001,2.629633843898773E-001,1.048580110073090E-001,1.891743242740631E-001,-9.170590639114380E-001,2.629633843898773E-001,
3.200000000000000E+009,1.542482078075409E-001,1.766145974397659E-001,-9.119981527328491E-001,2.759455442428589E-001,1.542482078075409E-001,1.766145974397659E-001,-9.119981527328491E-001,2.759455442428589E-001,
