% Version 1.00
%
%freq[Hz],re:Trc1_S11,im:Trc1_S11,re:Trc2_S21,im:Trc2_S21,re:Trc3_S11,im:Trc3_S11,re:Trc4_S21,im:Trc4_S21,
6.900000000000000E+008,-7.304670661687851E-002,6.579942256212235E-002,-4.818707108497620E-001,-8.386809825897217E-001,-7.304670661687851E-002,6.579942256212235E-002,-4.818707108497620E-001,-8.386809825897217E-001,
6.983666666666666E+008,-6.473865360021591E-002,6.706402450799942E-002,-4.993091225624085E-001,-8.228120207786560E-001,-6.473865360021591E-002,6.706402450799942E-002,-4.993091225624085E-001,-8.228120207786560E-001,
7.067333333333334E+008,-5.765905231237412E-002,6.481111794710159E-002,-5.284841060638428E-001,-7.954056262969971E-001,-5.765905231237412E-002,6.481111794710159E-002,-5.284841060638428E-001,-7.954056262969971E-001,
7.151000000000000E+008,-5.756773427128792E-002,5.667283758521080E-002,-5.375410318374634E-001,-7.884331345558167E-001,-5.756773427128792E-002,5.667283758521080E-002,-5.375410318374634E-001,-7.884331345558167E-001,
7.234666666666666E+008,-5.576360225677490E-002,5.230338498950005E-002,-5.746077299118042E-001,-7.760973572731018E-001,-5.576360225677490E-002,5.230338498950005E-002,-5.746077299118042E-001,-7.760973572731018E-001,
7.318333333333334E+008,-6.196071207523346E-002,5.062026903033257E-002,-5.805884003639221E-001,-7.725307345390320E-001,-6.196071207523346E-002,5.062026903033257E-002,-5.805884003639221E-001,-7.725307345390320E-001,
7.402000000000000E+008,-6.790458410978317E-002,5.273227766156197E-002,-6.117227077484131E-001,-7.494457960128784E-001,-6.790458410978317E-002,5.273227766156197E-002,-6.117227077484131E-001,-7.494457960128784E-001,
7.485666666666666E+008,-7.224638015031815E-002,5.806739255785942E-002,-6.340059041976929E-001,-7.134721279144287E-001,-7.224638015031815E-002,5.806739255785942E-002,-6.340059041976929E-001,-7.134721279144287E-001,
7.569333333333334E+008,-7.115345448255539E-002,6.718613207340241E-002,-6.499923467636108E-001,-7.151321768760681E-001,-7.115345448255539E-002,6.718613207340241E-002,-6.499923467636108E-001,-7.151321768760681E-001,
7.653000000000000E+008,-6.645686924457550E-002,7.636313885450363E-002,-6.572710275650024E-001,-7.065085172653198E-001,-6.645686924457550E-002,7.636313885450363E-002,-6.572710275650024E-001,-7.065085172653198E-001,
7.736666666666666E+008,-5.770155042409897E-002,8.514888584613800E-002,-6.824915409088135E-001,-7.004408836364746E-001,-5.770155042409897E-002,8.514888584613800E-002,-6.824915409088135E-001,-7.004408836364746E-001,
7.820333333333334E+008,-5.055982992053032E-002,8.889679610729218E-002,-7.049614191055298E-001,-6.773221492767334E-001,-5.055982992053032E-002,8.889679610729218E-002,-7.049614191055298E-001,-6.773221492767334E-001,
7.904000000000000E+008,-4.030526429414749E-002,8.787141740322113E-002,-7.192785739898682E-001,-6.548495888710022E-001,-4.030526429414749E-002,8.787141740322113E-002,-7.192785739898682E-001,-6.548495888710022E-001,
7.987666666666666E+008,-3.171492367982864E-002,8.371473103761673E-002,-7.311208248138428E-001,-6.344392299652100E-001,-3.171492367982864E-002,8.371473103761673E-002,-7.311208248138428E-001,-6.344392299652100E-001,
8.071333333333334E+008,-3.100977092981339E-002,7.989910244941711E-002,-7.459523081779480E-001,-6.223265528678894E-001,-3.100977092981339E-002,7.989910244941711E-002,-7.459523081779480E-001,-6.223265528678894E-001,
8.155000000000000E+008,-3.382099792361260E-002,7.282081246376038E-002,-7.560290694236755E-001,-5.771757364273071E-001,-3.382099792361260E-002,7.282081246376038E-002,-7.560290694236755E-001,-5.771757364273071E-001,
8.238666666666666E+008,-3.730023652315140E-002,7.079619169235230E-002,-7.876731157302856E-001,-5.803556442260742E-001,-3.730023652315140E-002,7.079619169235230E-002,-7.876731157302856E-001,-5.803556442260742E-001,
8.322333333333334E+008,-4.450421035289764E-002,7.283793389797211E-002,-7.990844845771790E-001,-5.525715947151184E-001,-4.450421035289764E-002,7.283793389797211E-002,-7.990844845771790E-001,-5.525715947151184E-001,
8.406000000000000E+008,-4.796411097049713E-002,7.643385231494904E-002,-8.120540380477905E-001,-5.384609699249268E-001,-4.796411097049713E-002,7.643385231494904E-002,-8.120540380477905E-001,-5.384609699249268E-001,
8.489666666666668E+008,-4.758019000291824E-002,8.446463942527771E-002,-8.316568136215210E-001,-5.125201344490051E-001,-4.758019000291824E-002,8.446463942527771E-002,-8.316568136215210E-001,-5.125201344490051E-001,
8.573333333333334E+008,-4.318392649292946E-002,9.177234023809433E-002,-8.362657427787781E-001,-4.959585070610046E-001,-4.318392649292946E-002,9.177234023809433E-002,-8.362657427787781E-001,-4.959585070610046E-001,
8.657000000000000E+008,-3.526492789387703E-002,1.006019786000252E-001,-8.517625927925110E-001,-4.679502844810486E-001,-3.526492789387703E-002,1.006019786000252E-001,-8.517625927925110E-001,-4.679502844810486E-001,
8.740666666666668E+008,-2.582760341465473E-002,1.057125851511955E-001,-8.463116884231567E-001,-4.484682083129883E-001,-2.582760341465473E-002,1.057125851511955E-001,-8.463116884231567E-001,-4.484682083129883E-001,
8.824333333333334E+008,-1.542160101234913E-002,1.047100648283958E-001,-8.767029643058777E-001,-4.186556041240692E-001,-1.542160101234913E-002,1.047100648283958E-001,-8.767029643058777E-001,-4.186556041240692E-001,
8.908000000000000E+008,-5.118053406476975E-003,1.052093282341957E-001,-8.872329592704773E-001,-4.179118871688843E-001,-5.118053406476975E-003,1.052093282341957E-001,-8.872329592704773E-001,-4.179118871688843E-001,
8.991666666666668E+008,-1.284738304093480E-003,9.853835403919220E-002,-8.991088271141052E-001,-3.865649700164795E-001,-1.284738304093480E-003,9.853835403919220E-002,-8.991088271141052E-001,-3.865649700164795E-001,
9.075333333333334E+008,-5.594847607426345E-005,9.409993141889572E-002,-8.917687535285950E-001,-3.626991808414459E-001,-5.594847607426345E-005,9.409993141889572E-002,-8.917687535285950E-001,-3.626991808414459E-001,
9.159000000000000E+008,-7.319645956158638E-004,8.929651975631714E-002,-9.069194197654724E-001,-3.531976640224457E-001,-7.319645956158638E-004,8.929651975631714E-002,-9.069194197654724E-001,-3.531976640224457E-001,
9.242666666666668E+008,-4.950649105012417E-003,8.431360870599747E-002,-9.172332286834717E-001,-3.266500532627106E-001,-4.950649105012417E-003,8.431360870599747E-002,-9.172332286834717E-001,-3.266500532627106E-001,
9.326333333333334E+008,-9.006160311400890E-003,8.584582805633545E-002,-9.220570325851440E-001,-2.924903035163879E-001,-9.006160311400890E-003,8.584582805633545E-002,-9.220570325851440E-001,-2.924903035163879E-001,
9.410000000000000E+008,-1.244952902197838E-002,9.131687879562378E-002,-9.287553429603577E-001,-2.660440206527710E-001,-1.244952902197838E-002,9.131687879562378E-002,-9.287553429603577E-001,-2.660440206527710E-001,
9.493666666666668E+008,-1.126446016132832E-002,9.778457134962082E-002,-9.355541467666626E-001,-2.586016952991486E-001,-1.126446016132832E-002,9.778457134962082E-002,-9.355541467666626E-001,-2.586016952991486E-001,
9.577333333333334E+008,-5.890629254281521E-003,1.045602038502693E-001,-9.604358077049255E-001,-2.174357920885086E-001,-5.890629254281521E-003,1.045602038502693E-001,-9.604358077049255E-001,-2.174357920885086E-001,
9.661000000000000E+008,3.554528346285224E-003,1.106862276792526E-001,-9.460185766220093E-001,-2.033821344375610E-001,3.554528346285224E-003,1.106862276792526E-001,-9.460185766220093E-001,-2.033821344375610E-001,
9.744666666666668E+008,1.409999281167984E-002,1.146381348371506E-001,-9.571930170059204E-001,-1.718558073043823E-001,1.409999281167984E-002,1.146381348371506E-001,-9.571930170059204E-001,-1.718558073043823E-001,
9.828333333333334E+008,2.783248573541641E-002,1.124094799160957E-001,-9.543167948722839E-001,-1.456130594015122E-001,2.783248573541641E-002,1.124094799160957E-001,-9.543167948722839E-001,-1.456130594015122E-001,
9.912000000000000E+008,3.958100453019142E-002,1.080091670155525E-001,-9.646713137626648E-001,-1.372821480035782E-001,3.958100453019142E-002,1.080091670155525E-001,-9.646713137626648E-001,-1.372821480035782E-001,
9.995666666666668E+008,4.498860612511635E-002,9.808883816003799E-002,-9.698247909545898E-001,-1.028999313712120E-001,4.498860612511635E-002,9.808883816003799E-002,-9.698247909545898E-001,-1.028999313712120E-001,
1.007933333333333E+009,4.616296291351318E-002,8.928803354501724E-002,-9.738537073135376E-001,-8.311239629983902E-002,4.616296291351318E-002,8.928803354501724E-002,-9.738537073135376E-001,-8.311239629983902E-002,
1.016300000000000E+009,4.163709655404091E-002,7.926029711961746E-002,-9.733444452285767E-001,-5.662584304809570E-002,4.163709655404091E-002,7.926029711961746E-002,-9.733444452285767E-001,-5.662584304809570E-002,
1.024666666666667E+009,3.398320078849793E-002,7.760337740182877E-002,-9.749890565872192E-001,-3.544174879789352E-002,3.398320078849793E-002,7.760337740182877E-002,-9.749890565872192E-001,-3.544174879789352E-002,
1.033033333333333E+009,2.749808318912983E-002,7.755437493324280E-002,-9.549899697303772E-001,2.716657938435674E-003,2.749808318912983E-002,7.755437493324280E-002,-9.549899697303772E-001,2.716657938435674E-003,
1.041400000000000E+009,2.397480793297291E-002,8.292052149772644E-002,-9.618439674377441E-001,2.349249646067619E-002,2.397480793297291E-002,8.292052149772644E-002,-9.618439674377441E-001,2.349249646067619E-002,
1.049766666666667E+009,2.352207899093628E-002,9.055040776729584E-002,-9.711872339248657E-001,4.673883691430092E-002,2.352207899093628E-002,9.055040776729584E-002,-9.711872339248657E-001,4.673883691430092E-002,
1.058133333333333E+009,3.188379481434822E-002,9.800166636705399E-002,-9.665113687515259E-001,7.179529964923859E-002,3.188379481434822E-002,9.800166636705399E-002,-9.665113687515259E-001,7.179529964923859E-002,
1.066500000000000E+009,4.489788785576820E-002,1.017851755023003E-001,-9.522289633750916E-001,1.001912653446198E-001,4.489788785576820E-002,1.017851755023003E-001,-9.522289633750916E-001,1.001912653446198E-001,
1.074866666666667E+009,5.716913938522339E-002,9.764415025711060E-002,-9.620712995529175E-001,1.271953880786896E-001,5.716913938522339E-002,9.764415025711060E-002,-9.620712995529175E-001,1.271953880786896E-001,
1.083233333333334E+009,7.014335691928864E-002,9.266412258148193E-002,-9.579603672027588E-001,1.441514194011688E-001,7.014335691928864E-002,9.266412258148193E-002,-9.579603672027588E-001,1.441514194011688E-001,
1.091600000000000E+009,7.510030269622803E-002,7.991754263639450E-002,-9.506107568740845E-001,1.783210039138794E-001,7.510030269622803E-002,7.991754263639450E-002,-9.506107568740845E-001,1.783210039138794E-001,
1.099966666666667E+009,7.755334675312042E-002,6.625302135944367E-002,-9.464087486267090E-001,1.949077397584915E-001,7.755334675312042E-002,6.625302135944367E-002,-9.464087486267090E-001,1.949077397584915E-001,
1.108333333333334E+009,6.992346048355103E-002,5.556561052799225E-002,-9.596112370491028E-001,2.177350968122482E-001,6.992346048355103E-002,5.556561052799225E-002,-9.596112370491028E-001,2.177350968122482E-001,
1.116700000000000E+009,5.890592560172081E-002,5.447253212332726E-002,-9.444802999496460E-001,2.494816929101944E-001,5.890592560172081E-002,5.447253212332726E-002,-9.444802999496460E-001,2.494816929101944E-001,
1.125066666666667E+009,4.740158841013908E-002,5.473247170448303E-002,-9.304959774017334E-001,2.709130644798279E-001,4.740158841013908E-002,5.473247170448303E-002,-9.304959774017334E-001,2.709130644798279E-001,
1.133433333333334E+009,3.715083003044128E-002,6.537573039531708E-002,-9.257055521011353E-001,2.899513840675354E-001,3.715083003044128E-002,6.537573039531708E-002,-9.257055521011353E-001,2.899513840675354E-001,
1.141800000000000E+009,3.788549080491066E-002,7.706359773874283E-002,-9.159477949142456E-001,3.143139779567719E-001,3.788549080491066E-002,7.706359773874283E-002,-9.159477949142456E-001,3.143139779567719E-001,
1.150166666666667E+009,4.400774091482163E-002,8.853147923946381E-002,-9.088034033775330E-001,3.443169891834259E-001,4.400774091482163E-002,8.853147923946381E-002,-9.088034033775330E-001,3.443169891834259E-001,
1.158533333333334E+009,6.201618909835815E-002,9.527693688869476E-002,-8.989298343658447E-001,3.677566945552826E-001,6.201618909835815E-002,9.527693688869476E-002,-8.989298343658447E-001,3.677566945552826E-001,
1.166900000000000E+009,8.132694661617279E-002,9.289222210645676E-002,-8.902698755264282E-001,3.943319916725159E-001,8.132694661617279E-002,9.289222210645676E-002,-8.902698755264282E-001,3.943319916725159E-001,
1.175266666666667E+009,9.664814919233322E-002,8.237473666667938E-002,-8.715033531188965E-001,4.072477519512177E-001,9.664814919233322E-002,8.237473666667938E-002,-8.715033531188965E-001,4.072477519512177E-001,
1.183633333333334E+009,1.096579879522324E-001,6.675168871879578E-002,-8.673219680786133E-001,4.347562491893768E-001,1.096579879522324E-001,6.675168871879578E-002,-8.673219680786133E-001,4.347562491893768E-001,
1.192000000000000E+009,1.112252175807953E-001,4.846260696649551E-002,-8.605770468711853E-001,4.611859619617462E-001,1.112252175807953E-001,4.846260696649551E-002,-8.605770468711853E-001,4.611859619617462E-001,
1.200366666666667E+009,1.018885597586632E-001,3.058351948857307E-002,-8.474623560905457E-001,4.791201353073120E-001,1.018885597586632E-001,3.058351948857307E-002,-8.474623560905457E-001,4.791201353073120E-001,
1.208733333333334E+009,8.490475267171860E-002,2.078615315258503E-002,-8.420144915580750E-001,5.076881051063538E-001,8.490475267171860E-002,2.078615315258503E-002,-8.420144915580750E-001,5.076881051063538E-001,
1.217100000000000E+009,6.688224524259567E-002,2.182300575077534E-002,-8.110892176628113E-001,5.224050879478455E-001,6.688224524259567E-002,2.182300575077534E-002,-8.110892176628113E-001,5.224050879478455E-001,
1.225466666666667E+009,5.574173852801323E-002,3.239983320236206E-002,-8.141623735427856E-001,5.468832850456238E-001,5.574173852801323E-002,3.239983320236206E-002,-8.141623735427856E-001,5.468832850456238E-001,
1.233833333333334E+009,5.370398238301277E-002,4.635101184248924E-002,-7.946704030036926E-001,5.678957104682922E-001,5.370398238301277E-002,4.635101184248924E-002,-7.946704030036926E-001,5.678957104682922E-001,
1.242200000000000E+009,5.911836773157120E-002,6.005895510315895E-002,-7.672182321548462E-001,5.850837230682373E-001,5.911836773157120E-002,6.005895510315895E-002,-7.672182321548462E-001,5.850837230682373E-001,
1.250566666666667E+009,7.392828166484833E-002,6.911455839872360E-002,-7.695277333259583E-001,6.129706501960754E-001,7.392828166484833E-002,6.911455839872360E-002,-7.695277333259583E-001,6.129706501960754E-001,
1.258933333333334E+009,9.395292401313782E-002,6.867851316928864E-002,-7.499390840530396E-001,6.228551864624023E-001,9.395292401313782E-002,6.867851316928864E-002,-7.499390840530396E-001,6.228551864624023E-001,
1.267300000000000E+009,1.112535074353218E-001,5.549844354391098E-002,-7.257227897644043E-001,6.405715942382813E-001,1.112535074353218E-001,5.549844354391098E-002,-7.257227897644043E-001,6.405715942382813E-001,
1.275666666666667E+009,1.221086606383324E-001,3.792223334312439E-002,-7.224742770195007E-001,6.449145674705505E-001,1.221086606383324E-001,3.792223334312439E-002,-7.224742770195007E-001,6.449145674705505E-001,
1.284033333333334E+009,1.234561502933502E-001,1.495791599154472E-002,-6.917146444320679E-001,6.971980333328247E-001,1.234561502933502E-001,1.495791599154472E-002,-6.917146444320679E-001,6.971980333328247E-001,
1.292400000000000E+009,1.114309430122376E-001,-3.795624710619450E-003,-6.875564455986023E-001,6.961123347282410E-001,1.114309430122376E-001,-3.795624710619450E-003,-6.875564455986023E-001,6.961123347282410E-001,
1.300766666666667E+009,9.335367381572723E-002,-1.226331945508719E-002,-6.706019639968872E-001,7.133494615554810E-001,9.335367381572723E-002,-1.226331945508719E-002,-6.706019639968872E-001,7.133494615554810E-001,
1.309133333333334E+009,7.359756529331207E-002,-1.062802318483591E-002,-6.555078625679016E-001,7.415466904640198E-001,7.359756529331207E-002,-1.062802318483591E-002,-6.555078625679016E-001,7.415466904640198E-001,
1.317500000000000E+009,5.909835919737816E-002,7.957179332152009E-004,-6.248597502708435E-001,7.664927244186401E-001,5.909835919737816E-002,7.957179332152009E-004,-6.248597502708435E-001,7.664927244186401E-001,
1.325866666666667E+009,5.418407544493675E-002,1.630772463977337E-002,-6.078184843063355E-001,7.659287452697754E-001,5.418407544493675E-002,1.630772463977337E-002,-6.078184843063355E-001,7.659287452697754E-001,
1.334233333333334E+009,6.077260151505470E-002,3.396347537636757E-002,-5.847496986389160E-001,7.790344357490540E-001,6.077260151505470E-002,3.396347537636757E-002,-5.847496986389160E-001,7.790344357490540E-001,
1.342600000000000E+009,7.712669670581818E-002,3.897233679890633E-002,-5.702498555183411E-001,7.974518537521362E-001,7.712669670581818E-002,3.897233679890633E-002,-5.702498555183411E-001,7.974518537521362E-001,
1.350966666666667E+009,9.467514604330063E-002,3.742844611406326E-002,-5.414577722549439E-001,8.151131272315979E-001,9.467514604330063E-002,3.742844611406326E-002,-5.414577722549439E-001,8.151131272315979E-001,
1.359333333333334E+009,1.102509424090385E-001,2.451689355075359E-002,-5.222656726837158E-001,8.233529329299927E-001,1.102509424090385E-001,2.451689355075359E-002,-5.222656726837158E-001,8.233529329299927E-001,
1.367700000000000E+009,1.164555326104164E-001,3.028213744983077E-003,-5.056447982788086E-001,8.338627219200134E-001,1.164555326104164E-001,3.028213744983077E-003,-5.056447982788086E-001,8.338627219200134E-001,
1.376066666666667E+009,1.105509847402573E-001,-2.051186747848988E-002,-4.801167249679565E-001,8.460971117019653E-001,1.105509847402573E-001,-2.051186747848988E-002,-4.801167249679565E-001,8.460971117019653E-001,
1.384433333333334E+009,9.511075168848038E-002,-3.419403731822968E-002,-4.725324213504791E-001,8.564392328262329E-001,9.511075168848038E-002,-3.419403731822968E-002,-4.725324213504791E-001,8.564392328262329E-001,
1.392800000000000E+009,7.164728641510010E-002,-3.822280839085579E-002,-4.487001299858093E-001,8.636381030082703E-001,7.164728641510010E-002,-3.822280839085579E-002,-4.487001299858093E-001,8.636381030082703E-001,
1.401166666666667E+009,5.411412194371223E-002,-3.087757900357246E-002,-4.162657558917999E-001,8.914153575897217E-001,5.411412194371223E-002,-3.087757900357246E-002,-4.162657558917999E-001,8.914153575897217E-001,
1.409533333333334E+009,4.142848402261734E-002,-1.139678526669741E-002,-3.930827677249908E-001,9.018384218215942E-001,4.142848402261734E-002,-1.139678526669741E-002,-3.930827677249908E-001,9.018384218215942E-001,
1.417900000000000E+009,4.016098007559776E-002,9.058739058673382E-003,-3.531807959079742E-001,8.957036733627319E-001,4.016098007559776E-002,9.058739058673382E-003,-3.531807959079742E-001,8.957036733627319E-001,
1.426266666666667E+009,5.094559863209724E-002,2.723556384444237E-002,-3.490570187568665E-001,9.259069561958313E-001,5.094559863209724E-002,2.723556384444237E-002,-3.490570187568665E-001,9.259069561958313E-001,
1.434633333333334E+009,6.949163228273392E-002,3.364915028214455E-002,-3.176101446151733E-001,9.181272387504578E-001,6.949163228273392E-002,3.364915028214455E-002,-3.176101446151733E-001,9.181272387504578E-001,
1.443000000000000E+009,9.176172316074371E-002,3.034372813999653E-002,-2.905651926994324E-001,9.308001399040222E-001,9.176172316074371E-002,3.034372813999653E-002,-2.905651926994324E-001,9.308001399040222E-001,
1.451366666666667E+009,1.068148985505104E-001,1.385139487683773E-002,-2.736199200153351E-001,9.350977540016174E-001,1.068148985505104E-001,1.385139487683773E-002,-2.736199200153351E-001,9.350977540016174E-001,
1.459733333333334E+009,1.125997081398964E-001,-7.690163329243660E-003,-2.589186429977417E-001,9.397772550582886E-001,1.125997081398964E-001,-7.690163329243660E-003,-2.589186429977417E-001,9.397772550582886E-001,
1.468100000000000E+009,1.060006096959114E-001,-2.911361120641232E-002,-2.213998287916184E-001,9.463906884193420E-001,1.060006096959114E-001,-2.911361120641232E-002,-2.213998287916184E-001,9.463906884193420E-001,
1.476466666666667E+009,8.948918431997299E-002,-4.364414513111115E-002,-2.025845944881439E-001,9.618569016456604E-001,8.948918431997299E-002,-4.364414513111115E-002,-2.025845944881439E-001,9.618569016456604E-001,
1.484833333333334E+009,6.726754456758499E-002,-4.681933671236038E-002,-1.703573912382126E-001,9.632971882820129E-001,6.726754456758499E-002,-4.681933671236038E-002,-1.703573912382126E-001,9.632971882820129E-001,
1.493200000000000E+009,5.035189166665077E-002,-3.802800551056862E-002,-1.525064259767532E-001,9.651102423667908E-001,5.035189166665077E-002,-3.802800551056862E-002,-1.525064259767532E-001,9.651102423667908E-001,
1.501566666666667E+009,4.014383628964424E-002,-1.952900178730488E-002,-1.227944269776344E-001,9.680945277214050E-001,4.014383628964424E-002,-1.952900178730488E-002,-1.227944269776344E-001,9.680945277214050E-001,
1.509933333333334E+009,4.020036011934280E-002,1.937084132805467E-003,-1.062588691711426E-001,9.736629724502564E-001,4.020036011934280E-002,1.937084132805467E-003,-1.062588691711426E-001,9.736629724502564E-001,
1.518300000000000E+009,5.463019013404846E-002,1.747824065387249E-002,-7.911315560340881E-002,9.798722863197327E-001,5.463019013404846E-002,1.747824065387249E-002,-7.911315560340881E-002,9.798722863197327E-001,
1.526666666666667E+009,7.429242879152298E-002,2.323709242045879E-002,-4.580746963620186E-002,9.715315699577332E-001,7.429242879152298E-002,2.323709242045879E-002,-4.580746963620186E-002,9.715315699577332E-001,
1.535033333333334E+009,9.465803951025009E-002,1.886348240077496E-002,-2.509389072656632E-002,9.820396304130554E-001,9.465803951025009E-002,1.886348240077496E-002,-2.509389072656632E-002,9.820396304130554E-001,
1.543400000000000E+009,1.081705838441849E-001,2.133965026587248E-003,-3.276460338383913E-003,9.748508334159851E-001,1.081705838441849E-001,2.133965026587248E-003,-3.276460338383913E-003,9.748508334159851E-001,
1.551766666666667E+009,1.098385900259018E-001,-2.071318775415421E-002,1.988291740417481E-002,9.702252149581909E-001,1.098385900259018E-001,-2.071318775415421E-002,1.988291740417481E-002,9.702252149581909E-001,
1.560133333333334E+009,1.028728932142258E-001,-4.119655489921570E-002,4.282045364379883E-002,9.748087525367737E-001,1.028728932142258E-001,-4.119655489921570E-002,4.282045364379883E-002,9.748087525367737E-001,
1.568500000000000E+009,8.780961483716965E-002,-5.371196568012238E-002,5.851163715124130E-002,9.774364829063416E-001,8.780961483716965E-002,-5.371196568012238E-002,5.851163715124130E-002,9.774364829063416E-001,
1.576866666666667E+009,6.743022799491882E-002,-5.518482625484467E-002,1.002298668026924E-001,9.694026112556458E-001,6.743022799491882E-002,-5.518482625484467E-002,1.002298668026924E-001,9.694026112556458E-001,
1.585233333333334E+009,5.358124151825905E-002,-4.689668864011765E-002,1.153963506221771E-001,9.695166945457459E-001,5.358124151825905E-002,-4.689668864011765E-002,1.153963506221771E-001,9.695166945457459E-001,
1.593600000000000E+009,4.543859511613846E-002,-3.203140944242477E-002,1.429332941770554E-001,9.651030898094177E-001,4.543859511613846E-002,-3.203140944242477E-002,1.429332941770554E-001,9.651030898094177E-001,
1.601966666666667E+009,4.771113023161888E-002,-1.396599970757961E-002,1.671596467494965E-001,9.634437561035156E-001,4.771113023161888E-002,-1.396599970757961E-002,1.671596467494965E-001,9.634437561035156E-001,
1.610333333333334E+009,5.961183831095696E-002,-1.952820457518101E-003,1.979685574769974E-001,9.552264213562012E-001,5.961183831095696E-002,-1.952820457518101E-003,1.979685574769974E-001,9.552264213562012E-001,
1.618700000000000E+009,7.759314030408859E-002,1.096388790756464E-003,2.239321023225784E-001,9.511564373970032E-001,7.759314030408859E-002,1.096388790756464E-003,2.239321023225784E-001,9.511564373970032E-001,
1.627066666666667E+009,9.251025319099426E-002,-6.108806468546391E-003,2.436131536960602E-001,9.424749016761780E-001,9.251025319099426E-002,-6.108806468546391E-003,2.436131536960602E-001,9.424749016761780E-001,
1.635433333333334E+009,1.012543067336083E-001,-1.905109733343124E-002,2.722560167312622E-001,9.416252374649048E-001,1.012543067336083E-001,-1.905109733343124E-002,2.722560167312622E-001,9.416252374649048E-001,
1.643800000000000E+009,1.020976379513741E-001,-3.800893947482109E-002,2.851134240627289E-001,9.305314421653748E-001,1.020976379513741E-001,-3.800893947482109E-002,2.851134240627289E-001,9.305314421653748E-001,
1.652166666666667E+009,9.298056364059448E-002,-5.395499244332314E-002,3.190402984619141E-001,9.218165874481201E-001,9.298056364059448E-002,-5.395499244332314E-002,3.190402984619141E-001,9.218165874481201E-001,
1.660533333333334E+009,7.827567309141159E-002,-6.199315935373306E-002,3.368598818778992E-001,9.160262346267700E-001,7.827567309141159E-002,-6.199315935373306E-002,3.368598818778992E-001,9.160262346267700E-001,
1.668900000000000E+009,6.265618652105331E-002,-6.047381460666657E-002,3.585723936557770E-001,9.050010442733765E-001,6.265618652105331E-002,-6.047381460666657E-002,3.585723936557770E-001,9.050010442733765E-001,
1.677266666666667E+009,5.006750300526619E-002,-5.248244106769562E-002,3.977056741714478E-001,8.959859609603882E-001,5.006750300526619E-002,-5.248244106769562E-002,3.977056741714478E-001,8.959859609603882E-001,
1.685633333333334E+009,4.696369171142578E-002,-3.771901875734329E-002,4.132212400436401E-001,8.890626430511475E-001,4.696369171142578E-002,-3.771901875734329E-002,4.132212400436401E-001,8.890626430511475E-001,
1.694000000000000E+009,5.084965378046036E-002,-2.512067742645741E-002,4.315615296363831E-001,8.753635883331299E-001,5.084965378046036E-002,-2.512067742645741E-002,4.315615296363831E-001,8.753635883331299E-001,
1.702366666666667E+009,6.271051615476608E-002,-1.444599404931068E-002,4.544842243194580E-001,8.655664324760437E-001,6.271051615476608E-002,-1.444599404931068E-002,4.544842243194580E-001,8.655664324760437E-001,
1.710733333333334E+009,7.919312268495560E-002,-1.234654802829027E-002,4.733148217201233E-001,8.480432033538818E-001,7.919312268495560E-002,-1.234654802829027E-002,4.733148217201233E-001,8.480432033538818E-001,
1.719100000000000E+009,9.391298890113831E-002,-2.086380682885647E-002,5.006130933761597E-001,8.323872685432434E-001,9.391298890113831E-002,-2.086380682885647E-002,5.006130933761597E-001,8.323872685432434E-001,
1.727466666666667E+009,1.032940447330475E-001,-3.487088158726692E-002,5.178343057632446E-001,8.242013454437256E-001,1.032940447330475E-001,-3.487088158726692E-002,5.178343057632446E-001,8.242013454437256E-001,
1.735833333333334E+009,1.043068245053291E-001,-5.211148783564568E-002,5.334073305130005E-001,8.083487749099731E-001,1.043068245053291E-001,-5.211148783564568E-002,5.334073305130005E-001,8.083487749099731E-001,
1.744200000000000E+009,9.638246893882752E-002,-6.996192783117294E-002,5.612876415252686E-001,7.876657247543335E-001,9.638246893882752E-002,-6.996192783117294E-002,5.612876415252686E-001,7.876657247543335E-001,
1.752566666666667E+009,8.392842113971710E-002,-8.126715570688248E-002,5.890619158744812E-001,7.813422679901123E-001,8.392842113971710E-002,-8.126715570688248E-002,5.890619158744812E-001,7.813422679901123E-001,
1.760933333333334E+009,6.860727816820145E-002,-8.623864501714706E-002,5.975006818771362E-001,7.691123485565186E-001,6.860727816820145E-002,-8.623864501714706E-002,5.975006818771362E-001,7.691123485565186E-001,
1.769300000000000E+009,5.373373627662659E-002,-8.323585987091065E-002,6.221573948860169E-001,7.578129172325134E-001,5.373373627662659E-002,-8.323585987091065E-002,6.221573948860169E-001,7.578129172325134E-001,
1.777666666666667E+009,4.484441503882408E-002,-7.256814837455750E-002,6.370634436607361E-001,7.480219006538391E-001,4.484441503882408E-002,-7.256814837455750E-002,6.370634436607361E-001,7.480219006538391E-001,
1.786033333333334E+009,4.316630586981773E-002,-6.257789582014084E-002,6.524609923362732E-001,7.185096740722656E-001,4.316630586981773E-002,-6.257789582014084E-002,6.524609923362732E-001,7.185096740722656E-001,
1.794400000000000E+009,4.892027005553246E-002,-5.020223557949066E-002,6.764211058616638E-001,7.026929855346680E-001,4.892027005553246E-002,-5.020223557949066E-002,6.764211058616638E-001,7.026929855346680E-001,
1.802766666666667E+009,5.633421242237091E-002,-4.486076161265373E-002,6.935524940490723E-001,6.842855811119080E-001,5.633421242237091E-002,-4.486076161265373E-002,6.935524940490723E-001,6.842855811119080E-001,
1.811133333333334E+009,6.628831475973129E-002,-4.409423470497131E-002,7.182003259658814E-001,6.650484800338745E-001,6.628831475973129E-002,-4.409423470497131E-002,7.182003259658814E-001,6.650484800338745E-001,
1.819500000000000E+009,7.566817104816437E-002,-4.899440333247185E-002,7.295057177543640E-001,6.378954648971558E-001,7.566817104816437E-002,-4.899440333247185E-002,7.295057177543640E-001,6.378954648971558E-001,
1.827866666666667E+009,8.137651532888413E-002,-5.860927328467369E-002,7.493503689765930E-001,6.267008781433106E-001,8.137651532888413E-002,-5.860927328467369E-002,7.493503689765930E-001,6.267008781433106E-001,
1.836233333333334E+009,7.888633012771606E-002,-7.047242671251297E-002,7.612921595573425E-001,6.083728075027466E-001,7.888633012771606E-002,-7.047242671251297E-002,7.612921595573425E-001,6.083728075027466E-001,
1.844600000000000E+009,7.188860327005386E-002,-8.005286753177643E-002,7.766974568367004E-001,6.014690399169922E-001,7.188860327005386E-002,-8.005286753177643E-002,7.766974568367004E-001,6.014690399169922E-001,
1.852966666666667E+009,6.313502788543701E-002,-8.535229414701462E-002,7.852899432182312E-001,5.678635239601135E-001,6.313502788543701E-002,-8.535229414701462E-002,7.852899432182312E-001,5.678635239601135E-001,
1.861333333333334E+009,5.356221273541451E-002,-8.863610774278641E-002,8.087066411972046E-001,5.488725900650024E-001,5.356221273541451E-002,-8.863610774278641E-002,8.087066411972046E-001,5.488725900650024E-001,
1.869700000000000E+009,4.647222906351090E-002,-8.276886492967606E-002,8.227813839912415E-001,5.298006534576416E-001,4.647222906351090E-002,-8.276886492967606E-002,8.227813839912415E-001,5.298006534576416E-001,
1.878066666666667E+009,4.302009195089340E-002,-7.774899154901505E-002,8.359964489936829E-001,5.129754543304443E-001,4.302009195089340E-002,-7.774899154901505E-002,8.359964489936829E-001,5.129754543304443E-001,
1.886433333333334E+009,4.450000450015068E-002,-6.981738656759262E-002,8.548170924186707E-001,4.871272742748261E-001,4.450000450015068E-002,-6.981738656759262E-002,8.548170924186707E-001,4.871272742748261E-001,
1.894800000000000E+009,5.254609510302544E-002,-6.489329785108566E-002,8.650249242782593E-001,4.671503901481628E-001,5.254609510302544E-002,-6.489329785108566E-002,8.650249242782593E-001,4.671503901481628E-001,
1.903166666666667E+009,6.083434447646141E-002,-6.221371144056320E-002,8.772782087326050E-001,4.351548552513123E-001,6.083434447646141E-002,-6.221371144056320E-002,8.772782087326050E-001,4.351548552513123E-001,
1.911533333333334E+009,6.944976001977921E-002,-6.762751191854477E-002,8.836101293563843E-001,4.081563651561737E-001,6.944976001977921E-002,-6.762751191854477E-002,8.836101293563843E-001,4.081563651561737E-001,
1.919900000000000E+009,7.565608620643616E-002,-7.672660052776337E-002,8.976049423217773E-001,3.941411077976227E-001,7.565608620643616E-002,-7.672660052776337E-002,8.976049423217773E-001,3.941411077976227E-001,
1.928266666666667E+009,7.799186557531357E-002,-8.806692808866501E-002,8.937996029853821E-001,3.575043082237244E-001,7.799186557531357E-002,-8.806692808866501E-002,8.937996029853821E-001,3.575043082237244E-001,
1.936633333333334E+009,7.213725894689560E-002,-1.011121273040772E-001,9.134436845779419E-001,3.467067182064056E-001,7.213725894689560E-002,-1.011121273040772E-001,9.134436845779419E-001,3.467067182064056E-001,
1.945000000000000E+009,6.184054911136627E-002,-1.104947850108147E-001,9.230707883834839E-001,3.213262259960175E-001,6.184054911136627E-002,-1.104947850108147E-001,9.230707883834839E-001,3.213262259960175E-001,
1.953366666666667E+009,5.001873895525932E-002,-1.169525980949402E-001,9.242864251136780E-001,3.001257479190826E-001,5.001873895525932E-002,-1.169525980949402E-001,9.242864251136780E-001,3.001257479190826E-001,
1.961733333333334E+009,3.494197502732277E-002,-1.140592023730278E-001,9.393691420555115E-001,2.776033580303192E-001,3.494197502732277E-002,-1.140592023730278E-001,9.393691420555115E-001,2.776033580303192E-001,
1.970100000000000E+009,2.425331808626652E-002,-1.085892021656036E-001,9.394540190696716E-001,2.543923556804657E-001,2.425331808626652E-002,-1.085892021656036E-001,9.394540190696716E-001,2.543923556804657E-001,
1.978466666666667E+009,2.081573568284512E-002,-9.695108979940414E-002,9.505469799041748E-001,2.238538712263107E-001,2.081573568284512E-002,-9.695108979940414E-002,9.505469799041748E-001,2.238538712263107E-001,
1.986833333333334E+009,2.423113211989403E-002,-8.650438487529755E-002,9.533771872520447E-001,2.050482183694840E-001,2.423113211989403E-002,-8.650438487529755E-002,9.533771872520447E-001,2.050482183694840E-001,
1.995200000000000E+009,3.560526669025421E-002,-8.008354157209396E-002,9.566930532455444E-001,1.869217604398727E-001,3.560526669025421E-002,-8.008354157209396E-002,9.566930532455444E-001,1.869217604398727E-001,
2.003566666666667E+009,4.908622801303864E-002,-7.983840256929398E-002,9.613980054855347E-001,1.513853520154953E-001,4.908622801303864E-002,-7.983840256929398E-002,9.613980054855347E-001,1.513853520154953E-001,
2.011933333333334E+009,6.088796630501747E-002,-8.931557834148407E-002,9.707036614418030E-001,1.233306899666786E-001,6.088796630501747E-002,-8.931557834148407E-002,9.707036614418030E-001,1.233306899666786E-001,
2.020300000000000E+009,6.772491335868835E-002,-1.011219471693039E-001,9.706581830978394E-001,9.144348651170731E-002,6.772491335868835E-002,-1.011219471693039E-001,9.706581830978394E-001,9.144348651170731E-002,
2.028666666666667E+009,6.573080271482468E-002,-1.180271133780479E-001,9.721562266349793E-001,7.648113369941711E-002,6.573080271482468E-002,-1.180271133780479E-001,9.721562266349793E-001,7.648113369941711E-002,
2.037033333333334E+009,5.510812997817993E-002,-1.351525634527206E-001,9.742547273635864E-001,4.888813570141792E-002,5.510812997817993E-002,-1.351525634527206E-001,9.742547273635864E-001,4.888813570141792E-002,
2.045400000000000E+009,3.874622657895088E-002,-1.448533087968826E-001,9.700680375099182E-001,3.219400346279144E-002,3.874622657895088E-002,-1.448533087968826E-001,9.700680375099182E-001,3.219400346279144E-002,
2.053766666666667E+009,1.895731315016747E-002,-1.453030258417130E-001,9.717210531234741E-001,5.053384695202112E-003,1.895731315016747E-002,-1.453030258417130E-001,9.717210531234741E-001,5.053384695202112E-003,
2.062133333333334E+009,4.127420019358397E-003,-1.397196799516678E-001,9.764305353164673E-001,-2.104126475751400E-002,4.127420019358397E-003,-1.397196799516678E-001,9.764305353164673E-001,-2.104126475751400E-002,
2.070500000000000E+009,-3.984263166785240E-003,-1.249239519238472E-001,9.761415123939514E-001,-4.713014513254166E-002,-3.984263166785240E-003,-1.249239519238472E-001,9.761415123939514E-001,-4.713014513254166E-002,
2.078866666666667E+009,-1.924048177897930E-003,-1.103471219539642E-001,9.734882116317749E-001,-6.967084854841232E-002,-1.924048177897930E-003,-1.103471219539642E-001,9.734882116317749E-001,-6.967084854841232E-002,
2.087233333333334E+009,8.651038631796837E-003,-1.026643663644791E-001,9.727281332015991E-001,-1.046465784311295E-001,8.651038631796837E-003,-1.026643663644791E-001,9.727281332015991E-001,-1.046465784311295E-001,
2.095600000000000E+009,2.413603477180004E-002,-9.981681406497955E-002,9.744370579719544E-001,-1.259024292230606E-001,2.413603477180004E-002,-9.981681406497955E-002,9.744370579719544E-001,-1.259024292230606E-001,
2.103966666666667E+009,3.862297907471657E-002,-1.107851788401604E-001,9.705914258956909E-001,-1.551182121038437E-001,3.862297907471657E-002,-1.107851788401604E-001,9.705914258956909E-001,-1.551182121038437E-001,
2.112333333333334E+009,4.630912467837334E-002,-1.275869607925415E-001,9.571774005889893E-001,-1.736865192651749E-001,4.630912467837334E-002,-1.275869607925415E-001,9.571774005889893E-001,-1.736865192651749E-001,
2.120700000000000E+009,4.368390142917633E-002,-1.516105830669403E-001,9.518596529960632E-001,-2.051934599876404E-001,4.368390142917633E-002,-1.516105830669403E-001,9.518596529960632E-001,-2.051934599876404E-001,
2.129066666666667E+009,2.853272482752800E-002,-1.686401963233948E-001,9.553022980690002E-001,-2.320595979690552E-001,2.853272482752800E-002,-1.686401963233948E-001,9.553022980690002E-001,-2.320595979690552E-001,
2.137433333333334E+009,4.342940635979176E-003,-1.792577356100082E-001,9.367294311523438E-001,-2.492567151784897E-001,4.342940635979176E-003,-1.792577356100082E-001,9.367294311523438E-001,-2.492567151784897E-001,
2.145800000000000E+009,-2.423750050365925E-002,-1.779543906450272E-001,9.343858361244202E-001,-2.721242308616638E-001,-2.423750050365925E-002,-1.779543906450272E-001,9.343858361244202E-001,-2.721242308616638E-001,
2.154166666666667E+009,-4.567062854766846E-002,-1.654756367206574E-001,9.266726374626160E-001,-2.894284427165985E-001,-4.567062854766846E-002,-1.654756367206574E-001,9.266726374626160E-001,-2.894284427165985E-001,
2.162533333333334E+009,-5.767825990915299E-002,-1.442186385393143E-001,9.075812697410584E-001,-3.137207031250000E-001,-5.767825990915299E-002,-1.442186385393143E-001,9.075812697410584E-001,-3.137207031250000E-001,
2.170900000000000E+009,-5.555274710059166E-002,-1.227862164378166E-001,9.150953292846680E-001,-3.434724509716034E-001,-5.555274710059166E-002,-1.227862164378166E-001,9.150953292846680E-001,-3.434724509716034E-001,
2.179266666666667E+009,-4.204684868454933E-002,-1.090881973505020E-001,9.041769504547119E-001,-3.598114550113678E-001,-4.204684868454933E-002,-1.090881973505020E-001,9.041769504547119E-001,-3.598114550113678E-001,
2.187633333333334E+009,-2.287103980779648E-002,-1.055249571800232E-001,8.993256092071533E-001,-3.928834497928619E-001,-2.287103980779648E-002,-1.055249571800232E-001,8.993256092071533E-001,-3.928834497928619E-001,
2.196000000000000E+009,-3.125079674646258E-003,-1.162274405360222E-001,8.789018988609314E-001,-4.154091775417328E-001,-3.125079674646258E-003,-1.162274405360222E-001,8.789018988609314E-001,-4.154091775417328E-001,
2.204366666666667E+009,7.440130691975355E-003,-1.378849297761917E-001,8.693361282348633E-001,-4.367149770259857E-001,7.440130691975355E-003,-1.378849297761917E-001,8.693361282348633E-001,-4.367149770259857E-001,
2.212733333333334E+009,4.241823684424162E-003,-1.634433567523956E-001,8.529512286186218E-001,-4.692758619785309E-001,4.241823684424162E-003,-1.634433567523956E-001,8.529512286186218E-001,-4.692758619785309E-001,
2.221100000000000E+009,-1.395323220640421E-002,-1.827227324247360E-001,8.326523303985596E-001,-4.799739122390747E-001,-1.395323220640421E-002,-1.827227324247360E-001,8.326523303985596E-001,-4.799739122390747E-001,
2.229466666666667E+009,-3.989857435226440E-002,-1.931526511907578E-001,8.240393400192261E-001,-4.904093444347382E-001,-3.989857435226440E-002,-1.931526511907578E-001,8.240393400192261E-001,-4.904093444347382E-001,
2.237833333333334E+009,-7.136701792478561E-002,-1.873250007629395E-001,8.145439028739929E-001,-5.162279605865479E-001,-7.136701792478561E-002,-1.873250007629395E-001,8.145439028739929E-001,-5.162279605865479E-001,
2.246200000000000E+009,-9.701289236545563E-002,-1.703509241342545E-001,8.012427091598511E-001,-5.347304344177246E-001,-9.701289236545563E-002,-1.703509241342545E-001,8.012427091598511E-001,-5.347304344177246E-001,
2.254566666666667E+009,-1.077605858445168E-001,-1.435753703117371E-001,7.918736338615418E-001,-5.520358681678772E-001,-1.077605858445168E-001,-1.435753703117371E-001,7.918736338615418E-001,-5.520358681678772E-001,
2.262933333333334E+009,-1.070475652813911E-001,-1.200288981199265E-001,7.793568968772888E-001,-5.747086405754089E-001,-1.070475652813911E-001,-1.200288981199265E-001,7.793568968772888E-001,-5.747086405754089E-001,
2.271300000000000E+009,-9.231022745370865E-002,-1.017859131097794E-001,7.619690895080566E-001,-5.947617292404175E-001,-9.231022745370865E-002,-1.017859131097794E-001,7.619690895080566E-001,-5.947617292404175E-001,
2.279666666666667E+009,-6.986099481582642E-002,-9.983561933040619E-002,7.502834200859070E-001,-6.168109178543091E-001,-6.986099481582642E-002,-9.983561933040619E-002,7.502834200859070E-001,-6.168109178543091E-001,
2.288033333333334E+009,-5.149823427200317E-002,-1.120731011033058E-001,7.322915196418762E-001,-6.475012302398682E-001,-5.149823427200317E-002,-1.120731011033058E-001,7.322915196418762E-001,-6.475012302398682E-001,
2.296400000000000E+009,-4.272060468792915E-002,-1.350433826446533E-001,7.083748579025269E-001,-6.661797165870667E-001,-4.272060468792915E-002,-1.350433826446533E-001,7.083748579025269E-001,-6.661797165870667E-001,
2.304766666666667E+009,-5.039504542946816E-002,-1.600734591484070E-001,6.933832764625549E-001,-6.718961596488953E-001,-5.039504542946816E-002,-1.600734591484070E-001,6.933832764625549E-001,-6.718961596488953E-001,
2.313133333333334E+009,-7.336621731519699E-002,-1.754695028066635E-001,6.679477691650391E-001,-7.020086050033569E-001,-7.336621731519699E-002,-1.754695028066635E-001,6.679477691650391E-001,-7.020086050033569E-001,
2.321500000000000E+009,-9.960674494504929E-002,-1.772310435771942E-001,6.522561311721802E-001,-7.068066000938416E-001,-9.960674494504929E-002,-1.772310435771942E-001,6.522561311721802E-001,-7.068066000938416E-001,
2.329866666666667E+009,-1.269386708736420E-001,-1.645343899726868E-001,6.419733762741089E-001,-7.231014966964722E-001,-1.269386708736420E-001,-1.645343899726868E-001,6.419733762741089E-001,-7.231014966964722E-001,
2.338233333333334E+009,-1.460762321949005E-001,-1.416334062814713E-001,6.161419749259949E-001,-7.383072376251221E-001,-1.460762321949005E-001,-1.416334062814713E-001,6.161419749259949E-001,-7.383072376251221E-001,
2.346600000000000E+009,-1.505176723003388E-001,-1.105495467782021E-001,5.981135964393616E-001,-7.570419311523438E-001,-1.505176723003388E-001,-1.105495467782021E-001,5.981135964393616E-001,-7.570419311523438E-001,
2.354966666666667E+009,-1.380740106105804E-001,-8.761525154113770E-002,5.906707644462585E-001,-7.693985104560852E-001,-1.380740106105804E-001,-8.761525154113770E-002,5.906707644462585E-001,-7.693985104560852E-001,
2.363333333333334E+009,-1.167287901043892E-001,-7.823757082223892E-002,5.728390812873840E-001,-7.875778079032898E-001,-1.167287901043892E-001,-7.823757082223892E-002,5.728390812873840E-001,-7.875778079032898E-001,
2.371700000000000E+009,-9.037964046001434E-002,-8.403302729129791E-002,5.513114333152771E-001,-8.090342879295349E-001,-9.037964046001434E-002,-8.403302729129791E-002,5.513114333152771E-001,-8.090342879295349E-001,
2.380066666666667E+009,-7.518769800662994E-002,-1.087134778499603E-001,5.186396241188049E-001,-8.226326107978821E-001,-7.518769800662994E-002,-1.087134778499603E-001,5.186396241188049E-001,-8.226326107978821E-001,
2.388433333333334E+009,-7.705039530992508E-002,-1.390923559665680E-001,4.949375987052918E-001,-8.285651206970215E-001,-7.705039530992508E-002,-1.390923559665680E-001,4.949375987052918E-001,-8.285651206970215E-001,
2.396800000000000E+009,-9.694172441959381E-002,-1.681191474199295E-001,4.607354700565338E-001,-8.455593585968018E-001,-9.694172441959381E-002,-1.681191474199295E-001,4.607354700565338E-001,-8.455593585968018E-001,
2.405166666666667E+009,-1.299062818288803E-001,-1.850181668996811E-001,4.431444108486176E-001,-8.535015583038330E-001,-1.299062818288803E-001,-1.850181668996811E-001,4.431444108486176E-001,-8.535015583038330E-001,
2.413533333333334E+009,-1.716422587633133E-001,-1.787392199039459E-001,4.180932939052582E-001,-8.558451533317566E-001,-1.716422587633133E-001,-1.787392199039459E-001,4.180932939052582E-001,-8.558451533317566E-001,
2.421900000000000E+009,-2.087236046791077E-001,-1.557141095399857E-001,4.078646302223206E-001,-8.645604252815247E-001,-2.087236046791077E-001,-1.557141095399857E-001,4.078646302223206E-001,-8.645604252815247E-001,
2.430266666666667E+009,-2.281641811132431E-001,-1.186510995030403E-001,3.899340927600861E-001,-8.737711310386658E-001,-2.281641811132431E-001,-1.186510995030403E-001,3.899340927600861E-001,-8.737711310386658E-001,
2.438633333333334E+009,-2.330091744661331E-001,-7.472969591617584E-002,3.722285926342011E-001,-8.826077580451965E-001,-2.330091744661331E-001,-7.472969591617584E-002,3.722285926342011E-001,-8.826077580451965E-001,
2.447000000000000E+009,-2.161324918270111E-001,-3.608232364058495E-002,3.514506220817566E-001,-8.989064693450928E-001,-2.161324918270111E-001,-3.608232364058495E-002,3.514506220817566E-001,-8.989064693450928E-001,
2.455366666666667E+009,-1.850952953100205E-001,-1.536287739872932E-002,3.312349915504456E-001,-9.071652293205261E-001,-1.850952953100205E-001,-1.536287739872932E-002,3.312349915504456E-001,-9.071652293205261E-001,
2.463733333333334E+009,-1.517703682184219E-001,-1.396450214087963E-002,3.073998391628265E-001,-9.250659346580505E-001,-1.517703682184219E-001,-1.396450214087963E-002,3.073998391628265E-001,-9.250659346580505E-001,
2.472100000000000E+009,-1.270426660776138E-001,-3.384327515959740E-002,2.785381078720093E-001,-9.349508285522461E-001,-1.270426660776138E-001,-3.384327515959740E-002,2.785381078720093E-001,-9.349508285522461E-001,
2.480466666666667E+009,-1.186512932181358E-001,-6.484588980674744E-002,2.432763725519180E-001,-9.365657567977905E-001,-1.186512932181358E-001,-6.484588980674744E-002,2.432763725519180E-001,-9.365657567977905E-001,
2.488833333333334E+009,-1.310865134000778E-001,-9.501126408576965E-002,2.201845645904541E-001,-9.414360523223877E-001,-1.310865134000778E-001,-9.501126408576965E-002,2.201845645904541E-001,-9.414360523223877E-001,
2.497200000000000E+009,-1.572493612766266E-001,-1.119398772716522E-001,1.902671754360199E-001,-9.474980831146240E-001,-1.572493612766266E-001,-1.119398772716522E-001,1.902671754360199E-001,-9.474980831146240E-001,
2.505566666666667E+009,-1.951844394207001E-001,-1.113493517041206E-001,1.640055328607559E-001,-9.505254030227661E-001,-1.951844394207001E-001,-1.113493517041206E-001,1.640055328607559E-001,-9.505254030227661E-001,
2.513933333333334E+009,-2.243335694074631E-001,-8.967877179384232E-002,1.465310603380203E-001,-9.464636445045471E-001,-2.243335694074631E-001,-8.967877179384232E-002,1.465310603380203E-001,-9.464636445045471E-001,
2.522300000000000E+009,-2.407293766736984E-001,-5.758643895387650E-002,1.216391175985336E-001,-9.479561448097229E-001,-2.407293766736984E-001,-5.758643895387650E-002,1.216391175985336E-001,-9.479561448097229E-001,
2.530666666666667E+009,-2.385170310735703E-001,-1.856313832104206E-002,9.901484102010727E-002,-9.572170972824097E-001,-2.385170310735703E-001,-1.856313832104206E-002,9.901484102010727E-002,-9.572170972824097E-001,
2.539033333333334E+009,-2.204687595367432E-001,1.314138900488615E-002,8.203063905239105E-002,-9.578171968460083E-001,-2.204687595367432E-001,1.314138900488615E-002,8.203063905239105E-002,-9.578171968460083E-001,
2.547400000000000E+009,-1.914592236280441E-001,3.053556196391583E-002,6.317554414272308E-002,-9.704857468605042E-001,-1.914592236280441E-001,3.053556196391583E-002,6.317554414272308E-002,-9.704857468605042E-001,
2.555766666666667E+009,-1.590800285339356E-001,2.870150469243527E-002,3.342118114233017E-002,-9.777137637138367E-001,-1.590800285339356E-001,2.870150469243527E-002,3.342118114233017E-002,-9.777137637138367E-001,
2.564133333333334E+009,-1.391945332288742E-001,6.781248841434717E-003,4.273050930351019E-003,-9.728674292564392E-001,-1.391945332288742E-001,6.781248841434717E-003,4.273050930351019E-003,-9.728674292564392E-001,
2.572500000000000E+009,-1.371400803327560E-001,-2.307204902172089E-002,-2.646506763994694E-002,-9.714106917381287E-001,-1.371400803327560E-001,-2.307204902172089E-002,-2.646506763994694E-002,-9.714106917381287E-001,
2.580866666666667E+009,-1.539517194032669E-001,-4.960098117589951E-002,-5.640487000346184E-002,-9.704660177230835E-001,-1.539517194032669E-001,-4.960098117589951E-002,-5.640487000346184E-002,-9.704660177230835E-001,
2.589233333333334E+009,-1.862037479877472E-001,-6.303159147500992E-002,-8.700112253427506E-002,-9.599550366401672E-001,-1.862037479877472E-001,-6.303159147500992E-002,-8.700112253427506E-002,-9.599550366401672E-001,
2.597600000000000E+009,-2.212223261594772E-001,-5.873536318540573E-002,-1.115165725350380E-001,-9.545284509658814E-001,-2.212223261594772E-001,-5.873536318540573E-002,-1.115165725350380E-001,-9.545284509658814E-001,
2.605966666666667E+009,-2.500286400318146E-001,-3.307972475886345E-002,-1.242098137736321E-001,-9.531351327896118E-001,-2.500286400318146E-001,-3.307972475886345E-002,-1.242098137736321E-001,-9.531351327896118E-001,
2.614333333333334E+009,-2.630321085453033E-001,1.640834379941225E-003,-1.453413218259811E-001,-9.408760666847229E-001,-2.630321085453033E-001,1.640834379941225E-003,-1.453413218259811E-001,-9.408760666847229E-001,
2.622700000000000E+009,-2.574707567691803E-001,4.329960048198700E-002,-1.632230728864670E-001,-9.365615844726563E-001,-2.574707567691803E-001,4.329960048198700E-002,-1.632230728864670E-001,-9.365615844726563E-001,
2.631066666666667E+009,-2.357650101184845E-001,7.675047963857651E-002,-1.864860802888870E-001,-9.463409185409546E-001,-2.357650101184845E-001,7.675047963857651E-002,-1.864860802888870E-001,-9.463409185409546E-001,
2.639433333333334E+009,-2.021536529064179E-001,9.332977980375290E-002,-2.079081237316132E-001,-9.363452196121216E-001,-2.021536529064179E-001,9.332977980375290E-002,-2.079081237316132E-001,-9.363452196121216E-001,
2.647800000000000E+009,-1.679442524909973E-001,9.186960756778717E-002,-2.344392985105515E-001,-9.383332729339600E-001,-1.679442524909973E-001,9.186960756778717E-002,-2.344392985105515E-001,-9.383332729339600E-001,
2.656166666666667E+009,-1.463600993156433E-001,7.249161601066589E-002,-2.600699663162231E-001,-9.409449100494385E-001,-1.463600993156433E-001,7.249161601066589E-002,-2.600699663162231E-001,-9.409449100494385E-001,
2.664533333333334E+009,-1.419973969459534E-001,4.555459693074226E-002,-2.964813411235809E-001,-9.222880005836487E-001,-1.419973969459534E-001,4.555459693074226E-002,-2.964813411235809E-001,-9.222880005836487E-001,
2.672900000000000E+009,-1.566167473793030E-001,2.018948271870613E-002,-3.186609745025635E-001,-9.159785509109497E-001,-1.566167473793030E-001,2.018948271870613E-002,-3.186609745025635E-001,-9.159785509109497E-001,
2.681266666666667E+009,-1.855248957872391E-001,9.544104337692261E-003,-3.463310003280640E-001,-9.005631804466248E-001,-1.855248957872391E-001,9.544104337692261E-003,-3.463310003280640E-001,-9.005631804466248E-001,
2.689633333333334E+009,-2.189147323369980E-001,1.626258157193661E-002,-3.661173284053803E-001,-8.895920515060425E-001,-2.189147323369980E-001,1.626258157193661E-002,-3.661173284053803E-001,-8.895920515060425E-001,
2.698000000000000E+009,-2.430436164140701E-001,4.084694385528565E-002,-3.778777122497559E-001,-8.740166425704956E-001,-2.430436164140701E-001,4.084694385528565E-002,-3.778777122497559E-001,-8.740166425704956E-001,
2.706366666666667E+009,-2.515010535717011E-001,7.734390348196030E-002,-4.005880653858185E-001,-8.584361076354981E-001,-2.515010535717011E-001,7.734390348196030E-002,-4.005880653858185E-001,-8.584361076354981E-001,
2.714733333333334E+009,-2.429157495498657E-001,1.131840422749519E-001,-4.127448201179504E-001,-8.572525382041931E-001,-2.429157495498657E-001,1.131840422749519E-001,-4.127448201179504E-001,-8.572525382041931E-001,
2.723100000000000E+009,-2.162411659955978E-001,1.441454589366913E-001,-4.316380023956299E-001,-8.464483022689819E-001,-2.162411659955978E-001,1.441454589366913E-001,-4.316380023956299E-001,-8.464483022689819E-001,
2.731466666666667E+009,-1.785898506641388E-001,1.599030792713165E-001,-4.574013352394104E-001,-8.434610962867737E-001,-1.785898506641388E-001,1.599030792713165E-001,-4.574013352394104E-001,-8.434610962867737E-001,
2.739833333333334E+009,-1.424749642610550E-001,1.553239226341248E-001,-4.776923656463623E-001,-8.327084779739380E-001,-1.424749642610550E-001,1.553239226341248E-001,-4.776923656463623E-001,-8.327084779739380E-001,
2.748200000000000E+009,-1.175309270620346E-001,1.360369473695755E-001,-5.037992000579834E-001,-8.261496424674988E-001,-1.175309270620346E-001,1.360369473695755E-001,-5.037992000579834E-001,-8.261496424674988E-001,
2.756566666666667E+009,-1.105968058109283E-001,1.074689477682114E-001,-5.323324799537659E-001,-8.158053755760193E-001,-1.105968058109283E-001,1.074689477682114E-001,-5.323324799537659E-001,-8.158053755760193E-001,
2.764933333333334E+009,-1.223108842968941E-001,8.118435740470886E-002,-5.652607083320618E-001,-8.020879030227661E-001,-1.223108842968941E-001,8.118435740470886E-002,-5.652607083320618E-001,-8.020879030227661E-001,
2.773300000000000E+009,-1.480058431625366E-001,6.553059816360474E-002,-5.809187889099121E-001,-7.768660187721252E-001,-1.480058431625366E-001,6.553059816360474E-002,-5.809187889099121E-001,-7.768660187721252E-001,
2.781666666666667E+009,-1.818132102489471E-001,7.285103201866150E-002,-5.980312228202820E-001,-7.549023032188416E-001,-1.818132102489471E-001,7.285103201866150E-002,-5.980312228202820E-001,-7.549023032188416E-001,
2.790033333333334E+009,-2.065450251102448E-001,9.412749856710434E-002,-6.142959594726563E-001,-7.394023537635803E-001,-2.065450251102448E-001,9.412749856710434E-002,-6.142959594726563E-001,-7.394023537635803E-001,
2.798400000000000E+009,-2.168625146150589E-001,1.284753978252411E-001,-6.275771856307983E-001,-7.247285842895508E-001,-2.168625146150589E-001,1.284753978252411E-001,-6.275771856307983E-001,-7.247285842895508E-001,
2.806766666666667E+009,-2.053627967834473E-001,1.648235470056534E-001,-6.390843987464905E-001,-7.017881870269775E-001,-2.053627967834473E-001,1.648235470056534E-001,-6.390843987464905E-001,-7.017881870269775E-001,
2.815133333333334E+009,-1.799685508012772E-001,1.912226825952530E-001,-6.524487733840942E-001,-6.935934424400330E-001,-1.799685508012772E-001,1.912226825952530E-001,-6.524487733840942E-001,-6.935934424400330E-001,
2.823500000000000E+009,-1.431217938661575E-001,2.044689506292343E-001,-6.701380610466003E-001,-6.836071610450745E-001,-1.431217938661575E-001,2.044689506292343E-001,-6.701380610466003E-001,-6.836071610450745E-001,
2.831866666666667E+009,-1.060341298580170E-001,1.977340430021286E-001,-6.865430474281311E-001,-6.701399087905884E-001,-1.060341298580170E-001,1.977340430021286E-001,-6.865430474281311E-001,-6.701399087905884E-001,
2.840233333333334E+009,-7.877516746520996E-002,1.770261228084564E-001,-7.147285342216492E-001,-6.573616862297058E-001,-7.877516746520996E-002,1.770261228084564E-001,-7.147285342216492E-001,-6.573616862297058E-001,
2.848600000000000E+009,-6.887099891901016E-002,1.481349468231201E-001,-7.332627773284912E-001,-6.336699724197388E-001,-6.887099891901016E-002,1.481349468231201E-001,-7.332627773284912E-001,-6.336699724197388E-001,
2.856966666666667E+009,-7.998489588499069E-002,1.217020452022553E-001,-7.540966272354126E-001,-6.154873967170715E-001,-7.998489588499069E-002,1.217020452022553E-001,-7.540966272354126E-001,-6.154873967170715E-001,
2.865333333333334E+009,-1.074497103691101E-001,1.073584258556366E-001,-7.739741802215576E-001,-5.965397953987122E-001,-1.074497103691101E-001,1.073584258556366E-001,-7.739741802215576E-001,-5.965397953987122E-001,
2.873700000000000E+009,-1.396576762199402E-001,1.118898913264275E-001,-7.893980741500855E-001,-5.599738359451294E-001,-1.396576762199402E-001,1.118898913264275E-001,-7.893980741500855E-001,-5.599738359451294E-001,
2.882066666666667E+009,-1.655932068824768E-001,1.343078464269638E-001,-7.936814427375794E-001,-5.325656533241272E-001,-1.655932068824768E-001,1.343078464269638E-001,-7.936814427375794E-001,-5.325656533241272E-001,
2.890433333333334E+009,-1.759119182825089E-001,1.701019853353500E-001,-8.024198412895203E-001,-5.138708949089050E-001,-1.759119182825089E-001,1.701019853353500E-001,-8.024198412895203E-001,-5.138708949089050E-001,
2.898800000000000E+009,-1.648248136043549E-001,2.078523486852646E-001,-8.079795837402344E-001,-4.975594282150269E-001,-1.648248136043549E-001,2.078523486852646E-001,-8.079795837402344E-001,-4.975594282150269E-001,
2.907166666666667E+009,-1.363275200128555E-001,2.349701523780823E-001,-8.116150498390198E-001,-4.844904839992523E-001,-1.363275200128555E-001,2.349701523780823E-001,-8.116150498390198E-001,-4.844904839992523E-001,
2.915533333333334E+009,-9.539451450109482E-002,2.482532262802124E-001,-8.260449171066284E-001,-4.649168550968170E-001,-9.539451450109482E-002,2.482532262802124E-001,-8.260449171066284E-001,-4.649168550968170E-001,
2.923900000000000E+009,-5.604428425431252E-002,2.405598461627960E-001,-8.397691249847412E-001,-4.555950760841370E-001,-5.604428425431252E-002,2.405598461627960E-001,-8.397691249847412E-001,-4.555950760841370E-001,
2.932266666666667E+009,-2.521789446473122E-002,2.173006236553192E-001,-8.548438549041748E-001,-4.390077590942383E-001,-2.521789446473122E-002,2.173006236553192E-001,-8.548438549041748E-001,-4.390077590942383E-001,
2.940633333333334E+009,-1.324968878179789E-002,1.834499388933182E-001,-8.737029433250427E-001,-4.140858352184296E-001,-1.324968878179789E-002,1.834499388933182E-001,-8.737029433250427E-001,-4.140858352184296E-001,
2.949000000000000E+009,-2.186591178178787E-002,1.501514017581940E-001,-8.945859074592590E-001,-3.814603090286255E-001,-2.186591178178787E-002,1.501514017581940E-001,-8.945859074592590E-001,-3.814603090286255E-001,
2.957366666666667E+009,-4.807601496577263E-002,1.317288428544998E-001,-9.068131446838379E-001,-3.610583841800690E-001,-4.807601496577263E-002,1.317288428544998E-001,-9.068131446838379E-001,-3.610583841800690E-001,
2.965733333333334E+009,-8.333285897970200E-002,1.342237442731857E-001,-9.174900650978088E-001,-3.281238675117493E-001,-8.333285897970200E-002,1.342237442731857E-001,-9.174900650978088E-001,-3.281238675117493E-001,
2.974100000000000E+009,-1.098404154181480E-001,1.580611467361450E-001,-9.208475351333618E-001,-2.922777235507965E-001,-1.098404154181480E-001,1.580611467361450E-001,-9.208475351333618E-001,-2.922777235507965E-001,
2.982466666666667E+009,-1.202917546033859E-001,1.941609233617783E-001,-9.216813445091248E-001,-2.668826580047607E-001,-1.202917546033859E-001,1.941609233617783E-001,-9.216813445091248E-001,-2.668826580047607E-001,
2.990833333333334E+009,-1.101678758859634E-001,2.319514453411102E-001,-9.158190488815308E-001,-2.510586678981781E-001,-1.101678758859634E-001,2.319514453411102E-001,-9.158190488815308E-001,-2.510586678981781E-001,
2.999200000000000E+009,-8.080404251813889E-002,2.605221271514893E-001,-9.186308383941650E-001,-2.327449321746826E-001,-8.080404251813889E-002,2.605221271514893E-001,-9.186308383941650E-001,-2.327449321746826E-001,
3.007566666666667E+009,-3.884553164243698E-002,2.725226879119873E-001,-9.230650067329407E-001,-2.142115831375122E-001,-3.884553164243698E-002,2.725226879119873E-001,-9.230650067329407E-001,-2.142115831375122E-001,
3.015933333333334E+009,4.843815695494413E-003,2.608830630779266E-001,-9.262540936470032E-001,-2.023938894271851E-001,4.843815695494413E-003,2.608830630779266E-001,-9.262540936470032E-001,-2.023938894271851E-001,
3.024300000000000E+009,3.639811277389526E-002,2.341941893100739E-001,-9.392516613006592E-001,-1.852993965148926E-001,3.639811277389526E-002,2.341941893100739E-001,-9.392516613006592E-001,-1.852993965148926E-001,
3.032666666666667E+009,4.958087578415871E-002,1.942780315876007E-001,-9.520301222801209E-001,-1.593147665262222E-001,4.958087578415871E-002,1.942780315876007E-001,-9.520301222801209E-001,-1.593147665262222E-001,
3.041033333333334E+009,3.825124725699425E-002,1.569083780050278E-001,-9.626787304878235E-001,-1.322650164365768E-001,3.825124725699425E-002,1.569083780050278E-001,-9.626787304878235E-001,-1.322650164365768E-001,
3.049400000000000E+009,7.497989106923342E-003,1.357863694429398E-001,-9.685298800468445E-001,-9.131833910942078E-002,7.497989106923342E-003,1.357863694429398E-001,-9.685298800468445E-001,-9.131833910942078E-002,
3.057766666666667E+009,-2.956104278564453E-002,1.377541124820709E-001,-9.749798178672791E-001,-7.110092788934708E-002,-2.956104278564453E-002,1.377541124820709E-001,-9.749798178672791E-001,-7.110092788934708E-002,
3.066133333333334E+009,-6.098899990320206E-002,1.623690724372864E-001,-9.649037718772888E-001,-2.886256761848927E-002,-6.098899990320206E-002,1.623690724372864E-001,-9.649037718772888E-001,-2.886256761848927E-002,
3.074500000000000E+009,-7.271818816661835E-002,2.030398547649384E-001,-9.625749588012695E-001,-3.351373830810189E-003,-7.271818816661835E-002,2.030398547649384E-001,-9.625749588012695E-001,-3.351373830810189E-003,
3.082866666666667E+009,-5.803484842181206E-002,2.447766512632370E-001,-9.531187415122986E-001,1.619392447173595E-002,-5.803484842181206E-002,2.447766512632370E-001,-9.531187415122986E-001,1.619392447173595E-002,
3.091233333333334E+009,-2.302852459251881E-002,2.771919071674347E-001,-9.444543719291687E-001,3.659250959753990E-002,-2.302852459251881E-002,2.771919071674347E-001,-9.444543719291687E-001,3.659250959753990E-002,
3.099600000000000E+009,2.510514482855797E-002,2.867150902748108E-001,-9.378525018692017E-001,4.727297276258469E-002,2.510514482855797E-002,2.867150902748108E-001,-9.378525018692017E-001,4.727297276258469E-002,
3.107966666666667E+009,7.639323920011520E-002,2.715072929859161E-001,-9.425312876701355E-001,6.149807944893837E-002,7.639323920011520E-002,2.715072929859161E-001,-9.425312876701355E-001,6.149807944893837E-002,
3.116333333333334E+009,1.139286756515503E-001,2.360553443431854E-001,-9.476189613342285E-001,8.157914876937866E-002,1.139286756515503E-001,2.360553443431854E-001,-9.476189613342285E-001,8.157914876937866E-002,
3.124700000000000E+009,1.266687810420990E-001,1.869726330041885E-001,-9.558062553405762E-001,9.994617104530335E-002,1.266687810420990E-001,1.869726330041885E-001,-9.558062553405762E-001,9.994617104530335E-002,
3.133066666666667E+009,1.136534214019775E-001,1.405210047960281E-001,-9.635685086250305E-001,1.349244117736816E-001,1.136534214019775E-001,1.405210047960281E-001,-9.635685086250305E-001,1.349244117736816E-001,
3.141433333333334E+009,7.904636114835739E-002,1.090978682041168E-001,-9.650233983993530E-001,1.645643711090088E-001,7.904636114835739E-002,1.090978682041168E-001,-9.650233983993530E-001,1.645643711090088E-001,
3.149800000000000E+009,3.127476572990418E-002,1.063266247510910E-001,-9.619085788726807E-001,2.045855671167374E-001,3.127476572990418E-002,1.063266247510910E-001,-9.619085788726807E-001,2.045855671167374E-001,
3.158166666666667E+009,-8.095419965684414E-003,1.318793743848801E-001,-9.456088542938232E-001,2.383579462766647E-001,-8.095419965684414E-003,1.318793743848801E-001,-9.456088542938232E-001,2.383579462766647E-001,
3.166533333333334E+009,-2.600616402924061E-002,1.761962771415710E-001,-9.324913024902344E-001,2.638397216796875E-001,-2.600616402924061E-002,1.761962771415710E-001,-9.324913024902344E-001,2.638397216796875E-001,
3.174900000000000E+009,-1.648081280291081E-002,2.245305031538010E-001,-9.129479527473450E-001,2.876176834106445E-001,-1.648081280291081E-002,2.245305031538010E-001,-9.129479527473450E-001,2.876176834106445E-001,
3.183266666666667E+009,1.930159702897072E-002,2.615011632442474E-001,-8.955180644989014E-001,3.037736713886261E-001,1.930159702897072E-002,2.615011632442474E-001,-8.955180644989014E-001,3.037736713886261E-001,
3.191633333333334E+009,6.905738264322281E-002,2.732905745506287E-001,-8.826354146003723E-001,3.144636750221252E-001,6.905738264322281E-002,2.732905745506287E-001,-8.826354146003723E-001,3.144636750221252E-001,
3.200000000000000E+009,1.201774328947067E-001,2.573315799236298E-001,-8.806554675102234E-001,3.242080211639404E-001,1.201774328947067E-001,2.573315799236298E-001,-8.806554675102234E-001,3.242080211639404E-001,
