% Version 1.00
%
%freq[Hz],re:Trc1_S11,im:Trc1_S11,re:Trc2_S21,im:Trc2_S21,re:Trc3_S11,im:Trc3_S11,re:Trc4_S21,im:Trc4_S21,
6.900000000000000E+008,-5.658593028783798E-002,5.139254778623581E-002,-5.122756958007813E-001,-8.430606722831726E-001,-5.658593028783798E-002,5.139254778623581E-002,-5.122756958007813E-001,-8.430606722831726E-001,
6.983666666666666E+008,-4.873694106936455E-002,5.187464877963066E-002,-5.296414494514465E-001,-8.254717588424683E-001,-4.873694106936455E-002,5.187464877963066E-002,-5.296414494514465E-001,-8.254717588424683E-001,
7.067333333333334E+008,-4.265395924448967E-002,4.909945651888847E-002,-5.589532852172852E-001,-7.984495162963867E-001,-4.265395924448967E-002,4.909945651888847E-002,-5.589532852172852E-001,-7.984495162963867E-001,
7.151000000000000E+008,-4.372693970799446E-002,4.084650054574013E-002,-5.672820210456848E-001,-7.902816534042358E-001,-4.372693970799446E-002,4.084650054574013E-002,-5.672820210456848E-001,-7.902816534042358E-001,
7.234666666666666E+008,-4.380916059017181E-002,3.589306771755219E-002,-6.066645979881287E-001,-7.776400446891785E-001,-4.380916059017181E-002,3.589306771755219E-002,-6.066645979881287E-001,-7.776400446891785E-001,
7.318333333333334E+008,-5.135025084018707E-002,3.339317813515663E-002,-6.113702654838562E-001,-7.733300924301148E-001,-5.135025084018707E-002,3.339317813515663E-002,-6.113702654838562E-001,-7.733300924301148E-001,
7.402000000000000E+008,-5.851840972900391E-002,3.591844066977501E-002,-6.421959400177002E-001,-7.481755614280701E-001,-5.851840972900391E-002,3.591844066977501E-002,-6.421959400177002E-001,-7.481755614280701E-001,
7.485666666666666E+008,-6.317374110221863E-002,4.206778481602669E-002,-6.635444164276123E-001,-7.092139720916748E-001,-6.317374110221863E-002,4.206778481602669E-002,-6.635444164276123E-001,-7.092139720916748E-001,
7.569333333333334E+008,-6.308237463235855E-002,5.148249119520187E-002,-6.782876849174500E-001,-7.111733555793762E-001,-6.308237463235855E-002,5.148249119520187E-002,-6.782876849174500E-001,-7.111733555793762E-001,
7.653000000000000E+008,-5.899570882320404E-002,6.069447100162506E-002,-6.861200928688049E-001,-7.042191624641419E-001,-5.899570882320404E-002,6.069447100162506E-002,-6.861200928688049E-001,-7.042191624641419E-001,
7.736666666666666E+008,-5.047356337308884E-002,6.973388791084290E-002,-7.109482884407044E-001,-6.961124539375305E-001,-5.047356337308884E-002,6.973388791084290E-002,-7.109482884407044E-001,-6.961124539375305E-001,
7.820333333333334E+008,-4.352058097720146E-002,7.358146458864212E-002,-7.340223789215088E-001,-6.719346046447754E-001,-4.352058097720146E-002,7.358146458864212E-002,-7.340223789215088E-001,-6.719346046447754E-001,
7.904000000000000E+008,-3.390934690833092E-002,7.212230563163757E-002,-7.475605010986328E-001,-6.493611931800842E-001,-3.390934690833092E-002,7.212230563163757E-002,-7.475605010986328E-001,-6.493611931800842E-001,
7.987666666666666E+008,-2.623226307332516E-002,6.788374483585358E-002,-7.602256536483765E-001,-6.288787722587585E-001,-2.623226307332516E-002,6.788374483585358E-002,-7.602256536483765E-001,-6.288787722587585E-001,
8.071333333333334E+008,-2.628333866596222E-002,6.388539820909500E-002,-7.743183374404907E-001,-6.151099205017090E-001,-2.628333866596222E-002,6.388539820909500E-002,-7.743183374404907E-001,-6.151099205017090E-001,
8.155000000000000E+008,-3.036273457109928E-002,5.687033385038376E-002,-7.829031944274902E-001,-5.695647597312927E-001,-3.036273457109928E-002,5.687033385038376E-002,-7.829031944274902E-001,-5.695647597312927E-001,
8.238666666666666E+008,-3.486051410436630E-002,5.475438758730888E-002,-8.144938945770264E-001,-5.728814601898193E-001,-3.486051410436630E-002,5.475438758730888E-002,-8.144938945770264E-001,-5.728814601898193E-001,
8.322333333333334E+008,-4.287023097276688E-002,5.720495432615280E-002,-8.271414637565613E-001,-5.442933440208435E-001,-4.287023097276688E-002,5.720495432615280E-002,-8.271414637565613E-001,-5.442933440208435E-001,
8.406000000000000E+008,-4.687445983290672E-002,6.112901866436005E-002,-8.383835554122925E-001,-5.286942124366760E-001,-4.687445983290672E-002,6.112901866436005E-002,-8.383835554122925E-001,-5.286942124366760E-001,
8.489666666666668E+008,-4.678275436162949E-002,6.957252323627472E-002,-8.580712080001831E-001,-5.019627213478088E-001,-4.678275436162949E-002,6.957252323627472E-002,-8.580712080001831E-001,-5.019627213478088E-001,
8.573333333333334E+008,-4.268749430775642E-002,7.723548263311386E-002,-8.630344271659851E-001,-4.846633672714233E-001,-4.268749430775642E-002,7.723548263311386E-002,-8.630344271659851E-001,-4.846633672714233E-001,
8.657000000000000E+008,-3.510880842804909E-002,8.607153594493866E-002,-8.777863383293152E-001,-4.560038149356842E-001,-3.510880842804909E-002,8.607153594493866E-002,-8.777863383293152E-001,-4.560038149356842E-001,
8.740666666666668E+008,-2.595127187669277E-002,9.106306731700897E-002,-8.719901442527771E-001,-4.372316896915436E-001,-2.595127187669277E-002,9.106306731700897E-002,-8.719901442527771E-001,-4.372316896915436E-001,
8.824333333333334E+008,-1.606640592217445E-002,8.987505733966827E-002,-9.033049345016480E-001,-4.048630893230438E-001,-1.606640592217445E-002,8.987505733966827E-002,-9.033049345016480E-001,-4.048630893230438E-001,
8.908000000000000E+008,-8.187054656445980E-003,8.997878432273865E-002,-9.142079949378967E-001,-4.016084969043732E-001,-8.187054656445980E-003,8.997878432273865E-002,-9.142079949378967E-001,-4.016084969043732E-001,
8.991666666666668E+008,-5.397259257733822E-003,8.316626399755478E-002,-9.246644973754883E-001,-3.713105320930481E-001,-5.397259257733822E-003,8.316626399755478E-002,-9.246644973754883E-001,-3.713105320930481E-001,
9.075333333333334E+008,-5.138782318681479E-003,7.888869941234589E-002,-9.165742993354797E-001,-3.459225296974182E-001,-5.138782318681479E-003,7.888869941234589E-002,-9.165742993354797E-001,-3.459225296974182E-001,
9.159000000000000E+008,-7.331405300647020E-003,7.450114190578461E-002,-9.317753314971924E-001,-3.346546292304993E-001,-7.331405300647020E-003,7.450114190578461E-002,-9.317753314971924E-001,-3.346546292304993E-001,
9.242666666666668E+008,-1.214430015534163E-002,7.036527991294861E-002,-9.414214491844177E-001,-3.089150190353394E-001,-1.214430015534163E-002,7.036527991294861E-002,-9.414214491844177E-001,-3.089150190353394E-001,
9.326333333333334E+008,-1.621890068054199E-002,7.286541163921356E-002,-9.455052614212036E-001,-2.740692794322968E-001,-1.621890068054199E-002,7.286541163921356E-002,-9.455052614212036E-001,-2.740692794322968E-001,
9.410000000000000E+008,-2.087976783514023E-002,7.927719503641129E-002,-9.509672522544861E-001,-2.470982968807221E-001,-2.087976783514023E-002,7.927719503641129E-002,-9.509672522544861E-001,-2.470982968807221E-001,
9.493666666666668E+008,-2.078337594866753E-002,8.694086223840714E-002,-9.568604826927185E-001,-2.371317148208618E-001,-2.078337594866753E-002,8.694086223840714E-002,-9.568604826927185E-001,-2.371317148208618E-001,
9.577333333333334E+008,-1.515425462275744E-002,9.481123834848404E-002,-9.806059598922730E-001,-1.939675211906433E-001,-1.515425462275744E-002,9.481123834848404E-002,-9.806059598922730E-001,-1.939675211906433E-001,
9.661000000000000E+008,-5.650569684803486E-003,1.016609966754913E-001,-9.648324251174927E-001,-1.796453744173050E-001,-5.650569684803486E-003,1.016609966754913E-001,-9.648324251174927E-001,-1.796453744173050E-001,
9.744666666666668E+008,4.737449809908867E-003,1.058925688266754E-001,-9.749833345413208E-001,-1.473172307014465E-001,4.737449809908867E-003,1.058925688266754E-001,-9.749833345413208E-001,-1.473172307014465E-001,
9.828333333333334E+008,1.913040690124035E-002,1.036657020449638E-001,-9.715028405189514E-001,-1.223591119050980E-001,1.913040690124035E-002,1.036657020449638E-001,-9.715028405189514E-001,-1.223591119050980E-001,
9.912000000000000E+008,2.922997623682022E-002,1.003975197672844E-001,-9.819446206092835E-001,-1.120102554559708E-001,2.922997623682022E-002,1.003975197672844E-001,-9.819446206092835E-001,-1.120102554559708E-001,
9.995666666666668E+008,3.394607082009316E-002,9.086380153894424E-002,-9.850583672523499E-001,-7.621595263481140E-002,3.394607082009316E-002,9.086380153894424E-002,-9.850583672523499E-001,-7.621595263481140E-002,
1.007933333333333E+009,3.423841297626495E-002,8.285595476627350E-002,-9.883922934532166E-001,-5.596780031919479E-002,3.423841297626495E-002,8.285595476627350E-002,-9.883922934532166E-001,-5.596780031919479E-002,
1.016300000000000E+009,2.862782962620258E-002,7.408066093921661E-002,-9.875820279121399E-001,-2.959019877016544E-002,2.862782962620258E-002,7.408066093921661E-002,-9.875820279121399E-001,-2.959019877016544E-002,
1.024666666666667E+009,2.054337598383427E-002,7.349706441164017E-002,-9.883086085319519E-001,-8.151531219482422E-003,2.054337598383427E-002,7.349706441164017E-002,-9.883086085319519E-001,-8.151531219482422E-003,
1.033033333333333E+009,1.389818917959929E-002,7.489150017499924E-002,-9.663258194923401E-001,3.090899996459484E-002,1.389818917959929E-002,7.489150017499924E-002,-9.663258194923401E-001,3.090899996459484E-002,
1.041400000000000E+009,1.081226952373982E-002,8.140026777982712E-002,-9.724484086036682E-001,5.225908011198044E-002,1.081226952373982E-002,8.140026777982712E-002,-9.724484086036682E-001,5.225908011198044E-002,
1.049766666666667E+009,1.084583811461926E-002,8.994395285844803E-002,-9.806391000747681E-001,7.386844605207443E-002,1.084583811461926E-002,8.994395285844803E-002,-9.806391000747681E-001,7.386844605207443E-002,
1.058133333333333E+009,2.026355080306530E-002,9.831075370311737E-002,-9.751569032669067E-001,9.967677295207977E-002,2.026355080306530E-002,9.831075370311737E-002,-9.751569032669067E-001,9.967677295207977E-002,
1.066500000000000E+009,3.410883992910385E-002,1.023775935173035E-001,-9.589095711708069E-001,1.264454573392868E-001,3.410883992910385E-002,1.023775935173035E-001,-9.589095711708069E-001,1.264454573392868E-001,
1.074866666666667E+009,4.724496603012085E-002,9.833641350269318E-002,-9.676821827888489E-001,1.553959846496582E-001,4.724496603012085E-002,9.833641350269318E-002,-9.676821827888489E-001,1.553959846496582E-001,
1.083233333333334E+009,6.050885468721390E-002,9.334338456392288E-002,-9.628408551216126E-001,1.724136471748352E-001,6.050885468721390E-002,9.334338456392288E-002,-9.628408551216126E-001,1.724136471748352E-001,
1.091600000000000E+009,6.548923254013062E-002,8.077365905046463E-002,-9.562405943870544E-001,2.060270458459854E-001,6.548923254013062E-002,8.077365905046463E-002,-9.562405943870544E-001,2.060270458459854E-001,
1.099966666666667E+009,6.731308251619339E-002,6.792838871479034E-002,-9.519133567810059E-001,2.220176756381989E-001,6.731308251619339E-002,6.792838871479034E-002,-9.519133567810059E-001,2.220176756381989E-001,
1.108333333333334E+009,5.920088663697243E-002,5.808962509036064E-002,-9.627650380134583E-001,2.460449784994125E-001,5.920088663697243E-002,5.808962509036064E-002,-9.627650380134583E-001,2.460449784994125E-001,
1.116700000000000E+009,4.787163063883781E-002,5.858913436532021E-002,-9.475510716438294E-001,2.781971991062164E-001,4.787163063883781E-002,5.858913436532021E-002,-9.475510716438294E-001,2.781971991062164E-001,
1.125066666666667E+009,3.617949411273003E-002,6.018215790390968E-002,-9.320356249809265E-001,2.992825806140900E-001,3.617949411273003E-002,6.018215790390968E-002,-9.320356249809265E-001,2.992825806140900E-001,
1.133433333333334E+009,2.665357477962971E-002,7.204397022724152E-002,-9.271685481071472E-001,3.179797530174255E-001,2.665357477962971E-002,7.204397022724152E-002,-9.271685481071472E-001,3.179797530174255E-001,
1.141800000000000E+009,2.881280146539211E-002,8.463270962238312E-002,-9.147629141807556E-001,3.425071537494659E-001,2.881280146539211E-002,8.463270962238312E-002,-9.147629141807556E-001,3.425071537494659E-001,
1.150166666666667E+009,3.640507906675339E-002,9.620255976915360E-002,-9.077755212783814E-001,3.729822933673859E-001,3.640507906675339E-002,9.620255976915360E-002,-9.077755212783814E-001,3.729822933673859E-001,
1.158533333333334E+009,5.568844825029373E-002,1.027663424611092E-001,-8.962762355804443E-001,3.950428962707520E-001,5.568844825029373E-002,1.027663424611092E-001,-8.962762355804443E-001,3.950428962707520E-001,
1.166900000000000E+009,7.629872113466263E-002,1.000521034002304E-001,-8.875461816787720E-001,4.204823076725006E-001,7.629872113466263E-002,1.000521034002304E-001,-8.875461816787720E-001,4.204823076725006E-001,
1.175266666666667E+009,9.251167625188828E-002,8.891633152961731E-002,-8.686544895172119E-001,4.337854981422424E-001,9.251167625188828E-002,8.891633152961731E-002,-8.686544895172119E-001,4.337854981422424E-001,
1.183633333333334E+009,1.056092754006386E-001,7.292311638593674E-002,-8.637588620185852E-001,4.599205553531647E-001,1.056092754006386E-001,7.292311638593674E-002,-8.637588620185852E-001,4.599205553531647E-001,
1.192000000000000E+009,1.069438382983208E-001,5.496783927083015E-002,-8.561344146728516E-001,4.853598773479462E-001,1.069438382983208E-001,5.496783927083015E-002,-8.561344146728516E-001,4.853598773479462E-001,
1.200366666666667E+009,9.719584882259369E-002,3.737949207425118E-002,-8.426364660263062E-001,5.041931271553040E-001,9.719584882259369E-002,3.737949207425118E-002,-8.426364660263062E-001,5.041931271553040E-001,
1.208733333333334E+009,8.014060556888580E-002,2.895992621779442E-002,-8.364456295967102E-001,5.342221856117249E-001,8.014060556888580E-002,2.895992621779442E-002,-8.364456295967102E-001,5.342221856117249E-001,
1.217100000000000E+009,6.220706552267075E-002,3.132830187678337E-002,-8.046028614044190E-001,5.468678474426270E-001,6.220706552267075E-002,3.132830187678337E-002,-8.046028614044190E-001,5.468678474426270E-001,
1.225466666666667E+009,5.177977681159973E-002,4.317522048950195E-002,-8.060468435287476E-001,5.726245045661926E-001,5.177977681159973E-002,4.317522048950195E-002,-8.060468435287476E-001,5.726245045661926E-001,
1.233833333333334E+009,5.123455449938774E-002,5.777879804372788E-002,-7.852135896682739E-001,5.931307673454285E-001,5.123455449938774E-002,5.777879804372788E-002,-7.852135896682739E-001,5.931307673454285E-001,
1.242200000000000E+009,5.831064283847809E-002,7.140462845563889E-002,-7.567051649093628E-001,6.090334653854370E-001,5.831064283847809E-002,7.140462845563889E-002,-7.567051649093628E-001,6.090334653854370E-001,
1.250566666666667E+009,7.465781271457672E-002,7.968232035636902E-002,-7.594904899597168E-001,6.364887356758118E-001,7.465781271457672E-002,7.968232035636902E-002,-7.594904899597168E-001,6.364887356758118E-001,
1.258933333333334E+009,9.622832387685776E-002,7.830603420734406E-002,-7.377183437347412E-001,6.453540921211243E-001,9.622832387685776E-002,7.830603420734406E-002,-7.377183437347412E-001,6.453540921211243E-001,
1.267300000000000E+009,1.139947399497032E-001,6.369292736053467E-002,-7.136873602867127E-001,6.626059412956238E-001,1.139947399497032E-001,6.369292736053467E-002,-7.136873602867127E-001,6.626059412956238E-001,
1.275666666666667E+009,1.250188797712326E-001,4.498909413814545E-002,-7.106619477272034E-001,6.666654348373413E-001,1.250188797712326E-001,4.498909413814545E-002,-7.106619477272034E-001,6.666654348373413E-001,
1.284033333333334E+009,1.260089576244354E-001,2.175411954522133E-002,-6.785235404968262E-001,7.167187333106995E-001,1.260089576244354E-001,2.175411954522133E-002,-6.785235404968262E-001,7.167187333106995E-001,
1.292400000000000E+009,1.136663332581520E-001,3.427033778280020E-003,-6.749308705329895E-001,7.170423269271851E-001,1.136663332581520E-001,3.427033778280020E-003,-6.749308705329895E-001,7.170423269271851E-001,
1.300766666666667E+009,9.546361118555069E-002,-4.010888282209635E-003,-6.573414802551270E-001,7.338178753852844E-001,9.546361118555069E-002,-4.010888282209635E-003,-6.573414802551270E-001,7.338178753852844E-001,
1.309133333333334E+009,7.619500905275345E-002,-1.352306222543120E-003,-6.401810646057129E-001,7.617982029914856E-001,7.619500905275345E-002,-1.352306222543120E-003,-6.401810646057129E-001,7.617982029914856E-001,
1.317500000000000E+009,6.258316338062286E-002,1.124615222215653E-002,-6.096705794334412E-001,7.860804200172424E-001,6.258316338062286E-002,1.124615222215653E-002,-6.096705794334412E-001,7.860804200172424E-001,
1.325866666666667E+009,5.910209193825722E-002,2.702204138040543E-002,-5.904894471168518E-001,7.853980064392090E-001,5.910209193825722E-002,2.702204138040543E-002,-5.904894471168518E-001,7.853980064392090E-001,
1.334233333333334E+009,6.721454858779907E-002,4.455669224262238E-002,-5.681596398353577E-001,7.977466583251953E-001,6.721454858779907E-002,4.455669224262238E-002,-5.681596398353577E-001,7.977466583251953E-001,
1.342600000000000E+009,8.502380549907684E-002,4.837421327829361E-002,-5.536946058273315E-001,8.148214817047119E-001,8.502380549907684E-002,4.837421327829361E-002,-5.536946058273315E-001,8.148214817047119E-001,
1.350966666666667E+009,1.032294258475304E-001,4.499898105859757E-002,-5.235832333564758E-001,8.328143358230591E-001,1.032294258475304E-001,4.499898105859757E-002,-5.235832333564758E-001,8.328143358230591E-001,
1.359333333333334E+009,1.192227676510811E-001,3.036443702876568E-002,-5.063533782958984E-001,8.389019370079041E-001,1.192227676510811E-001,3.036443702876568E-002,-5.063533782958984E-001,8.389019370079041E-001,
1.367700000000000E+009,1.252039074897766E-001,7.522943895310164E-003,-4.881025552749634E-001,8.494958281517029E-001,1.252039074897766E-001,7.522943895310164E-003,-4.881025552749634E-001,8.494958281517029E-001,
1.376066666666667E+009,1.186864003539085E-001,-1.661444827914238E-002,-4.624661505222321E-001,8.604263067245483E-001,1.186864003539085E-001,-1.661444827914238E-002,-4.624661505222321E-001,8.604263067245483E-001,
1.384433333333334E+009,1.029179692268372E-001,-3.037201054394245E-002,-4.542608857154846E-001,8.715463876724243E-001,1.029179692268372E-001,-3.037201054394245E-002,-4.542608857154846E-001,8.715463876724243E-001,
1.392800000000000E+009,7.949403673410416E-002,-3.367296978831291E-002,-4.295053184032440E-001,8.790951967239380E-001,7.949403673410416E-002,-3.367296978831291E-002,-4.295053184032440E-001,8.790951967239380E-001,
1.401166666666667E+009,6.293207406997681E-002,-2.507628686726093E-002,-3.975889682769775E-001,9.060558080673218E-001,6.293207406997681E-002,-2.507628686726093E-002,-3.975889682769775E-001,9.060558080673218E-001,
1.409533333333334E+009,5.152197554707527E-002,-5.146116949617863E-003,-3.737624883651733E-001,9.156097173690796E-001,5.152197554707527E-002,-5.146116949617863E-003,-3.737624883651733E-001,9.156097173690796E-001,
1.417900000000000E+009,5.195764452219009E-002,1.566734537482262E-002,-3.339639008045197E-001,9.088438153266907E-001,5.195764452219009E-002,1.566734537482262E-002,-3.339639008045197E-001,9.088438153266907E-001,
1.426266666666667E+009,6.432106345891953E-002,3.285571560263634E-002,-3.275599479675293E-001,9.369360208511353E-001,6.432106345891953E-002,3.285571560263634E-002,-3.275599479675293E-001,9.369360208511353E-001,
1.434633333333334E+009,8.383521437644959E-002,3.774836659431458E-002,-2.968016564846039E-001,9.291260838508606E-001,8.383521437644959E-002,3.774836659431458E-002,-2.968016564846039E-001,9.291260838508606E-001,
1.443000000000000E+009,1.063185781240463E-001,3.263790905475617E-002,-2.700257301330566E-001,9.401962161064148E-001,1.063185781240463E-001,3.263790905475617E-002,-2.700257301330566E-001,9.401962161064148E-001,
1.451366666666667E+009,1.209148988127708E-001,1.404394023120403E-002,-2.518448829650879E-001,9.447364211082459E-001,1.209148988127708E-001,1.404394023120403E-002,-2.518448829650879E-001,9.447364211082459E-001,
1.459733333333334E+009,1.260228157043457E-001,-9.149154648184776E-003,-2.377351969480515E-001,9.471215605735779E-001,1.260228157043457E-001,-9.149154648184776E-003,-2.377351969480515E-001,9.471215605735779E-001,
1.468100000000000E+009,1.188779473304749E-001,-3.161933273077011E-002,-2.013175934553146E-001,9.537678360939026E-001,1.188779473304749E-001,-3.161933273077011E-002,-2.013175934553146E-001,9.537678360939026E-001,
1.476466666666667E+009,1.017711088061333E-001,-4.660302400588989E-002,-1.829810738563538E-001,9.688093662261963E-001,1.017711088061333E-001,-4.660302400588989E-002,-1.829810738563538E-001,9.688093662261963E-001,
1.484833333333334E+009,7.949580252170563E-002,-4.959127679467201E-002,-1.500286310911179E-001,9.708660244941711E-001,7.949580252170563E-002,-4.959127679467201E-002,-1.500286310911179E-001,9.708660244941711E-001,
1.493200000000000E+009,6.328925490379334E-002,-4.027741402387619E-002,-1.323366612195969E-001,9.727627038955689E-001,6.328925490379334E-002,-4.027741402387619E-002,-1.323366612195969E-001,9.727627038955689E-001,
1.501566666666667E+009,5.430846661329269E-002,-2.159719169139862E-002,-1.009946018457413E-001,9.756334424018860E-001,5.430846661329269E-002,-2.159719169139862E-002,-1.009946018457413E-001,9.756334424018860E-001,
1.509933333333334E+009,5.585952475667000E-002,-2.285422960994765E-004,-8.448520302772522E-002,9.803884625434876E-001,5.585952475667000E-002,-2.285422960994765E-004,-8.448520302772522E-002,9.803884625434876E-001,
1.518300000000000E+009,7.173550128936768E-002,1.436469051986933E-002,-5.730108544230461E-002,9.859220385551453E-001,7.173550128936768E-002,1.436469051986933E-002,-5.730108544230461E-002,9.859220385551453E-001,
1.526666666666667E+009,9.187027066946030E-002,1.847768761217594E-002,-2.371429651975632E-002,9.773218035697937E-001,9.187027066946030E-002,1.847768761217594E-002,-2.371429651975632E-002,9.773218035697937E-001,
1.535033333333334E+009,1.120600625872612E-001,1.190854422748089E-002,-1.395222381688654E-003,9.855266809463501E-001,1.120600625872612E-001,1.190854422748089E-002,-1.395222381688654E-003,9.855266809463501E-001,
1.543400000000000E+009,1.243814602494240E-001,-6.627759896218777E-003,1.918549276888371E-002,9.775508046150208E-001,1.243814602494240E-001,-6.627759896218777E-003,1.918549276888371E-002,9.775508046150208E-001,
1.551766666666667E+009,1.244823038578033E-001,-3.102549724280834E-002,4.161881655454636E-002,9.718502759933472E-001,1.244823038578033E-001,-3.102549724280834E-002,4.161881655454636E-002,9.718502759933472E-001,
1.560133333333334E+009,1.161414980888367E-001,-5.250196158885956E-002,6.304647773504257E-002,9.767970442771912E-001,1.161414980888367E-001,-5.250196158885956E-002,6.304647773504257E-002,9.767970442771912E-001,
1.568500000000000E+009,1.000463888049126E-001,-6.581479310989380E-002,8.090052008628845E-002,9.789646267890930E-001,1.000463888049126E-001,-6.581479310989380E-002,8.090052008628845E-002,9.789646267890930E-001,
1.576866666666667E+009,7.923464477062225E-002,-6.713684648275375E-002,1.206115037202835E-001,9.697512984275818E-001,7.923464477062225E-002,-6.713684648275375E-002,1.206115037202835E-001,9.697512984275818E-001,
1.585233333333334E+009,6.586965918540955E-002,-5.891481786966324E-002,1.363307684659958E-001,9.701083898544312E-001,6.586965918540955E-002,-5.891481786966324E-002,1.363307684659958E-001,9.701083898544312E-001,
1.593600000000000E+009,5.852641910314560E-002,-4.427326098084450E-002,1.659586429595947E-001,9.649884104728699E-001,5.852641910314560E-002,-4.427326098084450E-002,1.659586429595947E-001,9.649884104728699E-001,
1.601966666666667E+009,6.187445670366287E-002,-2.668657526373863E-002,1.870476007461548E-001,9.627286195755005E-001,6.187445670366287E-002,-2.668657526373863E-002,1.870476007461548E-001,9.627286195755005E-001,
1.610333333333334E+009,7.454089075326920E-002,-1.576303504407406E-002,2.189507931470871E-001,9.539182186126709E-001,7.454089075326920E-002,-1.576303504407406E-002,2.189507931470871E-001,9.539182186126709E-001,
1.618700000000000E+009,9.279627352952957E-002,-1.440427824854851E-002,2.454517930746079E-001,9.488551020622253E-001,9.279627352952957E-002,-1.440427824854851E-002,2.454517930746079E-001,9.488551020622253E-001,
1.627066666666667E+009,1.071404144167900E-001,-2.319283224642277E-002,2.671838402748108E-001,9.385916590690613E-001,1.071404144167900E-001,-2.319283224642277E-002,2.671838402748108E-001,9.385916590690613E-001,
1.635433333333334E+009,1.143047511577606E-001,-3.745894879102707E-002,2.936515510082245E-001,9.379042387008667E-001,1.143047511577606E-001,-3.745894879102707E-002,2.936515510082245E-001,9.379042387008667E-001,
1.643800000000000E+009,1.132371872663498E-001,-5.759496614336968E-002,3.058455288410187E-001,9.262886047363281E-001,1.132371872663498E-001,-5.759496614336968E-002,3.058455288410187E-001,9.262886047363281E-001,
1.652166666666667E+009,1.023455336689949E-001,-7.433286309242249E-002,3.396485149860382E-001,9.166658520698547E-001,1.023455336689949E-001,-7.433286309242249E-002,3.396485149860382E-001,9.166658520698547E-001,
1.660533333333334E+009,8.625597506761551E-002,-8.283606916666031E-002,3.557250499725342E-001,9.115907549858093E-001,8.625597506761551E-002,-8.283606916666031E-002,3.557250499725342E-001,9.115907549858093E-001,
1.668900000000000E+009,6.977838277816773E-002,-8.155543357133865E-002,3.768266141414642E-001,8.995281457901001E-001,6.977838277816773E-002,-8.155543357133865E-002,3.768266141414642E-001,8.995281457901001E-001,
1.677266666666667E+009,5.672625824809074E-002,-7.399759441614151E-002,4.166679382324219E-001,8.901930451393127E-001,5.672625824809074E-002,-7.399759441614151E-002,4.166679382324219E-001,8.901930451393127E-001,
1.685633333333334E+009,5.406283959746361E-002,-5.979159474372864E-002,4.325949251651764E-001,8.827434182167053E-001,5.406283959746361E-002,-5.979159474372864E-002,4.325949251651764E-001,8.827434182167053E-001,
1.694000000000000E+009,5.847508832812309E-002,-4.783238843083382E-002,4.493276774883270E-001,8.697798252105713E-001,5.847508832812309E-002,-4.783238843083382E-002,4.493276774883270E-001,8.697798252105713E-001,
1.702366666666667E+009,7.043259590864182E-002,-3.832247480750084E-002,4.734577536582947E-001,8.598051667213440E-001,7.043259590864182E-002,-3.832247480750084E-002,4.734577536582947E-001,8.598051667213440E-001,
1.710733333333334E+009,8.689594268798828E-002,-3.714246302843094E-002,4.924419522285461E-001,8.403630256652832E-001,8.689594268798828E-002,-3.714246302843094E-002,4.924419522285461E-001,8.403630256652832E-001,
1.719100000000000E+009,1.006894782185555E-001,-4.695751890540123E-002,5.190315842628479E-001,8.236680030822754E-001,1.006894782185555E-001,-4.695751890540123E-002,5.190315842628479E-001,8.236680030822754E-001,
1.727466666666667E+009,1.085098162293434E-001,-6.191573664546013E-002,5.367131829261780E-001,8.154991865158081E-001,1.085098162293434E-001,-6.191573664546013E-002,5.367131829261780E-001,8.154991865158081E-001,
1.735833333333334E+009,1.073142066597939E-001,-7.970318943262100E-002,5.511195063591003E-001,8.000203967094421E-001,1.073142066597939E-001,-7.970318943262100E-002,5.511195063591003E-001,8.000203967094421E-001,
1.744200000000000E+009,9.723649919033051E-002,-9.793058037757874E-002,5.786041617393494E-001,7.766669988632202E-001,9.723649919033051E-002,-9.793058037757874E-002,5.786041617393494E-001,7.766669988632202E-001,
1.752566666666667E+009,8.269523829221726E-002,-1.095337122678757E-001,6.054258346557617E-001,7.699532508850098E-001,8.269523829221726E-002,-1.095337122678757E-001,6.054258346557617E-001,7.699532508850098E-001,
1.760933333333334E+009,6.541769951581955E-002,-1.145495697855949E-001,6.128309369087219E-001,7.567390203475952E-001,6.541769951581955E-002,-1.145495697855949E-001,6.128309369087219E-001,7.567390203475952E-001,
1.769300000000000E+009,4.949278384447098E-002,-1.118211671710014E-001,6.373620033264160E-001,7.470903992652893E-001,4.949278384447098E-002,-1.118211671710014E-001,6.373620033264160E-001,7.470903992652893E-001,
1.777666666666667E+009,4.013696312904358E-002,-1.012582406401634E-001,6.514777541160584E-001,7.373855710029602E-001,4.013696312904358E-002,-1.012582406401634E-001,6.514777541160584E-001,7.373855710029602E-001,
1.786033333333334E+009,3.816332295536995E-002,-9.166157990694046E-002,6.664025783538818E-001,7.068777680397034E-001,3.816332295536995E-002,-9.166157990694046E-002,6.664025783538818E-001,7.068777680397034E-001,
1.794400000000000E+009,4.395605251193047E-002,-7.987570017576218E-002,6.896970868110657E-001,6.909373402595520E-001,4.395605251193047E-002,-7.987570017576218E-002,6.896970868110657E-001,6.909373402595520E-001,
1.802766666666667E+009,5.092693120241165E-002,-7.522774487733841E-002,7.083234786987305E-001,6.718872189521790E-001,5.092693120241165E-002,-7.522774487733841E-002,7.083234786987305E-001,6.718872189521790E-001,
1.811133333333334E+009,6.060079485177994E-002,-7.448429614305496E-002,7.327892780303955E-001,6.517865061759949E-001,6.060079485177994E-002,-7.448429614305496E-002,7.327892780303955E-001,6.517865061759949E-001,
1.819500000000000E+009,6.903841346502304E-002,-8.010379970073700E-002,7.432589530944824E-001,6.250005364418030E-001,6.903841346502304E-002,-8.010379970073700E-002,7.432589530944824E-001,6.250005364418030E-001,
1.827866666666667E+009,7.305225729942322E-002,-8.981154859066010E-002,7.635821104049683E-001,6.128542423248291E-001,7.305225729942322E-002,-8.981154859066010E-002,7.635821104049683E-001,6.128542423248291E-001,
1.836233333333334E+009,6.834753602743149E-002,-1.012588962912560E-001,7.741789221763611E-001,5.954080820083618E-001,6.834753602743149E-002,-1.012588962912560E-001,7.741789221763611E-001,5.954080820083618E-001,
1.844600000000000E+009,5.916743725538254E-002,-1.101863831281662E-001,7.902407646179199E-001,5.871738791465759E-001,5.916743725538254E-002,-1.101863831281662E-001,7.902407646179199E-001,5.871738791465759E-001,
1.852966666666667E+009,4.882548749446869E-002,-1.153536438941956E-001,7.973025441169739E-001,5.531063079833984E-001,4.882548749446869E-002,-1.153536438941956E-001,7.973025441169739E-001,5.531063079833984E-001,
1.861333333333334E+009,3.704468160867691E-002,-1.182949468493462E-001,8.201618194580078E-001,5.330869555473328E-001,3.704468160867691E-002,-1.182949468493462E-001,8.201618194580078E-001,5.330869555473328E-001,
1.869700000000000E+009,2.886819839477539E-002,-1.123423725366592E-001,8.329055309295654E-001,5.148898363113403E-001,2.886819839477539E-002,-1.123423725366592E-001,8.329055309295654E-001,5.148898363113403E-001,
1.878066666666667E+009,2.431470155715942E-002,-1.074973940849304E-001,8.464065790176392E-001,4.989078938961029E-001,2.431470155715942E-002,-1.074973940849304E-001,8.464065790176392E-001,4.989078938961029E-001,
1.886433333333334E+009,2.548191696405411E-002,-1.001508310437203E-001,8.647381067276001E-001,4.728008210659027E-001,2.548191696405411E-002,-1.001508310437203E-001,8.647381067276001E-001,4.728008210659027E-001,
1.894800000000000E+009,3.299934417009354E-002,-9.559173882007599E-002,8.762228488922119E-001,4.527249932289124E-001,3.299934417009354E-002,-9.559173882007599E-002,8.762228488922119E-001,4.527249932289124E-001,
1.903166666666667E+009,4.090616852045059E-002,-9.299375116825104E-002,8.863555192947388E-001,4.205207824707031E-001,4.090616852045059E-002,-9.299375116825104E-002,8.863555192947388E-001,4.205207824707031E-001,
1.911533333333334E+009,4.871726408600807E-002,-9.851592034101486E-002,8.926714658737183E-001,3.933760225772858E-001,4.871726408600807E-002,-9.851592034101486E-002,8.926714658737183E-001,3.933760225772858E-001,
1.919900000000000E+009,5.329652130603790E-002,-1.072036549448967E-001,9.072123765945435E-001,3.776270747184753E-001,5.329652130603790E-002,-1.072036549448967E-001,9.072123765945435E-001,3.776270747184753E-001,
1.928266666666667E+009,5.385960638523102E-002,-1.178208813071251E-001,9.028093218803406E-001,3.408134281635284E-001,5.385960638523102E-002,-1.178208813071251E-001,9.028093218803406E-001,3.408134281635284E-001,
1.936633333333334E+009,4.568706080317497E-002,-1.297617852687836E-001,9.216286540031433E-001,3.288169801235199E-001,4.568706080317497E-002,-1.297617852687836E-001,9.216286540031433E-001,3.288169801235199E-001,
1.945000000000000E+009,3.323603048920631E-002,-1.376273483037949E-001,9.293037652969360E-001,3.029535114765167E-001,3.323603048920631E-002,-1.376273483037949E-001,9.293037652969360E-001,3.029535114765167E-001,
1.953366666666667E+009,1.891114003956318E-002,-1.428785026073456E-001,9.306018352508545E-001,2.828759849071503E-001,1.891114003956318E-002,-1.428785026073456E-001,9.306018352508545E-001,2.828759849071503E-001,
1.961733333333334E+009,2.363986102864146E-003,-1.388346999883652E-001,9.447812438011169E-001,2.605169415473938E-001,2.363986102864146E-003,-1.388346999883652E-001,9.447812438011169E-001,2.605169415473938E-001,
1.970100000000000E+009,-9.518884122371674E-003,-1.321365386247635E-001,9.447295069694519E-001,2.377834171056747E-001,-9.518884122371674E-003,-1.321365386247635E-001,9.447295069694519E-001,2.377834171056747E-001,
1.978466666666667E+009,-1.400575600564480E-002,-1.201696544885635E-001,9.544118046760559E-001,2.079910784959793E-001,-1.400575600564480E-002,-1.201696544885635E-001,9.544118046760559E-001,2.079910784959793E-001,
1.986833333333334E+009,-1.098278164863586E-002,-1.099741533398628E-001,9.577116966247559E-001,1.890739053487778E-001,-1.098278164863586E-002,-1.099741533398628E-001,9.577116966247559E-001,1.890739053487778E-001,
1.995200000000000E+009,2.478923997841775E-004,-1.038776710629463E-001,9.608538150787354E-001,1.709608435630798E-001,2.478923997841775E-004,-1.038776710629463E-001,9.608538150787354E-001,1.709608435630798E-001,
2.003566666666667E+009,1.336723659187555E-002,-1.037665903568268E-001,9.663137197494507E-001,1.349472999572754E-001,1.336723659187555E-002,-1.037665903568268E-001,9.663137197494507E-001,1.349472999572754E-001,
2.011933333333334E+009,2.425472997128964E-002,-1.126973330974579E-001,9.748085141181946E-001,1.059026122093201E-001,2.425472997128964E-002,-1.126973330974579E-001,9.748085141181946E-001,1.059026122093201E-001,
2.020300000000000E+009,3.031623736023903E-002,-1.240523457527161E-001,9.749951958656311E-001,7.435549050569534E-002,3.031623736023903E-002,-1.240523457527161E-001,9.749951958656311E-001,7.435549050569534E-002,
2.028666666666667E+009,2.672606147825718E-002,-1.394264101982117E-001,9.754447340965271E-001,5.848010256886482E-002,2.672606147825718E-002,-1.394264101982117E-001,9.754447340965271E-001,5.848010256886482E-002,
2.037033333333334E+009,1.386300474405289E-002,-1.543900519609451E-001,9.761859774589539E-001,3.068270161747932E-002,1.386300474405289E-002,-1.543900519609451E-001,9.761859774589539E-001,3.068270161747932E-002,
2.045400000000000E+009,-4.760794341564179E-003,-1.614910364151001E-001,9.722260832786560E-001,1.201225165277720E-002,-4.760794341564179E-003,-1.614910364151001E-001,9.722260832786560E-001,1.201225165277720E-002,
2.053766666666667E+009,-2.635649405419827E-002,-1.598280817270279E-001,9.718205332756043E-001,-1.292937528342009E-002,-2.635649405419827E-002,-1.598280817270279E-001,9.718205332756043E-001,-1.292937528342009E-002,
2.062133333333334E+009,-4.269167780876160E-002,-1.521136909723282E-001,9.757060408592224E-001,-3.867860883474350E-002,-4.269167780876160E-002,-1.521136909723282E-001,9.757060408592224E-001,-3.867860883474350E-002,
2.070500000000000E+009,-5.158771947026253E-002,-1.358304470777512E-001,9.751290082931519E-001,-6.464610248804092E-002,-5.158771947026253E-002,-1.358304470777512E-001,9.751290082931519E-001,-6.464610248804092E-002,
2.078866666666667E+009,-5.032210424542427E-002,-1.207969039678574E-001,9.717659950256348E-001,-8.627039939165115E-002,-5.032210424542427E-002,-1.207969039678574E-001,9.717659950256348E-001,-8.627039939165115E-002,
2.087233333333334E+009,-3.962272405624390E-002,-1.128943786025047E-001,9.715293049812317E-001,-1.205327063798904E-001,-3.962272405624390E-002,-1.128943786025047E-001,9.715293049812317E-001,-1.205327063798904E-001,
2.095600000000000E+009,-2.437699399888516E-002,-1.103067249059677E-001,9.743509292602539E-001,-1.421984434127808E-001,-2.437699399888516E-002,-1.103067249059677E-001,9.743509292602539E-001,-1.421984434127808E-001,
2.103966666666667E+009,-1.059403177350760E-002,-1.211075633764267E-001,9.707391262054443E-001,-1.711515933275223E-001,-1.059403177350760E-002,-1.211075633764267E-001,9.707391262054443E-001,-1.711515933275223E-001,
2.112333333333334E+009,-3.561376594007015E-003,-1.373375505208969E-001,9.576159715652466E-001,-1.921556293964386E-001,-3.561376594007015E-003,-1.373375505208969E-001,9.576159715652466E-001,-1.921556293964386E-001,
2.120700000000000E+009,-7.087687496095896E-003,-1.595884710550308E-001,9.509111642837524E-001,-2.236013263463974E-001,-7.087687496095896E-003,-1.595884710550308E-001,9.509111642837524E-001,-2.236013263463974E-001,
2.129066666666667E+009,-2.391958981752396E-002,-1.738779991865158E-001,9.522580504417419E-001,-2.514368295669556E-001,-2.391958981752396E-002,-1.738779991865158E-001,9.522580504417419E-001,-2.514368295669556E-001,
2.137433333333334E+009,-4.916905611753464E-002,-1.809682995080948E-001,9.326074719429016E-001,-2.682688236236572E-001,-4.916905611753464E-002,-1.809682995080948E-001,9.326074719429016E-001,-2.682688236236572E-001,
2.145800000000000E+009,-7.834968715906143E-002,-1.761312931776047E-001,9.286339879035950E-001,-2.895449697971344E-001,-7.834968715906143E-002,-1.761312931776047E-001,9.286339879035950E-001,-2.895449697971344E-001,
2.154166666666667E+009,-1.001250892877579E-001,-1.602678298950195E-001,9.194784164428711E-001,-3.061896860599518E-001,-1.001250892877579E-001,-1.602678298950195E-001,9.194784164428711E-001,-3.061896860599518E-001,
2.162533333333334E+009,-1.122391223907471E-001,-1.362670511007309E-001,9.008843302726746E-001,-3.289182484149933E-001,-1.122391223907471E-001,-1.362670511007309E-001,9.008843302726746E-001,-3.289182484149933E-001,
2.170900000000000E+009,-1.103800088167191E-001,-1.139411702752113E-001,9.078182578086853E-001,-3.575085699558258E-001,-1.103800088167191E-001,-1.139411702752113E-001,9.078182578086853E-001,-3.575085699558258E-001,
2.179266666666667E+009,-9.668838977813721E-002,-9.969080984592438E-002,8.968197107315064E-001,-3.733182251453400E-001,-9.668838977813721E-002,-9.969080984592438E-002,8.968197107315064E-001,-3.733182251453400E-001,
2.187633333333334E+009,-7.784073054790497E-002,-9.619531780481339E-002,8.936465978622437E-001,-4.065949320793152E-001,-7.784073054790497E-002,-9.619531780481339E-002,8.936465978622437E-001,-4.065949320793152E-001,
2.196000000000000E+009,-5.849029496312141E-002,-1.071480885148048E-001,8.740562796592712E-001,-4.293528497219086E-001,-5.849029496312141E-002,-1.071480885148048E-001,8.740562796592712E-001,-4.293528497219086E-001,
2.204366666666667E+009,-4.859114810824394E-002,-1.291623860597611E-001,8.646867871284485E-001,-4.531275928020477E-001,-4.859114810824394E-002,-1.291623860597611E-001,8.646867871284485E-001,-4.531275928020477E-001,
2.212733333333334E+009,-5.251637473702431E-002,-1.532169580459595E-001,8.470687866210938E-001,-4.856496751308441E-001,-5.251637473702431E-002,-1.532169580459595E-001,8.470687866210938E-001,-4.856496751308441E-001,
2.221100000000000E+009,-7.114162296056747E-002,-1.695608496665955E-001,8.247383236885071E-001,-4.957291781902313E-001,-7.114162296056747E-002,-1.695608496665955E-001,8.247383236885071E-001,-4.957291781902313E-001,
2.229466666666667E+009,-9.709871560335159E-002,-1.765141785144806E-001,8.153533935546875E-001,-5.073174238204956E-001,-9.709871560335159E-002,-1.765141785144806E-001,8.153533935546875E-001,-5.073174238204956E-001,
2.237833333333334E+009,-1.280881464481354E-001,-1.660102605819702E-001,8.040713071823120E-001,-5.320686101913452E-001,-1.280881464481354E-001,-1.660102605819702E-001,8.040713071823120E-001,-5.320686101913452E-001,
2.246200000000000E+009,-1.524650603532791E-001,-1.448412239551544E-001,7.903003096580505E-001,-5.495803952217102E-001,-1.524650603532791E-001,-1.448412239551544E-001,7.903003096580505E-001,-5.495803952217102E-001,
2.254566666666667E+009,-1.620734781026840E-001,-1.149663776159287E-001,7.808580398559570E-001,-5.656050443649292E-001,-1.620734781026840E-001,-1.149663776159287E-001,7.808580398559570E-001,-5.656050443649292E-001,
2.262933333333334E+009,-1.602003425359726E-001,-8.915700018405914E-002,7.676246166229248E-001,-5.857467055320740E-001,-1.602003425359726E-001,-8.915700018405914E-002,7.676246166229248E-001,-5.857467055320740E-001,
2.271300000000000E+009,-1.454857587814331E-001,-6.989851593971252E-002,7.516478300094605E-001,-6.048802137374878E-001,-1.454857587814331E-001,-6.989851593971252E-002,7.516478300094605E-001,-6.048802137374878E-001,
2.279666666666667E+009,-1.230684146285057E-001,-6.802178919315338E-002,7.404516935348511E-001,-6.271152496337891E-001,-1.230684146285057E-001,-6.802178919315338E-002,7.404516935348511E-001,-6.271152496337891E-001,
2.288033333333334E+009,-1.055223718285561E-001,-8.021391183137894E-002,7.230201959609985E-001,-6.589697003364563E-001,-1.055223718285561E-001,-8.021391183137894E-002,7.230201959609985E-001,-6.589697003364563E-001,
2.296400000000000E+009,-9.731172770261765E-002,-1.032854244112968E-001,6.998186707496643E-001,-6.777647137641907E-001,-9.731172770261765E-002,-1.032854244112968E-001,6.998186707496643E-001,-6.777647137641907E-001,
2.304766666666667E+009,-1.055828705430031E-001,-1.272168159484863E-001,6.835939884185791E-001,-6.849483847618103E-001,-1.055828705430031E-001,-1.272168159484863E-001,6.835939884185791E-001,-6.849483847618103E-001,
2.313133333333334E+009,-1.280185878276825E-001,-1.403773874044418E-001,6.561154723167419E-001,-7.154242396354675E-001,-1.280185878276825E-001,-1.403773874044418E-001,6.561154723167419E-001,-7.154242396354675E-001,
2.321500000000000E+009,-1.531177312135696E-001,-1.393055021762848E-001,6.396141648292542E-001,-7.201265096664429E-001,-1.531177312135696E-001,-1.393055021762848E-001,6.396141648292542E-001,-7.201265096664429E-001,
2.329866666666667E+009,-1.783430129289627E-001,-1.228827238082886E-001,6.282253265380859E-001,-7.346930503845215E-001,-1.783430129289627E-001,-1.228827238082886E-001,6.282253265380859E-001,-7.346930503845215E-001,
2.338233333333334E+009,-1.950975656509399E-001,-9.636630117893219E-002,6.011460423469544E-001,-7.484184503555298E-001,-1.950975656509399E-001,-9.636630117893219E-002,6.011460423469544E-001,-7.484184503555298E-001,
2.346600000000000E+009,-1.967604309320450E-001,-6.244288757443428E-002,5.834233164787293E-001,-7.650025486946106E-001,-1.967604309320450E-001,-6.244288757443428E-002,5.834233164787293E-001,-7.650025486946106E-001,
2.354966666666667E+009,-1.826358437538147E-001,-3.766601905226708E-002,5.766131281852722E-001,-7.766572833061218E-001,-1.826358437538147E-001,-3.766601905226708E-002,5.766131281852722E-001,-7.766572833061218E-001,
2.363333333333334E+009,-1.604958325624466E-001,-2.694812417030335E-002,5.605908036231995E-001,-7.941735982894898E-001,-1.604958325624466E-001,-2.694812417030335E-002,5.605908036231995E-001,-7.941735982894898E-001,
2.371700000000000E+009,-1.339092850685120E-001,-3.239376842975617E-002,5.399497747421265E-001,-8.158426880836487E-001,-1.339092850685120E-001,-3.239376842975617E-002,5.399497747421265E-001,-8.158426880836487E-001,
2.380066666666667E+009,-1.198763996362686E-001,-5.644761770963669E-002,5.078048110008240E-001,-8.320227861404419E-001,-1.198763996362686E-001,-5.644761770963669E-002,5.078048110008240E-001,-8.320227861404419E-001,
2.388433333333334E+009,-1.225704476237297E-001,-8.642975240945816E-002,4.843295216560364E-001,-8.383731245994568E-001,-1.225704476237297E-001,-8.642975240945816E-002,4.843295216560364E-001,-8.383731245994568E-001,
2.396800000000000E+009,-1.432240307331085E-001,-1.143641695380211E-001,4.484522342681885E-001,-8.565499782562256E-001,-1.432240307331085E-001,-1.143641695380211E-001,4.484522342681885E-001,-8.565499782562256E-001,
2.405166666666667E+009,-1.766561418771744E-001,-1.290410757064819E-001,4.273996651172638E-001,-8.645857572555542E-001,-1.766561418771744E-001,-1.290410757064819E-001,4.273996651172638E-001,-8.645857572555542E-001,
2.413533333333334E+009,-2.152074426412582E-001,-1.196392625570297E-001,4.015543162822723E-001,-8.662251234054565E-001,-2.152074426412582E-001,-1.196392625570297E-001,4.015543162822723E-001,-8.662251234054565E-001,
2.421900000000000E+009,-2.487287819385529E-001,-9.278761595487595E-002,3.876525461673737E-001,-8.733296990394592E-001,-2.487287819385529E-001,-9.278761595487595E-002,3.876525461673737E-001,-8.733296990394592E-001,
2.430266666666667E+009,-2.642170190811157E-001,-5.393762141466141E-002,3.703329265117645E-001,-8.800249695777893E-001,-2.642170190811157E-001,-5.393762141466141E-002,3.703329265117645E-001,-8.800249695777893E-001,
2.438633333333334E+009,-2.641066312789917E-001,-7.563941180706024E-003,3.526373505592346E-001,-8.859348893165588E-001,-2.641066312789917E-001,-7.563941180706024E-003,3.526373505592346E-001,-8.859348893165588E-001,
2.447000000000000E+009,-2.433507591485977E-001,3.174518048763275E-002,3.333850502967835E-001,-8.992891907691956E-001,-2.433507591485977E-001,3.174518048763275E-002,3.333850502967835E-001,-8.992891907691956E-001,
2.455366666666667E+009,-2.099978327751160E-001,5.287097766995430E-002,3.155548870563507E-001,-9.076240062713623E-001,-2.099978327751160E-001,5.287097766995430E-002,3.155548870563507E-001,-9.076240062713623E-001,
2.463733333333334E+009,-1.762654334306717E-001,5.457472428679466E-002,2.938700318336487E-001,-9.247640967369080E-001,-1.762654334306717E-001,5.457472428679466E-002,2.938700318336487E-001,-9.247640967369080E-001,
2.472100000000000E+009,-1.517401188611984E-001,3.527550399303436E-002,2.663420140743256E-001,-9.368242621421814E-001,-1.517401188611984E-001,3.527550399303436E-002,2.663420140743256E-001,-9.368242621421814E-001,
2.480466666666667E+009,-1.444606333971024E-001,4.642886575311422E-003,2.318757921457291E-001,-9.394215345382690E-001,-1.444606333971024E-001,4.642886575311422E-003,2.318757921457291E-001,-9.394215345382690E-001,
2.488833333333334E+009,-1.574700325727463E-001,-2.517195232212544E-002,2.074302881956101E-001,-9.469836354255676E-001,-1.574700325727463E-001,-2.517195232212544E-002,2.074302881956101E-001,-9.469836354255676E-001,
2.497200000000000E+009,-1.834646314382553E-001,-4.081426560878754E-002,1.745609343051910E-001,-9.525042176246643E-001,-1.834646314382553E-001,-4.081426560878754E-002,1.745609343051910E-001,-9.525042176246643E-001,
2.505566666666667E+009,-2.191293686628342E-001,-3.758452460169792E-002,1.461127698421478E-001,-9.544673562049866E-001,-2.191293686628342E-001,-3.758452460169792E-002,1.461127698421478E-001,-9.544673562049866E-001,
2.513933333333334E+009,-2.448130846023560E-001,-1.402744743973017E-002,1.270866245031357E-001,-9.491388201713562E-001,-2.448130846023560E-001,-1.402744743973017E-002,1.270866245031357E-001,-9.491388201713562E-001,
2.522300000000000E+009,-2.569235563278198E-001,1.917203888297081E-002,1.020901352167130E-001,-9.487185478210449E-001,-2.569235563278198E-001,1.917203888297081E-002,1.020901352167130E-001,-9.487185478210449E-001,
2.530666666666667E+009,-2.490627169609070E-001,5.812108516693115E-002,8.131332695484161E-002,-9.543054699897766E-001,-2.490627169609070E-001,5.812108516693115E-002,8.131332695484161E-002,-9.543054699897766E-001,
2.539033333333334E+009,-2.265725731849670E-001,8.990677446126938E-002,6.670156866312027E-002,-9.540455341339111E-001,-2.265725731849670E-001,8.990677446126938E-002,6.670156866312027E-002,-9.540455341339111E-001,
2.547400000000000E+009,-1.942904889583588E-001,1.074159294366837E-001,4.972380027174950E-002,-9.663656949996948E-001,-1.942904889583588E-001,1.074159294366837E-001,4.972380027174950E-002,-9.663656949996948E-001,
2.555766666666667E+009,-1.601706892251968E-001,1.057029217481613E-001,2.101731114089489E-002,-9.733707904815674E-001,-1.601706892251968E-001,1.057029217481613E-001,2.101731114089489E-002,-9.733707904815674E-001,
2.564133333333334E+009,-1.401372551918030E-001,8.423582464456558E-002,-7.869391702115536E-003,-9.707080125808716E-001,-1.401372551918030E-001,8.423582464456558E-002,-7.869391702115536E-003,-9.707080125808716E-001,
2.572500000000000E+009,-1.387315094470978E-001,5.550551414489746E-002,-3.677897900342941E-002,-9.711385369300842E-001,-1.387315094470978E-001,5.550551414489746E-002,-3.677897900342941E-002,-9.711385369300842E-001,
2.580866666666667E+009,-1.558460295200348E-001,2.926820702850819E-002,-6.760826706886292E-002,-9.717613458633423E-001,-1.558460295200348E-001,2.926820702850819E-002,-6.760826706886292E-002,-9.717613458633423E-001,
2.589233333333334E+009,-1.882462352514267E-001,1.733533851802349E-002,-1.009293347597122E-001,-9.609229564666748E-001,-1.882462352514267E-001,1.733533851802349E-002,-1.009293347597122E-001,-9.609229564666748E-001,
2.597600000000000E+009,-2.220614254474640E-001,2.345153689384460E-002,-1.307074725627899E-001,-9.534767270088196E-001,-2.220614254474640E-001,2.345153689384460E-002,-1.307074725627899E-001,-9.534767270088196E-001,
2.605966666666667E+009,-2.477654814720154E-001,4.958415031433106E-002,-1.434597522020340E-001,-9.502672553062439E-001,-2.477654814720154E-001,4.958415031433106E-002,-1.434597522020340E-001,-9.502672553062439E-001,
2.614333333333334E+009,-2.567249238491058E-001,8.391783386468887E-002,-1.643191277980804E-001,-9.365917444229126E-001,-2.567249238491058E-001,8.391783386468887E-002,-1.643191277980804E-001,-9.365917444229126E-001,
2.622700000000000E+009,-2.450214028358460E-001,1.245158761739731E-001,-1.824691891670227E-001,-9.285842776298523E-001,-2.450214028358460E-001,1.245158761739731E-001,-1.824691891670227E-001,-9.285842776298523E-001,
2.631066666666667E+009,-2.183721214532852E-001,1.561349183320999E-001,-2.029245197772980E-001,-9.374971985816956E-001,-2.183721214532852E-001,1.561349183320999E-001,-2.029245197772980E-001,-9.374971985816956E-001,
2.639433333333334E+009,-1.808478236198425E-001,1.709168255329132E-001,-2.213460952043533E-001,-9.275373220443726E-001,-1.808478236198425E-001,1.709168255329132E-001,-2.213460952043533E-001,-9.275373220443726E-001,
2.647800000000000E+009,-1.440520286560059E-001,1.686250716447830E-001,-2.458505034446716E-001,-9.291278719902039E-001,-1.440520286560059E-001,1.686250716447830E-001,-2.458505034446716E-001,-9.291278719902039E-001,
2.656166666666667E+009,-1.210773065686226E-001,1.495713293552399E-001,-2.699322402477264E-001,-9.335181713104248E-001,-1.210773065686226E-001,1.495713293552399E-001,-2.699322402477264E-001,-9.335181713104248E-001,
2.664533333333334E+009,-1.163389980792999E-001,1.230052709579468E-001,-3.051704168319702E-001,-9.166499376296997E-001,-1.163389980792999E-001,1.230052709579468E-001,-3.051704168319702E-001,-9.166499376296997E-001,
2.672900000000000E+009,-1.313822716474533E-001,9.891878068447113E-002,-3.285493850708008E-001,-9.118340611457825E-001,-1.313822716474533E-001,9.891878068447113E-002,-3.285493850708008E-001,-9.118340611457825E-001,
2.681266666666667E+009,-1.596611738204956E-001,8.948402851819992E-002,-3.581782877445221E-001,-8.962111473083496E-001,-1.596611738204956E-001,8.948402851819992E-002,-3.581782877445221E-001,-8.962111473083496E-001,
2.689633333333334E+009,-1.924194991588593E-001,9.716751426458359E-002,-3.804829418659210E-001,-8.842600584030151E-001,-1.924194991588593E-001,9.716751426458359E-002,-3.804829418659210E-001,-8.842600584030151E-001,
2.698000000000000E+009,-2.145952731370926E-001,1.214820742607117E-001,-3.936728239059448E-001,-8.663164377212524E-001,-2.145952731370926E-001,1.214820742607117E-001,-3.936728239059448E-001,-8.663164377212524E-001,
2.706366666666667E+009,-2.192170917987824E-001,1.568222343921661E-001,-4.173966050148010E-001,-8.490399718284607E-001,-2.192170917987824E-001,1.568222343921661E-001,-4.173966050148010E-001,-8.490399718284607E-001,
2.714733333333334E+009,-2.067812979221344E-001,1.906329691410065E-001,-4.291786849498749E-001,-8.457909822463989E-001,-2.067812979221344E-001,1.906329691410065E-001,-4.291786849498749E-001,-8.457909822463989E-001,
2.723100000000000E+009,-1.753742396831513E-001,2.181086540222168E-001,-4.456790685653687E-001,-8.330751061439514E-001,-1.753742396831513E-001,2.181086540222168E-001,-4.456790685653687E-001,-8.330751061439514E-001,
2.731466666666667E+009,-1.343784481287003E-001,2.301452606916428E-001,-4.665077924728394E-001,-8.299911022186279E-001,-1.343784481287003E-001,2.301452606916428E-001,-4.665077924728394E-001,-8.299911022186279E-001,
2.739833333333334E+009,-9.570892900228500E-002,2.232755273580551E-001,-4.850263595581055E-001,-8.205673098564148E-001,-9.570892900228500E-002,2.232755273580551E-001,-4.850263595581055E-001,-8.205673098564148E-001,
2.748200000000000E+009,-6.893315166234970E-002,2.028822302818298E-001,-5.103897452354431E-001,-8.135417699813843E-001,-6.893315166234970E-002,2.028822302818298E-001,-5.103897452354431E-001,-8.135417699813843E-001,
2.756566666666667E+009,-6.090987846255302E-002,1.744537949562073E-001,-5.380058884620667E-001,-8.049407601356506E-001,-6.090987846255302E-002,1.744537949562073E-001,-5.380058884620667E-001,-8.049407601356506E-001,
2.764933333333334E+009,-7.244026660919190E-002,1.493145376443863E-001,-5.717453360557556E-001,-7.943710088729858E-001,-7.244026660919190E-002,1.493145376443863E-001,-5.717453360557556E-001,-7.943710088729858E-001,
2.773300000000000E+009,-9.850465506315231E-002,1.349300891160965E-001,-5.878294706344605E-001,-7.708677649497986E-001,-9.850465506315231E-002,1.349300891160965E-001,-5.878294706344605E-001,-7.708677649497986E-001,
2.781666666666667E+009,-1.309278011322022E-001,1.436470597982407E-001,-6.073073148727417E-001,-7.486900091171265E-001,-1.309278011322022E-001,1.436470597982407E-001,-6.073073148727417E-001,-7.486900091171265E-001,
2.790033333333334E+009,-1.543689668178558E-001,1.650452017784119E-001,-6.255912184715271E-001,-7.301768660545349E-001,-1.543689668178558E-001,1.650452017784119E-001,-6.255912184715271E-001,-7.301768660545349E-001,
2.798400000000000E+009,-1.624303460121155E-001,1.977123320102692E-001,-6.395143270492554E-001,-7.137599587440491E-001,-1.624303460121155E-001,1.977123320102692E-001,-6.395143270492554E-001,-7.137599587440491E-001,
2.806766666666667E+009,-1.478852927684784E-001,2.305564731359482E-001,-6.491726636886597E-001,-6.898311972618103E-001,-1.478852927684784E-001,2.305564731359482E-001,-6.491726636886597E-001,-6.898311972618103E-001,
2.815133333333334E+009,-1.194286495447159E-001,2.523764073848724E-001,-6.614958643913269E-001,-6.780968308448792E-001,-1.194286495447159E-001,2.523764073848724E-001,-6.614958643913269E-001,-6.780968308448792E-001,
2.823500000000000E+009,-7.930425554513931E-002,2.615038752555847E-001,-6.780844330787659E-001,-6.659622192382813E-001,-7.930425554513931E-002,2.615038752555847E-001,-6.780844330787659E-001,-6.659622192382813E-001,
2.831866666666667E+009,-4.095968604087830E-002,2.504273355007172E-001,-6.908929944038391E-001,-6.547079086303711E-001,-4.095968604087830E-002,2.504273355007172E-001,-6.908929944038391E-001,-6.547079086303711E-001,
2.840233333333334E+009,-1.189897581934929E-002,2.272559851408005E-001,-7.161523103713989E-001,-6.443847417831421E-001,-1.189897581934929E-002,2.272559851408005E-001,-7.161523103713989E-001,-6.443847417831421E-001,
2.848600000000000E+009,-5.335407331585884E-004,1.972081661224365E-001,-7.335425615310669E-001,-6.234230399131775E-001,-5.335407331585884E-004,1.972081661224365E-001,-7.335425615310669E-001,-6.234230399131775E-001,
2.856966666666667E+009,-9.946132078766823E-003,1.714646220207214E-001,-7.563142180442810E-001,-6.059165596961975E-001,-9.946132078766823E-003,1.714646220207214E-001,-7.563142180442810E-001,-6.059165596961975E-001,
2.865333333333334E+009,-3.620524331927300E-002,1.585732400417328E-001,-7.777980566024780E-001,-5.863294005393982E-001,-3.620524331927300E-002,1.585732400417328E-001,-7.777980566024780E-001,-5.863294005393982E-001,
2.873700000000000E+009,-6.874459981918335E-002,1.644410043954849E-001,-7.949653863906860E-001,-5.519487857818604E-001,-6.874459981918335E-002,1.644410043954849E-001,-7.949653863906860E-001,-5.519487857818604E-001,
2.882066666666667E+009,-9.318982809782028E-002,1.879149675369263E-001,-8.015139102935791E-001,-5.221693515777588E-001,-9.318982809782028E-002,1.879149675369263E-001,-8.015139102935791E-001,-5.221693515777588E-001,
2.890433333333334E+009,-1.018114015460014E-001,2.234601080417633E-001,-8.110589981079102E-001,-5.001394152641296E-001,-1.018114015460014E-001,2.234601080417633E-001,-8.110589981079102E-001,-5.001394152641296E-001,
2.898800000000000E+009,-8.945556730031967E-002,2.579002380371094E-001,-8.144021630287170E-001,-4.836484789848328E-001,-8.945556730031967E-002,2.579002380371094E-001,-8.144021630287170E-001,-4.836484789848328E-001,
2.907166666666667E+009,-5.930646881461144E-002,2.797075808048248E-001,-8.159565329551697E-001,-4.698449671268463E-001,-5.930646881461144E-002,2.797075808048248E-001,-8.159565329551697E-001,-4.698449671268463E-001,
2.915533333333334E+009,-1.684905216097832E-002,2.870927751064301E-001,-8.284378051757813E-001,-4.486261308193207E-001,-1.684905216097832E-002,2.870927751064301E-001,-8.284378051757813E-001,-4.486261308193207E-001,
2.923900000000000E+009,2.280543185770512E-002,2.735054790973663E-001,-8.388529419898987E-001,-4.398578703403473E-001,2.280543185770512E-002,2.735054790973663E-001,-8.388529419898987E-001,-4.398578703403473E-001,
2.932266666666667E+009,5.370056256651878E-002,2.461251169443131E-001,-8.521875739097595E-001,-4.256855249404907E-001,5.370056256651878E-002,2.461251169443131E-001,-8.521875739097595E-001,-4.256855249404907E-001,
2.940633333333334E+009,6.641155481338501E-002,2.097050100564957E-001,-8.689982295036316E-001,-4.036571681499481E-001,6.641155481338501E-002,2.097050100564957E-001,-8.689982295036316E-001,-4.036571681499481E-001,
2.949000000000000E+009,5.902525782585144E-002,1.752355098724365E-001,-8.913721442222595E-001,-3.721866607666016E-001,5.902525782585144E-002,1.752355098724365E-001,-8.913721442222595E-001,-3.721866607666016E-001,
2.957366666666667E+009,3.454646840691567E-002,1.574443876743317E-001,-9.061519503593445E-001,-3.516708612442017E-001,3.454646840691567E-002,1.574443876743317E-001,-9.061519503593445E-001,-3.516708612442017E-001,
2.965733333333334E+009,4.066744586452842E-004,1.613874286413193E-001,-9.182597398757935E-001,-3.199775516986847E-001,4.066744586452842E-004,1.613874286413193E-001,-9.182597398757935E-001,-3.199775516986847E-001,
2.974100000000000E+009,-2.384589612483978E-002,1.857811957597733E-001,-9.234064221382141E-001,-2.824810445308685E-001,-2.384589612483978E-002,1.857811957597733E-001,-9.234064221382141E-001,-2.824810445308685E-001,
2.982466666666667E+009,-3.334223479032517E-002,2.221745550632477E-001,-9.259644150733948E-001,-2.545850872993469E-001,-3.334223479032517E-002,2.221745550632477E-001,-9.259644150733948E-001,-2.545850872993469E-001,
2.990833333333334E+009,-2.254611067473888E-002,2.585758268833160E-001,-9.193838238716126E-001,-2.383509576320648E-001,-2.254611067473888E-002,2.585758268833160E-001,-9.193838238716126E-001,-2.383509576320648E-001,
2.999200000000000E+009,7.824863307178021E-003,2.833148837089539E-001,-9.197867512702942E-001,-2.181530892848969E-001,7.824863307178021E-003,2.833148837089539E-001,-9.197867512702942E-001,-2.181530892848969E-001,
3.007566666666667E+009,4.898249357938767E-002,2.894296348094940E-001,-9.216226339340210E-001,-1.996616125106812E-001,4.898249357938767E-002,2.894296348094940E-001,-9.216226339340210E-001,-1.996616125106812E-001,
3.015933333333334E+009,9.114787727594376E-002,2.718465626239777E-001,-9.228963851928711E-001,-1.876645386219025E-001,9.114787727594376E-002,2.718465626239777E-001,-9.228963851928711E-001,-1.876645386219025E-001,
3.024300000000000E+009,1.211242526769638E-001,2.397224456071854E-001,-9.325804710388184E-001,-1.706463545560837E-001,1.211242526769638E-001,2.397224456071854E-001,-9.325804710388184E-001,-1.706463545560837E-001,
3.032666666666667E+009,1.333549022674561E-001,1.958465725183487E-001,-9.441449642181397E-001,-1.469701081514359E-001,1.333549022674561E-001,1.958465725183487E-001,-9.441449642181397E-001,-1.469701081514359E-001,
3.041033333333334E+009,1.220876425504684E-001,1.566049009561539E-001,-9.555925726890564E-001,-1.234668940305710E-001,1.220876425504684E-001,1.566049009561539E-001,-9.555925726890564E-001,-1.234668940305710E-001,
3.049400000000000E+009,9.290692955255508E-002,1.346889883279800E-001,-9.647387266159058E-001,-8.718477934598923E-002,9.290692955255508E-002,1.346889883279800E-001,-9.647387266159058E-001,-8.718477934598923E-002,
3.057766666666667E+009,5.796613916754723E-002,1.371553987264633E-001,-9.735410809516907E-001,-6.910146027803421E-002,5.796613916754723E-002,1.371553987264633E-001,-9.735410809516907E-001,-6.910146027803421E-002,
3.066133333333334E+009,2.855618111789227E-002,1.624951064586639E-001,-9.656575918197632E-001,-2.533443272113800E-002,2.855618111789227E-002,1.624951064586639E-001,-9.656575918197632E-001,-2.533443272113800E-002,
3.074500000000000E+009,2.030324749648571E-002,2.035981118679047E-001,-9.638639092445374E-001,6.279707420617342E-003,2.030324749648571E-002,2.035981118679047E-001,-9.638639092445374E-001,6.279707420617342E-003,
3.082866666666667E+009,3.518929705023766E-002,2.438447624444962E-001,-9.531288146972656E-001,2.713481336832047E-002,3.518929705023766E-002,2.438447624444962E-001,-9.531288146972656E-001,2.713481336832047E-002,
3.091233333333334E+009,7.186421751976013E-002,2.733162939548492E-001,-9.424328207969666E-001,5.340231955051422E-002,7.186421751976013E-002,2.733162939548492E-001,-9.424328207969666E-001,5.340231955051422E-002,
3.099600000000000E+009,1.183490455150604E-001,2.778037488460541E-001,-9.338995814323425E-001,6.303626298904419E-002,1.183490455150604E-001,2.778037488460541E-001,-9.338995814323425E-001,6.303626298904419E-002,
3.107966666666667E+009,1.657446771860123E-001,2.561824917793274E-001,-9.352982044219971E-001,7.429336011409760E-002,1.657446771860123E-001,2.561824917793274E-001,-9.352982044219971E-001,7.429336011409760E-002,
3.116333333333334E+009,1.989655494689941E-001,2.152820974588394E-001,-9.371036291122437E-001,9.465719014406204E-002,1.989655494689941E-001,2.152820974588394E-001,-9.371036291122437E-001,9.465719014406204E-002,
3.124700000000000E+009,2.073248922824860E-001,1.627593785524368E-001,-9.449738860130310E-001,1.081524863839150E-001,2.073248922824860E-001,1.627593785524368E-001,-9.449738860130310E-001,1.081524863839150E-001,
3.133066666666667E+009,1.925264447927475E-001,1.147025451064110E-001,-9.541690349578857E-001,1.377617567777634E-001,1.925264447927475E-001,1.147025451064110E-001,-9.541690349578857E-001,1.377617567777634E-001,
3.141433333333334E+009,1.575225442647934E-001,8.195495605468750E-002,-9.578933715820313E-001,1.659117937088013E-001,1.575225442647934E-001,8.195495605468750E-002,-9.578933715820313E-001,1.659117937088013E-001,
3.149800000000000E+009,1.112135797739029E-001,7.886366546154022E-002,-9.584246873855591E-001,2.053519189357758E-001,1.112135797739029E-001,7.886366546154022E-002,-9.584246873855591E-001,2.053519189357758E-001,
3.158166666666667E+009,7.399189472198486E-002,1.045680791139603E-001,-9.453516006469727E-001,2.401790618896484E-001,7.399189472198486E-002,1.045680791139603E-001,-9.453516006469727E-001,2.401790618896484E-001,
3.166533333333334E+009,5.936104431748390E-002,1.490690410137177E-001,-9.338687658309937E-001,2.698830068111420E-001,5.936104431748390E-002,1.490690410137177E-001,-9.338687658309937E-001,2.698830068111420E-001,
3.174900000000000E+009,7.073161751031876E-002,1.962413787841797E-001,-9.137672185897827E-001,2.961579859256744E-001,7.073161751031876E-002,1.962413787841797E-001,-9.137672185897827E-001,2.961579859256744E-001,
3.183266666666667E+009,1.074607744812965E-001,2.307094484567642E-001,-8.948311209678650E-001,3.146974742412567E-001,1.074607744812965E-001,2.307094484567642E-001,-8.948311209678650E-001,3.146974742412567E-001,
3.191633333333334E+009,1.562494188547134E-001,2.383857667446137E-001,-8.783280253410339E-001,3.271547853946686E-001,1.562494188547134E-001,2.383857667446137E-001,-8.783280253410339E-001,3.271547853946686E-001,
3.200000000000000E+009,2.026740908622742E-001,2.170490026473999E-001,-8.742148280143738E-001,3.360211253166199E-001,2.026740908622742E-001,2.170490026473999E-001,-8.742148280143738E-001,3.360211253166199E-001,
