% Version 1.00
%
%freq[Hz],re:Trc1_S11,im:Trc1_S11,re:Trc2_S21,im:Trc2_S21,re:Trc3_S11,im:Trc3_S11,re:Trc4_S21,im:Trc4_S21,
6.900000000000000E+008,-5.680160596966744E-002,5.131506174802780E-002,-5.080121755599976E-001,-8.424947261810303E-001,-5.680160596966744E-002,5.131506174802780E-002,-5.080121755599976E-001,-8.424947261810303E-001,
6.983666666666666E+008,-4.846225306391716E-002,5.206083878874779E-002,-5.307414531707764E-001,-8.251084685325623E-001,-4.846225306391716E-002,5.206083878874779E-002,-5.307414531707764E-001,-8.251084685325623E-001,
7.067333333333334E+008,-4.259157553315163E-002,4.888354986906052E-002,-5.580644011497498E-001,-7.974245548248291E-001,-4.259157553315163E-002,4.888354986906052E-002,-5.580644011497498E-001,-7.974245548248291E-001,
7.151000000000000E+008,-4.367300122976303E-002,4.065706953406334E-002,-5.683713555335999E-001,-7.912566661834717E-001,-4.367300122976303E-002,4.065706953406334E-002,-5.683713555335999E-001,-7.912566661834717E-001,
7.234666666666666E+008,-4.333595931529999E-002,3.586627542972565E-002,-6.054995059967041E-001,-7.773861885070801E-001,-4.333595931529999E-002,3.586627542972565E-002,-6.054995059967041E-001,-7.773861885070801E-001,
7.318333333333334E+008,-5.129154026508331E-002,3.330197930335999E-002,-6.109975576400757E-001,-7.723350524902344E-001,-5.129154026508331E-002,3.330197930335999E-002,-6.109975576400757E-001,-7.723350524902344E-001,
7.402000000000000E+008,-5.803145095705986E-002,3.581145405769348E-002,-6.425608396530151E-001,-7.455174326896668E-001,-5.803145095705986E-002,3.581145405769348E-002,-6.425608396530151E-001,-7.455174326896668E-001,
7.485666666666666E+008,-6.314585357904434E-002,4.257601127028465E-002,-6.646886467933655E-001,-7.088972330093384E-001,-6.314585357904434E-002,4.257601127028465E-002,-6.646886467933655E-001,-7.088972330093384E-001,
7.569333333333334E+008,-6.297823786735535E-002,5.169829353690147E-002,-6.777859330177307E-001,-7.102260589599609E-001,-6.297823786735535E-002,5.169829353690147E-002,-6.777859330177307E-001,-7.102260589599609E-001,
7.653000000000000E+008,-5.868503451347351E-002,6.080802902579308E-002,-6.863285303115845E-001,-7.036300301551819E-001,-5.868503451347351E-002,6.080802902579308E-002,-6.863285303115845E-001,-7.036300301551819E-001,
7.736666666666666E+008,-5.013674125075340E-002,6.974947452545166E-002,-7.108225226402283E-001,-6.954020857810974E-001,-5.013674125075340E-002,6.974947452545166E-002,-7.108225226402283E-001,-6.954020857810974E-001,
7.820333333333334E+008,-4.310867190361023E-002,7.392966747283936E-002,-7.324317693710327E-001,-6.722263693809509E-001,-4.310867190361023E-002,7.392966747283936E-002,-7.324317693710327E-001,-6.722263693809509E-001,
7.904000000000000E+008,-3.374771773815155E-002,7.214200496673584E-002,-7.472509145736694E-001,-6.502522230148315E-001,-3.374771773815155E-002,7.214200496673584E-002,-7.472509145736694E-001,-6.502522230148315E-001,
7.987666666666666E+008,-2.597157098352909E-002,6.732407957315445E-002,-7.549983859062195E-001,-6.264233589172363E-001,-2.597157098352909E-002,6.732407957315445E-002,-7.549983859062195E-001,-6.264233589172363E-001,
8.071333333333334E+008,-2.610977739095688E-002,6.416186690330505E-002,-7.744722366333008E-001,-6.194978356361389E-001,-2.610977739095688E-002,6.416186690330505E-002,-7.744722366333008E-001,-6.194978356361389E-001,
8.155000000000000E+008,-2.988894842565060E-002,5.679664388298988E-002,-7.824600338935852E-001,-5.681446194648743E-001,-2.988894842565060E-002,5.679664388298988E-002,-7.824600338935852E-001,-5.681446194648743E-001,
8.238666666666666E+008,-3.466958552598953E-002,5.474274978041649E-002,-8.147727251052856E-001,-5.725969076156616E-001,-3.466958552598953E-002,5.474274978041649E-002,-8.147727251052856E-001,-5.725969076156616E-001,
8.322333333333334E+008,-4.253571853041649E-002,5.717752501368523E-002,-8.239248991012573E-001,-5.438203215599060E-001,-4.253571853041649E-002,5.717752501368523E-002,-8.239248991012573E-001,-5.438203215599060E-001,
8.406000000000000E+008,-4.652833566069603E-002,6.118398159742355E-002,-8.385999798774719E-001,-5.293092131614685E-001,-4.652833566069603E-002,6.118398159742355E-002,-8.385999798774719E-001,-5.293092131614685E-001,
8.489666666666668E+008,-4.650466144084930E-002,6.998097896575928E-002,-8.574588298797607E-001,-5.032470226287842E-001,-4.650466144084930E-002,6.998097896575928E-002,-8.574588298797607E-001,-5.032470226287842E-001,
8.573333333333334E+008,-4.264078289270401E-002,7.747528702020645E-002,-8.617043495178223E-001,-4.815479218959808E-001,-4.264078289270401E-002,7.747528702020645E-002,-8.617043495178223E-001,-4.815479218959808E-001,
8.657000000000000E+008,-3.476821631193161E-002,8.619286119937897E-002,-8.774318099021912E-001,-4.540765285491943E-001,-3.476821631193161E-002,8.619286119937897E-002,-8.774318099021912E-001,-4.540765285491943E-001,
8.740666666666668E+008,-2.566150203347206E-002,9.071551263332367E-002,-8.724371790885925E-001,-4.388081133365631E-001,-2.566150203347206E-002,9.071551263332367E-002,-8.724371790885925E-001,-4.388081133365631E-001,
8.824333333333334E+008,-1.597632281482220E-002,9.034931659698486E-002,-9.012508392333984E-001,-4.054960906505585E-001,-1.597632281482220E-002,9.034931659698486E-002,-9.012508392333984E-001,-4.054960906505585E-001,
8.908000000000000E+008,-7.881185971200466E-003,8.991916477680206E-002,-9.122208356857300E-001,-4.012598693370819E-001,-7.881185971200466E-003,8.991916477680206E-002,-9.122208356857300E-001,-4.012598693370819E-001,
8.991666666666668E+008,-5.019102711230516E-003,8.301459252834320E-002,-9.233264923095703E-001,-3.695746958255768E-001,-5.019102711230516E-003,8.301459252834320E-002,-9.233264923095703E-001,-3.695746958255768E-001,
9.075333333333334E+008,-4.867753479629755E-003,7.869091629981995E-002,-9.139222502708435E-001,-3.453175723552704E-001,-4.867753479629755E-003,7.869091629981995E-002,-9.139222502708435E-001,-3.453175723552704E-001,
9.159000000000000E+008,-7.003724109381437E-003,7.426160573959351E-002,-9.314476251602173E-001,-3.360452055931091E-001,-7.003724109381437E-003,7.426160573959351E-002,-9.314476251602173E-001,-3.360452055931091E-001,
9.242666666666668E+008,-1.185372099280357E-002,7.027465105056763E-002,-9.407466650009155E-001,-3.083258569240570E-001,-1.185372099280357E-002,7.027465105056763E-002,-9.407466650009155E-001,-3.083258569240570E-001,
9.326333333333334E+008,-1.603054627776146E-002,7.261209189891815E-002,-9.437563419342041E-001,-2.764348685741425E-001,-1.603054627776146E-002,7.261209189891815E-002,-9.437563419342041E-001,-2.764348685741425E-001,
9.410000000000000E+008,-2.058739960193634E-002,7.926069945096970E-002,-9.494665861129761E-001,-2.463402599096298E-001,-2.058739960193634E-002,7.926069945096970E-002,-9.494665861129761E-001,-2.463402599096298E-001,
9.493666666666668E+008,-2.021808549761772E-002,8.686691522598267E-002,-9.564794898033142E-001,-2.349334359169006E-001,-2.021808549761772E-002,8.686691522598267E-002,-9.564794898033142E-001,-2.349334359169006E-001,
9.577333333333334E+008,-1.490809023380280E-002,9.461048990488052E-002,-9.810481667518616E-001,-1.952203065156937E-001,-1.490809023380280E-002,9.461048990488052E-002,-9.810481667518616E-001,-1.952203065156937E-001,
9.661000000000000E+008,-5.308355204761028E-003,1.015406101942062E-001,-9.652679562568665E-001,-1.799733936786652E-001,-5.308355204761028E-003,1.015406101942062E-001,-9.652679562568665E-001,-1.799733936786652E-001,
9.744666666666668E+008,4.805148579180241E-003,1.055687963962555E-001,-9.741806387901306E-001,-1.474023461341858E-001,4.805148579180241E-003,1.055687963962555E-001,-9.741806387901306E-001,-1.474023461341858E-001,
9.828333333333334E+008,1.902408897876740E-002,1.036914736032486E-001,-9.703851342201233E-001,-1.248416230082512E-001,1.902408897876740E-002,1.036914736032486E-001,-9.703851342201233E-001,-1.248416230082512E-001,
9.912000000000000E+008,2.953808382153511E-002,1.001675128936768E-001,-9.811551570892334E-001,-1.118007525801659E-001,2.953808382153511E-002,1.001675128936768E-001,-9.811551570892334E-001,-1.118007525801659E-001,
9.995666666666668E+008,3.431720286607742E-002,9.064035117626190E-002,-9.838552474975586E-001,-7.515547424554825E-002,3.431720286607742E-002,9.064035117626190E-002,-9.838552474975586E-001,-7.515547424554825E-002,
1.007933333333333E+009,3.438296169042587E-002,8.263748139142990E-002,-9.889929890632629E-001,-5.668709799647331E-002,3.438296169042587E-002,8.263748139142990E-002,-9.889929890632629E-001,-5.668709799647331E-002,
1.016300000000000E+009,2.854845114052296E-002,7.403627783060074E-002,-9.879322052001953E-001,-2.981064654886723E-002,2.854845114052296E-002,7.403627783060074E-002,-9.879322052001953E-001,-2.981064654886723E-002,
1.024666666666667E+009,2.034441940486431E-002,7.329007238149643E-002,-9.901296496391296E-001,-8.425555191934109E-003,2.034441940486431E-002,7.329007238149643E-002,-9.901296496391296E-001,-8.425555191934109E-003,
1.033033333333333E+009,1.390763465315104E-002,7.470313459634781E-002,-9.692069292068481E-001,2.873142063617706E-002,1.390763465315104E-002,7.470313459634781E-002,-9.692069292068481E-001,2.873142063617706E-002,
1.041400000000000E+009,1.092898380011320E-002,8.144944906234741E-002,-9.746356606483460E-001,5.441957339644432E-002,1.092898380011320E-002,8.144944906234741E-002,-9.746356606483460E-001,5.441957339644432E-002,
1.049766666666667E+009,1.126834843307734E-002,8.988626301288605E-002,-9.810220599174500E-001,7.363829761743546E-002,1.126834843307734E-002,8.988626301288605E-002,-9.810220599174500E-001,7.363829761743546E-002,
1.058133333333333E+009,2.075980231165886E-002,9.824888408184052E-002,-9.769873023033142E-001,9.838909655809403E-002,2.075980231165886E-002,9.824888408184052E-002,-9.769873023033142E-001,9.838909655809403E-002,
1.066500000000000E+009,3.435884788632393E-002,1.023557037115097E-001,-9.597671031951904E-001,1.254039704799652E-001,3.435884788632393E-002,1.023557037115097E-001,-9.597671031951904E-001,1.254039704799652E-001,
1.074866666666667E+009,4.719819501042366E-002,9.829106926918030E-002,-9.687948822975159E-001,1.572566479444504E-001,4.719819501042366E-002,9.829106926918030E-002,-9.687948822975159E-001,1.572566479444504E-001,
1.083233333333334E+009,6.023451313376427E-002,9.337141364812851E-002,-9.640429019927979E-001,1.721479743719101E-001,6.023451313376427E-002,9.337141364812851E-002,-9.640429019927979E-001,1.721479743719101E-001,
1.091600000000000E+009,6.536597013473511E-002,8.066102862358093E-002,-9.582232236862183E-001,2.055069208145142E-001,6.536597013473511E-002,8.066102862358093E-002,-9.582232236862183E-001,2.055069208145142E-001,
1.099966666666667E+009,6.736896932125092E-002,6.780545413494110E-002,-9.532482624053955E-001,2.213753759860992E-001,6.736896932125092E-002,6.780545413494110E-002,-9.532482624053955E-001,2.213753759860992E-001,
1.108333333333334E+009,5.901106819510460E-002,5.810364708304405E-002,-9.632971882820129E-001,2.444541007280350E-001,5.901106819510460E-002,5.810364708304405E-002,-9.632971882820129E-001,2.444541007280350E-001,
1.116700000000000E+009,4.760790243744850E-002,5.875487625598908E-002,-9.490532875061035E-001,2.759263515472412E-001,4.760790243744850E-002,5.875487625598908E-002,-9.490532875061035E-001,2.759263515472412E-001,
1.125066666666667E+009,3.626905754208565E-002,6.006683036684990E-002,-9.339903593063355E-001,2.993688285350800E-001,3.626905754208565E-002,6.006683036684990E-002,-9.339903593063355E-001,2.993688285350800E-001,
1.133433333333334E+009,2.606894075870514E-002,7.185729593038559E-002,-9.297279715538025E-001,3.173950016498566E-001,2.606894075870514E-002,7.185729593038559E-002,-9.297279715538025E-001,3.173950016498566E-001,
1.141800000000000E+009,2.876274101436138E-002,8.478936553001404E-002,-9.186853766441345E-001,3.446170389652252E-001,2.876274101436138E-002,8.478936553001404E-002,-9.186853766441345E-001,3.446170389652252E-001,
1.150166666666667E+009,3.687246888875961E-002,9.610491991043091E-002,-9.071857929229736E-001,3.722823560237885E-001,3.687246888875961E-002,9.610491991043091E-002,-9.071857929229736E-001,3.722823560237885E-001,
1.158533333333334E+009,5.601320415735245E-002,1.025753989815712E-001,-8.982678651809692E-001,3.929868936538696E-001,5.601320415735245E-002,1.025753989815712E-001,-8.982678651809692E-001,3.929868936538696E-001,
1.166900000000000E+009,7.678840309381485E-002,9.988067299127579E-002,-8.890545964241028E-001,4.218419492244721E-001,7.678840309381485E-002,9.988067299127579E-002,-8.890545964241028E-001,4.218419492244721E-001,
1.175266666666667E+009,9.257802367210388E-002,8.873495459556580E-002,-8.688508272171021E-001,4.333552718162537E-001,9.257802367210388E-002,8.873495459556580E-002,-8.688508272171021E-001,4.333552718162537E-001,
1.183633333333334E+009,1.054289415478706E-001,7.270754128694534E-002,-8.638365268707275E-001,4.598410427570343E-001,1.054289415478706E-001,7.270754128694534E-002,-8.638365268707275E-001,4.598410427570343E-001,
1.192000000000000E+009,1.068778336048126E-001,5.449060723185539E-002,-8.582039475440979E-001,4.860049188137054E-001,1.068778336048126E-001,5.449060723185539E-002,-8.582039475440979E-001,4.860049188137054E-001,
1.200366666666667E+009,9.725709259510040E-002,3.740872815251350E-002,-8.447182774543762E-001,5.052278041839600E-001,9.725709259510040E-002,3.740872815251350E-002,-8.447182774543762E-001,5.052278041839600E-001,
1.208733333333334E+009,7.994356006383896E-002,2.900926396250725E-002,-8.378551602363586E-001,5.345318317413330E-001,7.994356006383896E-002,2.900926396250725E-002,-8.378551602363586E-001,5.345318317413330E-001,
1.217100000000000E+009,6.207162886857987E-002,3.134569898247719E-002,-8.045883774757385E-001,5.459362268447876E-001,6.207162886857987E-002,3.134569898247719E-002,-8.045883774757385E-001,5.459362268447876E-001,
1.225466666666667E+009,5.167305469512940E-002,4.303264245390892E-002,-8.078499436378479E-001,5.720618963241577E-001,5.167305469512940E-002,4.303264245390892E-002,-8.078499436378479E-001,5.720618963241577E-001,
1.233833333333334E+009,5.111296847462654E-002,5.789177492260933E-002,-7.860035300254822E-001,5.929023027420044E-001,5.111296847462654E-002,5.789177492260933E-002,-7.860035300254822E-001,5.929023027420044E-001,
1.242200000000000E+009,5.836699530482292E-002,7.134649902582169E-002,-7.562938332557678E-001,6.083367466926575E-001,5.836699530482292E-002,7.134649902582169E-002,-7.562938332557678E-001,6.083367466926575E-001,
1.250566666666667E+009,7.452858239412308E-002,7.986573874950409E-002,-7.597209215164185E-001,6.383492946624756E-001,7.452858239412308E-002,7.986573874950409E-002,-7.597209215164185E-001,6.383492946624756E-001,
1.258933333333334E+009,9.601975977420807E-002,7.810267806053162E-002,-7.419319748878479E-001,6.474509239196777E-001,9.601975977420807E-002,7.810267806053162E-002,-7.419319748878479E-001,6.474509239196777E-001,
1.267300000000000E+009,1.141217350959778E-001,6.368691474199295E-002,-7.146747112274170E-001,6.639482378959656E-001,1.141217350959778E-001,6.368691474199295E-002,-7.146747112274170E-001,6.639482378959656E-001,
1.275666666666667E+009,1.252356618642807E-001,4.511966556310654E-002,-7.127143144607544E-001,6.698172092437744E-001,1.252356618642807E-001,4.511966556310654E-002,-7.127143144607544E-001,6.698172092437744E-001,
1.284033333333334E+009,1.264442354440689E-001,2.163048461079598E-002,-6.813105344772339E-001,7.204533219337463E-001,1.264442354440689E-001,2.163048461079598E-002,-6.813105344772339E-001,7.204533219337463E-001,
1.292400000000000E+009,1.138031557202339E-001,3.455576486885548E-003,-6.777331233024597E-001,7.170993685722351E-001,1.138031557202339E-001,3.455576486885548E-003,-6.777331233024597E-001,7.170993685722351E-001,
1.300766666666667E+009,9.554629027843475E-002,-3.964188508689404E-003,-6.585632562637329E-001,7.351465821266174E-001,9.554629027843475E-002,-3.964188508689404E-003,-6.585632562637329E-001,7.351465821266174E-001,
1.309133333333334E+009,7.612495124340057E-002,-1.432321267202497E-003,-6.421814560890198E-001,7.641828656196594E-001,7.612495124340057E-002,-1.432321267202497E-003,-6.421814560890198E-001,7.641828656196594E-001,
1.317500000000000E+009,6.240514293313026E-002,1.125922519713640E-002,-6.122770309448242E-001,7.862285971641541E-001,6.240514293313026E-002,1.125922519713640E-002,-6.122770309448242E-001,7.862285971641541E-001,
1.325866666666667E+009,5.914423987269402E-002,2.710092626512051E-002,-5.932856202125549E-001,7.863308191299439E-001,5.914423987269402E-002,2.710092626512051E-002,-5.932856202125549E-001,7.863308191299439E-001,
1.334233333333334E+009,6.688290834426880E-002,4.476922377943993E-002,-5.706657767295837E-001,7.975324988365173E-001,6.688290834426880E-002,4.476922377943993E-002,-5.706657767295837E-001,7.975324988365173E-001,
1.342600000000000E+009,8.486233651638031E-002,4.831883683800697E-002,-5.551665425300598E-001,8.164382576942444E-001,8.486233651638031E-002,4.831883683800697E-002,-5.551665425300598E-001,8.164382576942444E-001,
1.350966666666667E+009,1.032777801156044E-001,4.493040218949318E-002,-5.230306386947632E-001,8.335290551185608E-001,1.032777801156044E-001,4.493040218949318E-002,-5.230306386947632E-001,8.335290551185608E-001,
1.359333333333334E+009,1.191687211394310E-001,3.016334958374500E-002,-5.087115764617920E-001,8.418723344802856E-001,1.191687211394310E-001,3.016334958374500E-002,-5.087115764617920E-001,8.418723344802856E-001,
1.367700000000000E+009,1.253410875797272E-001,7.421752903610468E-003,-4.903649687767029E-001,8.507289290428162E-001,1.253410875797272E-001,7.421752903610468E-003,-4.903649687767029E-001,8.507289290428162E-001,
1.376066666666667E+009,1.185647845268250E-001,-1.686499826610088E-002,-4.629140794277191E-001,8.622025251388550E-001,1.185647845268250E-001,-1.686499826610088E-002,-4.629140794277191E-001,8.622025251388550E-001,
1.384433333333334E+009,1.029544770717621E-001,-3.023001179099083E-002,-4.594136178493500E-001,8.736104369163513E-001,1.029544770717621E-001,-3.023001179099083E-002,-4.594136178493500E-001,8.736104369163513E-001,
1.392800000000000E+009,7.990062981843948E-002,-3.377361223101616E-002,-4.335721433162689E-001,8.814547657966614E-001,7.990062981843948E-002,-3.377361223101616E-002,-4.335721433162689E-001,8.814547657966614E-001,
1.401166666666667E+009,6.279231607913971E-002,-2.493511699140072E-002,-3.995380997657776E-001,9.073802828788757E-001,6.279231607913971E-002,-2.493511699140072E-002,-3.995380997657776E-001,9.073802828788757E-001,
1.409533333333334E+009,5.119858682155609E-002,-4.890827462077141E-003,-3.761772513389587E-001,9.150406122207642E-001,5.119858682155609E-002,-4.890827462077141E-003,-3.761772513389587E-001,9.150406122207642E-001,
1.417900000000000E+009,5.203671380877495E-002,1.548525411635637E-002,-3.332539498806000E-001,9.112112522125244E-001,5.203671380877495E-002,1.548525411635637E-002,-3.332539498806000E-001,9.112112522125244E-001,
1.426266666666667E+009,6.403079628944397E-002,3.306547924876213E-002,-3.281381130218506E-001,9.405276179313660E-001,6.403079628944397E-002,3.306547924876213E-002,-3.281381130218506E-001,9.405276179313660E-001,
1.434633333333334E+009,8.345589041709900E-002,3.772029653191567E-002,-2.981220781803131E-001,9.317002296447754E-001,8.345589041709900E-002,3.772029653191567E-002,-2.981220781803131E-001,9.317002296447754E-001,
1.443000000000000E+009,1.060354784131050E-001,3.236924484372139E-002,-2.713275253772736E-001,9.432291388511658E-001,1.060354784131050E-001,3.236924484372139E-002,-2.713275253772736E-001,9.432291388511658E-001,
1.451366666666667E+009,1.209637597203255E-001,1.401895377784967E-002,-2.534337639808655E-001,9.479078054428101E-001,1.209637597203255E-001,1.401895377784967E-002,-2.534337639808655E-001,9.479078054428101E-001,
1.459733333333334E+009,1.255588233470917E-001,-9.435855783522129E-003,-2.374753654003143E-001,9.510272741317749E-001,1.255588233470917E-001,-9.435855783522129E-003,-2.374753654003143E-001,9.510272741317749E-001,
1.468100000000000E+009,1.190228164196014E-001,-3.161383792757988E-002,-2.015461176633835E-001,9.572263956069946E-001,1.190228164196014E-001,-3.161383792757988E-002,-2.015461176633835E-001,9.572263956069946E-001,
1.476466666666667E+009,1.019206866621971E-001,-4.682083800435066E-002,-1.823994219303131E-001,9.704728722572327E-001,1.019206866621971E-001,-4.682083800435066E-002,-1.823994219303131E-001,9.704728722572327E-001,
1.484833333333334E+009,7.940365374088287E-002,-4.966648295521736E-002,-1.518207937479019E-001,9.729524850845337E-001,7.940365374088287E-002,-4.966648295521736E-002,-1.518207937479019E-001,9.729524850845337E-001,
1.493200000000000E+009,6.300518661737442E-002,-4.055903479456902E-002,-1.320855319499970E-001,9.760193824768066E-001,6.300518661737442E-002,-4.055903479456902E-002,-1.320855319499970E-001,9.760193824768066E-001,
1.501566666666667E+009,5.441889539361000E-002,-2.127189189195633E-002,-1.040176451206207E-001,9.770252108573914E-001,5.441889539361000E-002,-2.127189189195633E-002,-1.040176451206207E-001,9.770252108573914E-001,
1.509933333333334E+009,5.590956658124924E-002,-1.408303214702755E-004,-8.422184735536575E-002,9.829023480415344E-001,5.590956658124924E-002,-1.408303214702755E-004,-8.422184735536575E-002,9.829023480415344E-001,
1.518300000000000E+009,7.147883623838425E-002,1.477263960987330E-002,-5.914521217346191E-002,9.879964590072632E-001,7.147883623838425E-002,1.477263960987330E-002,-5.914521217346191E-002,9.879964590072632E-001,
1.526666666666667E+009,9.154469519853592E-002,1.870925538241863E-002,-2.461888827383518E-002,9.798294305801392E-001,9.154469519853592E-002,1.870925538241863E-002,-2.461888827383518E-002,9.798294305801392E-001,
1.535033333333334E+009,1.119624301791191E-001,1.226763427257538E-002,-1.894307555630803E-003,9.887785315513611E-001,1.119624301791191E-001,1.226763427257538E-002,-1.894307555630803E-003,9.887785315513611E-001,
1.543400000000000E+009,1.241399273276329E-001,-6.743484176695347E-003,1.869832538068295E-002,9.807820916175842E-001,1.241399273276329E-001,-6.743484176695347E-003,1.869832538068295E-002,9.807820916175842E-001,
1.551766666666667E+009,1.241303011775017E-001,-3.099818900227547E-002,4.211503267288208E-002,9.745795130729675E-001,1.241303011775017E-001,-3.099818900227547E-002,4.211503267288208E-002,9.745795130729675E-001,
1.560133333333334E+009,1.166279390454292E-001,-5.278787761926651E-002,6.230141222476959E-002,9.818294644355774E-001,1.166279390454292E-001,-5.278787761926651E-002,6.230141222476959E-002,9.818294644355774E-001,
1.568500000000000E+009,1.002906858921051E-001,-6.541236490011215E-002,7.923944294452667E-002,9.812731742858887E-001,1.002906858921051E-001,-6.541236490011215E-002,7.923944294452667E-002,9.812731742858887E-001,
1.576866666666667E+009,7.958307862281799E-002,-6.733950972557068E-002,1.214034110307694E-001,9.725162386894226E-001,7.958307862281799E-002,-6.733950972557068E-002,1.214034110307694E-001,9.725162386894226E-001,
1.585233333333334E+009,6.579071283340454E-002,-5.896826833486557E-002,1.368045508861542E-001,9.699790477752686E-001,6.579071283340454E-002,-5.896826833486557E-002,1.368045508861542E-001,9.699790477752686E-001,
1.593600000000000E+009,5.852418020367622E-002,-4.405510425567627E-002,1.664176434278488E-001,9.653750061988831E-001,5.852418020367622E-002,-4.405510425567627E-002,1.664176434278488E-001,9.653750061988831E-001,
1.601966666666667E+009,6.214142963290215E-002,-2.648748829960823E-002,1.845744550228119E-001,9.655731916427612E-001,6.214142963290215E-002,-2.648748829960823E-002,1.845744550228119E-001,9.655731916427612E-001,
1.610333333333334E+009,7.393839955329895E-002,-1.549889612942934E-002,2.197670042514801E-001,9.560804963111877E-001,7.393839955329895E-002,-1.549889612942934E-002,2.197670042514801E-001,9.560804963111877E-001,
1.618700000000000E+009,9.288091212511063E-002,-1.376892812550068E-002,2.457319349050522E-001,9.520975351333618E-001,9.288091212511063E-002,-1.376892812550068E-002,2.457319349050522E-001,9.520975351333618E-001,
1.627066666666667E+009,1.068142578005791E-001,-2.267585694789887E-002,2.667854726314545E-001,9.429609775543213E-001,1.068142578005791E-001,-2.267585694789887E-002,2.667854726314545E-001,9.429609775543213E-001,
1.635433333333334E+009,1.141834929585457E-001,-3.695467486977577E-002,2.962477803230286E-001,9.404221177101135E-001,1.141834929585457E-001,-3.695467486977577E-002,2.962477803230286E-001,9.404221177101135E-001,
1.643800000000000E+009,1.133513376116753E-001,-5.755421891808510E-002,3.062937259674072E-001,9.290461540222168E-001,1.133513376116753E-001,-5.755421891808510E-002,3.062937259674072E-001,9.290461540222168E-001,
1.652166666666667E+009,1.022090688347817E-001,-7.397881895303726E-002,3.398095071315765E-001,9.185355901718140E-001,1.022090688347817E-001,-7.397881895303726E-002,3.398095071315765E-001,9.185355901718140E-001,
1.660533333333334E+009,8.624276518821716E-002,-8.271731436252594E-002,3.543691039085388E-001,9.135041832923889E-001,8.624276518821716E-002,-8.271731436252594E-002,3.543691039085388E-001,9.135041832923889E-001,
1.668900000000000E+009,6.986779719591141E-002,-8.153874427080154E-002,3.778001070022583E-001,9.016104340553284E-001,6.986779719591141E-002,-8.153874427080154E-002,3.778001070022583E-001,9.016104340553284E-001,
1.677266666666667E+009,5.676830187439919E-002,-7.360392808914185E-002,4.175792336463928E-001,8.922062516212463E-001,5.676830187439919E-002,-7.360392808914185E-002,4.175792336463928E-001,8.922062516212463E-001,
1.685633333333334E+009,5.423461273312569E-002,-5.969325453042984E-002,4.330692291259766E-001,8.836137056350708E-001,5.423461273312569E-002,-5.969325453042984E-002,4.330692291259766E-001,8.836137056350708E-001,
1.694000000000000E+009,5.867585539817810E-002,-4.717238992452622E-002,4.512951076030731E-001,8.719364404678345E-001,5.867585539817810E-002,-4.717238992452622E-002,4.512951076030731E-001,8.719364404678345E-001,
1.702366666666667E+009,7.041332125663757E-002,-3.783434256911278E-002,4.749821424484253E-001,8.627796769142151E-001,7.041332125663757E-002,-3.783434256911278E-002,4.749821424484253E-001,8.627796769142151E-001,
1.710733333333334E+009,8.688593655824661E-002,-3.650926798582077E-002,4.925364553928375E-001,8.423766493797302E-001,8.688593655824661E-002,-3.650926798582077E-002,4.925364553928375E-001,8.423766493797302E-001,
1.719100000000000E+009,1.009083613753319E-001,-4.613704979419708E-002,5.202633142471314E-001,8.256577849388123E-001,1.009083613753319E-001,-4.613704979419708E-002,5.202633142471314E-001,8.256577849388123E-001,
1.727466666666667E+009,1.084216162562370E-001,-6.158077716827393E-002,5.345208048820496E-001,8.163621425628662E-001,1.084216162562370E-001,-6.158077716827393E-002,5.345208048820496E-001,8.163621425628662E-001,
1.735833333333334E+009,1.076206043362618E-001,-7.925972342491150E-002,5.534477233886719E-001,8.002945780754089E-001,1.076206043362618E-001,-7.925972342491150E-002,5.534477233886719E-001,8.002945780754089E-001,
1.744200000000000E+009,9.736650437116623E-002,-9.768563508987427E-002,5.797624588012695E-001,7.799762487411499E-001,9.736650437116623E-002,-9.768563508987427E-002,5.797624588012695E-001,7.799762487411499E-001,
1.752566666666667E+009,8.293695747852325E-002,-1.096109151840210E-001,6.064331531524658E-001,7.717143297195435E-001,8.293695747852325E-002,-1.096109151840210E-001,6.064331531524658E-001,7.717143297195435E-001,
1.760933333333334E+009,6.542300432920456E-002,-1.147690638899803E-001,6.156329512596130E-001,7.578917741775513E-001,6.542300432920456E-002,-1.147690638899803E-001,6.156329512596130E-001,7.578917741775513E-001,
1.769300000000000E+009,4.991136863827705E-002,-1.119640320539475E-001,6.380124688148499E-001,7.494478821754456E-001,4.991136863827705E-002,-1.119640320539475E-001,6.380124688148499E-001,7.494478821754456E-001,
1.777666666666667E+009,4.010260105133057E-002,-1.014444828033447E-001,6.547381877899170E-001,7.397176027297974E-001,4.010260105133057E-002,-1.014444828033447E-001,6.547381877899170E-001,7.397176027297974E-001,
1.786033333333334E+009,3.827675804495812E-002,-9.110216051340103E-002,6.674801111221314E-001,7.093055844306946E-001,3.827675804495812E-002,-9.110216051340103E-002,6.674801111221314E-001,7.093055844306946E-001,
1.794400000000000E+009,4.445743933320046E-002,-7.944001257419586E-002,6.902360320091248E-001,6.933513879776001E-001,4.445743933320046E-002,-7.944001257419586E-002,6.902360320091248E-001,6.933513879776001E-001,
1.802766666666667E+009,5.114832893013954E-002,-7.458881288766861E-002,7.092058658599854E-001,6.716405153274536E-001,5.114832893013954E-002,-7.458881288766861E-002,7.092058658599854E-001,6.716405153274536E-001,
1.811133333333334E+009,6.065011769533157E-002,-7.426244020462036E-002,7.356991767883301E-001,6.531710624694824E-001,6.065011769533157E-002,-7.426244020462036E-002,7.356991767883301E-001,6.531710624694824E-001,
1.819500000000000E+009,6.916844099760056E-002,-7.930958271026611E-002,7.449993491172791E-001,6.264067292213440E-001,6.916844099760056E-002,-7.930958271026611E-002,7.449993491172791E-001,6.264067292213440E-001,
1.827866666666667E+009,7.289501279592514E-002,-8.921606093645096E-002,7.650530338287354E-001,6.160123944282532E-001,7.289501279592514E-002,-8.921606093645096E-002,7.650530338287354E-001,6.160123944282532E-001,
1.836233333333334E+009,6.830476969480515E-002,-1.010114476084709E-001,7.736746072769165E-001,5.997558832168579E-001,6.830476969480515E-002,-1.010114476084709E-001,7.736746072769165E-001,5.997558832168579E-001,
1.844600000000000E+009,5.945697054266930E-002,-1.100718751549721E-001,7.904384136199951E-001,5.885709524154663E-001,5.945697054266930E-002,-1.100718751549721E-001,7.904384136199951E-001,5.885709524154663E-001,
1.852966666666667E+009,4.859539121389389E-002,-1.150794625282288E-001,7.990216612815857E-001,5.552161335945129E-001,4.859539121389389E-002,-1.150794625282288E-001,7.990216612815857E-001,5.552161335945129E-001,
1.861333333333334E+009,3.721983730792999E-002,-1.184206381440163E-001,8.221848607063294E-001,5.342245101928711E-001,3.721983730792999E-002,-1.184206381440163E-001,8.221848607063294E-001,5.342245101928711E-001,
1.869700000000000E+009,2.899768389761448E-002,-1.121387779712677E-001,8.348716497421265E-001,5.171949267387390E-001,2.899768389761448E-002,-1.121387779712677E-001,8.348716497421265E-001,5.171949267387390E-001,
1.878066666666667E+009,2.484751306474209E-002,-1.075302734971046E-001,8.487316370010376E-001,5.006048679351807E-001,2.484751306474209E-002,-1.075302734971046E-001,8.487316370010376E-001,5.006048679351807E-001,
1.886433333333334E+009,2.577137760818005E-002,-9.993142634630203E-002,8.679597973823547E-001,4.741323292255402E-001,2.577137760818005E-002,-9.993142634630203E-002,8.679597973823547E-001,4.741323292255402E-001,
1.894800000000000E+009,3.340624272823334E-002,-9.527986496686935E-002,8.776012659072876E-001,4.535419344902039E-001,3.340624272823334E-002,-9.527986496686935E-002,8.776012659072876E-001,4.535419344902039E-001,
1.903166666666667E+009,4.120023176074028E-002,-9.222866594791412E-002,8.862406015396118E-001,4.227594435214996E-001,4.120023176074028E-002,-9.222866594791412E-002,8.862406015396118E-001,4.227594435214996E-001,
1.911533333333334E+009,4.928305745124817E-002,-9.797302633523941E-002,8.955954313278198E-001,3.964531719684601E-001,4.928305745124817E-002,-9.797302633523941E-002,8.955954313278198E-001,3.964531719684601E-001,
1.919900000000000E+009,5.382019653916359E-002,-1.069015488028526E-001,9.098060727119446E-001,3.797892332077026E-001,5.382019653916359E-002,-1.069015488028526E-001,9.098060727119446E-001,3.797892332077026E-001,
1.928266666666667E+009,5.447351932525635E-002,-1.173170208930969E-001,9.055583477020264E-001,3.414278030395508E-001,5.447351932525635E-002,-1.173170208930969E-001,9.055583477020264E-001,3.414278030395508E-001,
1.936633333333334E+009,4.614307358860970E-002,-1.292756944894791E-001,9.218698143959045E-001,3.304495215415955E-001,4.614307358860970E-002,-1.292756944894791E-001,9.218698143959045E-001,3.304495215415955E-001,
1.945000000000000E+009,3.351074457168579E-002,-1.372119635343552E-001,9.324556589126587E-001,3.025549948215485E-001,3.351074457168579E-002,-1.372119635343552E-001,9.324556589126587E-001,3.025549948215485E-001,
1.953366666666667E+009,1.937554776668549E-002,-1.430875808000565E-001,9.322966337203980E-001,2.838174402713776E-001,1.937554776668549E-002,-1.430875808000565E-001,9.322966337203980E-001,2.838174402713776E-001,
1.961733333333334E+009,2.943792613223195E-003,-1.388786584138870E-001,9.471097588539124E-001,2.614568471908569E-001,2.943792613223195E-003,-1.388786584138870E-001,9.471097588539124E-001,2.614568471908569E-001,
1.970100000000000E+009,-8.967044763267040E-003,-1.320033967494965E-001,9.479108452796936E-001,2.410779893398285E-001,-8.967044763267040E-003,-1.320033967494965E-001,9.479108452796936E-001,2.410779893398285E-001,
1.978466666666667E+009,-1.339811831712723E-002,-1.202163770794869E-001,9.581915736198425E-001,2.066972553730011E-001,-1.339811831712723E-002,-1.202163770794869E-001,9.581915736198425E-001,2.066972553730011E-001,
1.986833333333334E+009,-1.020923815667629E-002,-1.099639683961868E-001,9.600685238838196E-001,1.892627626657486E-001,-1.020923815667629E-002,-1.099639683961868E-001,9.600685238838196E-001,1.892627626657486E-001,
1.995200000000000E+009,1.286330982111394E-003,-1.037604883313179E-001,9.626380801200867E-001,1.717674583196640E-001,1.286330982111394E-003,-1.037604883313179E-001,9.626380801200867E-001,1.717674583196640E-001,
2.003566666666667E+009,1.387768518179655E-002,-1.033321768045425E-001,9.687336087226868E-001,1.370179504156113E-001,1.387768518179655E-002,-1.033321768045425E-001,9.687336087226868E-001,1.370179504156113E-001,
2.011933333333334E+009,2.497034892439842E-002,-1.125941500067711E-001,9.790981411933899E-001,1.078770533204079E-001,2.497034892439842E-002,-1.125941500067711E-001,9.790981411933899E-001,1.078770533204079E-001,
2.020300000000000E+009,3.079090826213360E-002,-1.236726716160774E-001,9.776850938796997E-001,7.552444934844971E-002,3.079090826213360E-002,-1.236726716160774E-001,9.776850938796997E-001,7.552444934844971E-002,
2.028666666666667E+009,2.737281844019890E-002,-1.390673071146011E-001,9.778343439102173E-001,5.947756394743919E-002,2.737281844019890E-002,-1.390673071146011E-001,9.778343439102173E-001,5.947756394743919E-002,
2.037033333333334E+009,1.415131147950888E-002,-1.544100046157837E-001,9.793282747268677E-001,3.116494044661522E-002,1.415131147950888E-002,-1.544100046157837E-001,9.793282747268677E-001,3.116494044661522E-002,
2.045400000000000E+009,-4.045554436743259E-003,-1.610661298036575E-001,9.726700782775879E-001,1.202266011387110E-002,-4.045554436743259E-003,-1.610661298036575E-001,9.726700782775879E-001,1.202266011387110E-002,
2.053766666666667E+009,-2.579619176685810E-002,-1.600002497434616E-001,9.753146171569824E-001,-1.329409796744585E-002,-2.579619176685810E-002,-1.600002497434616E-001,9.753146171569824E-001,-1.329409796744585E-002,
2.062133333333334E+009,-4.235540702939034E-002,-1.523137539625168E-001,9.778817892074585E-001,-3.859720006585121E-002,-4.235540702939034E-002,-1.523137539625168E-001,9.778817892074585E-001,-3.859720006585121E-002,
2.070500000000000E+009,-5.091466382145882E-002,-1.360440701246262E-001,9.778411388397217E-001,-6.467719376087189E-002,-5.091466382145882E-002,-1.360440701246262E-001,9.778411388397217E-001,-6.467719376087189E-002,
2.078866666666667E+009,-4.959151521325111E-002,-1.212977990508080E-001,9.758943319320679E-001,-8.601399511098862E-002,-4.959151521325111E-002,-1.212977990508080E-001,9.758943319320679E-001,-8.601399511098862E-002,
2.087233333333334E+009,-3.902075812220573E-002,-1.130865663290024E-001,9.725021123886108E-001,-1.186085715889931E-001,-3.902075812220573E-002,-1.130865663290024E-001,9.725021123886108E-001,-1.186085715889931E-001,
2.095600000000000E+009,-2.349286526441574E-002,-1.102367788553238E-001,9.763429760932922E-001,-1.413224339485169E-001,-2.349286526441574E-002,-1.102367788553238E-001,9.763429760932922E-001,-1.413224339485169E-001,
2.103966666666667E+009,-9.451004676520824E-003,-1.206344142556191E-001,9.734117388725281E-001,-1.699724197387695E-001,-9.451004676520824E-003,-1.206344142556191E-001,9.734117388725281E-001,-1.699724197387695E-001,
2.112333333333334E+009,-2.622618572786450E-003,-1.371201276779175E-001,9.600532650947571E-001,-1.917902529239655E-001,-2.622618572786450E-003,-1.371201276779175E-001,9.600532650947571E-001,-1.917902529239655E-001,
2.120700000000000E+009,-6.349709816277027E-003,-1.591356098651886E-001,9.528726339340210E-001,-2.229654341936112E-001,-6.349709816277027E-003,-1.591356098651886E-001,9.528726339340210E-001,-2.229654341936112E-001,
2.129066666666667E+009,-2.323573641479015E-002,-1.738624721765518E-001,9.546292424201965E-001,-2.511337399482727E-001,-2.323573641479015E-002,-1.738624721765518E-001,9.546292424201965E-001,-2.511337399482727E-001,
2.137433333333334E+009,-4.844876378774643E-002,-1.812088489532471E-001,9.346362352371216E-001,-2.676459252834320E-001,-4.844876378774643E-002,-1.812088489532471E-001,9.346362352371216E-001,-2.676459252834320E-001,
2.145800000000000E+009,-7.736011594533920E-002,-1.764101833105087E-001,9.314278364181519E-001,-2.885735630989075E-001,-7.736011594533920E-002,-1.764101833105087E-001,9.314278364181519E-001,-2.885735630989075E-001,
2.154166666666667E+009,-1.001663357019424E-001,-1.608341336250305E-001,9.234619736671448E-001,-3.073649704456329E-001,-1.001663357019424E-001,-1.608341336250305E-001,9.234619736671448E-001,-3.073649704456329E-001,
2.162533333333334E+009,-1.116183623671532E-001,-1.366464346647263E-001,9.032908082008362E-001,-3.292489349842072E-001,-1.116183623671532E-001,-1.366464346647263E-001,9.032908082008362E-001,-3.292489349842072E-001,
2.170900000000000E+009,-1.097661405801773E-001,-1.144454106688500E-001,9.097282886505127E-001,-3.580242097377777E-001,-1.097661405801773E-001,-1.144454106688500E-001,9.097282886505127E-001,-3.580242097377777E-001,
2.179266666666667E+009,-9.597560018301010E-002,-1.001489907503128E-001,9.001420140266419E-001,-3.738430738449097E-001,-9.597560018301010E-002,-1.001489907503128E-001,9.001420140266419E-001,-3.738430738449097E-001,
2.187633333333334E+009,-7.715309411287308E-002,-9.653970599174500E-002,8.968074917793274E-001,-4.074028432369232E-001,-7.715309411287308E-002,-9.653970599174500E-002,8.968074917793274E-001,-4.074028432369232E-001,
2.196000000000000E+009,-5.747652426362038E-002,-1.073018088936806E-001,8.764302730560303E-001,-4.312607944011688E-001,-5.747652426362038E-002,-1.073018088936806E-001,8.764302730560303E-001,-4.312607944011688E-001,
2.204366666666667E+009,-4.730141535401344E-002,-1.291682124137878E-001,8.666685819625855E-001,-4.531517624855042E-001,-4.730141535401344E-002,-1.291682124137878E-001,8.666685819625855E-001,-4.531517624855042E-001,
2.212733333333334E+009,-5.135930329561234E-002,-1.526824384927750E-001,8.487021923065186E-001,-4.864058494567871E-001,-5.135930329561234E-002,-1.526824384927750E-001,8.487021923065186E-001,-4.864058494567871E-001,
2.221100000000000E+009,-6.998226046562195E-002,-1.698719263076782E-001,8.270884156227112E-001,-4.957259297370911E-001,-6.998226046562195E-002,-1.698719263076782E-001,8.270884156227112E-001,-4.957259297370911E-001,
2.229466666666667E+009,-9.644579887390137E-002,-1.766275763511658E-001,8.158786296844482E-001,-5.064818859100342E-001,-9.644579887390137E-002,-1.766275763511658E-001,8.158786296844482E-001,-5.064818859100342E-001,
2.237833333333334E+009,-1.274811327457428E-001,-1.665984094142914E-001,8.069465756416321E-001,-5.324621796607971E-001,-1.274811327457428E-001,-1.665984094142914E-001,8.069465756416321E-001,-5.324621796607971E-001,
2.246200000000000E+009,-1.517264395952225E-001,-1.454679965972900E-001,7.923641204833984E-001,-5.490036010742188E-001,-1.517264395952225E-001,-1.454679965972900E-001,7.923641204833984E-001,-5.490036010742188E-001,
2.254566666666667E+009,-1.615869104862213E-001,-1.158081665635109E-001,7.813833951950073E-001,-5.664322972297669E-001,-1.615869104862213E-001,-1.158081665635109E-001,7.813833951950073E-001,-5.664322972297669E-001,
2.262933333333334E+009,-1.601337939500809E-001,-9.034688025712967E-002,7.697800397872925E-001,-5.866506695747376E-001,-1.601337939500809E-001,-9.034688025712967E-002,7.697800397872925E-001,-5.866506695747376E-001,
2.271300000000000E+009,-1.451752036809921E-001,-7.090838253498077E-002,7.545458078384399E-001,-6.060292720794678E-001,-1.451752036809921E-001,-7.090838253498077E-002,7.545458078384399E-001,-6.060292720794678E-001,
2.279666666666667E+009,-1.225812509655953E-001,-6.875275820493698E-002,7.409459352493286E-001,-6.291271448135376E-001,-1.225812509655953E-001,-6.875275820493698E-002,7.409459352493286E-001,-6.291271448135376E-001,
2.288033333333334E+009,-1.046236380934715E-001,-8.110178261995316E-002,7.245448827743530E-001,-6.583214402198792E-001,-1.046236380934715E-001,-8.110178261995316E-002,7.245448827743530E-001,-6.583214402198792E-001,
2.296400000000000E+009,-9.625198692083359E-002,-1.033070757985115E-001,7.005472183227539E-001,-6.790354847908020E-001,-9.625198692083359E-002,-1.033070757985115E-001,7.005472183227539E-001,-6.790354847908020E-001,
2.304766666666667E+009,-1.041895821690559E-001,-1.277063935995102E-001,6.855899095535278E-001,-6.848329901695252E-001,-1.041895821690559E-001,-1.277063935995102E-001,6.855899095535278E-001,-6.848329901695252E-001,
2.313133333333334E+009,-1.271036863327026E-001,-1.407216489315033E-001,6.569543480873108E-001,-7.152022719383240E-001,-1.271036863327026E-001,-1.407216489315033E-001,6.569543480873108E-001,-7.152022719383240E-001,
2.321500000000000E+009,-1.523834615945816E-001,-1.395491212606430E-001,6.420435309410095E-001,-7.220360636711121E-001,-1.523834615945816E-001,-1.395491212606430E-001,6.420435309410095E-001,-7.220360636711121E-001,
2.329866666666667E+009,-1.777434647083283E-001,-1.232158914208412E-001,6.299227476119995E-001,-7.369146347045898E-001,-1.777434647083283E-001,-1.232158914208412E-001,6.299227476119995E-001,-7.369146347045898E-001,
2.338233333333334E+009,-1.946341097354889E-001,-9.690567851066589E-002,6.026937365531921E-001,-7.494559884071350E-001,-1.946341097354889E-001,-9.690567851066589E-002,6.026937365531921E-001,-7.494559884071350E-001,
2.346600000000000E+009,-1.965115368366242E-001,-6.317208707332611E-002,5.843943357467651E-001,-7.654960751533508E-001,-1.965115368366242E-001,-6.317208707332611E-002,5.843943357467651E-001,-7.654960751533508E-001,
2.354966666666667E+009,-1.829293221235275E-001,-3.886681050062180E-002,5.796531438827515E-001,-7.796943783760071E-001,-1.829293221235275E-001,-3.886681050062180E-002,5.796531438827515E-001,-7.796943783760071E-001,
2.363333333333334E+009,-1.602500230073929E-001,-2.831744216382504E-002,5.632185935974121E-001,-7.946208715438843E-001,-1.602500230073929E-001,-2.831744216382504E-002,5.632185935974121E-001,-7.946208715438843E-001,
2.371700000000000E+009,-1.338425129652023E-001,-3.338741883635521E-002,5.416550040245056E-001,-8.164041638374329E-001,-1.338425129652023E-001,-3.338741883635521E-002,5.416550040245056E-001,-8.164041638374329E-001,
2.380066666666667E+009,-1.191697269678116E-001,-5.786792933940888E-002,5.103884339332581E-001,-8.336158990859985E-001,-1.191697269678116E-001,-5.786792933940888E-002,5.103884339332581E-001,-8.336158990859985E-001,
2.388433333333334E+009,-1.218955367803574E-001,-8.811641484498978E-002,4.871495366096497E-001,-8.386934995651245E-001,-1.218955367803574E-001,-8.811641484498978E-002,4.871495366096497E-001,-8.386934995651245E-001,
2.396800000000000E+009,-1.426504701375961E-001,-1.153694689273834E-001,4.500916004180908E-001,-8.579698204994202E-001,-1.426504701375961E-001,-1.153694689273834E-001,4.500916004180908E-001,-8.579698204994202E-001,
2.405166666666667E+009,-1.756397336721420E-001,-1.298260092735291E-001,4.284509122371674E-001,-8.664438724517822E-001,-1.756397336721420E-001,-1.298260092735291E-001,4.284509122371674E-001,-8.664438724517822E-001,
2.413533333333334E+009,-2.143371105194092E-001,-1.208015158772469E-001,4.044323563575745E-001,-8.667988777160645E-001,-2.143371105194092E-001,-1.208015158772469E-001,4.044323563575745E-001,-8.667988777160645E-001,
2.421900000000000E+009,-2.480615973472595E-001,-9.382206201553345E-002,3.898847103118897E-001,-8.739368915557861E-001,-2.480615973472595E-001,-9.382206201553345E-002,3.898847103118897E-001,-8.739368915557861E-001,
2.430266666666667E+009,-2.640476822853088E-001,-5.491001904010773E-002,3.721732497215271E-001,-8.821375966072083E-001,-2.640476822853088E-001,-5.491001904010773E-002,3.721732497215271E-001,-8.821375966072083E-001,
2.438633333333334E+009,-2.646416127681732E-001,-8.498813956975937E-003,3.536740839481354E-001,-8.877451419830322E-001,-2.646416127681732E-001,-8.498813956975937E-003,3.536740839481354E-001,-8.877451419830322E-001,
2.447000000000000E+009,-2.437403351068497E-001,3.058883361518383E-002,3.343502581119537E-001,-9.024885296821594E-001,-2.437403351068497E-001,3.058883361518383E-002,3.343502581119537E-001,-9.024885296821594E-001,
2.455366666666667E+009,-2.105044722557068E-001,5.147463828325272E-002,3.166685998439789E-001,-9.078227877616882E-001,-2.105044722557068E-001,5.147463828325272E-002,3.166685998439789E-001,-9.078227877616882E-001,
2.463733333333334E+009,-1.767083108425140E-001,5.270618572831154E-002,2.940968275070190E-001,-9.264439940452576E-001,-1.767083108425140E-001,5.270618572831154E-002,2.940968275070190E-001,-9.264439940452576E-001,
2.472100000000000E+009,-1.519977301359177E-001,3.374216333031654E-002,2.672605514526367E-001,-9.381213188171387E-001,-1.519977301359177E-001,3.374216333031654E-002,2.672605514526367E-001,-9.381213188171387E-001,
2.480466666666667E+009,-1.446087062358856E-001,3.308717859908938E-003,2.327268868684769E-001,-9.414026141166687E-001,-1.446087062358856E-001,3.308717859908938E-003,2.327268868684769E-001,-9.414026141166687E-001,
2.488833333333334E+009,-1.570132225751877E-001,-2.624448388814926E-002,2.074008136987686E-001,-9.481654167175293E-001,-1.570132225751877E-001,-2.624448388814926E-002,2.074008136987686E-001,-9.481654167175293E-001,
2.497200000000000E+009,-1.827131211757660E-001,-4.171913862228394E-002,1.761191636323929E-001,-9.531947970390320E-001,-1.827131211757660E-001,-4.171913862228394E-002,1.761191636323929E-001,-9.531947970390320E-001,
2.505566666666667E+009,-2.177626341581345E-001,-3.833111375570297E-002,1.462289541959763E-001,-9.548398256301880E-001,-2.177626341581345E-001,-3.833111375570297E-002,1.462289541959763E-001,-9.548398256301880E-001,
2.513933333333334E+009,-2.437609583139420E-001,-1.481553167104721E-002,1.272897720336914E-001,-9.493709802627564E-001,-2.437609583139420E-001,-1.481553167104721E-002,1.272897720336914E-001,-9.493709802627564E-001,
2.522300000000000E+009,-2.561713755130768E-001,1.786813326179981E-002,1.035304144024849E-001,-9.464486241340637E-001,-2.561713755130768E-001,1.786813326179981E-002,1.035304144024849E-001,-9.464486241340637E-001,
2.530666666666667E+009,-2.488642483949661E-001,5.755206942558289E-002,7.964456826448441E-002,-9.547164440155029E-001,-2.488642483949661E-001,5.755206942558289E-002,7.964456826448441E-002,-9.547164440155029E-001,
2.539033333333334E+009,-2.265969365835190E-001,8.829004317522049E-002,6.615144014358521E-002,-9.526438117027283E-001,-2.265969365835190E-001,8.829004317522049E-002,6.615144014358521E-002,-9.526438117027283E-001,
2.547400000000000E+009,-1.944539248943329E-001,1.058092936873436E-001,4.898917675018311E-002,-9.656966328620911E-001,-1.944539248943329E-001,1.058092936873436E-001,4.898917675018311E-002,-9.656966328620911E-001,
2.555766666666667E+009,-1.606379151344299E-001,1.042051240801811E-001,1.984003372490406E-002,-9.716187715530396E-001,-1.606379151344299E-001,1.042051240801811E-001,1.984003372490406E-002,-9.716187715530396E-001,
2.564133333333334E+009,-1.405062526464462E-001,8.252995461225510E-002,-9.396065957844257E-003,-9.685981869697571E-001,-1.405062526464462E-001,8.252995461225510E-002,-9.396065957844257E-003,-9.685981869697571E-001,
2.572500000000000E+009,-1.390678286552429E-001,5.418471246957779E-002,-3.621603548526764E-002,-9.690268635749817E-001,-1.390678286552429E-001,5.418471246957779E-002,-3.621603548526764E-002,-9.690268635749817E-001,
2.580866666666667E+009,-1.555508524179459E-001,2.777940034866333E-002,-6.808813661336899E-002,-9.720275402069092E-001,-1.555508524179459E-001,2.777940034866333E-002,-6.808813661336899E-002,-9.720275402069092E-001,
2.589233333333334E+009,-1.875227987766266E-001,1.626334153115749E-002,-1.021308749914169E-001,-9.608128070831299E-001,-1.875227987766266E-001,1.626334153115749E-002,-1.021308749914169E-001,-9.608128070831299E-001,
2.597600000000000E+009,-2.212590426206589E-001,2.245669439435005E-002,-1.306707859039307E-001,-9.515898227691650E-001,-2.212590426206589E-001,2.245669439435005E-002,-1.306707859039307E-001,-9.515898227691650E-001,
2.605966666666667E+009,-2.469715923070908E-001,4.848835617303848E-002,-1.432399898767471E-001,-9.497585296630859E-001,-2.469715923070908E-001,4.848835617303848E-002,-1.432399898767471E-001,-9.497585296630859E-001,
2.614333333333334E+009,-2.559345662593842E-001,8.287062495946884E-002,-1.651832312345505E-001,-9.358580708503723E-001,-2.559345662593842E-001,8.287062495946884E-002,-1.651832312345505E-001,-9.358580708503723E-001,
2.622700000000000E+009,-2.450136989355087E-001,1.225637122988701E-001,-1.792692393064499E-001,-9.288370609283447E-001,-2.450136989355087E-001,1.225637122988701E-001,-1.792692393064499E-001,-9.288370609283447E-001,
2.631066666666667E+009,-2.189501971006393E-001,1.546166241168976E-001,-2.019395232200623E-001,-9.342237114906311E-001,-2.189501971006393E-001,1.546166241168976E-001,-2.019395232200623E-001,-9.342237114906311E-001,
2.639433333333334E+009,-1.821395307779312E-001,1.690942049026489E-001,-2.203781008720398E-001,-9.263092279434204E-001,-1.821395307779312E-001,1.690942049026489E-001,-2.203781008720398E-001,-9.263092279434204E-001,
2.647800000000000E+009,-1.452917158603668E-001,1.672782450914383E-001,-2.455912679433823E-001,-9.277380704879761E-001,-1.452917158603668E-001,1.672782450914383E-001,-2.455912679433823E-001,-9.277380704879761E-001,
2.656166666666667E+009,-1.223697364330292E-001,1.479616761207581E-001,-2.693370580673218E-001,-9.329152703285217E-001,-1.223697364330292E-001,1.479616761207581E-001,-2.693370580673218E-001,-9.329152703285217E-001,
2.664533333333334E+009,-1.176002100110054E-001,1.211577653884888E-001,-3.039272427558899E-001,-9.129185080528259E-001,-1.176002100110054E-001,1.211577653884888E-001,-3.039272427558899E-001,-9.129185080528259E-001,
2.672900000000000E+009,-1.318016648292542E-001,9.725610166788101E-002,-3.284047544002533E-001,-9.116542935371399E-001,-1.318016648292542E-001,9.725610166788101E-002,-3.284047544002533E-001,-9.116542935371399E-001,
2.681266666666667E+009,-1.598203182220459E-001,8.755393326282501E-002,-3.581747710704804E-001,-8.940321803092957E-001,-1.598203182220459E-001,8.755393326282501E-002,-3.581747710704804E-001,-8.940321803092957E-001,
2.689633333333334E+009,-1.924904733896256E-001,9.511078149080277E-002,-3.825597763061523E-001,-8.843318819999695E-001,-1.924904733896256E-001,9.511078149080277E-002,-3.825597763061523E-001,-8.843318819999695E-001,
2.698000000000000E+009,-2.144949138164520E-001,1.199739724397659E-001,-3.918696641921997E-001,-8.662773370742798E-001,-2.144949138164520E-001,1.199739724397659E-001,-3.918696641921997E-001,-8.662773370742798E-001,
2.706366666666667E+009,-2.190075665712357E-001,1.553478538990021E-001,-4.176437258720398E-001,-8.461128473281860E-001,-2.190075665712357E-001,1.553478538990021E-001,-4.176437258720398E-001,-8.461128473281860E-001,
2.714733333333334E+009,-2.069989889860153E-001,1.894153356552124E-001,-4.297378957271576E-001,-8.442363739013672E-001,-2.069989889860153E-001,1.894153356552124E-001,-4.297378957271576E-001,-8.442363739013672E-001,
2.723100000000000E+009,-1.762610375881195E-001,2.170235514640808E-001,-4.455088078975678E-001,-8.311307430267334E-001,-1.762610375881195E-001,2.170235514640808E-001,-4.455088078975678E-001,-8.311307430267334E-001,
2.731466666666667E+009,-1.358590871095657E-001,2.292762249708176E-001,-4.656027257442474E-001,-8.278408646583557E-001,-1.358590871095657E-001,2.292762249708176E-001,-4.656027257442474E-001,-8.278408646583557E-001,
2.739833333333334E+009,-9.727576375007629E-002,2.221465855836868E-001,-4.847571849822998E-001,-8.181772232055664E-001,-9.727576375007629E-002,2.221465855836868E-001,-4.847571849822998E-001,-8.181772232055664E-001,
2.748200000000000E+009,-7.097537815570831E-002,2.020412236452103E-001,-5.088505744934082E-001,-8.128063082695007E-001,-7.097537815570831E-002,2.020412236452103E-001,-5.088505744934082E-001,-8.128063082695007E-001,
2.756566666666667E+009,-6.248806416988373E-002,1.733786314725876E-001,-5.368267893791199E-001,-8.039222359657288E-001,-6.248806416988373E-002,1.733786314725876E-001,-5.368267893791199E-001,-8.039222359657288E-001,
2.764933333333334E+009,-7.429783046245575E-002,1.478440016508102E-001,-5.688404440879822E-001,-7.930825948715210E-001,-7.429783046245575E-002,1.478440016508102E-001,-5.688404440879822E-001,-7.930825948715210E-001,
2.773300000000000E+009,-9.941450506448746E-002,1.335638016462326E-001,-5.887158513069153E-001,-7.700973153114319E-001,-9.941450506448746E-002,1.335638016462326E-001,-5.887158513069153E-001,-7.700973153114319E-001,
2.781666666666667E+009,-1.319777518510819E-001,1.417541205883026E-001,-6.072829961776733E-001,-7.469787597656250E-001,-1.319777518510819E-001,1.417541205883026E-001,-6.072829961776733E-001,-7.469787597656250E-001,
2.790033333333334E+009,-1.548114717006683E-001,1.632114499807358E-001,-6.261644363403320E-001,-7.286671400070190E-001,-1.548114717006683E-001,1.632114499807358E-001,-6.261644363403320E-001,-7.286671400070190E-001,
2.798400000000000E+009,-1.631578207015991E-001,1.958809792995453E-001,-6.391741037368774E-001,-7.132818102836609E-001,-1.631578207015991E-001,1.958809792995453E-001,-6.391741037368774E-001,-7.132818102836609E-001,
2.806766666666667E+009,-1.484343409538269E-001,2.294207066297531E-001,-6.487457156181335E-001,-6.902827620506287E-001,-1.484343409538269E-001,2.294207066297531E-001,-6.487457156181335E-001,-6.902827620506287E-001,
2.815133333333334E+009,-1.204352676868439E-001,2.514798641204834E-001,-6.604728102684021E-001,-6.778417825698853E-001,-1.204352676868439E-001,2.514798641204834E-001,-6.604728102684021E-001,-6.778417825698853E-001,
2.823500000000000E+009,-8.056213706731796E-002,2.609109580516815E-001,-6.764710545539856E-001,-6.659319400787354E-001,-8.056213706731796E-002,2.609109580516815E-001,-6.764710545539856E-001,-6.659319400787354E-001,
2.831866666666667E+009,-4.283705726265907E-002,2.506104111671448E-001,-6.900593638420105E-001,-6.541406512260437E-001,-4.283705726265907E-002,2.506104111671448E-001,-6.900593638420105E-001,-6.541406512260437E-001,
2.840233333333334E+009,-1.413395069539547E-002,2.271535843610764E-001,-7.137646079063416E-001,-6.428099274635315E-001,-1.413395069539547E-002,2.271535843610764E-001,-7.137646079063416E-001,-6.428099274635315E-001,
2.848600000000000E+009,-2.991710789501667E-003,1.974660158157349E-001,-7.324963808059692E-001,-6.237999796867371E-001,-2.991710789501667E-003,1.974660158157349E-001,-7.324963808059692E-001,-6.237999796867371E-001,
2.856966666666667E+009,-1.233926415443420E-002,1.713960021734238E-001,-7.558079957962036E-001,-6.053565740585327E-001,-1.233926415443420E-002,1.713960021734238E-001,-7.558079957962036E-001,-6.053565740585327E-001,
2.865333333333334E+009,-3.794575110077858E-002,1.578186154365540E-001,-7.772391438484192E-001,-5.844499468803406E-001,-3.794575110077858E-002,1.578186154365540E-001,-7.772391438484192E-001,-5.844499468803406E-001,
2.873700000000000E+009,-7.073287665843964E-002,1.630492657423019E-001,-7.922281622886658E-001,-5.520436763763428E-001,-7.073287665843964E-002,1.630492657423019E-001,-7.922281622886658E-001,-5.520436763763428E-001,
2.882066666666667E+009,-9.460484981536865E-002,1.869933009147644E-001,-8.024299740791321E-001,-5.222166776657105E-001,-9.460484981536865E-002,1.869933009147644E-001,-8.024299740791321E-001,-5.222166776657105E-001,
2.890433333333334E+009,-1.033004522323608E-001,2.216966152191162E-001,-8.095070123672485E-001,-4.997231066226959E-001,-1.033004522323608E-001,2.216966152191162E-001,-8.095070123672485E-001,-4.997231066226959E-001,
2.898800000000000E+009,-9.075002372264862E-002,2.563611268997192E-001,-8.126989603042603E-001,-4.830694496631622E-001,-9.075002372264862E-002,2.563611268997192E-001,-8.126989603042603E-001,-4.830694496631622E-001,
2.907166666666667E+009,-6.094345077872276E-002,2.791368663311005E-001,-8.152549862861633E-001,-4.703061580657959E-001,-6.094345077872276E-002,2.791368663311005E-001,-8.152549862861633E-001,-4.703061580657959E-001,
2.915533333333334E+009,-1.812179386615753E-002,2.865423262119293E-001,-8.284590244293213E-001,-4.460739195346832E-001,-1.812179386615753E-002,2.865423262119293E-001,-8.284590244293213E-001,-4.460739195346832E-001,
2.923900000000000E+009,2.113802544772625E-002,2.738496065139771E-001,-8.375828266143799E-001,-4.385369420051575E-001,2.113802544772625E-002,2.738496065139771E-001,-8.375828266143799E-001,-4.385369420051575E-001,
2.932266666666667E+009,5.187350139021874E-002,2.473936527967453E-001,-8.517743349075317E-001,-4.238037467002869E-001,5.187350139021874E-002,2.473936527967453E-001,-8.517743349075317E-001,-4.238037467002869E-001,
2.940633333333334E+009,6.456106156110764E-002,2.106393575668335E-001,-8.686175942420960E-001,-4.030228257179260E-001,6.456106156110764E-002,2.106393575668335E-001,-8.686175942420960E-001,-4.030228257179260E-001,
2.949000000000000E+009,5.671426653862000E-002,1.759951859712601E-001,-8.899690508842468E-001,-3.712497651576996E-001,5.671426653862000E-002,1.759951859712601E-001,-8.899690508842468E-001,-3.712497651576996E-001,
2.957366666666667E+009,3.245010226964951E-002,1.587400734424591E-001,-9.045929908752441E-001,-3.526938855648041E-001,3.245010226964951E-002,1.587400734424591E-001,-9.045929908752441E-001,-3.526938855648041E-001,
2.965733333333334E+009,-2.140500815585256E-003,1.614008545875549E-001,-9.172860383987427E-001,-3.213602006435394E-001,-2.140500815585256E-003,1.614008545875549E-001,-9.172860383987427E-001,-3.213602006435394E-001,
2.974100000000000E+009,-2.593885362148285E-002,1.854239851236343E-001,-9.224261045455933E-001,-2.817391753196716E-001,-2.593885362148285E-002,1.854239851236343E-001,-9.224261045455933E-001,-2.817391753196716E-001,
2.982466666666667E+009,-3.533155843615532E-002,2.213549762964249E-001,-9.244293570518494E-001,-2.547688484191895E-001,-3.533155843615532E-002,2.213549762964249E-001,-9.244293570518494E-001,-2.547688484191895E-001,
2.990833333333334E+009,-2.463365346193314E-002,2.577778697013855E-001,-9.170268177986145E-001,-2.386225312948227E-001,-2.463365346193314E-002,2.577778697013855E-001,-9.170268177986145E-001,-2.386225312948227E-001,
2.999200000000000E+009,6.428520660847426E-003,2.823461890220642E-001,-9.170306921005249E-001,-2.163751125335693E-001,6.428520660847426E-003,2.823461890220642E-001,-9.170306921005249E-001,-2.163751125335693E-001,
3.007566666666667E+009,4.708482325077057E-002,2.894353270530701E-001,-9.199033379554749E-001,-2.001844048500061E-001,4.708482325077057E-002,2.894353270530701E-001,-9.199033379554749E-001,-2.001844048500061E-001,
3.015933333333334E+009,8.999632298946381E-002,2.724283337593079E-001,-9.222868680953980E-001,-1.867744773626328E-001,8.999632298946381E-002,2.724283337593079E-001,-9.222868680953980E-001,-1.867744773626328E-001,
3.024300000000000E+009,1.200246140360832E-001,2.408756613731384E-001,-9.323136806488037E-001,-1.710902750492096E-001,1.200246140360832E-001,2.408756613731384E-001,-9.323136806488037E-001,-1.710902750492096E-001,
3.032666666666667E+009,1.323935687541962E-001,1.977608203887940E-001,-9.422910809516907E-001,-1.460708379745483E-001,1.323935687541962E-001,1.977608203887940E-001,-9.422910809516907E-001,-1.460708379745483E-001,
3.041033333333334E+009,1.210888624191284E-001,1.588506549596787E-001,-9.530212283134460E-001,-1.224738657474518E-001,1.210888624191284E-001,1.588506549596787E-001,-9.530212283134460E-001,-1.224738657474518E-001,
3.049400000000000E+009,9.165008366107941E-002,1.369096934795380E-001,-9.627704620361328E-001,-8.693204075098038E-002,9.165008366107941E-002,1.369096934795380E-001,-9.627704620361328E-001,-8.693204075098038E-002,
3.057766666666667E+009,5.668285116553307E-002,1.387200206518173E-001,-9.720742702484131E-001,-6.945482641458511E-002,5.668285116553307E-002,1.387200206518173E-001,-9.720742702484131E-001,-6.945482641458511E-002,
3.066133333333334E+009,2.698269672691822E-002,1.637549102306366E-001,-9.648759961128235E-001,-2.584324963390827E-002,2.698269672691822E-002,1.637549102306366E-001,-9.648759961128235E-001,-2.584324963390827E-002,
3.074500000000000E+009,1.808314397931099E-002,2.042034715414047E-001,-9.619424939155579E-001,5.192275159060955E-003,1.808314397931099E-002,2.042034715414047E-001,-9.619424939155579E-001,5.192275159060955E-003,
3.082866666666667E+009,3.244451060891151E-002,2.438798248767853E-001,-9.516606330871582E-001,2.623780630528927E-002,3.244451060891151E-002,2.438798248767853E-001,-9.516606330871582E-001,2.623780630528927E-002,
3.091233333333334E+009,6.933389604091644E-002,2.737482786178589E-001,-9.412039518356323E-001,5.448323860764504E-002,6.933389604091644E-002,2.737482786178589E-001,-9.412039518356323E-001,5.448323860764504E-002,
3.099600000000000E+009,1.160060018301010E-001,2.785805761814117E-001,-9.322671294212341E-001,6.463857740163803E-002,1.160060018301010E-001,2.785805761814117E-001,-9.322671294212341E-001,6.463857740163803E-002,
3.107966666666667E+009,1.640796214342117E-001,2.575453817844391E-001,-9.342187047004700E-001,7.374182343482971E-002,1.640796214342117E-001,2.575453817844391E-001,-9.342187047004700E-001,7.374182343482971E-002,
3.116333333333334E+009,1.981696486473084E-001,2.172144055366516E-001,-9.373360276222229E-001,9.421173483133316E-002,1.981696486473084E-001,2.172144055366516E-001,-9.373360276222229E-001,9.421173483133316E-002,
3.124700000000000E+009,2.071440964937210E-001,1.652899384498596E-001,-9.439195394515991E-001,1.063423380255699E-001,2.071440964937210E-001,1.652899384498596E-001,-9.439195394515991E-001,1.063423380255699E-001,
3.133066666666667E+009,1.926678419113159E-001,1.170900464057922E-001,-9.535489678382874E-001,1.374486088752747E-001,1.926678419113159E-001,1.170900464057922E-001,-9.535489678382874E-001,1.374486088752747E-001,
3.141433333333334E+009,1.576133221387863E-001,8.415708690881729E-002,-9.568912386894226E-001,1.657912284135819E-001,1.576133221387863E-001,8.415708690881729E-002,-9.568912386894226E-001,1.657912284135819E-001,
3.149800000000000E+009,1.110906675457954E-001,8.106064796447754E-002,-9.566442966461182E-001,2.057842463254929E-001,1.110906675457954E-001,8.106064796447754E-002,-9.566442966461182E-001,2.057842463254929E-001,
3.158166666666667E+009,7.306007295846939E-002,1.064881905913353E-001,-9.428064823150635E-001,2.422367781400681E-001,7.306007295846939E-002,1.064881905913353E-001,-9.428064823150635E-001,2.422367781400681E-001,
3.166533333333334E+009,5.797284096479416E-002,1.504146754741669E-001,-9.314303994178772E-001,2.705000042915344E-001,5.797284096479416E-002,1.504146754741669E-001,-9.314303994178772E-001,2.705000042915344E-001,
3.174900000000000E+009,6.885396689176559E-002,1.978436261415482E-001,-9.138278961181641E-001,2.951477468013763E-001,6.885396689176559E-002,1.978436261415482E-001,-9.138278961181641E-001,2.951477468013763E-001,
3.183266666666667E+009,1.056023836135864E-001,2.322492599487305E-001,-8.936495780944824E-001,3.115968108177185E-001,1.056023836135864E-001,2.322492599487305E-001,-8.936495780944824E-001,3.115968108177185E-001,
3.191633333333334E+009,1.547038853168488E-001,2.400895953178406E-001,-8.786407709121704E-001,3.271446526050568E-001,1.547038853168488E-001,2.400895953178406E-001,-8.786407709121704E-001,3.271446526050568E-001,
3.200000000000000E+009,2.018255591392517E-001,2.191163152456284E-001,-8.741129636764526E-001,3.348817527294159E-001,2.018255591392517E-001,2.191163152456284E-001,-8.741129636764526E-001,3.348817527294159E-001,
