% Version 1.00
%
%freq[Hz],re:Trc1_S11,im:Trc1_S11,re:Trc2_S21,im:Trc2_S21,re:Trc3_S11,im:Trc3_S11,re:Trc4_S21,im:Trc4_S21,
6.900000000000000E+008,-5.724092945456505E-002,7.902678847312927E-002,-4.756675064563751E-001,-8.565497398376465E-001,-5.724092945456505E-002,7.902678847312927E-002,-4.756675064563751E-001,-8.565497398376465E-001,
6.983666666666666E+008,-4.780622571706772E-002,7.956953346729279E-002,-4.940813779830933E-001,-8.404864668846130E-001,-4.780622571706772E-002,7.956953346729279E-002,-4.940813779830933E-001,-8.404864668846130E-001,
7.067333333333334E+008,-4.038386791944504E-002,7.675636559724808E-002,-5.232595205307007E-001,-8.153815865516663E-001,-4.038386791944504E-002,7.675636559724808E-002,-5.232595205307007E-001,-8.153815865516663E-001,
7.151000000000000E+008,-4.019694775342941E-002,6.801484525203705E-002,-5.312970876693726E-001,-8.088433742523193E-001,-4.019694775342941E-002,6.801484525203705E-002,-5.312970876693726E-001,-8.088433742523193E-001,
7.234666666666666E+008,-3.846979141235352E-002,6.231315061450005E-002,-5.763974785804749E-001,-7.964977025985718E-001,-3.846979141235352E-002,6.231315061450005E-002,-5.763974785804749E-001,-7.964977025985718E-001,
7.318333333333334E+008,-4.479844868183136E-002,5.877808853983879E-002,-5.798062682151794E-001,-7.923651337623596E-001,-4.479844868183136E-002,5.877808853983879E-002,-5.798062682151794E-001,-7.923651337623596E-001,
7.402000000000000E+008,-5.144559219479561E-002,6.014315411448479E-002,-6.097821593284607E-001,-7.691507339477539E-001,-5.144559219479561E-002,6.014315411448479E-002,-6.097821593284607E-001,-7.691507339477539E-001,
7.485666666666666E+008,-5.557919293642044E-002,6.482636928558350E-002,-6.330741047859192E-001,-7.321755290031433E-001,-5.557919293642044E-002,6.482636928558350E-002,-6.330741047859192E-001,-7.321755290031433E-001,
7.569333333333334E+008,-5.543512850999832E-002,7.296116650104523E-002,-6.469083428382874E-001,-7.334464192390442E-001,-5.543512850999832E-002,7.296116650104523E-002,-6.469083428382874E-001,-7.334464192390442E-001,
7.653000000000000E+008,-5.119546502828598E-002,8.164544403553009E-002,-6.544097065925598E-001,-7.259352803230286E-001,-5.119546502828598E-002,8.164544403553009E-002,-6.544097065925598E-001,-7.259352803230286E-001,
7.736666666666666E+008,-4.268514364957809E-002,8.993038535118103E-002,-6.793273687362671E-001,-7.165730595588684E-001,-4.268514364957809E-002,8.993038535118103E-002,-6.793273687362671E-001,-7.165730595588684E-001,
7.820333333333334E+008,-3.522457554936409E-002,9.348549693822861E-002,-7.037997841835022E-001,-6.940718889236450E-001,-3.522457554936409E-002,9.348549693822861E-002,-7.037997841835022E-001,-6.940718889236450E-001,
7.904000000000000E+008,-2.500058524310589E-002,9.200973063707352E-002,-7.173392772674561E-001,-6.715240478515625E-001,-2.500058524310589E-002,9.200973063707352E-002,-7.173392772674561E-001,-6.715240478515625E-001,
7.987666666666666E+008,-1.629137620329857E-002,8.762046694755554E-002,-7.318030595779419E-001,-6.517220139503479E-001,-1.629137620329857E-002,8.762046694755554E-002,-7.318030595779419E-001,-6.517220139503479E-001,
8.071333333333334E+008,-1.515123527497053E-002,8.302406966686249E-002,-7.459526062011719E-001,-6.369865536689758E-001,-1.515123527497053E-002,8.302406966686249E-002,-7.459526062011719E-001,-6.369865536689758E-001,
8.155000000000000E+008,-1.815811172127724E-002,7.555672526359558E-002,-7.555317282676697E-001,-5.916508436203003E-001,-1.815811172127724E-002,7.555672526359558E-002,-7.555317282676697E-001,-5.916508436203003E-001,
8.238666666666666E+008,-2.159888856112957E-002,7.251432538032532E-002,-7.893291115760803E-001,-5.971779227256775E-001,-2.159888856112957E-002,7.251432538032532E-002,-7.893291115760803E-001,-5.971779227256775E-001,
8.322333333333334E+008,-2.921559475362301E-002,7.433053851127625E-002,-8.000509738922119E-001,-5.683774948120117E-001,-2.921559475362301E-002,7.433053851127625E-002,-8.000509738922119E-001,-5.683774948120117E-001,
8.406000000000000E+008,-3.276233002543449E-002,7.724940031766892E-002,-8.133010864257813E-001,-5.551690459251404E-001,-3.276233002543449E-002,7.724940031766892E-002,-8.133010864257813E-001,-5.551690459251404E-001,
8.489666666666668E+008,-3.259157761931419E-002,8.494140952825546E-002,-8.328995704650879E-001,-5.281121134757996E-001,-3.259157761931419E-002,8.494140952825546E-002,-8.328995704650879E-001,-5.281121134757996E-001,
8.573333333333334E+008,-2.831191569566727E-002,9.168321639299393E-002,-8.381942510604858E-001,-5.113641023635864E-001,-2.831191569566727E-002,9.168321639299393E-002,-8.381942510604858E-001,-5.113641023635864E-001,
8.657000000000000E+008,-2.059913799166679E-002,1.000670567154884E-001,-8.536692857742310E-001,-4.828242659568787E-001,-2.059913799166679E-002,1.000670567154884E-001,-8.536692857742310E-001,-4.828242659568787E-001,
8.740666666666668E+008,-1.132764946669340E-002,1.046238541603088E-001,-8.478469252586365E-001,-4.631604254245758E-001,-1.132764946669340E-002,1.046238541603088E-001,-8.478469252586365E-001,-4.631604254245758E-001,
8.824333333333334E+008,-7.809955859556794E-004,1.030926033854485E-001,-8.813263177871704E-001,-4.340103268623352E-001,-7.809955859556794E-004,1.030926033854485E-001,-8.813263177871704E-001,-4.340103268623352E-001,
8.908000000000000E+008,8.595515042543411E-003,1.022252216935158E-001,-8.913880586624146E-001,-4.292033314704895E-001,8.595515042543411E-003,1.022252216935158E-001,-8.913880586624146E-001,-4.292033314704895E-001,
8.991666666666668E+008,1.240553893148899E-002,9.556580334901810E-002,-9.052608013153076E-001,-4.002735018730164E-001,1.240553893148899E-002,9.556580334901810E-002,-9.052608013153076E-001,-4.002735018730164E-001,
9.075333333333334E+008,1.348915044218302E-002,9.007360041141510E-002,-9.007932543754578E-001,-3.772711455821991E-001,1.348915044218302E-002,9.007360041141510E-002,-9.007932543754578E-001,-3.772711455821991E-001,
9.159000000000000E+008,1.301598921418190E-002,8.392833918333054E-002,-9.127069115638733E-001,-3.680616915225983E-001,1.301598921418190E-002,8.392833918333054E-002,-9.127069115638733E-001,-3.680616915225983E-001,
9.242666666666668E+008,8.833874948322773E-003,7.811763137578964E-002,-9.243625402450562E-001,-3.415816128253937E-001,8.833874948322773E-003,7.811763137578964E-002,-9.243625402450562E-001,-3.415816128253937E-001,
9.326333333333334E+008,4.690802656114101E-003,7.849568873643875E-002,-9.313600659370422E-001,-3.081467449665070E-001,4.690802656114101E-003,7.849568873643875E-002,-9.313600659370422E-001,-3.081467449665070E-001,
9.410000000000000E+008,-2.645076601766050E-004,8.363809436559677E-002,-9.370026588439941E-001,-2.810254395008087E-001,-2.645076601766050E-004,8.363809436559677E-002,-9.370026588439941E-001,-2.810254395008087E-001,
9.493666666666668E+008,-4.458924813661724E-004,8.967933058738709E-002,-9.440494179725647E-001,-2.711805999279022E-001,-4.458924813661724E-004,8.967933058738709E-002,-9.440494179725647E-001,-2.711805999279022E-001,
9.577333333333334E+008,3.819932462647557E-003,9.660422801971436E-002,-9.685146808624268E-001,-2.273598462343216E-001,3.819932462647557E-003,9.660422801971436E-002,-9.685146808624268E-001,-2.273598462343216E-001,
9.661000000000000E+008,1.284666545689106E-002,1.023988723754883E-001,-9.547801613807678E-001,-2.133369743824005E-001,1.284666545689106E-002,1.023988723754883E-001,-9.547801613807678E-001,-2.133369743824005E-001,
9.744666666666668E+008,2.260013855993748E-002,1.061727553606033E-001,-9.667664170265198E-001,-1.810684800148010E-001,2.260013855993748E-002,1.061727553606033E-001,-9.667664170265198E-001,-1.810684800148010E-001,
9.828333333333334E+008,3.672372549772263E-002,1.031419783830643E-001,-9.608862400054932E-001,-1.557794511318207E-001,3.672372549772263E-002,1.031419783830643E-001,-9.608862400054932E-001,-1.557794511318207E-001,
9.912000000000000E+008,4.696205258369446E-002,9.921777993440628E-002,-9.735688567161560E-001,-1.454684734344482E-001,4.696205258369446E-002,9.921777993440628E-002,-9.735688567161560E-001,-1.454684734344482E-001,
9.995666666666668E+008,5.201717093586922E-002,8.887595683336258E-002,-9.773125052452087E-001,-1.089453846216202E-001,5.201717093586922E-002,8.887595683336258E-002,-9.773125052452087E-001,-1.089453846216202E-001,
1.007933333333333E+009,5.294357612729073E-002,8.020751178264618E-002,-9.855956435203552E-001,-8.962682634592056E-002,5.294357612729073E-002,8.020751178264618E-002,-9.855956435203552E-001,-8.962682634592056E-002,
1.016300000000000E+009,4.751359671354294E-002,6.961641460657120E-002,-9.853549599647522E-001,-6.495638191699982E-002,4.751359671354294E-002,6.961641460657120E-002,-9.853549599647522E-001,-6.495638191699982E-002,
1.024666666666667E+009,3.916425630450249E-002,6.797395646572113E-002,-9.864893555641174E-001,-4.296497255563736E-002,3.916425630450249E-002,6.797395646572113E-002,-9.864893555641174E-001,-4.296497255563736E-002,
1.033033333333333E+009,3.206839412450790E-002,6.778153032064438E-002,-9.658982753753662E-001,-2.537367399781942E-003,3.206839412450790E-002,6.778153032064438E-002,-9.658982753753662E-001,-2.537367399781942E-003,
1.041400000000000E+009,2.744632773101330E-002,7.256140559911728E-002,-9.744228720664978E-001,1.620791852474213E-002,2.744632773101330E-002,7.256140559911728E-002,-9.744228720664978E-001,1.620791852474213E-002,
1.049766666666667E+009,2.671471051871777E-002,8.067738264799118E-002,-9.826129078865051E-001,3.903247043490410E-002,2.671471051871777E-002,8.067738264799118E-002,-9.826129078865051E-001,3.903247043490410E-002,
1.058133333333333E+009,3.448211029171944E-002,8.863431960344315E-002,-9.783906936645508E-001,6.661223620176315E-002,3.448211029171944E-002,8.863431960344315E-002,-9.783906936645508E-001,6.661223620176315E-002,
1.066500000000000E+009,4.669223725795746E-002,9.262500703334808E-002,-9.621778726577759E-001,9.535698592662811E-002,4.669223725795746E-002,9.262500703334808E-002,-9.621778726577759E-001,9.535698592662811E-002,
1.074866666666667E+009,5.887085944414139E-002,8.829950541257858E-002,-9.718982577323914E-001,1.248393654823303E-001,5.887085944414139E-002,8.829950541257858E-002,-9.718982577323914E-001,1.248393654823303E-001,
1.083233333333334E+009,7.211935520172119E-002,8.369079977273941E-002,-9.707866907119751E-001,1.415434479713440E-001,7.211935520172119E-002,8.369079977273941E-002,-9.707866907119751E-001,1.415434479713440E-001,
1.091600000000000E+009,7.650008797645569E-002,7.032801955938339E-002,-9.626535773277283E-001,1.743480712175369E-001,7.650008797645569E-002,7.032801955938339E-002,-9.626535773277283E-001,1.743480712175369E-001,
1.099966666666667E+009,7.833491265773773E-002,5.746674537658691E-002,-9.594504237174988E-001,1.915203630924225E-001,7.833491265773773E-002,5.746674537658691E-002,-9.594504237174988E-001,1.915203630924225E-001,
1.108333333333334E+009,7.053481787443161E-002,4.623163864016533E-002,-9.695191383361816E-001,2.155601531267166E-001,7.053481787443161E-002,4.623163864016533E-002,-9.695191383361816E-001,2.155601531267166E-001,
1.116700000000000E+009,5.881424248218536E-002,4.502334445714951E-002,-9.585251808166504E-001,2.492493987083435E-001,5.881424248218536E-002,4.502334445714951E-002,-9.585251808166504E-001,2.492493987083435E-001,
1.125066666666667E+009,4.647908732295036E-002,4.546164348721504E-002,-9.425438642501831E-001,2.683201730251312E-001,4.647908732295036E-002,4.546164348721504E-002,-9.425438642501831E-001,2.683201730251312E-001,
1.133433333333334E+009,3.524262085556984E-002,5.648474022746086E-002,-9.381485581398010E-001,2.893335819244385E-001,3.524262085556984E-002,5.648474022746086E-002,-9.381485581398010E-001,2.893335819244385E-001,
1.141800000000000E+009,3.576362133026123E-002,6.864903867244721E-002,-9.262669086456299E-001,3.156382143497467E-001,3.576362133026123E-002,6.864903867244721E-002,-9.262669086456299E-001,3.156382143497467E-001,
1.150166666666667E+009,4.149104282259941E-002,8.063542097806931E-002,-9.202414155006409E-001,3.454764187335968E-001,4.149104282259941E-002,8.063542097806931E-002,-9.202414155006409E-001,3.454764187335968E-001,
1.158533333333334E+009,5.965477228164673E-002,8.771062642335892E-002,-9.097732901573181E-001,3.681195974349976E-001,5.965477228164673E-002,8.771062642335892E-002,-9.097732901573181E-001,3.681195974349976E-001,
1.166900000000000E+009,7.870150357484818E-002,8.596322685480118E-002,-9.008055329322815E-001,3.945338428020477E-001,7.870150357484818E-002,8.596322685480118E-002,-9.008055329322815E-001,3.945338428020477E-001,
1.175266666666667E+009,9.446264803409576E-002,7.544236630201340E-002,-8.823311924934387E-001,4.078256487846375E-001,9.446264803409576E-002,7.544236630201340E-002,-8.823311924934387E-001,4.078256487846375E-001,
1.183633333333334E+009,1.069900020956993E-001,5.983518809080124E-002,-8.759042620658875E-001,4.350551962852478E-001,1.069900020956993E-001,5.983518809080124E-002,-8.759042620658875E-001,4.350551962852478E-001,
1.192000000000000E+009,1.088492795825005E-001,4.173300415277481E-002,-8.720350861549377E-001,4.613831639289856E-001,1.088492795825005E-001,4.173300415277481E-002,-8.720350861549377E-001,4.613831639289856E-001,
1.200366666666667E+009,9.899902343750000E-002,2.356869541108608E-002,-8.578985929489136E-001,4.794487357139587E-001,9.899902343750000E-002,2.356869541108608E-002,-8.578985929489136E-001,4.794487357139587E-001,
1.208733333333334E+009,8.151113986968994E-002,1.404159422963858E-002,-8.513495922088623E-001,5.079191327095032E-001,8.151113986968994E-002,1.404159422963858E-002,-8.513495922088623E-001,5.079191327095032E-001,
1.217100000000000E+009,6.302724033594132E-002,1.549362391233444E-002,-8.237667083740234E-001,5.240497589111328E-001,6.302724033594132E-002,1.549362391233444E-002,-8.237667083740234E-001,5.240497589111328E-001,
1.225466666666667E+009,5.122008547186852E-002,2.601139619946480E-002,-8.243479132652283E-001,5.499807596206665E-001,5.122008547186852E-002,2.601139619946480E-002,-8.243479132652283E-001,5.499807596206665E-001,
1.233833333333334E+009,4.884099960327148E-002,4.070984199643135E-002,-8.039621710777283E-001,5.705246329307556E-001,4.884099960327148E-002,4.070984199643135E-002,-8.039621710777283E-001,5.705246329307556E-001,
1.242200000000000E+009,5.420359224081039E-002,5.498711764812470E-002,-7.760956287384033E-001,5.919337272644043E-001,5.420359224081039E-002,5.498711764812470E-002,-7.760956287384033E-001,5.919337272644043E-001,
1.250566666666667E+009,6.912978738546372E-002,6.464657187461853E-002,-7.784205079078674E-001,6.183516383171082E-001,6.912978738546372E-002,6.464657187461853E-002,-7.784205079078674E-001,6.183516383171082E-001,
1.258933333333334E+009,8.961781114339829E-002,6.489732861518860E-002,-7.583494782447815E-001,6.268445849418640E-001,8.961781114339829E-002,6.489732861518860E-002,-7.583494782447815E-001,6.268445849418640E-001,
1.267300000000000E+009,1.071916520595551E-001,5.188275128602982E-002,-7.344929575920105E-001,6.443902850151062E-001,1.071916520595551E-001,5.188275128602982E-002,-7.344929575920105E-001,6.443902850151062E-001,
1.275666666666667E+009,1.182868033647537E-001,3.436511009931564E-002,-7.299823760986328E-001,6.490089297294617E-001,1.182868033647537E-001,3.436511009931564E-002,-7.299823760986328E-001,6.490089297294617E-001,
1.284033333333334E+009,1.197521090507507E-001,1.154853962361813E-002,-6.996028423309326E-001,6.998912096023560E-001,1.197521090507507E-001,1.154853962361813E-002,-6.996028423309326E-001,6.998912096023560E-001,
1.292400000000000E+009,1.073970943689346E-001,-7.302611134946346E-003,-6.947041749954224E-001,6.990274786949158E-001,1.073970943689346E-001,-7.302611134946346E-003,-6.947041749954224E-001,6.990274786949158E-001,
1.300766666666667E+009,8.912318199872971E-002,-1.577402278780937E-002,-6.781235933303833E-001,7.182049751281738E-001,8.912318199872971E-002,-1.577402278780937E-002,-6.781235933303833E-001,7.182049751281738E-001,
1.309133333333334E+009,6.873965263366699E-002,-1.379620097577572E-002,-6.628978252410889E-001,7.450041770935059E-001,6.873965263366699E-002,-1.379620097577572E-002,-6.628978252410889E-001,7.450041770935059E-001,
1.317500000000000E+009,5.399979650974274E-002,-1.877305097877979E-003,-6.303893327713013E-001,7.724527120590210E-001,5.399979650974274E-002,-1.877305097877979E-003,-6.303893327713013E-001,7.724527120590210E-001,
1.325866666666667E+009,4.859630763530731E-002,1.389153674244881E-002,-6.120210289955139E-001,7.706936001777649E-001,4.859630763530731E-002,1.389153674244881E-002,-6.120210289955139E-001,7.706936001777649E-001,
1.334233333333334E+009,5.531890690326691E-002,3.209280595183373E-002,-5.903827548027039E-001,7.839502692222595E-001,5.531890690326691E-002,3.209280595183373E-002,-5.903827548027039E-001,7.839502692222595E-001,
1.342600000000000E+009,7.196612656116486E-002,3.750682622194290E-002,-5.769595503807068E-001,8.020937442779541E-001,7.196612656116486E-002,3.750682622194290E-002,-5.769595503807068E-001,8.020937442779541E-001,
1.350966666666667E+009,8.969575911760330E-002,3.609249368309975E-002,-5.474311113357544E-001,8.219189643859863E-001,8.969575911760330E-002,3.609249368309975E-002,-5.474311113357544E-001,8.219189643859863E-001,
1.359333333333334E+009,1.053710505366325E-001,2.295336686074734E-002,-5.269784331321716E-001,8.311758637428284E-001,1.053710505366325E-001,2.295336686074734E-002,-5.269784331321716E-001,8.311758637428284E-001,
1.367700000000000E+009,1.123084649443626E-001,1.970293698832393E-003,-5.111410021781921E-001,8.390758037567139E-001,1.123084649443626E-001,1.970293698832393E-003,-5.111410021781921E-001,8.390758037567139E-001,
1.376066666666667E+009,1.061426624655724E-001,-2.157810330390930E-002,-4.854402244091034E-001,8.503043651580811E-001,1.061426624655724E-001,-2.157810330390930E-002,-4.854402244091034E-001,8.503043651580811E-001,
1.384433333333334E+009,9.075826406478882E-002,-3.568911924958229E-002,-4.765813350677490E-001,8.636237382888794E-001,9.075826406478882E-002,-3.568911924958229E-002,-4.765813350677490E-001,8.636237382888794E-001,
1.392800000000000E+009,6.681095808744431E-002,-3.938865661621094E-002,-4.538795650005341E-001,8.679189682006836E-001,6.681095808744431E-002,-3.938865661621094E-002,-4.538795650005341E-001,8.679189682006836E-001,
1.401166666666667E+009,4.894018545746803E-002,-3.137649223208427E-002,-4.212385118007660E-001,8.979119658470154E-001,4.894018545746803E-002,-3.137649223208427E-002,-4.212385118007660E-001,8.979119658470154E-001,
1.409533333333334E+009,3.625831753015518E-002,-1.182699110358954E-002,-3.980255126953125E-001,9.088865518569946E-001,3.625831753015518E-002,-1.182699110358954E-002,-3.980255126953125E-001,9.088865518569946E-001,
1.417900000000000E+009,3.488236665725708E-002,9.410210885107517E-003,-3.581376075744629E-001,9.009970426559448E-001,3.488236665725708E-002,9.410210885107517E-003,-3.581376075744629E-001,9.009970426559448E-001,
1.426266666666667E+009,4.577883705496788E-002,2.806806005537510E-002,-3.523622453212738E-001,9.306166172027588E-001,4.577883705496788E-002,2.806806005537510E-002,-3.523622453212738E-001,9.306166172027588E-001,
1.434633333333334E+009,6.452870368957520E-002,3.452086076140404E-002,-3.212438821792603E-001,9.239239096641541E-001,6.452870368957520E-002,3.452086076140404E-002,-3.212438821792603E-001,9.239239096641541E-001,
1.443000000000000E+009,8.691900968551636E-002,3.142380341887474E-002,-2.947764992713928E-001,9.358239769935608E-001,8.691900968551636E-002,3.142380341887474E-002,-2.947764992713928E-001,9.358239769935608E-001,
1.451366666666667E+009,1.026197895407677E-001,1.480853743851185E-002,-2.763454318046570E-001,9.428764581680298E-001,1.026197895407677E-001,1.480853743851185E-002,-2.763454318046570E-001,9.428764581680298E-001,
1.459733333333334E+009,1.083869934082031E-001,-6.516583263874054E-003,-2.601361870765686E-001,9.452489018440247E-001,1.083869934082031E-001,-6.516583263874054E-003,-2.601361870765686E-001,9.452489018440247E-001,
1.468100000000000E+009,1.025595441460609E-001,-2.817348390817642E-002,-2.262295633554459E-001,9.520590305328369E-001,1.025595441460609E-001,-2.817348390817642E-002,-2.262295633554459E-001,9.520590305328369E-001,
1.476466666666667E+009,8.558908104896545E-002,-4.272662475705147E-002,-2.057834416627884E-001,9.681575894355774E-001,8.558908104896545E-002,-4.272662475705147E-002,-2.057834416627884E-001,9.681575894355774E-001,
1.484833333333334E+009,6.322865933179855E-002,-4.596481099724770E-002,-1.729843169450760E-001,9.689847230911255E-001,6.322865933179855E-002,-4.596481099724770E-002,-1.729843169450760E-001,9.689847230911255E-001,
1.493200000000000E+009,4.641406610608101E-002,-3.668607026338577E-002,-1.579026728868485E-001,9.733936190605164E-001,4.641406610608101E-002,-3.668607026338577E-002,-1.579026728868485E-001,9.733936190605164E-001,
1.501566666666667E+009,3.604098781943321E-002,-1.791264303028584E-002,-1.252221763134003E-001,9.755581021308899E-001,3.604098781943321E-002,-1.791264303028584E-002,-1.252221763134003E-001,9.755581021308899E-001,
1.509933333333334E+009,3.621533140540123E-002,4.109196364879608E-003,-1.081113293766975E-001,9.805654287338257E-001,3.621533140540123E-002,4.109196364879608E-003,-1.081113293766975E-001,9.805654287338257E-001,
1.518300000000000E+009,5.092455819249153E-002,2.011923491954804E-002,-7.993471622467041E-002,9.872356653213501E-001,5.092455819249153E-002,2.011923491954804E-002,-7.993471622467041E-002,9.872356653213501E-001,
1.526666666666667E+009,7.068308442831039E-002,2.632854320108891E-002,-4.643644019961357E-002,9.799528121948242E-001,7.068308442831039E-002,2.632854320108891E-002,-4.643644019961357E-002,9.799528121948242E-001,
1.535033333333334E+009,9.162225574254990E-002,2.185703441500664E-002,-2.396979369223118E-002,9.904634952545166E-001,9.162225574254990E-002,2.185703441500664E-002,-2.396979369223118E-002,9.904634952545166E-001,
1.543400000000000E+009,1.053477972745895E-001,4.900312982499600E-003,-3.556599607691169E-003,9.822890758514404E-001,1.053477972745895E-001,4.900312982499600E-003,-3.556599607691169E-003,9.822890758514404E-001,
1.551766666666667E+009,1.070141270756722E-001,-1.801300235092640E-002,1.877099461853504E-002,9.772188663482666E-001,1.070141270756722E-001,-1.801300235092640E-002,1.877099461853504E-002,9.772188663482666E-001,
1.560133333333334E+009,1.000605002045631E-001,-3.874666616320610E-002,4.140831157565117E-002,9.814177155494690E-001,1.000605002045631E-001,-3.874666616320610E-002,4.140831157565117E-002,9.814177155494690E-001,
1.568500000000000E+009,8.497818559408188E-002,-5.172572284936905E-002,5.827565491199493E-002,9.840673208236694E-001,8.497818559408188E-002,-5.172572284936905E-002,5.827565491199493E-002,9.840673208236694E-001,
1.576866666666667E+009,6.484402716159821E-002,-5.252255126833916E-002,1.005088761448860E-001,9.750517010688782E-001,6.484402716159821E-002,-5.252255126833916E-002,1.005088761448860E-001,9.750517010688782E-001,
1.585233333333334E+009,5.121923238039017E-002,-4.443090409040451E-002,1.160245835781097E-001,9.754428267478943E-001,5.121923238039017E-002,-4.443090409040451E-002,1.160245835781097E-001,9.754428267478943E-001,
1.593600000000000E+009,4.305609688162804E-002,-2.908162027597427E-002,1.446806937456131E-001,9.720461368560791E-001,4.305609688162804E-002,-2.908162027597427E-002,1.446806937456131E-001,9.720461368560791E-001,
1.601966666666667E+009,4.534228146076202E-002,-1.064717303961515E-002,1.661467105150223E-001,9.680332541465759E-001,4.534228146076202E-002,-1.064717303961515E-002,1.661467105150223E-001,9.680332541465759E-001,
1.610333333333334E+009,5.777367576956749E-002,1.514623523689807E-003,1.988832652568817E-001,9.618518948554993E-001,5.777367576956749E-002,1.514623523689807E-003,1.988832652568817E-001,9.618518948554993E-001,
1.618700000000000E+009,7.561375200748444E-002,4.845990333706141E-003,2.235765755176544E-001,9.581245183944702E-001,7.561375200748444E-002,4.845990333706141E-003,2.235765755176544E-001,9.581245183944702E-001,
1.627066666666667E+009,9.104979783296585E-002,-2.377511467784643E-003,2.477971315383911E-001,9.476007819175720E-001,9.104979783296585E-002,-2.377511467784643E-003,2.477971315383911E-001,9.476007819175720E-001,
1.635433333333334E+009,9.955091029405594E-002,-1.545745879411697E-002,2.732232213020325E-001,9.480065703392029E-001,9.955091029405594E-002,-1.545745879411697E-002,2.732232213020325E-001,9.480065703392029E-001,
1.643800000000000E+009,1.008077114820480E-001,-3.456798195838928E-002,2.857698202133179E-001,9.378803968429565E-001,1.008077114820480E-001,-3.456798195838928E-002,2.857698202133179E-001,9.378803968429565E-001,
1.652166666666667E+009,9.173699468374252E-002,-5.068190395832062E-002,3.205297887325287E-001,9.273205399513245E-001,9.173699468374252E-002,-5.068190395832062E-002,3.205297887325287E-001,9.273205399513245E-001,
1.660533333333334E+009,7.757320255041122E-002,-5.891428887844086E-002,3.364294171333313E-001,9.253497123718262E-001,7.757320255041122E-002,-5.891428887844086E-002,3.364294171333313E-001,9.253497123718262E-001,
1.668900000000000E+009,6.124299019575119E-002,-5.753050372004509E-002,3.624893724918366E-001,9.112352132797241E-001,6.124299019575119E-002,-5.753050372004509E-002,3.624893724918366E-001,9.112352132797241E-001,
1.677266666666667E+009,4.912804067134857E-002,-4.947731271386147E-002,3.994029760360718E-001,9.025353193283081E-001,4.912804067134857E-002,-4.947731271386147E-002,3.994029760360718E-001,9.025353193283081E-001,
1.685633333333334E+009,4.635932669043541E-002,-3.460910916328430E-002,4.164899289608002E-001,8.940641880035400E-001,4.635932669043541E-002,-3.460910916328430E-002,4.164899289608002E-001,8.940641880035400E-001,
1.694000000000000E+009,5.013570562005043E-002,-2.170110680162907E-002,4.323311746120453E-001,8.810793161392212E-001,5.013570562005043E-002,-2.170110680162907E-002,4.323311746120453E-001,8.810793161392212E-001,
1.702366666666667E+009,6.261320412158966E-002,-1.086565572768450E-002,4.565902650356293E-001,8.731573224067688E-001,6.261320412158966E-002,-1.086565572768450E-002,4.565902650356293E-001,8.731573224067688E-001,
1.710733333333334E+009,7.911215722560883E-002,-8.837628178298473E-003,4.773353040218353E-001,8.532683849334717E-001,7.911215722560883E-002,-8.837628178298473E-003,4.773353040218353E-001,8.532683849334717E-001,
1.719100000000000E+009,9.399793297052383E-002,-1.681490615010262E-002,5.021193027496338E-001,8.378422856330872E-001,9.399793297052383E-002,-1.681490615010262E-002,5.021193027496338E-001,8.378422856330872E-001,
1.727466666666667E+009,1.037513688206673E-001,-3.138365969061852E-002,5.199583172798157E-001,8.265942335128784E-001,1.037513688206673E-001,-3.138365969061852E-002,5.199583172798157E-001,8.265942335128784E-001,
1.735833333333334E+009,1.045899838209152E-001,-4.860032349824905E-002,5.363273024559021E-001,8.143873810768127E-001,1.045899838209152E-001,-4.860032349824905E-002,5.363273024559021E-001,8.143873810768127E-001,
1.744200000000000E+009,9.679032862186432E-002,-6.690305471420288E-002,5.642742514610291E-001,7.918844223022461E-001,9.679032862186432E-002,-6.690305471420288E-002,5.642742514610291E-001,7.918844223022461E-001,
1.752566666666667E+009,8.432596921920776E-002,-7.794117927551270E-002,5.911465287208557E-001,7.857775092124939E-001,8.432596921920776E-002,-7.794117927551270E-002,5.911465287208557E-001,7.857775092124939E-001,
1.760933333333334E+009,6.909465044736862E-002,-8.380115032196045E-002,6.021794676780701E-001,7.728551030158997E-001,6.909465044736862E-002,-8.380115032196045E-002,6.021794676780701E-001,7.728551030158997E-001,
1.769300000000000E+009,5.435684695839882E-002,-8.051066845655441E-002,6.254813075065613E-001,7.632636427879334E-001,5.435684695839882E-002,-8.051066845655441E-002,6.254813075065613E-001,7.632636427879334E-001,
1.777666666666667E+009,4.546061530709267E-002,-6.982401758432388E-002,6.394802927970886E-001,7.533128857612610E-001,4.546061530709267E-002,-6.982401758432388E-002,6.394802927970886E-001,7.533128857612610E-001,
1.786033333333334E+009,4.409273713827133E-002,-5.994544178247452E-002,6.562944650650024E-001,7.225934267044067E-001,4.409273713827133E-002,-5.994544178247452E-002,6.562944650650024E-001,7.225934267044067E-001,
1.794400000000000E+009,4.994047060608864E-002,-4.734030365943909E-002,6.805649995803833E-001,7.059499621391296E-001,4.994047060608864E-002,-4.734030365943909E-002,6.805649995803833E-001,7.059499621391296E-001,
1.802766666666667E+009,5.774212628602982E-002,-4.202615469694138E-002,7.004240751266480E-001,6.873469352722168E-001,5.774212628602982E-002,-4.202615469694138E-002,7.004240751266480E-001,6.873469352722168E-001,
1.811133333333334E+009,6.757134199142456E-002,-4.109539091587067E-002,7.223681211471558E-001,6.677705049514771E-001,6.757134199142456E-002,-4.109539091587067E-002,7.223681211471558E-001,6.677705049514771E-001,
1.819500000000000E+009,7.739868015050888E-002,-4.578698426485062E-002,7.331516146659851E-001,6.418316364288330E-001,7.739868015050888E-002,-4.578698426485062E-002,7.331516146659851E-001,6.418316364288330E-001,
1.827866666666667E+009,8.301587402820587E-002,-5.557148531079292E-002,7.523996233940125E-001,6.315664649009705E-001,8.301587402820587E-002,-5.557148531079292E-002,7.523996233940125E-001,6.315664649009705E-001,
1.836233333333334E+009,8.031682670116425E-002,-6.774906069040299E-002,7.631025314331055E-001,6.139841675758362E-001,8.031682670116425E-002,-6.774906069040299E-002,7.631025314331055E-001,6.139841675758362E-001,
1.844600000000000E+009,7.369469106197357E-002,-7.747212797403336E-002,7.798933982849121E-001,6.042397618293762E-001,7.369469106197357E-002,-7.747212797403336E-002,7.798933982849121E-001,6.042397618293762E-001,
1.852966666666667E+009,6.483396887779236E-002,-8.314960449934006E-002,7.897430658340454E-001,5.705192685127258E-001,6.483396887779236E-002,-8.314960449934006E-002,7.897430658340454E-001,5.705192685127258E-001,
1.861333333333334E+009,5.525436624884605E-002,-8.680904656648636E-002,8.147950768470764E-001,5.519287586212158E-001,5.525436624884605E-002,-8.680904656648636E-002,8.147950768470764E-001,5.519287586212158E-001,
1.869700000000000E+009,4.806714504957199E-002,-8.101473748683929E-002,8.275573849678040E-001,5.322064757347107E-001,4.806714504957199E-002,-8.101473748683929E-002,8.275573849678040E-001,5.322064757347107E-001,
1.878066666666667E+009,4.492397606372833E-002,-7.620430737733841E-002,8.415797352790833E-001,5.166218876838684E-001,4.492397606372833E-002,-7.620430737733841E-002,8.415797352790833E-001,5.166218876838684E-001,
1.886433333333334E+009,4.662846401333809E-002,-6.814512610435486E-002,8.595409393310547E-001,4.913209378719330E-001,4.662846401333809E-002,-6.814512610435486E-002,8.595409393310547E-001,4.913209378719330E-001,
1.894800000000000E+009,5.472676455974579E-002,-6.309040635824204E-002,8.712698221206665E-001,4.695569276809692E-001,5.472676455974579E-002,-6.309040635824204E-002,8.712698221206665E-001,4.695569276809692E-001,
1.903166666666667E+009,6.321165710687637E-002,-6.037459522485733E-002,8.814383745193481E-001,4.371372759342194E-001,6.321165710687637E-002,-6.037459522485733E-002,8.814383745193481E-001,4.371372759342194E-001,
1.911533333333334E+009,7.207137346267700E-002,-6.609233468770981E-002,8.883427381515503E-001,4.101098179817200E-001,7.207137346267700E-002,-6.609233468770981E-002,8.883427381515503E-001,4.101098179817200E-001,
1.919900000000000E+009,7.842459529638290E-002,-7.489497959613800E-002,9.031369686126709E-001,3.963555991649628E-001,7.842459529638290E-002,-7.489497959613800E-002,9.031369686126709E-001,3.963555991649628E-001,
1.928266666666667E+009,8.044708520174027E-002,-8.626262098550797E-002,8.982083797454834E-001,3.589874207973480E-001,8.044708520174027E-002,-8.626262098550797E-002,8.982083797454834E-001,3.589874207973480E-001,
1.936633333333334E+009,7.460588961839676E-002,-9.979376941919327E-002,9.180807471275330E-001,3.504072129726410E-001,7.460588961839676E-002,-9.979376941919327E-002,9.180807471275330E-001,3.504072129726410E-001,
1.945000000000000E+009,6.429049372673035E-002,-1.092274338006973E-001,9.266055822372437E-001,3.244578540325165E-001,6.429049372673035E-002,-1.092274338006973E-001,9.266055822372437E-001,3.244578540325165E-001,
1.953366666666667E+009,5.238898470997810E-002,-1.161331683397293E-001,9.283860921859741E-001,3.019617497920990E-001,5.238898470997810E-002,-1.161331683397293E-001,9.283860921859741E-001,3.019617497920990E-001,
1.961733333333334E+009,3.710705786943436E-002,-1.133877933025360E-001,9.440461993217468E-001,2.798529565334320E-001,3.710705786943436E-002,-1.133877933025360E-001,9.440461993217468E-001,2.798529565334320E-001,
1.970100000000000E+009,2.669421397149563E-002,-1.080588027834892E-001,9.447886943817139E-001,2.552396655082703E-001,2.669421397149563E-002,-1.080588027834892E-001,9.447886943817139E-001,2.552396655082703E-001,
1.978466666666667E+009,2.323867939412594E-002,-9.627825766801834E-002,9.536374807357788E-001,2.244509309530258E-001,2.323867939412594E-002,-9.627825766801834E-002,9.536374807357788E-001,2.244509309530258E-001,
1.986833333333334E+009,2.675422094762325E-002,-8.603873848915100E-002,9.576362371444702E-001,2.062959223985672E-001,2.675422094762325E-002,-8.603873848915100E-002,9.576362371444702E-001,2.062959223985672E-001,
1.995200000000000E+009,3.839933127164841E-002,-8.002919703722000E-002,9.618689417839050E-001,1.879938542842865E-001,3.839933127164841E-002,-8.002919703722000E-002,9.618689417839050E-001,1.879938542842865E-001,
2.003566666666667E+009,5.173212289810181E-002,-7.943100482225418E-002,9.665693044662476E-001,1.515644192695618E-001,5.173212289810181E-002,-7.943100482225418E-002,9.665693044662476E-001,1.515644192695618E-001,
2.011933333333334E+009,6.391458213329315E-002,-8.898956328630447E-002,9.749342799186707E-001,1.238724142313004E-001,6.391458213329315E-002,-8.898956328630447E-002,9.749342799186707E-001,1.238724142313004E-001,
2.020300000000000E+009,7.089822739362717E-002,-1.005828380584717E-001,9.760919213294983E-001,9.190060943365097E-002,7.089822739362717E-002,-1.005828380584717E-001,9.760919213294983E-001,9.190060943365097E-002,
2.028666666666667E+009,6.865191459655762E-002,-1.177437379956245E-001,9.762783646583557E-001,7.740320265293121E-002,6.865191459655762E-002,-1.177437379956245E-001,9.762783646583557E-001,7.740320265293121E-002,
2.037033333333334E+009,5.815218016505241E-002,-1.352505385875702E-001,9.790474176406860E-001,5.112355574965477E-002,5.815218016505241E-002,-1.352505385875702E-001,9.790474176406860E-001,5.112355574965477E-002,
2.045400000000000E+009,4.154542833566666E-002,-1.449955254793167E-001,9.743692278862000E-001,3.293597698211670E-002,4.154542833566666E-002,-1.449955254793167E-001,9.743692278862000E-001,3.293597698211670E-002,
2.053766666666667E+009,2.131490409374237E-002,-1.456421613693237E-001,9.760804772377014E-001,5.939728580415249E-003,2.131490409374237E-002,-1.456421613693237E-001,9.760804772377014E-001,5.939728580415249E-003,
2.062133333333334E+009,5.996821448206902E-003,-1.402724683284760E-001,9.803308248519898E-001,-2.042195573449135E-002,5.996821448206902E-003,-1.402724683284760E-001,9.803308248519898E-001,-2.042195573449135E-002,
2.070500000000000E+009,-1.784148393198848E-003,-1.252840459346771E-001,9.789922833442688E-001,-4.760038852691650E-002,-1.784148393198848E-003,-1.252840459346771E-001,9.789922833442688E-001,-4.760038852691650E-002,
2.078866666666667E+009,3.196083416696638E-004,-1.108656078577042E-001,9.778684973716736E-001,-6.949878484010696E-002,3.196083416696638E-004,-1.108656078577042E-001,9.778684973716736E-001,-6.949878484010696E-002,
2.087233333333334E+009,1.111669186502695E-002,-1.035866290330887E-001,9.780631661415100E-001,-1.047031804919243E-001,1.111669186502695E-002,-1.035866290330887E-001,9.780631661415100E-001,-1.047031804919243E-001,
2.095600000000000E+009,2.696564421057701E-002,-1.004779636859894E-001,9.781086444854736E-001,-1.264603286981583E-001,2.696564421057701E-002,-1.004779636859894E-001,9.781086444854736E-001,-1.264603286981583E-001,
2.103966666666667E+009,4.138121753931046E-002,-1.112868264317513E-001,9.750316739082336E-001,-1.535108685493469E-001,4.138121753931046E-002,-1.112868264317513E-001,9.750316739082336E-001,-1.535108685493469E-001,
2.112333333333334E+009,4.874082282185555E-002,-1.285660266876221E-001,9.602133035659790E-001,-1.746548265218735E-001,4.874082282185555E-002,-1.285660266876221E-001,9.602133035659790E-001,-1.746548265218735E-001,
2.120700000000000E+009,4.674289375543594E-002,-1.526401042938232E-001,9.575461149215698E-001,-2.049301564693451E-001,4.674289375543594E-002,-1.526401042938232E-001,9.575461149215698E-001,-2.049301564693451E-001,
2.129066666666667E+009,3.074739128351212E-002,-1.695919334888458E-001,9.582895040512085E-001,-2.334520816802979E-001,3.074739128351212E-002,-1.695919334888458E-001,9.582895040512085E-001,-2.334520816802979E-001,
2.137433333333334E+009,6.513969507068396E-003,-1.804679930210114E-001,9.401686191558838E-001,-2.509655952453613E-001,6.513969507068396E-003,-1.804679930210114E-001,9.401686191558838E-001,-2.509655952453613E-001,
2.145800000000000E+009,-2.248302847146988E-002,-1.794780641794205E-001,9.375754594802856E-001,-2.740041911602020E-001,-2.248302847146988E-002,-1.794780641794205E-001,9.375754594802856E-001,-2.740041911602020E-001,
2.154166666666667E+009,-4.402782022953033E-002,-1.665661334991455E-001,9.278504848480225E-001,-2.909828126430512E-001,-4.402782022953033E-002,-1.665661334991455E-001,9.278504848480225E-001,-2.909828126430512E-001,
2.162533333333334E+009,-5.582591518759728E-002,-1.456081867218018E-001,9.106371402740479E-001,-3.138705790042877E-001,-5.582591518759728E-002,-1.456081867218018E-001,9.106371402740479E-001,-3.138705790042877E-001,
2.170900000000000E+009,-5.418160185217857E-002,-1.242974996566773E-001,9.188859462738037E-001,-3.443616330623627E-001,-5.418160185217857E-002,-1.242974996566773E-001,9.188859462738037E-001,-3.443616330623627E-001,
2.179266666666667E+009,-4.020548984408379E-002,-1.105763018131256E-001,9.080626368522644E-001,-3.602329790592194E-001,-4.020548984408379E-002,-1.105763018131256E-001,9.080626368522644E-001,-3.602329790592194E-001,
2.187633333333334E+009,-2.096082642674446E-002,-1.069714650511742E-001,9.028943181037903E-001,-3.949128091335297E-001,-2.096082642674446E-002,-1.069714650511742E-001,9.028943181037903E-001,-3.949128091335297E-001,
2.196000000000000E+009,-7.196929655037820E-004,-1.181798353791237E-001,8.826068043708801E-001,-4.148081243038178E-001,-7.196929655037820E-004,-1.181798353791237E-001,8.826068043708801E-001,-4.148081243038178E-001,
2.204366666666667E+009,9.891008026897907E-003,-1.395382136106491E-001,8.724006414413452E-001,-4.376109838485718E-001,9.891008026897907E-003,-1.395382136106491E-001,8.724006414413452E-001,-4.376109838485718E-001,
2.212733333333334E+009,6.219386123120785E-003,-1.653533428907394E-001,8.558850884437561E-001,-4.712659716606140E-001,6.219386123120785E-003,-1.653533428907394E-001,8.558850884437561E-001,-4.712659716606140E-001,
2.221100000000000E+009,-1.212559174746275E-002,-1.845256984233856E-001,8.351752758026123E-001,-4.799644947052002E-001,-1.212559174746275E-002,-1.845256984233856E-001,8.351752758026123E-001,-4.799644947052002E-001,
2.229466666666667E+009,-3.802077099680901E-002,-1.949661970138550E-001,8.269405364990234E-001,-4.913544058799744E-001,-3.802077099680901E-002,-1.949661970138550E-001,8.269405364990234E-001,-4.913544058799744E-001,
2.237833333333334E+009,-7.019690424203873E-002,-1.896850466728210E-001,8.185381293296814E-001,-5.186951160430908E-001,-7.019690424203873E-002,-1.896850466728210E-001,8.185381293296814E-001,-5.186951160430908E-001,
2.246200000000000E+009,-9.616685658693314E-002,-1.724993288516998E-001,8.044620156288147E-001,-5.368736386299133E-001,-9.616685658693314E-002,-1.724993288516998E-001,8.044620156288147E-001,-5.368736386299133E-001,
2.254566666666667E+009,-1.072696894407272E-001,-1.455767601728439E-001,7.960019707679749E-001,-5.546361207962036E-001,-1.072696894407272E-001,-1.455767601728439E-001,7.960019707679749E-001,-5.546361207962036E-001,
2.262933333333334E+009,-1.066621094942093E-001,-1.219849884510040E-001,7.827773094177246E-001,-5.767740011215210E-001,-1.066621094942093E-001,-1.219849884510040E-001,7.827773094177246E-001,-5.767740011215210E-001,
2.271300000000000E+009,-9.186244755983353E-002,-1.035579741001129E-001,7.654482126235962E-001,-5.970988869667053E-001,-9.186244755983353E-002,-1.035579741001129E-001,7.654482126235962E-001,-5.970988869667053E-001,
2.279666666666667E+009,-6.923324614763260E-002,-1.015258505940437E-001,7.527283430099487E-001,-6.190145015716553E-001,-6.923324614763260E-002,-1.015258505940437E-001,7.527283430099487E-001,-6.190145015716553E-001,
2.288033333333334E+009,-5.066262558102608E-002,-1.141589507460594E-001,7.347357273101807E-001,-6.489707827568054E-001,-5.066262558102608E-002,-1.141589507460594E-001,7.347357273101807E-001,-6.489707827568054E-001,
2.296400000000000E+009,-4.168659821152687E-002,-1.375815868377686E-001,7.119228839874268E-001,-6.674312353134155E-001,-4.168659821152687E-002,-1.375815868377686E-001,7.119228839874268E-001,-6.674312353134155E-001,
2.304766666666667E+009,-4.914418607950211E-002,-1.625022590160370E-001,6.966105103492737E-001,-6.744022369384766E-001,-4.914418607950211E-002,-1.625022590160370E-001,6.966105103492737E-001,-6.744022369384766E-001,
2.313133333333334E+009,-7.234859466552734E-002,-1.781675517559052E-001,6.707007288932800E-001,-7.053402066230774E-001,-7.234859466552734E-002,-1.781675517559052E-001,6.707007288932800E-001,-7.053402066230774E-001,
2.321500000000000E+009,-9.891442954540253E-002,-1.796671748161316E-001,6.557964086532593E-001,-7.086979150772095E-001,-9.891442954540253E-002,-1.796671748161316E-001,6.557964086532593E-001,-7.086979150772095E-001,
2.329866666666667E+009,-1.262849420309067E-001,-1.667775958776474E-001,6.447624564170837E-001,-7.240389585494995E-001,-1.262849420309067E-001,-1.667775958776474E-001,6.447624564170837E-001,-7.240389585494995E-001,
2.338233333333334E+009,-1.461242139339447E-001,-1.436987817287445E-001,6.183354854583740E-001,-7.410240769386292E-001,-1.461242139339447E-001,-1.436987817287445E-001,6.183354854583740E-001,-7.410240769386292E-001,
2.346600000000000E+009,-1.504745930433273E-001,-1.128289699554443E-001,6.005886197090149E-001,-7.599304318428040E-001,-1.504745930433273E-001,-1.128289699554443E-001,6.005886197090149E-001,-7.599304318428040E-001,
2.354966666666667E+009,-1.381093561649323E-001,-8.973496407270432E-002,5.933127403259277E-001,-7.712215185165405E-001,-1.381093561649323E-001,-8.973496407270432E-002,5.933127403259277E-001,-7.712215185165405E-001,
2.363333333333334E+009,-1.168317422270775E-001,-8.016169071197510E-002,5.752772688865662E-001,-7.904637455940247E-001,-1.168317422270775E-001,-8.016169071197510E-002,5.752772688865662E-001,-7.904637455940247E-001,
2.371700000000000E+009,-9.063444286584854E-002,-8.626268804073334E-002,5.522940754890442E-001,-8.118973970413208E-001,-9.063444286584854E-002,-8.626268804073334E-002,5.522940754890442E-001,-8.118973970413208E-001,
2.380066666666667E+009,-7.569153606891632E-002,-1.108296290040016E-001,5.208625793457031E-001,-8.269833922386169E-001,-7.569153606891632E-002,-1.108296290040016E-001,5.208625793457031E-001,-8.269833922386169E-001,
2.388433333333334E+009,-7.687940448522568E-002,-1.416647285223007E-001,4.973357617855072E-001,-8.306750059127808E-001,-7.687940448522568E-002,-1.416647285223007E-001,4.973357617855072E-001,-8.306750059127808E-001,
2.396800000000000E+009,-9.722748398780823E-002,-1.712101101875305E-001,4.638282954692841E-001,-8.490889668464661E-001,-9.722748398780823E-002,-1.712101101875305E-001,4.638282954692841E-001,-8.490889668464661E-001,
2.405166666666667E+009,-1.303398162126541E-001,-1.878539472818375E-001,4.451063871383667E-001,-8.558084964752197E-001,-1.303398162126541E-001,-1.878539472818375E-001,4.451063871383667E-001,-8.558084964752197E-001,
2.413533333333334E+009,-1.717616319656372E-001,-1.811573952436447E-001,4.210051000118256E-001,-8.581376075744629E-001,-1.717616319656372E-001,-1.811573952436447E-001,4.210051000118256E-001,-8.581376075744629E-001,
2.421900000000000E+009,-2.093289941549301E-001,-1.580083072185516E-001,4.098678827285767E-001,-8.671822547912598E-001,-2.093289941549301E-001,-1.580083072185516E-001,4.098678827285767E-001,-8.671822547912598E-001,
2.430266666666667E+009,-2.288159132003784E-001,-1.207969710230827E-001,3.915492892265320E-001,-8.757690191268921E-001,-2.288159132003784E-001,-1.207969710230827E-001,3.915492892265320E-001,-8.757690191268921E-001,
2.438633333333334E+009,-2.342345118522644E-001,-7.652673125267029E-002,3.731182813644409E-001,-8.861811161041260E-001,-2.342345118522644E-001,-7.652673125267029E-002,3.731182813644409E-001,-8.861811161041260E-001,
2.447000000000000E+009,-2.175341695547104E-001,-3.793992474675179E-002,3.518141806125641E-001,-9.022843241691589E-001,-2.175341695547104E-001,-3.793992474675179E-002,3.518141806125641E-001,-9.022843241691589E-001,
2.455366666666667E+009,-1.861830651760101E-001,-1.657490804791451E-002,3.326996862888336E-001,-9.102710485458374E-001,-1.861830651760101E-001,-1.657490804791451E-002,3.326996862888336E-001,-9.102710485458374E-001,
2.463733333333334E+009,-1.527854055166245E-001,-1.552817784249783E-002,3.093899488449097E-001,-9.273623228073120E-001,-1.527854055166245E-001,-1.552817784249783E-002,3.093899488449097E-001,-9.273623228073120E-001,
2.472100000000000E+009,-1.282735913991928E-001,-3.562401980161667E-002,2.796946465969086E-001,-9.376326799392700E-001,-1.282735913991928E-001,-3.562401980161667E-002,2.796946465969086E-001,-9.376326799392700E-001,
2.480466666666667E+009,-1.196637749671936E-001,-6.744498759508133E-002,2.466764003038406E-001,-9.396309852600098E-001,-1.196637749671936E-001,-6.744498759508133E-002,2.466764003038406E-001,-9.396309852600098E-001,
2.488833333333334E+009,-1.323841214179993E-001,-9.701206535100937E-002,2.220062613487244E-001,-9.461175799369812E-001,-1.323841214179993E-001,-9.701206535100937E-002,2.220062613487244E-001,-9.461175799369812E-001,
2.497200000000000E+009,-1.581505239009857E-001,-1.140874102711678E-001,1.926916539669037E-001,-9.496623873710632E-001,-1.581505239009857E-001,-1.140874102711678E-001,1.926916539669037E-001,-9.496623873710632E-001,
2.505566666666667E+009,-1.955913305282593E-001,-1.125722900032997E-001,1.639560014009476E-001,-9.504208564758301E-001,-1.955913305282593E-001,-1.125722900032997E-001,1.639560014009476E-001,-9.504208564758301E-001,
2.513933333333334E+009,-2.252604663372040E-001,-9.066940099000931E-002,1.467183381319046E-001,-9.475440979003906E-001,-2.252604663372040E-001,-9.066940099000931E-002,1.467183381319046E-001,-9.475440979003906E-001,
2.522300000000000E+009,-2.417497634887695E-001,-5.871024355292320E-002,1.223602890968323E-001,-9.483200311660767E-001,-2.417497634887695E-001,-5.871024355292320E-002,1.223602890968323E-001,-9.483200311660767E-001,
2.530666666666667E+009,-2.395461946725845E-001,-1.987732388079166E-002,9.802148491144180E-002,-9.565517902374268E-001,-2.395461946725845E-001,-1.987732388079166E-002,9.802148491144180E-002,-9.565517902374268E-001,
2.539033333333334E+009,-2.216948419809341E-001,1.203551609069109E-002,8.138410001993179E-002,-9.581359624862671E-001,-2.216948419809341E-001,1.203551609069109E-002,8.138410001993179E-002,-9.581359624862671E-001,
2.547400000000000E+009,-1.922987848520279E-001,2.954806387424469E-002,6.293725222349167E-002,-9.699487686157227E-001,-1.922987848520279E-001,2.954806387424469E-002,6.293725222349167E-002,-9.699487686157227E-001,
2.555766666666667E+009,-1.600463390350342E-001,2.768963947892189E-002,3.336118161678314E-002,-9.763379096984863E-001,-1.600463390350342E-001,2.768963947892189E-002,3.336118161678314E-002,-9.763379096984863E-001,
2.564133333333334E+009,-1.400013118982315E-001,5.732564255595207E-003,2.246224321424961E-003,-9.756203889846802E-001,-1.400013118982315E-001,5.732564255595207E-003,2.246224321424961E-003,-9.756203889846802E-001,
2.572500000000000E+009,-1.379230171442032E-001,-2.380163408815861E-002,-2.662505954504013E-002,-9.711284041404724E-001,-1.379230171442032E-001,-2.380163408815861E-002,-2.662505954504013E-002,-9.711284041404724E-001,
2.580866666666667E+009,-1.546052843332291E-001,-5.040697380900383E-002,-5.651970580220223E-002,-9.702258706092835E-001,-1.546052843332291E-001,-5.040697380900383E-002,-5.651970580220223E-002,-9.702258706092835E-001,
2.589233333333334E+009,-1.868172734975815E-001,-6.376690417528153E-002,-8.528508991003037E-002,-9.594842195510864E-001,-1.868172734975815E-001,-6.376690417528153E-002,-8.528508991003037E-002,-9.594842195510864E-001,
2.597600000000000E+009,-2.222322970628738E-001,-5.913923308253288E-002,-1.129280775785446E-001,-9.526388645172119E-001,-2.222322970628738E-001,-5.913923308253288E-002,-1.129280775785446E-001,-9.526388645172119E-001,
2.605966666666667E+009,-2.512816190719605E-001,-3.342601656913757E-002,-1.256008297204971E-001,-9.516591429710388E-001,-2.512816190719605E-001,-3.342601656913757E-002,-1.256008297204971E-001,-9.516591429710388E-001,
2.614333333333334E+009,-2.643083035945892E-001,9.661396616138518E-004,-1.454342007637024E-001,-9.409443736076355E-001,-2.643083035945892E-001,9.661396616138518E-004,-1.454342007637024E-001,-9.409443736076355E-001,
2.622700000000000E+009,-2.589249312877655E-001,4.290567710995674E-002,-1.645258665084839E-001,-9.373269677162170E-001,-2.589249312877655E-001,4.290567710995674E-002,-1.645258665084839E-001,-9.373269677162170E-001,
2.631066666666667E+009,-2.374895662069321E-001,7.611318677663803E-002,-1.858327835798264E-001,-9.470529556274414E-001,-2.374895662069321E-001,7.611318677663803E-002,-1.858327835798264E-001,-9.470529556274414E-001,
2.639433333333334E+009,-2.036410719156265E-001,9.293458610773087E-002,-2.083524316549301E-001,-9.375169277191162E-001,-2.036410719156265E-001,9.293458610773087E-002,-2.083524316549301E-001,-9.375169277191162E-001,
2.647800000000000E+009,-1.694747209548950E-001,9.159673005342484E-002,-2.345037311315537E-001,-9.379538297653198E-001,-1.694747209548950E-001,9.159673005342484E-002,-2.345037311315537E-001,-9.379538297653198E-001,
2.656166666666667E+009,-1.473510712385178E-001,7.207615673542023E-002,-2.601059675216675E-001,-9.406573772430420E-001,-1.473510712385178E-001,7.207615673542023E-002,-2.601059675216675E-001,-9.406573772430420E-001,
2.664533333333334E+009,-1.427213102579117E-001,4.521538317203522E-002,-2.979263365268707E-001,-9.232936501502991E-001,-1.427213102579117E-001,4.521538317203522E-002,-2.979263365268707E-001,-9.232936501502991E-001,
2.672900000000000E+009,-1.576573252677918E-001,1.996616460382938E-002,-3.180025815963745E-001,-9.162814021110535E-001,-1.576573252677918E-001,1.996616460382938E-002,-3.180025815963745E-001,-9.162814021110535E-001,
2.681266666666667E+009,-1.865622103214264E-001,9.256728924810886E-003,-3.454245924949646E-001,-9.001492261886597E-001,-1.865622103214264E-001,9.256728924810886E-003,-3.454245924949646E-001,-9.001492261886597E-001,
2.689633333333334E+009,-2.200487554073334E-001,1.633373461663723E-002,-3.663176298141480E-001,-8.885626792907715E-001,-2.200487554073334E-001,1.633373461663723E-002,-3.663176298141480E-001,-8.885626792907715E-001,
2.698000000000000E+009,-2.442087829113007E-001,4.079860448837280E-002,-3.793682456016541E-001,-8.729344606399536E-001,-2.442087829113007E-001,4.079860448837280E-002,-3.793682456016541E-001,-8.729344606399536E-001,
2.706366666666667E+009,-2.527747750282288E-001,7.755236327648163E-002,-4.008030593395233E-001,-8.575397729873657E-001,-2.527747750282288E-001,7.755236327648163E-002,-4.008030593395233E-001,-8.575397729873657E-001,
2.714733333333334E+009,-2.439299076795578E-001,1.136876568198204E-001,-4.130651056766510E-001,-8.576104044914246E-001,-2.439299076795578E-001,1.136876568198204E-001,-4.130651056766510E-001,-8.576104044914246E-001,
2.723100000000000E+009,-2.177985757589340E-001,1.441020369529724E-001,-4.318034350872040E-001,-8.470633029937744E-001,-2.177985757589340E-001,1.441020369529724E-001,-4.318034350872040E-001,-8.470633029937744E-001,
2.731466666666667E+009,-1.798221617937088E-001,1.599325388669968E-001,-4.558995664119721E-001,-8.429294824600220E-001,-1.798221617937088E-001,1.599325388669968E-001,-4.558995664119721E-001,-8.429294824600220E-001,
2.739833333333334E+009,-1.433483958244324E-001,1.557173281908035E-001,-4.793844521045685E-001,-8.322607874870300E-001,-1.433483958244324E-001,1.557173281908035E-001,-4.793844521045685E-001,-8.322607874870300E-001,
2.748200000000000E+009,-1.185349598526955E-001,1.363521963357925E-001,-5.037848353385925E-001,-8.261859416961670E-001,-1.185349598526955E-001,1.363521963357925E-001,-5.037848353385925E-001,-8.261859416961670E-001,
2.756566666666667E+009,-1.118962913751602E-001,1.075667738914490E-001,-5.311806797981262E-001,-8.160935044288635E-001,-1.118962913751602E-001,1.075667738914490E-001,-5.311806797981262E-001,-8.160935044288635E-001,
2.764933333333334E+009,-1.231783330440521E-001,8.156293630599976E-002,-5.667866468429565E-001,-8.023295998573303E-001,-1.231783330440521E-001,8.156293630599976E-002,-5.667866468429565E-001,-8.023295998573303E-001,
2.773300000000000E+009,-1.490305662155151E-001,6.598719954490662E-002,-5.814653635025024E-001,-7.771372795104981E-001,-1.490305662155151E-001,6.598719954490662E-002,-5.814653635025024E-001,-7.771372795104981E-001,
2.781666666666667E+009,-1.829248368740082E-001,7.362038642168045E-002,-5.985082387924194E-001,-7.546395063400269E-001,-1.829248368740082E-001,7.362038642168045E-002,-5.985082387924194E-001,-7.546395063400269E-001,
2.790033333333334E+009,-2.071645259857178E-001,9.460356086492539E-002,-6.146851778030396E-001,-7.382884621620178E-001,-2.071645259857178E-001,9.460356086492539E-002,-6.146851778030396E-001,-7.382884621620178E-001,
2.798400000000000E+009,-2.174673825502396E-001,1.287665814161301E-001,-6.263948678970337E-001,-7.249082326889038E-001,-2.174673825502396E-001,1.287665814161301E-001,-6.263948678970337E-001,-7.249082326889038E-001,
2.806766666666667E+009,-2.064387798309326E-001,1.655256748199463E-001,-6.391801834106445E-001,-7.005361318588257E-001,-2.064387798309326E-001,1.655256748199463E-001,-6.391801834106445E-001,-7.005361318588257E-001,
2.815133333333334E+009,-1.809302568435669E-001,1.920321583747864E-001,-6.523545384407044E-001,-6.929578781127930E-001,-1.809302568435669E-001,1.920321583747864E-001,-6.523545384407044E-001,-6.929578781127930E-001,
2.823500000000000E+009,-1.440755128860474E-001,2.054446041584015E-001,-6.706210374832153E-001,-6.832548379898071E-001,-1.440755128860474E-001,2.054446041584015E-001,-6.706210374832153E-001,-6.832548379898071E-001,
2.831866666666667E+009,-1.070642918348312E-001,1.983150988817215E-001,-6.855834722518921E-001,-6.691260933876038E-001,-1.070642918348312E-001,1.983150988817215E-001,-6.855834722518921E-001,-6.691260933876038E-001,
2.840233333333334E+009,-7.975444197654724E-002,1.778033524751663E-001,-7.145575881004334E-001,-6.568617820739746E-001,-7.975444197654724E-002,1.778033524751663E-001,-7.145575881004334E-001,-6.568617820739746E-001,
2.848600000000000E+009,-6.950859725475311E-002,1.486841589212418E-001,-7.321553230285645E-001,-6.325566172599793E-001,-6.950859725475311E-002,1.486841589212418E-001,-7.321553230285645E-001,-6.325566172599793E-001,
2.856966666666667E+009,-8.068265765905380E-002,1.220376640558243E-001,-7.533411979675293E-001,-6.144292354583740E-001,-8.068265765905380E-002,1.220376640558243E-001,-7.533411979675293E-001,-6.144292354583740E-001,
2.865333333333334E+009,-1.079848632216454E-001,1.077695563435555E-001,-7.732762694358826E-001,-5.947547554969788E-001,-1.079848632216454E-001,1.077695563435555E-001,-7.732762694358826E-001,-5.947547554969788E-001,
2.873700000000000E+009,-1.406123191118240E-001,1.129867061972618E-001,-7.901544570922852E-001,-5.603768825531006E-001,-1.406123191118240E-001,1.129867061972618E-001,-7.901544570922852E-001,-5.603768825531006E-001,
2.882066666666667E+009,-1.654393672943115E-001,1.353258937597275E-001,-7.941951155662537E-001,-5.310060977935791E-001,-1.654393672943115E-001,1.353258937597275E-001,-7.941951155662537E-001,-5.310060977935791E-001,
2.890433333333334E+009,-1.762720793485642E-001,1.709464192390442E-001,-8.018444180488586E-001,-5.134457349777222E-001,-1.762720793485642E-001,1.709464192390442E-001,-8.018444180488586E-001,-5.134457349777222E-001,
2.898800000000000E+009,-1.653183549642563E-001,2.088762521743774E-001,-8.073449730873108E-001,-4.969576597213745E-001,-1.653183549642563E-001,2.088762521743774E-001,-8.073449730873108E-001,-4.969576597213745E-001,
2.907166666666667E+009,-1.363395005464554E-001,2.361813187599182E-001,-8.122259378433228E-001,-4.826335608959198E-001,-1.363395005464554E-001,2.361813187599182E-001,-8.122259378433228E-001,-4.826335608959198E-001,
2.915533333333334E+009,-9.605200588703156E-002,2.491881251335144E-001,-8.255155682563782E-001,-4.628326296806335E-001,-9.605200588703156E-002,2.491881251335144E-001,-8.255155682563782E-001,-4.628326296806335E-001,
2.923900000000000E+009,-5.665365234017372E-002,2.415135651826859E-001,-8.392366766929627E-001,-4.547512531280518E-001,-5.665365234017372E-002,2.415135651826859E-001,-8.392366766929627E-001,-4.547512531280518E-001,
2.932266666666667E+009,-2.578748390078545E-002,2.182838022708893E-001,-8.547031283378601E-001,-4.398674666881561E-001,-2.578748390078545E-002,2.182838022708893E-001,-8.547031283378601E-001,-4.398674666881561E-001,
2.940633333333334E+009,-1.337933633476496E-002,1.840913295745850E-001,-8.728680610656738E-001,-4.141389429569244E-001,-1.337933633476496E-002,1.840913295745850E-001,-8.728680610656738E-001,-4.141389429569244E-001,
2.949000000000000E+009,-2.208156697452068E-002,1.506463140249252E-001,-8.937177658081055E-001,-3.826737701892853E-001,-2.208156697452068E-002,1.506463140249252E-001,-8.937177658081055E-001,-3.826737701892853E-001,
2.957366666666667E+009,-4.859451949596405E-002,1.326926350593567E-001,-9.064257144927979E-001,-3.621969521045685E-001,-4.859451949596405E-002,1.326926350593567E-001,-9.064257144927979E-001,-3.621969521045685E-001,
2.965733333333334E+009,-8.344380557537079E-002,1.351898312568665E-001,-9.171779751777649E-001,-3.276788890361786E-001,-8.344380557537079E-002,1.351898312568665E-001,-9.171779751777649E-001,-3.276788890361786E-001,
2.974100000000000E+009,-1.097005009651184E-001,1.587365269660950E-001,-9.207187891006470E-001,-2.916260659694672E-001,-1.097005009651184E-001,1.587365269660950E-001,-9.207187891006470E-001,-2.916260659694672E-001,
2.982466666666667E+009,-1.202962324023247E-001,1.952136456966400E-001,-9.214792251586914E-001,-2.662392854690552E-001,-1.202962324023247E-001,1.952136456966400E-001,-9.214792251586914E-001,-2.662392854690552E-001,
2.990833333333334E+009,-1.105318740010262E-001,2.326229661703110E-001,-9.150647521018982E-001,-2.512373924255371E-001,-1.105318740010262E-001,2.326229661703110E-001,-9.150647521018982E-001,-2.512373924255371E-001,
2.999200000000000E+009,-8.064670860767365E-002,2.617781460285187E-001,-9.180732965469360E-001,-2.307995855808258E-001,-8.064670860767365E-002,2.617781460285187E-001,-9.180732965469360E-001,-2.307995855808258E-001,
3.007566666666667E+009,-3.853399679064751E-002,2.732453644275665E-001,-9.216150045394898E-001,-2.120895087718964E-001,-3.853399679064751E-002,2.732453644275665E-001,-9.216150045394898E-001,-2.120895087718964E-001,
3.015933333333334E+009,5.011657718569040E-003,2.622437477111816E-001,-9.279592037200928E-001,-2.025255858898163E-001,5.011657718569040E-003,2.622437477111816E-001,-9.279592037200928E-001,-2.025255858898163E-001,
3.024300000000000E+009,3.650614991784096E-002,2.350734770298004E-001,-9.391444325447083E-001,-1.843810826539993E-001,3.650614991784096E-002,2.350734770298004E-001,-9.391444325447083E-001,-1.843810826539993E-001,
3.032666666666667E+009,4.959303885698319E-002,1.949640363454819E-001,-9.515447020530701E-001,-1.588034778833389E-001,4.959303885698319E-002,1.949640363454819E-001,-9.515447020530701E-001,-1.588034778833389E-001,
3.041033333333334E+009,3.839060664176941E-002,1.577827930450440E-001,-9.628210067749023E-001,-1.342166960239410E-001,3.839060664176941E-002,1.577827930450440E-001,-9.628210067749023E-001,-1.342166960239410E-001,
3.049400000000000E+009,7.700750604271889E-003,1.363261044025421E-001,-9.692159891128540E-001,-9.107541292905808E-002,7.700750604271889E-003,1.363261044025421E-001,-9.692159891128540E-001,-9.107541292905808E-002,
3.057766666666667E+009,-2.944537997245789E-002,1.381487399339676E-001,-9.732579588890076E-001,-7.095400243997574E-002,-2.944537997245789E-002,1.381487399339676E-001,-9.732579588890076E-001,-7.095400243997574E-002,
3.066133333333334E+009,-6.082199141383171E-002,1.625722050666809E-001,-9.644129872322083E-001,-2.987272292375565E-002,-6.082199141383171E-002,1.625722050666809E-001,-9.644129872322083E-001,-2.987272292375565E-002,
3.074500000000000E+009,-7.241081446409226E-002,2.033978849649429E-001,-9.627517461776733E-001,-4.109805449843407E-003,-7.241081446409226E-002,2.033978849649429E-001,-9.627517461776733E-001,-4.109805449843407E-003,
3.082866666666667E+009,-5.756926536560059E-002,2.450657784938812E-001,-9.507116675376892E-001,1.566840708255768E-002,-5.756926536560059E-002,2.450657784938812E-001,-9.507116675376892E-001,1.566840708255768E-002,
3.091233333333334E+009,-2.220259793102741E-002,2.778077423572540E-001,-9.436076283454895E-001,3.783003240823746E-002,-2.220259793102741E-002,2.778077423572540E-001,-9.436076283454895E-001,3.783003240823746E-002,
3.099600000000000E+009,2.562153898179531E-002,2.874833643436432E-001,-9.375506639480591E-001,4.735086113214493E-002,2.562153898179531E-002,2.874833643436432E-001,-9.375506639480591E-001,4.735086113214493E-002,
3.107966666666667E+009,7.696198672056198E-002,2.723667919635773E-001,-9.427979588508606E-001,6.085497513413429E-002,7.696198672056198E-002,2.723667919635773E-001,-9.427979588508606E-001,6.085497513413429E-002,
3.116333333333334E+009,1.142081767320633E-001,2.367982864379883E-001,-9.463316798210144E-001,8.144165575504303E-002,1.142081767320633E-001,2.367982864379883E-001,-9.463316798210144E-001,8.144165575504303E-002,
3.124700000000000E+009,1.272934079170227E-001,1.878341883420944E-001,-9.555296897888184E-001,9.998396784067154E-002,1.272934079170227E-001,1.878341883420944E-001,-9.555296897888184E-001,9.998396784067154E-002,
3.133066666666667E+009,1.139471828937531E-001,1.414659917354584E-001,-9.629940390586853E-001,1.351198256015778E-001,1.139471828937531E-001,1.414659917354584E-001,-9.629940390586853E-001,1.351198256015778E-001,
3.141433333333334E+009,7.969998568296433E-002,1.097248867154121E-001,-9.640088081359863E-001,1.649054884910584E-001,7.969998568296433E-002,1.097248867154121E-001,-9.640088081359863E-001,1.649054884910584E-001,
3.149800000000000E+009,3.183734044432640E-002,1.069147139787674E-001,-9.595913290977478E-001,2.058920860290527E-001,3.183734044432640E-002,1.069147139787674E-001,-9.595913290977478E-001,2.058920860290527E-001,
3.158166666666667E+009,-7.867949083447456E-003,1.321966350078583E-001,-9.446014165878296E-001,2.388771921396256E-001,-7.867949083447456E-003,1.321966350078583E-001,-9.446014165878296E-001,2.388771921396256E-001,
3.166533333333334E+009,-2.527189999818802E-002,1.766515076160431E-001,-9.315909743309021E-001,2.634032666683197E-001,-2.527189999818802E-002,1.766515076160431E-001,-9.315909743309021E-001,2.634032666683197E-001,
3.174900000000000E+009,-1.622570119798183E-002,2.249608188867569E-001,-9.143720269203186E-001,2.868441045284271E-001,-1.622570119798183E-002,2.249608188867569E-001,-9.143720269203186E-001,2.868441045284271E-001,
3.183266666666667E+009,2.023621276021004E-002,2.619681060314179E-001,-8.973429203033447E-001,3.013665378093720E-001,2.023621276021004E-002,2.619681060314179E-001,-8.973429203033447E-001,3.013665378093720E-001,
3.191633333333334E+009,6.965851038694382E-002,2.735647261142731E-001,-8.820361495018005E-001,3.120594322681427E-001,6.965851038694382E-002,2.735647261142731E-001,-8.820361495018005E-001,3.120594322681427E-001,
3.200000000000000E+009,1.207882687449455E-001,2.577303647994995E-001,-8.808494806289673E-001,3.246554136276245E-001,1.207882687449455E-001,2.577303647994995E-001,-8.808494806289673E-001,3.246554136276245E-001,
