% Version 1.00
%
%freq[Hz],re:Trc1_S11,im:Trc1_S11,re:Trc2_S21,im:Trc2_S21,re:Trc3_S11,im:Trc3_S11,re:Trc4_S21,im:Trc4_S21,
6.900000000000000E+008,-5.696940422058106E-002,7.902006059885025E-002,-4.756724238395691E-001,-8.571933507919312E-001,-5.696940422058106E-002,7.902006059885025E-002,-4.756724238395691E-001,-8.571933507919312E-001,
6.983666666666666E+008,-4.868342727422714E-002,7.929897308349609E-002,-4.909729361534119E-001,-8.399857878684998E-001,-4.868342727422714E-002,7.929897308349609E-002,-4.909729361534119E-001,-8.399857878684998E-001,
7.067333333333334E+008,-4.045890644192696E-002,7.675468176603317E-002,-5.231034755706787E-001,-8.149663209915161E-001,-4.045890644192696E-002,7.675468176603317E-002,-5.231034755706787E-001,-8.149663209915161E-001,
7.151000000000000E+008,-4.037053883075714E-002,6.794086843729019E-002,-5.352764725685120E-001,-8.104000091552734E-001,-4.037053883075714E-002,6.794086843729019E-002,-5.352764725685120E-001,-8.104000091552734E-001,
7.234666666666666E+008,-3.817624226212502E-002,6.247716769576073E-002,-5.759161114692688E-001,-7.935071587562561E-001,-3.817624226212502E-002,6.247716769576073E-002,-5.759161114692688E-001,-7.935071587562561E-001,
7.318333333333334E+008,-4.528260603547096E-002,5.877826362848282E-002,-5.745855569839478E-001,-7.912246584892273E-001,-4.528260603547096E-002,5.877826362848282E-002,-5.745855569839478E-001,-7.912246584892273E-001,
7.402000000000000E+008,-5.152174085378647E-002,6.036446616053581E-002,-6.079335808753967E-001,-7.693572044372559E-001,-5.152174085378647E-002,6.036446616053581E-002,-6.079335808753967E-001,-7.693572044372559E-001,
7.485666666666666E+008,-5.588613823056221E-002,6.558679789304733E-002,-6.343162655830383E-001,-7.279303669929504E-001,-5.588613823056221E-002,6.558679789304733E-002,-6.343162655830383E-001,-7.279303669929504E-001,
7.569333333333334E+008,-5.538872256875038E-002,7.314652204513550E-002,-6.472045779228210E-001,-7.331719398498535E-001,-5.538872256875038E-002,7.314652204513550E-002,-6.472045779228210E-001,-7.331719398498535E-001,
7.653000000000000E+008,-5.140546336770058E-002,8.146703988313675E-002,-6.570965647697449E-001,-7.251380681991577E-001,-5.140546336770058E-002,8.146703988313675E-002,-6.570965647697449E-001,-7.251380681991577E-001,
7.736666666666666E+008,-4.265042766928673E-002,9.041047841310501E-002,-6.776836514472961E-001,-7.172095179557800E-001,-4.265042766928673E-002,9.041047841310501E-002,-6.776836514472961E-001,-7.172095179557800E-001,
7.820333333333334E+008,-3.473568707704544E-002,9.361066669225693E-002,-7.046409249305725E-001,-6.949874162673950E-001,-3.473568707704544E-002,9.361066669225693E-002,-7.046409249305725E-001,-6.949874162673950E-001,
7.904000000000000E+008,-2.547471225261688E-002,9.203295409679413E-002,-7.201099395751953E-001,-6.708933711051941E-001,-2.547471225261688E-002,9.203295409679413E-002,-7.201099395751953E-001,-6.708933711051941E-001,
7.987666666666666E+008,-1.628235168755055E-002,8.740200102329254E-002,-7.299113869667053E-001,-6.545470356941223E-001,-1.628235168755055E-002,8.740200102329254E-002,-7.299113869667053E-001,-6.545470356941223E-001,
8.071333333333334E+008,-1.486302353441715E-002,8.273065090179443E-002,-7.467157840728760E-001,-6.337575912475586E-001,-1.486302353441715E-002,8.273065090179443E-002,-7.467157840728760E-001,-6.337575912475586E-001,
8.155000000000000E+008,-1.853251270949841E-002,7.538958638906479E-002,-7.555798292160034E-001,-5.940497517585754E-001,-1.853251270949841E-002,7.538958638906479E-002,-7.555798292160034E-001,-5.940497517585754E-001,
8.238666666666666E+008,-2.161895669996738E-002,7.253885269165039E-002,-7.841063737869263E-001,-5.964668393135071E-001,-2.161895669996738E-002,7.253885269165039E-002,-7.841063737869263E-001,-5.964668393135071E-001,
8.322333333333334E+008,-2.909225039184094E-002,7.434353977441788E-002,-8.019680380821228E-001,-5.679064393043518E-001,-2.909225039184094E-002,7.434353977441788E-002,-8.019680380821228E-001,-5.679064393043518E-001,
8.406000000000000E+008,-3.254541382193565E-002,7.701729983091354E-002,-8.121546506881714E-001,-5.529414415359497E-001,-3.254541382193565E-002,7.701729983091354E-002,-8.121546506881714E-001,-5.529414415359497E-001,
8.489666666666668E+008,-3.249971941113472E-002,8.486458659172058E-002,-8.330637812614441E-001,-5.299872159957886E-001,-3.249971941113472E-002,8.486458659172058E-002,-8.330637812614441E-001,-5.299872159957886E-001,
8.573333333333334E+008,-2.847700007259846E-002,9.165228158235550E-002,-8.370823264122009E-001,-5.113827586174011E-001,-2.847700007259846E-002,9.165228158235550E-002,-8.370823264122009E-001,-5.113827586174011E-001,
8.657000000000000E+008,-2.061911113560200E-002,9.978497773408890E-002,-8.550166487693787E-001,-4.850640594959259E-001,-2.061911113560200E-002,9.978497773408890E-002,-8.550166487693787E-001,-4.850640594959259E-001,
8.740666666666668E+008,-1.100456155836582E-002,1.045530363917351E-001,-8.495357036590576E-001,-4.620754718780518E-001,-1.100456155836582E-002,1.045530363917351E-001,-8.495357036590576E-001,-4.620754718780518E-001,
8.824333333333334E+008,-5.724307848140597E-004,1.025927066802979E-001,-8.826194405555725E-001,-4.348188936710358E-001,-5.724307848140597E-004,1.025927066802979E-001,-8.826194405555725E-001,-4.348188936710358E-001,
8.908000000000000E+008,8.338766172528267E-003,1.025810986757278E-001,-8.917859792709351E-001,-4.343283176422119E-001,8.338766172528267E-003,1.025810986757278E-001,-8.917859792709351E-001,-4.343283176422119E-001,
8.991666666666668E+008,1.217327918857336E-002,9.499778598546982E-002,-9.024515748023987E-001,-4.025255739688873E-001,1.217327918857336E-002,9.499778598546982E-002,-9.024515748023987E-001,-4.025255739688873E-001,
9.075333333333334E+008,1.391108520328999E-002,8.981420099735260E-002,-8.939314484596252E-001,-3.787906765937805E-001,1.391108520328999E-002,8.981420099735260E-002,-8.939314484596252E-001,-3.787906765937805E-001,
9.159000000000000E+008,1.299259997904301E-002,8.389096707105637E-002,-9.119721651077271E-001,-3.698171079158783E-001,1.299259997904301E-002,8.389096707105637E-002,-9.119721651077271E-001,-3.698171079158783E-001,
9.242666666666668E+008,8.954062126576901E-003,7.778038084506989E-002,-9.241921901702881E-001,-3.396807014942169E-001,8.954062126576901E-003,7.778038084506989E-002,-9.241921901702881E-001,-3.396807014942169E-001,
9.326333333333334E+008,4.927902482450008E-003,7.886933535337448E-002,-9.290046691894531E-001,-3.076457977294922E-001,4.927902482450008E-003,7.886933535337448E-002,-9.290046691894531E-001,-3.076457977294922E-001,
9.410000000000000E+008,4.617430386133492E-005,8.353445678949356E-002,-9.358474016189575E-001,-2.796382904052734E-001,4.617430386133492E-005,8.353445678949356E-002,-9.358474016189575E-001,-2.796382904052734E-001,
9.493666666666668E+008,-3.416517211007886E-005,9.007429331541061E-002,-9.436893463134766E-001,-2.705377638339996E-001,-3.416517211007886E-005,9.007429331541061E-002,-9.436893463134766E-001,-2.705377638339996E-001,
9.577333333333334E+008,4.030535928905010E-003,9.653189778327942E-002,-9.700043797492981E-001,-2.270214706659317E-001,4.030535928905010E-003,9.653189778327942E-002,-9.700043797492981E-001,-2.270214706659317E-001,
9.661000000000000E+008,1.333262212574482E-002,1.023311838507652E-001,-9.572836160659790E-001,-2.136585414409638E-001,1.333262212574482E-002,1.023311838507652E-001,-9.572836160659790E-001,-2.136585414409638E-001,
9.744666666666668E+008,2.251412346959114E-002,1.059573888778687E-001,-9.632546305656433E-001,-1.789150089025497E-001,2.251412346959114E-002,1.059573888778687E-001,-9.632546305656433E-001,-1.789150089025497E-001,
9.828333333333334E+008,3.688129037618637E-002,1.038555204868317E-001,-9.606359004974365E-001,-1.584501862525940E-001,3.688129037618637E-002,1.038555204868317E-001,-9.606359004974365E-001,-1.584501862525940E-001,
9.912000000000000E+008,4.746163263916969E-002,9.905739873647690E-002,-9.731014370918274E-001,-1.438634544610977E-001,4.746163263916969E-002,9.905739873647690E-002,-9.731014370918274E-001,-1.438634544610977E-001,
9.995666666666668E+008,5.234963074326515E-002,8.892080187797546E-002,-9.780332446098328E-001,-1.085792258381844E-001,5.234963074326515E-002,8.892080187797546E-002,-9.780332446098328E-001,-1.085792258381844E-001,
1.007933333333333E+009,5.262424796819687E-002,8.012963831424713E-002,-9.814175963401794E-001,-9.556465595960617E-002,5.262424796819687E-002,8.012963831424713E-002,-9.814175963401794E-001,-9.556465595960617E-002,
1.016300000000000E+009,4.726202785968781E-002,6.960445642471314E-002,-9.860475659370422E-001,-6.459660083055496E-002,4.726202785968781E-002,6.960445642471314E-002,-9.860475659370422E-001,-6.459660083055496E-002,
1.024666666666667E+009,3.889713063836098E-002,6.768880039453507E-002,-9.860479831695557E-001,-4.293275624513626E-002,3.889713063836098E-002,6.768880039453507E-002,-9.860479831695557E-001,-4.293275624513626E-002,
1.033033333333333E+009,3.214155510067940E-002,6.785684078931809E-002,-9.647600054740906E-001,-2.227723831310868E-003,3.214155510067940E-002,6.785684078931809E-002,-9.647600054740906E-001,-2.227723831310868E-003,
1.041400000000000E+009,2.772327326238155E-002,7.304028421640396E-002,-9.742909669876099E-001,2.176010422408581E-002,2.772327326238155E-002,7.304028421640396E-002,-9.742909669876099E-001,2.176010422408581E-002,
1.049766666666667E+009,2.658794075250626E-002,8.088567107915878E-002,-9.857141375541687E-001,4.051994159817696E-002,2.658794075250626E-002,8.088567107915878E-002,-9.857141375541687E-001,4.051994159817696E-002,
1.058133333333333E+009,3.433629125356674E-002,8.873370289802551E-002,-9.768839478492737E-001,6.746129691600800E-002,3.433629125356674E-002,8.873370289802551E-002,-9.768839478492737E-001,6.746129691600800E-002,
1.066500000000000E+009,4.719036445021629E-002,9.269028156995773E-002,-9.656431078910828E-001,9.554064273834229E-002,4.719036445021629E-002,9.269028156995773E-002,-9.656431078910828E-001,9.554064273834229E-002,
1.074866666666667E+009,5.884035676717758E-002,8.841791003942490E-002,-9.726602435112000E-001,1.209280937910080E-001,5.884035676717758E-002,8.841791003942490E-002,-9.726602435112000E-001,1.209280937910080E-001,
1.083233333333334E+009,7.173455506563187E-002,8.322344720363617E-002,-9.686979055404663E-001,1.421956866979599E-001,7.173455506563187E-002,8.322344720363617E-002,-9.686979055404663E-001,1.421956866979599E-001,
1.091600000000000E+009,7.683268189430237E-002,7.048152387142181E-002,-9.636475443840027E-001,1.741207093000412E-001,7.683268189430237E-002,7.048152387142181E-002,-9.636475443840027E-001,1.741207093000412E-001,
1.099966666666667E+009,7.866754382848740E-002,5.700320750474930E-002,-9.589062929153442E-001,1.898850202560425E-001,7.866754382848740E-002,5.700320750474930E-002,-9.589062929153442E-001,1.898850202560425E-001,
1.108333333333334E+009,7.025191932916641E-002,4.625246301293373E-002,-9.710221290588379E-001,2.137296050786972E-001,7.025191932916641E-002,4.625246301293373E-002,-9.710221290588379E-001,2.137296050786972E-001,
1.116700000000000E+009,5.866186320781708E-002,4.492551833391190E-002,-9.543517827987671E-001,2.445711791515350E-001,5.866186320781708E-002,4.492551833391190E-002,-9.543517827987671E-001,2.445711791515350E-001,
1.125066666666667E+009,4.625221714377403E-002,4.511586949229240E-002,-9.424088001251221E-001,2.691270411014557E-001,4.625221714377403E-002,4.511586949229240E-002,-9.424088001251221E-001,2.691270411014557E-001,
1.133433333333334E+009,3.546309471130371E-002,5.624022707343102E-002,-9.377743601799011E-001,2.876301705837250E-001,3.546309471130371E-002,5.624022707343102E-002,-9.377743601799011E-001,2.876301705837250E-001,
1.141800000000000E+009,3.583694621920586E-002,6.860600411891937E-002,-9.271053075790405E-001,3.131120800971985E-001,3.583694621920586E-002,6.860600411891937E-002,-9.271053075790405E-001,3.131120800971985E-001,
1.150166666666667E+009,4.115519300103188E-002,8.034695684909821E-002,-9.241430759429932E-001,3.444492518901825E-001,4.115519300103188E-002,8.034695684909821E-002,-9.241430759429932E-001,3.444492518901825E-001,
1.158533333333334E+009,5.930915474891663E-002,8.740742504596710E-002,-9.103577136993408E-001,3.683488667011261E-001,5.930915474891663E-002,8.740742504596710E-002,-9.103577136993408E-001,3.683488667011261E-001,
1.166900000000000E+009,7.867662608623505E-002,8.545470237731934E-002,-8.994110226631165E-001,3.931251764297485E-001,7.867662608623505E-002,8.545470237731934E-002,-8.994110226631165E-001,3.931251764297485E-001,
1.175266666666667E+009,9.437053650617600E-002,7.595155388116837E-002,-8.849382996559143E-001,4.080551564693451E-001,9.437053650617600E-002,7.595155388116837E-002,-8.849382996559143E-001,4.080551564693451E-001,
1.183633333333334E+009,1.072914078831673E-001,5.992965027689934E-002,-8.774530291557312E-001,4.367118179798126E-001,1.072914078831673E-001,5.992965027689934E-002,-8.774530291557312E-001,4.367118179798126E-001,
1.192000000000000E+009,1.084680706262589E-001,4.174076020717621E-002,-8.697024583816528E-001,4.593810737133026E-001,1.084680706262589E-001,4.174076020717621E-002,-8.697024583816528E-001,4.593810737133026E-001,
1.200366666666667E+009,9.916313737630844E-002,2.343636006116867E-002,-8.572570085525513E-001,4.780684411525726E-001,9.916313737630844E-002,2.343636006116867E-002,-8.572570085525513E-001,4.780684411525726E-001,
1.208733333333334E+009,8.160838484764099E-002,1.418355107307434E-002,-8.564051985740662E-001,5.095100998878479E-001,8.160838484764099E-002,1.418355107307434E-002,-8.564051985740662E-001,5.095100998878479E-001,
1.217100000000000E+009,6.291492283344269E-002,1.536675356328487E-002,-8.205924630165100E-001,5.244916081428528E-001,6.291492283344269E-002,1.536675356328487E-002,-8.205924630165100E-001,5.244916081428528E-001,
1.225466666666667E+009,5.135983973741531E-002,2.630526944994927E-002,-8.265514373779297E-001,5.500664710998535E-001,5.135983973741531E-002,2.630526944994927E-002,-8.265514373779297E-001,5.500664710998535E-001,
1.233833333333334E+009,4.865166917443276E-002,4.056368395686150E-002,-8.050610423088074E-001,5.708546638488770E-001,4.865166917443276E-002,4.056368395686150E-002,-8.050610423088074E-001,5.708546638488770E-001,
1.242200000000000E+009,5.434949323534966E-002,5.528295785188675E-002,-7.759041190147400E-001,5.893669724464417E-001,5.434949323534966E-002,5.528295785188675E-002,-7.759041190147400E-001,5.893669724464417E-001,
1.250566666666667E+009,6.920551508665085E-002,6.464441120624542E-002,-7.794184088706970E-001,6.153793334960938E-001,6.920551508665085E-002,6.464441120624542E-002,-7.794184088706970E-001,6.153793334960938E-001,
1.258933333333334E+009,8.941023051738739E-002,6.458068639039993E-002,-7.576388716697693E-001,6.267324686050415E-001,8.941023051738739E-002,6.458068639039993E-002,-7.576388716697693E-001,6.267324686050415E-001,
1.267300000000000E+009,1.075025722384453E-001,5.155893042683601E-002,-7.330622673034668E-001,6.431345343589783E-001,1.075025722384453E-001,5.155893042683601E-002,-7.330622673034668E-001,6.431345343589783E-001,
1.275666666666667E+009,1.177261024713516E-001,3.366150334477425E-002,-7.291325330734253E-001,6.462996006011963E-001,1.177261024713516E-001,3.366150334477425E-002,-7.291325330734253E-001,6.462996006011963E-001,
1.284033333333334E+009,1.194105148315430E-001,1.088422909379005E-002,-6.936312317848206E-001,7.000190615653992E-001,1.194105148315430E-001,1.088422909379005E-002,-6.936312317848206E-001,7.000190615653992E-001,
1.292400000000000E+009,1.073455885052681E-001,-7.394705899059773E-003,-6.939774751663208E-001,7.011745572090149E-001,1.073455885052681E-001,-7.394705899059773E-003,-6.939774751663208E-001,7.011745572090149E-001,
1.300766666666667E+009,8.913001418113709E-002,-1.560580730438232E-002,-6.778551340103149E-001,7.168930768966675E-001,8.913001418113709E-002,-1.560580730438232E-002,-6.778551340103149E-001,7.168930768966675E-001,
1.309133333333334E+009,6.901740282773972E-002,-1.396189816296101E-002,-6.619320511817932E-001,7.486268281936646E-001,6.901740282773972E-002,-1.396189816296101E-002,-6.619320511817932E-001,7.486268281936646E-001,
1.317500000000000E+009,5.426472052931786E-002,-2.104242332279682E-003,-6.354880332946777E-001,7.745799422264099E-001,5.426472052931786E-002,-2.104242332279682E-003,-6.354880332946777E-001,7.745799422264099E-001,
1.325866666666667E+009,4.883670061826706E-002,1.383031997829676E-002,-6.120839715003967E-001,7.704214453697205E-001,4.883670061826706E-002,1.383031997829676E-002,-6.120839715003967E-001,7.704214453697205E-001,
1.334233333333334E+009,5.527580901980400E-002,3.238848224282265E-002,-5.914062857627869E-001,7.847518324851990E-001,5.527580901980400E-002,3.238848224282265E-002,-5.914062857627869E-001,7.847518324851990E-001,
1.342600000000000E+009,7.172348350286484E-002,3.734415769577026E-002,-5.785907506942749E-001,8.026737570762634E-001,7.172348350286484E-002,3.734415769577026E-002,-5.785907506942749E-001,8.026737570762634E-001,
1.350966666666667E+009,8.954627811908722E-002,3.605876117944717E-002,-5.477924942970276E-001,8.198643922805786E-001,8.954627811908722E-002,3.605876117944717E-002,-5.477924942970276E-001,8.198643922805786E-001,
1.359333333333334E+009,1.054589748382568E-001,2.363527938723564E-002,-5.283541083335877E-001,8.260998129844666E-001,1.054589748382568E-001,2.363527938723564E-002,-5.283541083335877E-001,8.260998129844666E-001,
1.367700000000000E+009,1.118319258093834E-001,2.111893380060792E-003,-5.113056898117065E-001,8.395833969116211E-001,1.118319258093834E-001,2.111893380060792E-003,-5.113056898117065E-001,8.395833969116211E-001,
1.376066666666667E+009,1.063179150223732E-001,-2.159445919096470E-002,-4.858645200729370E-001,8.521456718444824E-001,1.063179150223732E-001,-2.159445919096470E-002,-4.858645200729370E-001,8.521456718444824E-001,
1.384433333333334E+009,9.037825465202332E-002,-3.559627011418343E-002,-4.761450290679932E-001,8.605702519416809E-001,9.037825465202332E-002,-3.559627011418343E-002,-4.761450290679932E-001,8.605702519416809E-001,
1.392800000000000E+009,6.720793247222900E-002,-3.942961618304253E-002,-4.523902237415314E-001,8.712883591651917E-001,6.720793247222900E-002,-3.942961618304253E-002,-4.523902237415314E-001,8.712883591651917E-001,
1.401166666666667E+009,4.891357570886612E-002,-3.133152797818184E-002,-4.219760000705719E-001,8.973608016967773E-001,4.891357570886612E-002,-3.133152797818184E-002,-4.219760000705719E-001,8.973608016967773E-001,
1.409533333333334E+009,3.613913804292679E-002,-1.213711127638817E-002,-3.962263464927673E-001,9.062077403068543E-001,3.613913804292679E-002,-1.213711127638817E-002,-3.962263464927673E-001,9.062077403068543E-001,
1.417900000000000E+009,3.484796360135078E-002,9.528353810310364E-003,-3.567291200160980E-001,9.035640954971314E-001,3.484796360135078E-002,9.528353810310364E-003,-3.567291200160980E-001,9.035640954971314E-001,
1.426266666666667E+009,4.548565670847893E-002,2.789204753935337E-002,-3.537592589855194E-001,9.285553097724915E-001,4.548565670847893E-002,2.789204753935337E-002,-3.537592589855194E-001,9.285553097724915E-001,
1.434633333333334E+009,6.455875933170319E-002,3.466434404253960E-002,-3.206264674663544E-001,9.260165095329285E-001,6.455875933170319E-002,3.466434404253960E-002,-3.206264674663544E-001,9.260165095329285E-001,
1.443000000000000E+009,8.712904900312424E-002,3.163883462548256E-002,-2.945130765438080E-001,9.382156729698181E-001,8.712904900312424E-002,3.163883462548256E-002,-2.945130765438080E-001,9.382156729698181E-001,
1.451366666666667E+009,1.021238565444946E-001,1.491619180887938E-002,-2.756415009498596E-001,9.402958750724793E-001,1.021238565444946E-001,1.491619180887938E-002,-2.756415009498596E-001,9.402958750724793E-001,
1.459733333333334E+009,1.079426258802414E-001,-6.964497733861208E-003,-2.585392296314240E-001,9.482175707817078E-001,1.079426258802414E-001,-6.964497733861208E-003,-2.585392296314240E-001,9.482175707817078E-001,
1.468100000000000E+009,1.020063832402229E-001,-2.799258567392826E-002,-2.240416854619980E-001,9.503562450408936E-001,1.020063832402229E-001,-2.799258567392826E-002,-2.240416854619980E-001,9.503562450408936E-001,
1.476466666666667E+009,8.531785011291504E-002,-4.354782402515411E-002,-2.070836871862412E-001,9.667878150939941E-001,8.531785011291504E-002,-4.354782402515411E-002,-2.070836871862412E-001,9.667878150939941E-001,
1.484833333333334E+009,6.325817853212357E-002,-4.597448185086250E-002,-1.720039397478104E-001,9.684416055679321E-001,6.325817853212357E-002,-4.597448185086250E-002,-1.720039397478104E-001,9.684416055679321E-001,
1.493200000000000E+009,4.623519256711006E-002,-3.672395274043083E-002,-1.553114950656891E-001,9.721227884292603E-001,4.623519256711006E-002,-3.672395274043083E-002,-1.553114950656891E-001,9.721227884292603E-001,
1.501566666666667E+009,3.615029901266098E-002,-1.771431975066662E-002,-1.255549490451813E-001,9.759401679039002E-001,3.615029901266098E-002,-1.771431975066662E-002,-1.255549490451813E-001,9.759401679039002E-001,
1.509933333333334E+009,3.585493192076683E-002,3.955307882279158E-003,-1.091105863451958E-001,9.803372621536255E-001,3.585493192076683E-002,3.955307882279158E-003,-1.091105863451958E-001,9.803372621536255E-001,
1.518300000000000E+009,5.083639547228813E-002,1.986940763890743E-002,-8.094920963048935E-002,9.859189987182617E-001,5.083639547228813E-002,1.986940763890743E-002,-8.094920963048935E-002,9.859189987182617E-001,
1.526666666666667E+009,7.070040702819824E-002,2.616381272673607E-002,-4.792815074324608E-002,9.822984933853149E-001,7.070040702819824E-002,2.616381272673607E-002,-4.792815074324608E-002,9.822984933853149E-001,
1.535033333333334E+009,9.096990525722504E-002,2.201236039400101E-002,-2.581906318664551E-002,9.898447394371033E-001,9.096990525722504E-002,2.201236039400101E-002,-2.581906318664551E-002,9.898447394371033E-001,
1.543400000000000E+009,1.053880155086517E-001,5.347659345716238E-003,-5.026737693697214E-003,9.825848937034607E-001,1.053880155086517E-001,5.347659345716238E-003,-5.026737693697214E-003,9.825848937034607E-001,
1.551766666666667E+009,1.069324836134911E-001,-1.766382716596127E-002,1.738675683736801E-002,9.763379096984863E-001,1.069324836134911E-001,-1.766382716596127E-002,1.738675683736801E-002,9.763379096984863E-001,
1.560133333333334E+009,1.004308462142944E-001,-3.919050097465515E-002,4.303310066461563E-002,9.828890562057495E-001,1.004308462142944E-001,-3.919050097465515E-002,4.303310066461563E-002,9.828890562057495E-001,
1.568500000000000E+009,8.462614566087723E-002,-5.179316923022270E-002,5.853419005870819E-002,9.865993857383728E-001,8.462614566087723E-002,-5.179316923022270E-002,5.853419005870819E-002,9.865993857383728E-001,
1.576866666666667E+009,6.559582799673080E-002,-5.268514528870583E-002,9.927382320165634E-002,9.764369726181030E-001,6.559582799673080E-002,-5.268514528870583E-002,9.927382320165634E-002,9.764369726181030E-001,
1.585233333333334E+009,5.092480033636093E-002,-4.432835802435875E-002,1.159583553671837E-001,9.760366678237915E-001,5.092480033636093E-002,-4.432835802435875E-002,1.159583553671837E-001,9.760366678237915E-001,
1.593600000000000E+009,4.266915097832680E-002,-2.924808114767075E-002,1.452526748180389E-001,9.707868099212647E-001,4.266915097832680E-002,-2.924808114767075E-002,1.452526748180389E-001,9.707868099212647E-001,
1.601966666666667E+009,4.530946165323257E-002,-1.073062792420387E-002,1.651154905557632E-001,9.707259535789490E-001,4.530946165323257E-002,-1.073062792420387E-002,1.651154905557632E-001,9.707259535789490E-001,
1.610333333333334E+009,5.759476125240326E-002,1.410386292263866E-003,1.975530087947846E-001,9.608768224716187E-001,5.759476125240326E-002,1.410386292263866E-003,1.975530087947846E-001,9.608768224716187E-001,
1.618700000000000E+009,7.596625387668610E-002,4.737801384180784E-003,2.238363921642304E-001,9.562776088714600E-001,7.596625387668610E-002,4.737801384180784E-003,2.238363921642304E-001,9.562776088714600E-001,
1.627066666666667E+009,9.130115807056427E-002,-2.830377779901028E-003,2.482044100761414E-001,9.470895528793335E-001,9.130115807056427E-002,-2.830377779901028E-003,2.482044100761414E-001,9.470895528793335E-001,
1.635433333333334E+009,9.956644475460053E-002,-1.532566267997026E-002,2.760940492153168E-001,9.481604695320129E-001,9.956644475460053E-002,-1.532566267997026E-002,2.760940492153168E-001,9.481604695320129E-001,
1.643800000000000E+009,1.007743254303932E-001,-3.433058038353920E-002,2.859802842140198E-001,9.386073350906372E-001,1.007743254303932E-001,-3.433058038353920E-002,2.859802842140198E-001,9.386073350906372E-001,
1.652166666666667E+009,9.200186282396317E-002,-5.125584825873375E-002,3.227875232696533E-001,9.284332990646362E-001,9.200186282396317E-002,-5.125584825873375E-002,3.227875232696533E-001,9.284332990646362E-001,
1.660533333333334E+009,7.700064033269882E-002,-5.895109847187996E-002,3.379501104354858E-001,9.220036864280701E-001,7.700064033269882E-002,-5.895109847187996E-002,3.379501104354858E-001,9.220036864280701E-001,
1.668900000000000E+009,6.164218857884407E-002,-5.729564279317856E-002,3.579250574111939E-001,9.091386795043945E-001,6.164218857884407E-002,-5.729564279317856E-002,3.579250574111939E-001,9.091386795043945E-001,
1.677266666666667E+009,4.896569997072220E-002,-4.924283921718597E-002,3.983253538608551E-001,9.013326764106751E-001,4.896569997072220E-002,-4.924283921718597E-002,3.983253538608551E-001,9.013326764106751E-001,
1.685633333333334E+009,4.619624465703964E-002,-3.489792346954346E-002,4.172494411468506E-001,8.944178819656372E-001,4.619624465703964E-002,-3.489792346954346E-002,4.172494411468506E-001,8.944178819656372E-001,
1.694000000000000E+009,5.026779323816299E-002,-2.186671458184719E-002,4.324609935283661E-001,8.817271590232849E-001,5.026779323816299E-002,-2.186671458184719E-002,4.324609935283661E-001,8.817271590232849E-001,
1.702366666666667E+009,6.229941174387932E-002,-1.098641287535429E-002,4.558747112751007E-001,8.709564805030823E-001,6.229941174387932E-002,-1.098641287535429E-002,4.558747112751007E-001,8.709564805030823E-001,
1.710733333333334E+009,7.880087941884995E-002,-8.252341300249100E-003,4.765368103981018E-001,8.532744646072388E-001,7.880087941884995E-002,-8.252341300249100E-003,4.765368103981018E-001,8.532744646072388E-001,
1.719100000000000E+009,9.412159025669098E-002,-1.647859066724777E-002,5.022905468940735E-001,8.385451436042786E-001,9.412159025669098E-002,-1.647859066724777E-002,5.022905468940735E-001,8.385451436042786E-001,
1.727466666666667E+009,1.037809401750565E-001,-3.127691894769669E-002,5.212038159370422E-001,8.306380510330200E-001,1.037809401750565E-001,-3.127691894769669E-002,5.212038159370422E-001,8.306380510330200E-001,
1.735833333333334E+009,1.050498113036156E-001,-4.842789471149445E-002,5.354143381118774E-001,8.137880563735962E-001,1.050498113036156E-001,-4.842789471149445E-002,5.354143381118774E-001,8.137880563735962E-001,
1.744200000000000E+009,9.714217483997345E-002,-6.637074053287506E-002,5.667857527732849E-001,7.928131222724915E-001,9.714217483997345E-002,-6.637074053287506E-002,5.667857527732849E-001,7.928131222724915E-001,
1.752566666666667E+009,8.462315797805786E-002,-7.854288071393967E-002,5.929979681968689E-001,7.863431572914124E-001,8.462315797805786E-002,-7.854288071393967E-002,5.929979681968689E-001,7.863431572914124E-001,
1.760933333333334E+009,6.827437132596970E-002,-8.295047283172607E-002,5.990911126136780E-001,7.704101204872131E-001,6.827437132596970E-002,-8.295047283172607E-002,5.990911126136780E-001,7.704101204872131E-001,
1.769300000000000E+009,5.476068705320358E-002,-8.052142709493637E-002,6.243996024131775E-001,7.644292712211609E-001,5.476068705320358E-002,-8.052142709493637E-002,6.243996024131775E-001,7.644292712211609E-001,
1.777666666666667E+009,4.579351469874382E-002,-6.969229131937027E-002,6.384849548339844E-001,7.535005807876587E-001,4.579351469874382E-002,-6.969229131937027E-002,6.384849548339844E-001,7.535005807876587E-001,
1.786033333333334E+009,4.376409947872162E-002,-5.984230339527130E-002,6.557048559188843E-001,7.224486470222473E-001,4.376409947872162E-002,-5.984230339527130E-002,6.557048559188843E-001,7.224486470222473E-001,
1.794400000000000E+009,5.004590004682541E-002,-4.727281630039215E-002,6.794744133949280E-001,7.060418128967285E-001,5.004590004682541E-002,-4.727281630039215E-002,6.794744133949280E-001,7.060418128967285E-001,
1.802766666666667E+009,5.786811560392380E-002,-4.240276291966438E-002,7.017824649810791E-001,6.903740763664246E-001,5.786811560392380E-002,-4.240276291966438E-002,7.017824649810791E-001,6.903740763664246E-001,
1.811133333333334E+009,6.795714795589447E-002,-4.078843072056770E-002,7.218291163444519E-001,6.687677502632141E-001,6.795714795589447E-002,-4.078843072056770E-002,7.218291163444519E-001,6.687677502632141E-001,
1.819500000000000E+009,7.755934447050095E-002,-4.552424699068070E-002,7.340145111083984E-001,6.423714160919190E-001,7.755934447050095E-002,-4.552424699068070E-002,7.340145111083984E-001,6.423714160919190E-001,
1.827866666666667E+009,8.252365142107010E-002,-5.579402297735214E-002,7.544141411781311E-001,6.311553716659546E-001,8.252365142107010E-002,-5.579402297735214E-002,7.544141411781311E-001,6.311553716659546E-001,
1.836233333333334E+009,8.050635457038879E-002,-6.766574084758759E-002,7.638162970542908E-001,6.123398542404175E-001,8.050635457038879E-002,-6.766574084758759E-002,7.638162970542908E-001,6.123398542404175E-001,
1.844600000000000E+009,7.362187653779984E-002,-7.714252918958664E-002,7.803508043289185E-001,6.033009290695190E-001,7.362187653779984E-002,-7.714252918958664E-002,7.803508043289185E-001,6.033009290695190E-001,
1.852966666666667E+009,6.458024680614471E-002,-8.322291821241379E-002,7.897285819053650E-001,5.702200531959534E-001,6.458024680614471E-002,-8.322291821241379E-002,7.897285819053650E-001,5.702200531959534E-001,
1.861333333333334E+009,5.524889752268791E-002,-8.620069175958633E-002,8.121123313903809E-001,5.523474216461182E-001,5.524889752268791E-002,-8.620069175958633E-002,8.121123313903809E-001,5.523474216461182E-001,
1.869700000000000E+009,4.801016673445702E-002,-8.100988715887070E-002,8.272183537483215E-001,5.326995849609375E-001,4.801016673445702E-002,-8.100988715887070E-002,8.272183537483215E-001,5.326995849609375E-001,
1.878066666666667E+009,4.489055648446083E-002,-7.564263045787811E-002,8.393095135688782E-001,5.172156691551209E-001,4.489055648446083E-002,-7.564263045787811E-002,8.393095135688782E-001,5.172156691551209E-001,
1.886433333333334E+009,4.680692777037621E-002,-6.822907179594040E-002,8.595201969146729E-001,4.898503720760346E-001,4.680692777037621E-002,-6.822907179594040E-002,8.595201969146729E-001,4.898503720760346E-001,
1.894800000000000E+009,5.477324873209000E-002,-6.317700445652008E-002,8.690314292907715E-001,4.687468111515045E-001,5.477324873209000E-002,-6.317700445652008E-002,8.690314292907715E-001,4.687468111515045E-001,
1.903166666666667E+009,6.345107406377792E-002,-6.021510064601898E-002,8.840325474739075E-001,4.372999668121338E-001,6.345107406377792E-002,-6.021510064601898E-002,8.840325474739075E-001,4.372999668121338E-001,
1.911533333333334E+009,7.191823422908783E-002,-6.577473878860474E-002,8.893126249313355E-001,4.094045758247376E-001,7.191823422908783E-002,-6.577473878860474E-002,8.893126249313355E-001,4.094045758247376E-001,
1.919900000000000E+009,7.823716104030609E-002,-7.474831491708756E-002,9.024763107299805E-001,3.955605626106262E-001,7.823716104030609E-002,-7.474831491708756E-002,9.024763107299805E-001,3.955605626106262E-001,
1.928266666666667E+009,8.051133900880814E-002,-8.608359098434448E-002,8.989342451095581E-001,3.577421903610230E-001,8.051133900880814E-002,-8.608359098434448E-002,8.989342451095581E-001,3.577421903610230E-001,
1.936633333333334E+009,7.449658215045929E-002,-9.953692555427551E-002,9.179072380065918E-001,3.453558683395386E-001,7.449658215045929E-002,-9.953692555427551E-002,9.179072380065918E-001,3.453558683395386E-001,
1.945000000000000E+009,6.412414461374283E-002,-1.092062070965767E-001,9.296364188194275E-001,3.220223784446716E-001,6.412414461374283E-002,-1.092062070965767E-001,9.296364188194275E-001,3.220223784446716E-001,
1.953366666666667E+009,5.215305835008621E-002,-1.157178059220314E-001,9.301829934120178E-001,3.019305169582367E-001,5.215305835008621E-002,-1.157178059220314E-001,9.301829934120178E-001,3.019305169582367E-001,
1.961733333333334E+009,3.710086643695831E-002,-1.136034801602364E-001,9.453601837158203E-001,2.794604301452637E-001,3.710086643695831E-002,-1.136034801602364E-001,9.453601837158203E-001,2.794604301452637E-001,
1.970100000000000E+009,2.724586054682732E-002,-1.074847429990768E-001,9.450461268424988E-001,2.585401535034180E-001,2.724586054682732E-002,-1.074847429990768E-001,9.450461268424988E-001,2.585401535034180E-001,
1.978466666666667E+009,2.323302067816258E-002,-9.641041606664658E-002,9.544758796691895E-001,2.256328314542770E-001,2.323302067816258E-002,-9.641041606664658E-002,9.544758796691895E-001,2.256328314542770E-001,
1.986833333333334E+009,2.666257694363594E-002,-8.613288402557373E-002,9.587496519088745E-001,2.059721201658249E-001,2.666257694363594E-002,-8.613288402557373E-002,9.587496519088745E-001,2.059721201658249E-001,
1.995200000000000E+009,3.830810636281967E-002,-7.913938909769058E-002,9.605547785758972E-001,1.896234750747681E-001,3.830810636281967E-002,-7.913938909769058E-002,9.605547785758972E-001,1.896234750747681E-001,
2.003566666666667E+009,5.220228806138039E-002,-7.918629050254822E-002,9.684386849403381E-001,1.536313146352768E-001,5.220228806138039E-002,-7.918629050254822E-002,9.684386849403381E-001,1.536313146352768E-001,
2.011933333333334E+009,6.415837258100510E-002,-8.874822407960892E-002,9.758329391479492E-001,1.236348673701286E-001,6.415837258100510E-002,-8.874822407960892E-002,9.758329391479492E-001,1.236348673701286E-001,
2.020300000000000E+009,7.080898433923721E-002,-1.003409326076508E-001,9.719836115837097E-001,9.273729473352432E-002,7.080898433923721E-002,-1.003409326076508E-001,9.719836115837097E-001,9.273729473352432E-002,
2.028666666666667E+009,6.868965923786163E-002,-1.174881830811501E-001,9.758324027061462E-001,7.715570926666260E-002,6.868965923786163E-002,-1.174881830811501E-001,9.758324027061462E-001,7.715570926666260E-002,
2.037033333333334E+009,5.813404917716980E-002,-1.354197412729263E-001,9.804694652557373E-001,4.980961605906487E-002,5.813404917716980E-002,-1.354197412729263E-001,9.804694652557373E-001,4.980961605906487E-002,
2.045400000000000E+009,4.133293405175209E-002,-1.446924656629562E-001,9.736051559448242E-001,3.226448968052864E-002,4.133293405175209E-002,-1.446924656629562E-001,9.736051559448242E-001,3.226448968052864E-002,
2.053766666666667E+009,2.103757672011852E-002,-1.454500555992127E-001,9.758728742599487E-001,4.906015936285257E-003,2.103757672011852E-002,-1.454500555992127E-001,9.758728742599487E-001,4.906015936285257E-003,
2.062133333333334E+009,5.971156526356936E-003,-1.401548236608505E-001,9.805290699005127E-001,-2.242397516965866E-002,5.971156526356936E-003,-1.401548236608505E-001,9.805290699005127E-001,-2.242397516965866E-002,
2.070500000000000E+009,-1.799345249310136E-003,-1.253075301647186E-001,9.810852408409119E-001,-4.605261981487274E-002,-1.799345249310136E-003,-1.253075301647186E-001,9.810852408409119E-001,-4.605261981487274E-002,
2.078866666666667E+009,3.861987788695842E-004,-1.106084957718849E-001,9.769065976142883E-001,-6.811058521270752E-002,3.861987788695842E-004,-1.106084957718849E-001,9.769065976142883E-001,-6.811058521270752E-002,
2.087233333333334E+009,1.089057140052319E-002,-1.033376976847649E-001,9.757061600685120E-001,-1.037366986274719E-001,1.089057140052319E-002,-1.033376976847649E-001,9.757061600685120E-001,-1.037366986274719E-001,
2.095600000000000E+009,2.735669724643230E-002,-1.007817611098290E-001,9.797543287277222E-001,-1.269218474626541E-001,2.735669724643230E-002,-1.007817611098290E-001,9.797543287277222E-001,-1.269218474626541E-001,
2.103966666666667E+009,4.194096848368645E-002,-1.117351055145264E-001,9.753506183624268E-001,-1.543938517570496E-001,4.194096848368645E-002,-1.117351055145264E-001,9.753506183624268E-001,-1.543938517570496E-001,
2.112333333333334E+009,4.847033694386482E-002,-1.283718943595886E-001,9.596325755119324E-001,-1.773752570152283E-001,4.847033694386482E-002,-1.283718943595886E-001,9.596325755119324E-001,-1.773752570152283E-001,
2.120700000000000E+009,4.672779515385628E-002,-1.523831337690353E-001,9.558547139167786E-001,-2.060325443744659E-001,4.672779515385628E-002,-1.523831337690353E-001,9.558547139167786E-001,-2.060325443744659E-001,
2.129066666666667E+009,3.083206154406071E-002,-1.694141626358032E-001,9.589508175849915E-001,-2.334999740123749E-001,3.083206154406071E-002,-1.694141626358032E-001,9.589508175849915E-001,-2.334999740123749E-001,
2.137433333333334E+009,6.799921859055758E-003,-1.801315546035767E-001,9.410054683685303E-001,-2.504669427871704E-001,6.799921859055758E-003,-1.801315546035767E-001,9.410054683685303E-001,-2.504669427871704E-001,
2.145800000000000E+009,-2.212799154222012E-002,-1.792839169502258E-001,9.382538199424744E-001,-2.713429629802704E-001,-2.212799154222012E-002,-1.792839169502258E-001,9.382538199424744E-001,-2.713429629802704E-001,
2.154166666666667E+009,-4.428994283080101E-002,-1.667902469635010E-001,9.293450117111206E-001,-2.905041873455048E-001,-4.428994283080101E-002,-1.667902469635010E-001,9.293450117111206E-001,-2.905041873455048E-001,
2.162533333333334E+009,-5.639278516173363E-002,-1.457419842481613E-001,9.118942022323608E-001,-3.154996335506439E-001,-5.639278516173363E-002,-1.457419842481613E-001,9.118942022323608E-001,-3.154996335506439E-001,
2.170900000000000E+009,-5.376676097512245E-002,-1.241962760686874E-001,9.201560020446777E-001,-3.441933393478394E-001,-5.376676097512245E-002,-1.241962760686874E-001,9.201560020446777E-001,-3.441933393478394E-001,
2.179266666666667E+009,-3.982471302151680E-002,-1.105351820588112E-001,9.062181711196899E-001,-3.601066768169403E-001,-3.982471302151680E-002,-1.105351820588112E-001,9.062181711196899E-001,-3.601066768169403E-001,
2.187633333333334E+009,-2.103857696056366E-002,-1.073974370956421E-001,9.048758745193481E-001,-3.934437930583954E-001,-2.103857696056366E-002,-1.073974370956421E-001,9.048758745193481E-001,-3.934437930583954E-001,
2.196000000000000E+009,-1.132348785176873E-003,-1.179401800036430E-001,8.831622004508972E-001,-4.170801639556885E-001,-1.132348785176873E-003,-1.179401800036430E-001,8.831622004508972E-001,-4.170801639556885E-001,
2.204366666666667E+009,9.703689254820347E-003,-1.393244862556458E-001,8.714849352836609E-001,-4.386808872222900E-001,9.703689254820347E-003,-1.393244862556458E-001,8.714849352836609E-001,-4.386808872222900E-001,
2.212733333333334E+009,6.286103744059801E-003,-1.650890856981278E-001,8.560693264007568E-001,-4.695785939693451E-001,6.286103744059801E-003,-1.650890856981278E-001,8.560693264007568E-001,-4.695785939693451E-001,
2.221100000000000E+009,-1.201875414699316E-002,-1.849116832017899E-001,8.359187841415405E-001,-4.816544353961945E-001,-1.201875414699316E-002,-1.849116832017899E-001,8.359187841415405E-001,-4.816544353961945E-001,
2.229466666666667E+009,-3.786107897758484E-002,-1.947055608034134E-001,8.273080587387085E-001,-4.910531640052795E-001,-3.786107897758484E-002,-1.947055608034134E-001,8.273080587387085E-001,-4.910531640052795E-001,
2.237833333333334E+009,-7.046305388212204E-002,-1.891214847564697E-001,8.161758780479431E-001,-5.171367526054382E-001,-7.046305388212204E-002,-1.891214847564697E-001,8.161758780479431E-001,-5.171367526054382E-001,
2.246200000000000E+009,-9.622036665678024E-002,-1.721343696117401E-001,8.058296442031860E-001,-5.352044701576233E-001,-9.622036665678024E-002,-1.721343696117401E-001,8.058296442031860E-001,-5.352044701576233E-001,
2.254566666666667E+009,-1.069157421588898E-001,-1.452514380216599E-001,7.934883832931519E-001,-5.527530908584595E-001,-1.069157421588898E-001,-1.452514380216599E-001,7.934883832931519E-001,-5.527530908584595E-001,
2.262933333333334E+009,-1.066441386938095E-001,-1.223280280828476E-001,7.825813889503479E-001,-5.765252709388733E-001,-1.066441386938095E-001,-1.223280280828476E-001,7.825813889503479E-001,-5.765252709388733E-001,
2.271300000000000E+009,-9.175782650709152E-002,-1.038760021328926E-001,7.642771601676941E-001,-5.964478254318237E-001,-9.175782650709152E-002,-1.038760021328926E-001,7.642771601676941E-001,-5.964478254318237E-001,
2.279666666666667E+009,-6.919182837009430E-002,-1.020279526710510E-001,7.527747750282288E-001,-6.196013689041138E-001,-6.919182837009430E-002,-1.020279526710510E-001,7.527747750282288E-001,-6.196013689041138E-001,
2.288033333333334E+009,-5.065525323152542E-002,-1.139725372195244E-001,7.371553182601929E-001,-6.495935916900635E-001,-5.065525323152542E-002,-1.139725372195244E-001,7.371553182601929E-001,-6.495935916900635E-001,
2.296400000000000E+009,-4.104587435722351E-002,-1.375475525856018E-001,7.104733586311340E-001,-6.681146621704102E-001,-4.104587435722351E-002,-1.375475525856018E-001,7.104733586311340E-001,-6.681146621704102E-001,
2.304766666666667E+009,-4.940342530608177E-002,-1.624989807605743E-001,6.976391673088074E-001,-6.739665269851685E-001,-4.940342530608177E-002,-1.624989807605743E-001,6.976391673088074E-001,-6.739665269851685E-001,
2.313133333333334E+009,-7.280576974153519E-002,-1.781111657619476E-001,6.673263907432556E-001,-7.046868801116943E-001,-7.280576974153519E-002,-1.781111657619476E-001,6.673263907432556E-001,-7.046868801116943E-001,
2.321500000000000E+009,-9.894295036792755E-002,-1.794418692588806E-001,6.535363197326660E-001,-7.083596587181091E-001,-9.894295036792755E-002,-1.794418692588806E-001,6.535363197326660E-001,-7.083596587181091E-001,
2.329866666666667E+009,-1.262457817792893E-001,-1.668282747268677E-001,6.450197100639343E-001,-7.256209254264832E-001,-1.262457817792893E-001,-1.668282747268677E-001,6.450197100639343E-001,-7.256209254264832E-001,
2.338233333333334E+009,-1.456997990608215E-001,-1.441234946250916E-001,6.187705993652344E-001,-7.404295206069946E-001,-1.456997990608215E-001,-1.441234946250916E-001,6.187705993652344E-001,-7.404295206069946E-001,
2.346600000000000E+009,-1.504102051258087E-001,-1.127621978521347E-001,6.007471084594727E-001,-7.593127489089966E-001,-1.504102051258087E-001,-1.127621978521347E-001,6.007471084594727E-001,-7.593127489089966E-001,
2.354966666666667E+009,-1.384615898132324E-001,-8.952391892671585E-002,5.927236080169678E-001,-7.744938731193543E-001,-1.384615898132324E-001,-8.952391892671585E-002,5.927236080169678E-001,-7.744938731193543E-001,
2.363333333333334E+009,-1.164863109588623E-001,-8.028958737850189E-002,5.752463936805725E-001,-7.887538075447083E-001,-1.164863109588623E-001,-8.028958737850189E-002,5.752463936805725E-001,-7.887538075447083E-001,
2.371700000000000E+009,-9.068727493286133E-002,-8.604280650615692E-002,5.534639954566956E-001,-8.130178451538086E-001,-9.068727493286133E-002,-8.604280650615692E-002,5.534639954566956E-001,-8.130178451538086E-001,
2.380066666666667E+009,-7.541620731353760E-002,-1.111698597669601E-001,5.215046405792236E-001,-8.260421156883240E-001,-7.541620731353760E-002,-1.111698597669601E-001,5.215046405792236E-001,-8.260421156883240E-001,
2.388433333333334E+009,-7.699872553348541E-002,-1.418173462152481E-001,4.964590072631836E-001,-8.306254744529724E-001,-7.699872553348541E-002,-1.418173462152481E-001,4.964590072631836E-001,-8.306254744529724E-001,
2.396800000000000E+009,-9.732726961374283E-002,-1.713114231824875E-001,4.646025896072388E-001,-8.488738536834717E-001,-9.732726961374283E-002,-1.713114231824875E-001,4.646025896072388E-001,-8.488738536834717E-001,
2.405166666666667E+009,-1.299476921558380E-001,-1.879131048917770E-001,4.439530372619629E-001,-8.564521670341492E-001,-1.299476921558380E-001,-1.879131048917770E-001,4.439530372619629E-001,-8.564521670341492E-001,
2.413533333333334E+009,-1.717137247323990E-001,-1.816032528877258E-001,4.203464984893799E-001,-8.582687973976135E-001,-1.717137247323990E-001,-1.816032528877258E-001,4.203464984893799E-001,-8.582687973976135E-001,
2.421900000000000E+009,-2.090907543897629E-001,-1.578786522150040E-001,4.079064428806305E-001,-8.656681180000305E-001,-2.090907543897629E-001,-1.578786522150040E-001,4.079064428806305E-001,-8.656681180000305E-001,
2.430266666666667E+009,-2.287042140960693E-001,-1.206533834338188E-001,3.915261328220367E-001,-8.762400746345520E-001,-2.287042140960693E-001,-1.206533834338188E-001,3.915261328220367E-001,-8.762400746345520E-001,
2.438633333333334E+009,-2.337655276060104E-001,-7.640730589628220E-002,3.733070194721222E-001,-8.856654167175293E-001,-2.337655276060104E-001,-7.640730589628220E-002,3.733070194721222E-001,-8.856654167175293E-001,
2.447000000000000E+009,-2.172715216875076E-001,-3.712154179811478E-002,3.526758551597595E-001,-8.998170495033264E-001,-2.172715216875076E-001,-3.712154179811478E-002,3.526758551597595E-001,-8.998170495033264E-001,
2.455366666666667E+009,-1.862619072198868E-001,-1.707800105214119E-002,3.305450379848480E-001,-9.106123447418213E-001,-1.862619072198868E-001,-1.707800105214119E-002,3.305450379848480E-001,-9.106123447418213E-001,
2.463733333333334E+009,-1.529040038585663E-001,-1.571651920676231E-002,3.085153996944428E-001,-9.267101883888245E-001,-1.529040038585663E-001,-1.571651920676231E-002,3.085153996944428E-001,-9.267101883888245E-001,
2.472100000000000E+009,-1.280735135078430E-001,-3.516222909092903E-002,2.803898155689240E-001,-9.382927417755127E-001,-1.280735135078430E-001,-3.516222909092903E-002,2.803898155689240E-001,-9.382927417755127E-001,
2.480466666666667E+009,-1.195674538612366E-001,-6.681586802005768E-002,2.452924400568008E-001,-9.397571682929993E-001,-1.195674538612366E-001,-6.681586802005768E-002,2.452924400568008E-001,-9.397571682929993E-001,
2.488833333333334E+009,-1.326817572116852E-001,-9.742632508277893E-002,2.221264690160751E-001,-9.481532573699951E-001,-1.326817572116852E-001,-9.742632508277893E-002,2.221264690160751E-001,-9.481532573699951E-001,
2.497200000000000E+009,-1.583415418863297E-001,-1.138492226600647E-001,1.905718594789505E-001,-9.498740434646606E-001,-1.583415418863297E-001,-1.138492226600647E-001,1.905718594789505E-001,-9.498740434646606E-001,
2.505566666666667E+009,-1.958252191543579E-001,-1.125393509864807E-001,1.638599932193756E-001,-9.507889151573181E-001,-1.958252191543579E-001,-1.125393509864807E-001,1.638599932193756E-001,-9.507889151573181E-001,
2.513933333333334E+009,-2.257856130599976E-001,-9.072192758321762E-002,1.463539153337479E-001,-9.478659033775330E-001,-2.257856130599976E-001,-9.072192758321762E-002,1.463539153337479E-001,-9.478659033775330E-001,
2.522300000000000E+009,-2.417839169502258E-001,-5.877440795302391E-002,1.206384450197220E-001,-9.481030106544495E-001,-2.417839169502258E-001,-5.877440795302391E-002,1.206384450197220E-001,-9.481030106544495E-001,
2.530666666666667E+009,-2.396848201751709E-001,-1.947393454611301E-002,9.766199439764023E-002,-9.575161337852478E-001,-2.396848201751709E-001,-1.947393454611301E-002,9.766199439764023E-002,-9.575161337852478E-001,
2.539033333333334E+009,-2.217759788036346E-001,1.204381138086319E-002,8.209450542926788E-002,-9.580562710762024E-001,-2.217759788036346E-001,1.204381138086319E-002,8.209450542926788E-002,-9.580562710762024E-001,
2.547400000000000E+009,-1.923546642065048E-001,2.947041764855385E-002,6.283887475728989E-002,-9.700530767440796E-001,-1.923546642065048E-001,2.947041764855385E-002,6.283887475728989E-002,-9.700530767440796E-001,
2.555766666666667E+009,-1.601372510194778E-001,2.776394970715046E-002,3.303479403257370E-002,-9.775196313858032E-001,-1.601372510194778E-001,2.776394970715046E-002,3.303479403257370E-002,-9.775196313858032E-001,
2.564133333333334E+009,-1.399223953485489E-001,5.686547141522169E-003,2.916876692324877E-003,-9.735541343688965E-001,-1.399223953485489E-001,5.686547141522169E-003,2.916876692324877E-003,-9.735541343688965E-001,
2.572500000000000E+009,-1.379849612712860E-001,-2.388169057667255E-002,-2.558156289160252E-002,-9.717886447906494E-001,-1.379849612712860E-001,-2.388169057667255E-002,-2.558156289160252E-002,-9.717886447906494E-001,
2.580866666666667E+009,-1.546790450811386E-001,-5.084944516420364E-002,-5.542111769318581E-002,-9.715176820755005E-001,-1.546790450811386E-001,-5.084944516420364E-002,-5.542111769318581E-002,-9.715176820755005E-001,
2.589233333333334E+009,-1.875116378068924E-001,-6.380008161067963E-002,-8.700824528932571E-002,-9.603495597839356E-001,-1.875116378068924E-001,-6.380008161067963E-002,-8.700824528932571E-002,-9.603495597839356E-001,
2.597600000000000E+009,-2.225604355335236E-001,-5.918185040354729E-002,-1.131803989410400E-001,-9.547244310379028E-001,-2.225604355335236E-001,-5.918185040354729E-002,-1.131803989410400E-001,-9.547244310379028E-001,
2.605966666666667E+009,-2.512474954128265E-001,-3.333978354930878E-002,-1.250723004341126E-001,-9.532118439674377E-001,-2.512474954128265E-001,-3.333978354930878E-002,-1.250723004341126E-001,-9.532118439674377E-001,
2.614333333333334E+009,-2.642627358436585E-001,9.402427822351456E-004,-1.457806080579758E-001,-9.412591457366943E-001,-2.642627358436585E-001,9.402427822351456E-004,-1.457806080579758E-001,-9.412591457366943E-001,
2.622700000000000E+009,-2.590959072113037E-001,4.317223280668259E-002,-1.660798788070679E-001,-9.361100196838379E-001,-2.590959072113037E-001,4.317223280668259E-002,-1.660798788070679E-001,-9.361100196838379E-001,
2.631066666666667E+009,-2.368124872446060E-001,7.519796490669251E-002,-1.818521022796631E-001,-9.442884325981140E-001,-2.368124872446060E-001,7.519796490669251E-002,-1.818521022796631E-001,-9.442884325981140E-001,
2.639433333333334E+009,-2.033254951238632E-001,9.291382879018784E-002,-2.083177715539932E-001,-9.374370574951172E-001,-2.033254951238632E-001,9.291382879018784E-002,-2.083177715539932E-001,-9.374370574951172E-001,
2.647800000000000E+009,-1.690311133861542E-001,9.138938784599304E-002,-2.355444580316544E-001,-9.374242424964905E-001,-1.690311133861542E-001,9.138938784599304E-002,-2.355444580316544E-001,-9.374242424964905E-001,
2.656166666666667E+009,-1.477462798357010E-001,7.228825241327286E-002,-2.600582540035248E-001,-9.414402842521668E-001,-1.477462798357010E-001,7.228825241327286E-002,-2.600582540035248E-001,-9.414402842521668E-001,
2.664533333333334E+009,-1.428345590829849E-001,4.506696760654450E-002,-2.959524691104889E-001,-9.209658503532410E-001,-1.428345590829849E-001,4.506696760654450E-002,-2.959524691104889E-001,-9.209658503532410E-001,
2.672900000000000E+009,-1.580279320478439E-001,1.976669020950794E-002,-3.192284405231476E-001,-9.149619340896606E-001,-1.580279320478439E-001,1.976669020950794E-002,-3.192284405231476E-001,-9.149619340896606E-001,
2.681266666666667E+009,-1.869527846574783E-001,9.671507403254509E-003,-3.451635241508484E-001,-8.996506333351135E-001,-1.869527846574783E-001,9.671507403254509E-003,-3.451635241508484E-001,-8.996506333351135E-001,
2.689633333333334E+009,-2.200768142938614E-001,1.602631248533726E-002,-3.667346537113190E-001,-8.892354369163513E-001,-2.200768142938614E-001,1.602631248533726E-002,-3.667346537113190E-001,-8.892354369163513E-001,
2.698000000000000E+009,-2.441926747560501E-001,4.108683392405510E-002,-3.797574043273926E-001,-8.729332685470581E-001,-2.441926747560501E-001,4.108683392405510E-002,-3.797574043273926E-001,-8.729332685470581E-001,
2.706366666666667E+009,-2.526383697986603E-001,7.735325396060944E-002,-4.005276262760162E-001,-8.590074181556702E-001,-2.526383697986603E-001,7.735325396060944E-002,-4.005276262760162E-001,-8.590074181556702E-001,
2.714733333333334E+009,-2.434315681457520E-001,1.130114123225212E-001,-4.132207632064819E-001,-8.573700189590454E-001,-2.434315681457520E-001,1.130114123225212E-001,-4.132207632064819E-001,-8.573700189590454E-001,
2.723100000000000E+009,-2.179664671421051E-001,1.442499607801437E-001,-4.330072402954102E-001,-8.472711443901062E-001,-2.179664671421051E-001,1.442499607801437E-001,-4.330072402954102E-001,-8.472711443901062E-001,
2.731466666666667E+009,-1.794585734605789E-001,1.597880572080612E-001,-4.558465778827667E-001,-8.410412073135376E-001,-1.794585734605789E-001,1.597880572080612E-001,-4.558465778827667E-001,-8.410412073135376E-001,
2.739833333333334E+009,-1.435993164777756E-001,1.558720022439957E-001,-4.795563817024231E-001,-8.324102163314819E-001,-1.435993164777756E-001,1.558720022439957E-001,-4.795563817024231E-001,-8.324102163314819E-001,
2.748200000000000E+009,-1.183809414505959E-001,1.362697780132294E-001,-5.038931369781494E-001,-8.261597752571106E-001,-1.183809414505959E-001,1.362697780132294E-001,-5.038931369781494E-001,-8.261597752571106E-001,
2.756566666666667E+009,-1.118469908833504E-001,1.072364300489426E-001,-5.304821729660034E-001,-8.171871900558472E-001,-1.118469908833504E-001,1.072364300489426E-001,-5.304821729660034E-001,-8.171871900558472E-001,
2.764933333333334E+009,-1.229040622711182E-001,8.128253370523453E-002,-5.685935020446777E-001,-8.018663525581360E-001,-1.229040622711182E-001,8.128253370523453E-002,-5.685935020446777E-001,-8.018663525581360E-001,
2.773300000000000E+009,-1.490966528654099E-001,6.576289236545563E-002,-5.811839699745178E-001,-7.765935659408569E-001,-1.490966528654099E-001,6.576289236545563E-002,-5.811839699745178E-001,-7.765935659408569E-001,
2.781666666666667E+009,-1.829870641231537E-001,7.366722077131271E-002,-5.986012220382690E-001,-7.544577717781067E-001,-1.829870641231537E-001,7.366722077131271E-002,-5.986012220382690E-001,-7.544577717781067E-001,
2.790033333333334E+009,-2.073263674974442E-001,9.448827058076859E-002,-6.140275001525879E-001,-7.381136417388916E-001,-2.073263674974442E-001,9.448827058076859E-002,-6.140275001525879E-001,-7.381136417388916E-001,
2.798400000000000E+009,-2.178990393877029E-001,1.289360374212265E-001,-6.270008683204651E-001,-7.253941297531128E-001,-2.178990393877029E-001,1.289360374212265E-001,-6.270008683204651E-001,-7.253941297531128E-001,
2.806766666666667E+009,-2.064248770475388E-001,1.653896123170853E-001,-6.402229070663452E-001,-7.017282843589783E-001,-2.064248770475388E-001,1.653896123170853E-001,-6.402229070663452E-001,-7.017282843589783E-001,
2.815133333333334E+009,-1.808505654335022E-001,1.922378093004227E-001,-6.538465023040772E-001,-6.922020316123962E-001,-1.808505654335022E-001,1.922378093004227E-001,-6.538465023040772E-001,-6.922020316123962E-001,
2.823500000000000E+009,-1.449593305587769E-001,2.052974849939346E-001,-6.703341007232666E-001,-6.834599375724793E-001,-1.449593305587769E-001,2.052974849939346E-001,-6.703341007232666E-001,-6.834599375724793E-001,
2.831866666666667E+009,-1.067467406392098E-001,1.984443962574005E-001,-6.853074431419373E-001,-6.667331457138062E-001,-1.067467406392098E-001,1.984443962574005E-001,-6.853074431419373E-001,-6.667331457138062E-001,
2.840233333333334E+009,-7.973098009824753E-002,1.779340654611588E-001,-7.161268591880798E-001,-6.572244167327881E-001,-7.973098009824753E-002,1.779340654611588E-001,-7.161268591880798E-001,-6.572244167327881E-001,
2.848600000000000E+009,-6.957800686359406E-002,1.484768241643906E-001,-7.326085567474365E-001,-6.326718330383301E-001,-6.957800686359406E-002,1.484768241643906E-001,-7.326085567474365E-001,-6.326718330383301E-001,
2.856966666666667E+009,-8.076727390289307E-002,1.223156899213791E-001,-7.546760439872742E-001,-6.150647997856140E-001,-8.076727390289307E-002,1.223156899213791E-001,-7.546760439872742E-001,-6.150647997856140E-001,
2.865333333333334E+009,-1.075896322727203E-001,1.077768132090569E-001,-7.740417122840881E-001,-5.958525538444519E-001,-1.075896322727203E-001,1.077768132090569E-001,-7.740417122840881E-001,-5.958525538444519E-001,
2.873700000000000E+009,-1.401767730712891E-001,1.123837158083916E-001,-7.876292467117310E-001,-5.580621957778931E-001,-1.401767730712891E-001,1.123837158083916E-001,-7.876292467117310E-001,-5.580621957778931E-001,
2.882066666666667E+009,-1.655554473400116E-001,1.349726468324661E-001,-7.927621006965637E-001,-5.304971933364868E-001,-1.655554473400116E-001,1.349726468324661E-001,-7.927621006965637E-001,-5.304971933364868E-001,
2.890433333333334E+009,-1.761528104543686E-001,1.709413528442383E-001,-8.031843304634094E-001,-5.131446719169617E-001,-1.761528104543686E-001,1.709413528442383E-001,-8.031843304634094E-001,-5.131446719169617E-001,
2.898800000000000E+009,-1.655637919902802E-001,2.086760997772217E-001,-8.069417476654053E-001,-4.980587661266327E-001,-1.655637919902802E-001,2.086760997772217E-001,-8.069417476654053E-001,-4.980587661266327E-001,
2.907166666666667E+009,-1.362718939781189E-001,2.360001802444458E-001,-8.126491308212280E-001,-4.838598966598511E-001,-1.362718939781189E-001,2.360001802444458E-001,-8.126491308212280E-001,-4.838598966598511E-001,
2.915533333333334E+009,-9.547264873981476E-002,2.490151971578598E-001,-8.272611498832703E-001,-4.623351693153381E-001,-9.547264873981476E-002,2.490151971578598E-001,-8.272611498832703E-001,-4.623351693153381E-001,
2.923900000000000E+009,-5.703115835785866E-002,2.413930743932724E-001,-8.398500680923462E-001,-4.543247520923615E-001,-5.703115835785866E-002,2.413930743932724E-001,-8.398500680923462E-001,-4.543247520923615E-001,
2.932266666666667E+009,-2.543641813099384E-002,2.183484733104706E-001,-8.537879586219788E-001,-4.386548399925232E-001,-2.543641813099384E-002,2.183484733104706E-001,-8.537879586219788E-001,-4.386548399925232E-001,
2.940633333333334E+009,-1.338458247482777E-002,1.846894919872284E-001,-8.729665875434876E-001,-4.110109508037567E-001,-1.338458247482777E-002,1.846894919872284E-001,-8.729665875434876E-001,-4.110109508037567E-001,
2.949000000000000E+009,-2.265790663659573E-002,1.506723165512085E-001,-8.952018022537231E-001,-3.798480033874512E-001,-2.265790663659573E-002,1.506723165512085E-001,-8.952018022537231E-001,-3.798480033874512E-001,
2.957366666666667E+009,-4.821790382266045E-002,1.329324245452881E-001,-9.067062139511108E-001,-3.611935675144196E-001,-4.821790382266045E-002,1.329324245452881E-001,-9.067062139511108E-001,-3.611935675144196E-001,
2.965733333333334E+009,-8.339625597000122E-002,1.351931840181351E-001,-9.176270365715027E-001,-3.287376463413239E-001,-8.339625597000122E-002,1.351931840181351E-001,-9.176270365715027E-001,-3.287376463413239E-001,
2.974100000000000E+009,-1.093712225556374E-001,1.587029695510864E-001,-9.202992916107178E-001,-2.897978425025940E-001,-1.093712225556374E-001,1.587029695510864E-001,-9.202992916107178E-001,-2.897978425025940E-001,
2.982466666666667E+009,-1.199286878108978E-001,1.948303431272507E-001,-9.208216071128845E-001,-2.654465138912201E-001,-1.199286878108978E-001,1.948303431272507E-001,-9.208216071128845E-001,-2.654465138912201E-001,
2.990833333333334E+009,-1.102805808186531E-001,2.324974387884140E-001,-9.140410423278809E-001,-2.514442503452301E-001,-1.102805808186531E-001,2.324974387884140E-001,-9.140410423278809E-001,-2.514442503452301E-001,
2.999200000000000E+009,-8.069741725921631E-002,2.617397606372833E-001,-9.183270335197449E-001,-2.315582633018494E-001,-8.069741725921631E-002,2.617397606372833E-001,-9.183270335197449E-001,-2.315582633018494E-001,
3.007566666666667E+009,-3.924134001135826E-002,2.734894454479218E-001,-9.232198596000671E-001,-2.157700061798096E-001,-3.924134001135826E-002,2.734894454479218E-001,-9.232198596000671E-001,-2.157700061798096E-001,
3.015933333333334E+009,5.100515671074390E-003,2.624629139900208E-001,-9.288221001625061E-001,-2.022284418344498E-001,5.100515671074390E-003,2.624629139900208E-001,-9.288221001625061E-001,-2.022284418344498E-001,
3.024300000000000E+009,3.642543405294418E-002,2.354574948549271E-001,-9.410208463668823E-001,-1.851671934127808E-001,3.642543405294418E-002,2.354574948549271E-001,-9.410208463668823E-001,-1.851671934127808E-001,
3.032666666666667E+009,4.959421977400780E-002,1.949525773525238E-001,-9.501300454139710E-001,-1.582939177751541E-001,4.959421977400780E-002,1.949525773525238E-001,-9.501300454139710E-001,-1.582939177751541E-001,
3.041033333333334E+009,3.799826651811600E-002,1.577925980091095E-001,-9.612814188003540E-001,-1.310559958219528E-001,3.799826651811600E-002,1.577925980091095E-001,-9.612814188003540E-001,-1.310559958219528E-001,
3.049400000000000E+009,7.434271741658449E-003,1.363317370414734E-001,-9.671669602394104E-001,-9.045836329460144E-002,7.434271741658449E-003,1.363317370414734E-001,-9.671669602394104E-001,-9.045836329460144E-002,
3.057766666666667E+009,-2.956136688590050E-002,1.377515643835068E-001,-9.742634296417236E-001,-6.951387226581574E-002,-2.956136688590050E-002,1.377515643835068E-001,-9.742634296417236E-001,-6.951387226581574E-002,
3.066133333333334E+009,-6.076351553201675E-002,1.632676571607590E-001,-9.638417363166809E-001,-3.011821769177914E-002,-6.076351553201675E-002,1.632676571607590E-001,-9.638417363166809E-001,-3.011821769177914E-002,
3.074500000000000E+009,-7.190236449241638E-002,2.033190876245499E-001,-9.603325724601746E-001,-3.287251573055983E-003,-7.190236449241638E-002,2.033190876245499E-001,-9.603325724601746E-001,-3.287251573055983E-003,
3.082866666666667E+009,-5.787013843655586E-002,2.450426220893860E-001,-9.524748921394348E-001,1.585327088832855E-002,-5.787013843655586E-002,2.450426220893860E-001,-9.524748921394348E-001,1.585327088832855E-002,
3.091233333333334E+009,-2.269481308758259E-002,2.776714861392975E-001,-9.434000849723816E-001,3.704127296805382E-002,-2.269481308758259E-002,2.776714861392975E-001,-9.434000849723816E-001,3.704127296805382E-002,
3.099600000000000E+009,2.545937523245812E-002,2.873261868953705E-001,-9.369900226593018E-001,4.781401902437210E-002,2.545937523245812E-002,2.873261868953705E-001,-9.369900226593018E-001,4.781401902437210E-002,
3.107966666666667E+009,7.666458189487457E-002,2.724352180957794E-001,-9.423686861991882E-001,6.162728741765022E-002,7.666458189487457E-002,2.724352180957794E-001,-9.423686861991882E-001,6.162728741765022E-002,
3.116333333333334E+009,1.141970306634903E-001,2.368860542774200E-001,-9.481270313262940E-001,8.067297190427780E-002,1.141970306634903E-001,2.368860542774200E-001,-9.481270313262940E-001,8.067297190427780E-002,
3.124700000000000E+009,1.268700212240219E-001,1.880282908678055E-001,-9.565621018409729E-001,9.977841377258301E-002,1.268700212240219E-001,1.880282908678055E-001,-9.565621018409729E-001,9.977841377258301E-002,
3.133066666666667E+009,1.140771806240082E-001,1.414870321750641E-001,-9.624580740928650E-001,1.348007619380951E-001,1.140771806240082E-001,1.414870321750641E-001,-9.624580740928650E-001,1.348007619380951E-001,
3.141433333333334E+009,7.950700819492340E-002,1.098200976848602E-001,-9.646220803260803E-001,1.658655256032944E-001,7.950700819492340E-002,1.098200976848602E-001,-9.646220803260803E-001,1.658655256032944E-001,
3.149800000000000E+009,3.151733055710793E-002,1.064551770687103E-001,-9.613343477249146E-001,2.066764682531357E-001,3.151733055710793E-002,1.064551770687103E-001,-9.613343477249146E-001,2.066764682531357E-001,
3.158166666666667E+009,-7.976281456649303E-003,1.321233063936234E-001,-9.439896941184998E-001,2.401851862668991E-001,-7.976281456649303E-003,1.321233063936234E-001,-9.439896941184998E-001,2.401851862668991E-001,
3.166533333333334E+009,-2.548640407621861E-002,1.766745448112488E-001,-9.322215318679810E-001,2.650156617164612E-001,-2.548640407621861E-002,1.766745448112488E-001,-9.322215318679810E-001,2.650156617164612E-001,
3.174900000000000E+009,-1.643046177923679E-002,2.248227745294571E-001,-9.124213457107544E-001,2.868422567844391E-001,-1.643046177923679E-002,2.248227745294571E-001,-9.124213457107544E-001,2.868422567844391E-001,
3.183266666666667E+009,1.956940442323685E-002,2.619619071483612E-001,-8.943421840667725E-001,3.015242815017700E-001,1.956940442323685E-002,2.619619071483612E-001,-8.943421840667725E-001,3.015242815017700E-001,
3.191633333333334E+009,6.963966786861420E-002,2.738835811614990E-001,-8.823017477989197E-001,3.150763511657715E-001,6.963966786861420E-002,2.738835811614990E-001,-8.823017477989197E-001,3.150763511657715E-001,
3.200000000000000E+009,1.206408292055130E-001,2.575077414512634E-001,-8.801779150962830E-001,3.222720026969910E-001,1.206408292055130E-001,2.575077414512634E-001,-8.801779150962830E-001,3.222720026969910E-001,
