% Version 1.00
%
%freq[Hz],re:Trc1_S11,im:Trc1_S11,re:Trc2_S21,im:Trc2_S21,re:Trc3_S11,im:Trc3_S11,re:Trc4_S21,im:Trc4_S21,
6.900000000000000E+008,-4.237544909119606E-002,2.730401046574116E-002,-4.942897558212280E-001,-8.373677134513855E-001,-4.237544909119606E-002,2.730401046574116E-002,-4.942897558212280E-001,-8.373677134513855E-001,
6.983666666666666E+008,-3.541798517107964E-002,2.856375277042389E-002,-5.102719068527222E-001,-8.218207955360413E-001,-3.541798517107964E-002,2.856375277042389E-002,-5.102719068527222E-001,-8.218207955360413E-001,
7.067333333333334E+008,-2.984102070331574E-002,2.557294256985188E-002,-5.398302078247070E-001,-7.955936789512634E-001,-2.984102070331574E-002,2.557294256985188E-002,-5.398302078247070E-001,-7.955936789512634E-001,
7.151000000000000E+008,-3.087351657450199E-002,1.784889586269856E-002,-5.491419434547424E-001,-7.881072759628296E-001,-3.087351657450199E-002,1.784889586269856E-002,-5.491419434547424E-001,-7.881072759628296E-001,
7.234666666666666E+008,-3.113450482487679E-002,1.242497190833092E-002,-5.874776840209961E-001,-7.762182354927063E-001,-3.113450482487679E-002,1.242497190833092E-002,-5.874776840209961E-001,-7.762182354927063E-001,
7.318333333333334E+008,-3.867671266198158E-002,9.522608481347561E-003,-5.935946106910706E-001,-7.711373567581177E-001,-3.867671266198158E-002,9.522608481347561E-003,-5.935946106910706E-001,-7.711373567581177E-001,
7.402000000000000E+008,-4.619065299630165E-002,1.147822104394436E-002,-6.230437159538269E-001,-7.478092908859253E-001,-4.619065299630165E-002,1.147822104394436E-002,-6.230437159538269E-001,-7.478092908859253E-001,
7.485666666666666E+008,-5.101112648844719E-002,1.700374297797680E-002,-6.440467834472656E-001,-7.111364603042603E-001,-5.101112648844719E-002,1.700374297797680E-002,-6.440467834472656E-001,-7.111364603042603E-001,
7.569333333333334E+008,-5.178490281105042E-002,2.605101652443409E-002,-6.599745154380798E-001,-7.132046818733215E-001,-5.178490281105042E-002,2.605101652443409E-002,-6.599745154380798E-001,-7.132046818733215E-001,
7.653000000000000E+008,-4.840920120477676E-002,3.469512239098549E-002,-6.668291091918945E-001,-7.056034803390503E-001,-4.840920120477676E-002,3.469512239098549E-002,-6.668291091918945E-001,-7.056034803390503E-001,
7.736666666666666E+008,-4.059227183461189E-002,4.320823773741722E-002,-6.913482546806335E-001,-6.985592842102051E-001,-4.059227183461189E-002,4.320823773741722E-002,-6.913482546806335E-001,-6.985592842102051E-001,
7.820333333333334E+008,-3.438048064708710E-002,4.704291000962257E-002,-7.142977118492127E-001,-6.753323078155518E-001,-3.438048064708710E-002,4.704291000962257E-002,-7.142977118492127E-001,-6.753323078155518E-001,
7.904000000000000E+008,-2.509334869682789E-002,4.565631970763207E-002,-7.288283109664917E-001,-6.527132987976074E-001,-2.509334869682789E-002,4.565631970763207E-002,-7.288283109664917E-001,-6.527132987976074E-001,
7.987666666666666E+008,-1.820136606693268E-002,4.142061620950699E-002,-7.421450614929199E-001,-6.331363320350647E-001,-1.820136606693268E-002,4.142061620950699E-002,-7.421450614929199E-001,-6.331363320350647E-001,
8.071333333333334E+008,-1.853640004992485E-002,3.711703047156334E-002,-7.545539736747742E-001,-6.201029419898987E-001,-1.853640004992485E-002,3.711703047156334E-002,-7.545539736747742E-001,-6.201029419898987E-001,
8.155000000000000E+008,-2.277189679443836E-002,3.033301793038845E-002,-7.642946243286133E-001,-5.749619603157044E-001,-2.277189679443836E-002,3.033301793038845E-002,-7.642946243286133E-001,-5.749619603157044E-001,
8.238666666666666E+008,-2.758029475808144E-002,2.703690715134144E-002,-7.955781817436218E-001,-5.788976550102234E-001,-2.758029475808144E-002,2.703690715134144E-002,-7.955781817436218E-001,-5.788976550102234E-001,
8.322333333333334E+008,-3.587102517485619E-002,2.919514104723930E-002,-8.073383569717407E-001,-5.520713925361633E-001,-3.587102517485619E-002,2.919514104723930E-002,-8.073383569717407E-001,-5.520713925361633E-001,
8.406000000000000E+008,-4.053357988595963E-002,3.254774957895279E-002,-8.189478516578674E-001,-5.366796255111694E-001,-4.053357988595963E-002,3.254774957895279E-002,-8.189478516578674E-001,-5.366796255111694E-001,
8.489666666666668E+008,-4.102255403995514E-002,4.047807306051254E-002,-8.391246199607849E-001,-5.108076930046082E-001,-4.102255403995514E-002,4.047807306051254E-002,-8.391246199607849E-001,-5.108076930046082E-001,
8.573333333333334E+008,-3.784659504890442E-002,4.787595942616463E-002,-8.441112637519836E-001,-4.938877522945404E-001,-3.784659504890442E-002,4.787595942616463E-002,-8.441112637519836E-001,-4.938877522945404E-001,
8.657000000000000E+008,-3.129187598824501E-002,5.642378702759743E-002,-8.601692318916321E-001,-4.645339250564575E-001,-3.129187598824501E-002,5.642378702759743E-002,-8.601692318916321E-001,-4.645339250564575E-001,
8.740666666666668E+008,-2.309613861143589E-002,6.147533282637596E-002,-8.546408414840698E-001,-4.469431638717651E-001,-2.309613861143589E-002,6.147533282637596E-002,-8.546408414840698E-001,-4.469431638717651E-001,
8.824333333333334E+008,-1.403588335961103E-002,6.044761836528778E-002,-8.858438730239868E-001,-4.157195687294006E-001,-1.403588335961103E-002,6.044761836528778E-002,-8.858438730239868E-001,-4.157195687294006E-001,
8.908000000000000E+008,-6.847210228443146E-003,6.074720248579979E-002,-8.972446918487549E-001,-4.129071533679962E-001,-6.847210228443146E-003,6.074720248579979E-002,-8.972446918487549E-001,-4.129071533679962E-001,
8.991666666666668E+008,-4.197682254016399E-003,5.416124314069748E-002,-9.078091382980347E-001,-3.829016089439392E-001,-4.197682254016399E-003,5.416124314069748E-002,-9.078091382980347E-001,-3.829016089439392E-001,
9.075333333333334E+008,-4.203778225928545E-003,4.978952929377556E-002,-8.998970985412598E-001,-3.576937317848206E-001,-4.203778225928545E-003,4.978952929377556E-002,-8.998970985412598E-001,-3.576937317848206E-001,
9.159000000000000E+008,-7.140259724110365E-003,4.500257223844528E-002,-9.152514338493347E-001,-3.476766645908356E-001,-7.140259724110365E-003,4.500257223844528E-002,-9.152514338493347E-001,-3.476766645908356E-001,
9.242666666666668E+008,-1.223036181181669E-002,4.082670807838440E-002,-9.260051250457764E-001,-3.219956159591675E-001,-1.223036181181669E-002,4.082670807838440E-002,-9.260051250457764E-001,-3.219956159591675E-001,
9.326333333333334E+008,-1.685991510748863E-002,4.274391010403633E-002,-9.299125075340271E-001,-2.884289920330048E-001,-1.685991510748863E-002,4.274391010403633E-002,-9.299125075340271E-001,-2.884289920330048E-001,
9.410000000000000E+008,-2.212577126920223E-002,4.897160083055496E-002,-9.361480474472046E-001,-2.617799341678619E-001,-2.212577126920223E-002,4.897160083055496E-002,-9.361480474472046E-001,-2.617799341678619E-001,
9.493666666666668E+008,-2.300494909286499E-002,5.588143318891525E-002,-9.415504932403565E-001,-2.519538104534149E-001,-2.300494909286499E-002,5.588143318891525E-002,-9.415504932403565E-001,-2.519538104534149E-001,
9.577333333333334E+008,-1.810660399496555E-002,6.417412310838699E-002,-9.662957787513733E-001,-2.100493609905243E-001,-1.810660399496555E-002,6.417412310838699E-002,-9.662957787513733E-001,-2.100493609905243E-001,
9.661000000000000E+008,-9.908439591526985E-003,7.100512832403183E-002,-9.518624544143677E-001,-1.956929415464401E-001,-9.908439591526985E-003,7.100512832403183E-002,-9.518624544143677E-001,-1.956929415464401E-001,
9.744666666666668E+008,-5.777140613645315E-004,7.540041208267212E-002,-9.622839689254761E-001,-1.645919233560562E-001,-5.777140613645315E-004,7.540041208267212E-002,-9.622839689254761E-001,-1.645919233560562E-001,
9.828333333333334E+008,1.283344533294439E-002,7.343023270368576E-002,-9.583327770233154E-001,-1.394015699625015E-001,1.283344533294439E-002,7.343023270368576E-002,-9.583327770233154E-001,-1.394015699625015E-001,
9.912000000000000E+008,2.235844917595387E-002,7.068096101284027E-002,-9.690938591957092E-001,-1.298705637454987E-001,2.235844917595387E-002,7.068096101284027E-002,-9.690938591957092E-001,-1.298705637454987E-001,
9.995666666666668E+008,2.659561857581139E-002,6.178067997097969E-002,-9.730344414710999E-001,-9.463261812925339E-002,2.659561857581139E-002,6.178067997097969E-002,-9.730344414710999E-001,-9.463261812925339E-002,
1.007933333333333E+009,2.668937854468823E-002,5.361887067556381E-002,-9.761115312576294E-001,-7.438505440950394E-002,2.668937854468823E-002,5.361887067556381E-002,-9.761115312576294E-001,-7.438505440950394E-002,
1.016300000000000E+009,2.027282305061817E-002,4.511210694909096E-002,-9.763312935829163E-001,-4.866411909461021E-002,2.027282305061817E-002,4.511210694909096E-002,-9.763312935829163E-001,-4.866411909461021E-002,
1.024666666666667E+009,1.225050259381533E-002,4.435557499527931E-002,-9.774501323699951E-001,-2.795534208416939E-002,1.225050259381533E-002,4.435557499527931E-002,-9.774501323699951E-001,-2.795534208416939E-002,
1.033033333333333E+009,4.960421472787857E-003,4.521490260958672E-002,-9.556836485862732E-001,1.107424031943083E-002,4.960421472787857E-003,4.521490260958672E-002,-9.556836485862732E-001,1.107424031943083E-002,
1.041400000000000E+009,8.289042161777616E-004,5.138260126113892E-002,-9.633482694625855E-001,3.201466053724289E-002,8.289042161777616E-004,5.138260126113892E-002,-9.633482694625855E-001,3.201466053724289E-002,
1.049766666666667E+009,1.388720847899094E-004,5.953833088278770E-002,-9.721791148185730E-001,5.278618261218071E-002,1.388720847899094E-004,5.953833088278770E-002,-9.721791148185730E-001,5.278618261218071E-002,
1.058133333333333E+009,8.114034309983254E-003,6.839871406555176E-002,-9.663010835647583E-001,7.780829071998596E-002,8.114034309983254E-003,6.839871406555176E-002,-9.663010835647583E-001,7.780829071998596E-002,
1.066500000000000E+009,2.094213850796223E-002,7.291137427091599E-002,-9.505919218063355E-001,1.046333387494087E-001,2.094213850796223E-002,7.291137427091599E-002,-9.505919218063355E-001,1.046333387494087E-001,
1.074866666666667E+009,3.295376151800156E-002,6.966529786586762E-002,-9.609909057617188E-001,1.340770423412323E-001,3.295376151800156E-002,6.966529786586762E-002,-9.609909057617188E-001,1.340770423412323E-001,
1.083233333333334E+009,4.563086107373238E-002,6.558018177747726E-002,-9.566614031791687E-001,1.503909975290299E-001,4.563086107373238E-002,6.558018177747726E-002,-9.566614031791687E-001,1.503909975290299E-001,
1.091600000000000E+009,5.025062337517738E-002,5.384559184312820E-002,-9.502487182617188E-001,1.837356388568878E-001,5.025062337517738E-002,5.384559184312820E-002,-9.502487182617188E-001,1.837356388568878E-001,
1.099966666666667E+009,5.195161327719688E-002,4.150708019733429E-002,-9.460043311119080E-001,1.995304077863693E-001,5.195161327719688E-002,4.150708019733429E-002,-9.460043311119080E-001,1.995304077863693E-001,
1.108333333333334E+009,4.384825378656387E-002,3.178972750902176E-002,-9.584460854530335E-001,2.219681590795517E-001,4.384825378656387E-002,3.178972750902176E-002,-9.584460854530335E-001,2.219681590795517E-001,
1.116700000000000E+009,3.180954232811928E-002,3.207968547940254E-002,-9.439618587493897E-001,2.551366090774536E-001,3.180954232811928E-002,3.207968547940254E-002,-9.439618587493897E-001,2.551366090774536E-001,
1.125066666666667E+009,1.994628272950649E-002,3.301662951707840E-002,-9.282251000404358E-001,2.759842872619629E-001,1.994628272950649E-002,3.301662951707840E-002,-9.282251000404358E-001,2.759842872619629E-001,
1.133433333333334E+009,9.335151873528957E-003,4.461616650223732E-002,-9.238620400428772E-001,2.938916087150574E-001,9.335151873528957E-003,4.461616650223732E-002,-9.238620400428772E-001,2.938916087150574E-001,
1.141800000000000E+009,1.028295140713453E-002,5.723643675446510E-002,-9.113862514495850E-001,3.189415633678436E-001,1.028295140713453E-002,5.723643675446510E-002,-9.113862514495850E-001,3.189415633678436E-001,
1.150166666666667E+009,1.675634644925594E-002,6.941218674182892E-002,-9.059790372848511E-001,3.485946357250214E-001,1.675634644925594E-002,6.941218674182892E-002,-9.059790372848511E-001,3.485946357250214E-001,
1.158533333333334E+009,3.458665683865547E-002,7.627672702074051E-002,-8.958570957183838E-001,3.702138066291809E-001,3.458665683865547E-002,7.627672702074051E-002,-8.958570957183838E-001,3.702138066291809E-001,
1.166900000000000E+009,5.384116992354393E-002,7.503279298543930E-002,-8.873042464256287E-001,3.960740268230438E-001,5.384116992354393E-002,7.503279298543930E-002,-8.873042464256287E-001,3.960740268230438E-001,
1.175266666666667E+009,6.970418989658356E-002,6.519719958305359E-002,-8.687338232994080E-001,4.089413583278656E-001,6.970418989658356E-002,6.519719958305359E-002,-8.687338232994080E-001,4.089413583278656E-001,
1.183633333333334E+009,8.264426887035370E-002,5.035964772105217E-002,-8.642804026603699E-001,4.361880123615265E-001,8.264426887035370E-002,5.035964772105217E-002,-8.642804026603699E-001,4.361880123615265E-001,
1.192000000000000E+009,8.427982032299042E-002,3.322295099496841E-002,-8.583430051803589E-001,4.617610275745392E-001,8.427982032299042E-002,3.322295099496841E-002,-8.583430051803589E-001,4.617610275745392E-001,
1.200366666666667E+009,7.496169209480286E-002,1.617861911654472E-002,-8.448426723480225E-001,4.792893230915070E-001,7.496169209480286E-002,1.617861911654472E-002,-8.448426723480225E-001,4.792893230915070E-001,
1.208733333333334E+009,5.765133351087570E-002,7.836109027266502E-003,-8.408160209655762E-001,5.087745785713196E-001,5.765133351087570E-002,7.836109027266502E-003,-8.408160209655762E-001,5.087745785713196E-001,
1.217100000000000E+009,3.966226428747177E-002,9.906687773764134E-003,-8.081960082054138E-001,5.234912633895874E-001,3.966226428747177E-002,9.906687773764134E-003,-8.081960082054138E-001,5.234912633895874E-001,
1.225466666666667E+009,2.809599041938782E-002,2.105630002915859E-002,-8.106712102890015E-001,5.476585030555725E-001,2.809599041938782E-002,2.105630002915859E-002,-8.106712102890015E-001,5.476585030555725E-001,
1.233833333333334E+009,2.623242698609829E-002,3.588966280221939E-002,-7.906355857849121E-001,5.683649778366089E-001,2.623242698609829E-002,3.588966280221939E-002,-7.906355857849121E-001,5.683649778366089E-001,
1.242200000000000E+009,3.182509168982506E-002,4.995501041412354E-002,-7.624136209487915E-001,5.844143629074097E-001,3.182509168982506E-002,4.995501041412354E-002,-7.624136209487915E-001,5.844143629074097E-001,
1.250566666666667E+009,4.680665582418442E-002,5.920710787177086E-002,-7.668394446372986E-001,6.116602420806885E-001,4.680665582418442E-002,5.920710787177086E-002,-7.668394446372986E-001,6.116602420806885E-001,
1.258933333333334E+009,6.736824661493301E-002,5.945573747158051E-002,-7.447094917297363E-001,6.209733486175537E-001,6.736824661493301E-002,5.945573747158051E-002,-7.447094917297363E-001,6.209733486175537E-001,
1.267300000000000E+009,8.511081337928772E-002,4.689378291368485E-002,-7.226823568344116E-001,6.388978362083435E-001,8.511081337928772E-002,4.689378291368485E-002,-7.226823568344116E-001,6.388978362083435E-001,
1.275666666666667E+009,9.626325219869614E-002,2.970476821064949E-002,-7.189201116561890E-001,6.442758440971375E-001,9.626325219869614E-002,2.970476821064949E-002,-7.189201116561890E-001,6.442758440971375E-001,
1.284033333333334E+009,9.798983484506607E-002,7.494766730815172E-003,-6.881750226020813E-001,6.944396495819092E-001,9.798983484506607E-002,7.494766730815172E-003,-6.881750226020813E-001,6.944396495819092E-001,
1.292400000000000E+009,8.648653328418732E-002,-1.018913649022579E-002,-6.850411295890808E-001,6.939807534217835E-001,8.648653328418732E-002,-1.018913649022579E-002,-6.850411295890808E-001,6.939807534217835E-001,
1.300766666666667E+009,6.878486275672913E-002,-1.779823563992977E-002,-6.675819158554077E-001,7.108993530273438E-001,6.878486275672913E-002,-1.779823563992977E-002,-6.675819158554077E-001,7.108993530273438E-001,
1.309133333333334E+009,4.924512654542923E-002,-1.528158783912659E-002,-6.520907282829285E-001,7.382186055183411E-001,4.924512654542923E-002,-1.528158783912659E-002,-6.520907282829285E-001,7.382186055183411E-001,
1.317500000000000E+009,3.484340384602547E-002,-3.141867462545633E-003,-6.229576468467712E-001,7.622184753417969E-001,3.484340384602547E-002,-3.141867462545633E-003,-6.229576468467712E-001,7.622184753417969E-001,
1.325866666666667E+009,2.999507635831833E-002,1.266997866332531E-002,-6.040915846824646E-001,7.624508738517761E-001,2.999507635831833E-002,1.266997866332531E-002,-6.040915846824646E-001,7.624508738517761E-001,
1.334233333333334E+009,3.663807362318039E-002,3.052387200295925E-002,-5.815795063972473E-001,7.744432687759399E-001,3.663807362318039E-002,3.052387200295925E-002,-5.815795063972473E-001,7.744432687759399E-001,
1.342600000000000E+009,5.296313762664795E-002,3.591906651854515E-002,-5.679649114608765E-001,7.923600673675537E-001,5.296313762664795E-002,3.591906651854515E-002,-5.679649114608765E-001,7.923600673675537E-001,
1.350966666666667E+009,7.064586877822876E-002,3.380333632230759E-002,-5.397481918334961E-001,8.115884065628052E-001,7.064586877822876E-002,3.380333632230759E-002,-5.397481918334961E-001,8.115884065628052E-001,
1.359333333333334E+009,8.630574494600296E-002,2.106961607933044E-002,-5.224647521972656E-001,8.178651928901672E-001,8.630574494600296E-002,2.106961607933044E-002,-5.224647521972656E-001,8.178651928901672E-001,
1.367700000000000E+009,9.336499124765396E-002,-2.110622735926881E-004,-5.050746798515320E-001,8.288282752037048E-001,9.336499124765396E-002,-2.110622735926881E-004,-5.050746798515320E-001,8.288282752037048E-001,
1.376066666666667E+009,8.796858787536621E-002,-2.331871353089809E-002,-4.804032742977142E-001,8.401134014129639E-001,8.796858787536621E-002,-2.331871353089809E-002,-4.804032742977142E-001,8.401134014129639E-001,
1.384433333333334E+009,7.323309034109116E-002,-3.672317788004875E-002,-4.715138673782349E-001,8.514750003814697E-001,7.323309034109116E-002,-3.672317788004875E-002,-4.715138673782349E-001,8.514750003814697E-001,
1.392800000000000E+009,5.029290542006493E-002,-4.005992040038109E-002,-4.491129815578461E-001,8.583096861839294E-001,5.029290542006493E-002,-4.005992040038109E-002,-4.491129815578461E-001,8.583096861839294E-001,
1.401166666666667E+009,3.323211520910263E-002,-3.206666931509972E-002,-4.165576100349426E-001,8.861088156700134E-001,3.323211520910263E-002,-3.206666931509972E-002,-4.165576100349426E-001,8.861088156700134E-001,
1.409533333333334E+009,2.117669209837914E-002,-1.231493707746267E-002,-3.932196497917175E-001,8.953367471694946E-001,2.117669209837914E-002,-1.231493707746267E-002,-3.932196497917175E-001,8.953367471694946E-001,
1.417900000000000E+009,1.974407024681568E-002,8.695062249898911E-003,-3.539362549781799E-001,8.896004557609558E-001,1.974407024681568E-002,8.695062249898911E-003,-3.539362549781799E-001,8.896004557609558E-001,
1.426266666666667E+009,3.028239682316780E-002,2.694367244839668E-002,-3.496055006980896E-001,9.170221686363220E-001,3.028239682316780E-002,2.694367244839668E-002,-3.496055006980896E-001,9.170221686363220E-001,
1.434633333333334E+009,4.850577935576439E-002,3.352322429418564E-002,-3.192051053047180E-001,9.102893471717835E-001,4.850577935576439E-002,3.352322429418564E-002,-3.192051053047180E-001,9.102893471717835E-001,
1.443000000000000E+009,7.057787477970123E-002,3.040376864373684E-002,-2.936647236347199E-001,9.226948022842407E-001,7.057787477970123E-002,3.040376864373684E-002,-2.936647236347199E-001,9.226948022842407E-001,
1.451366666666667E+009,8.567600697278976E-002,1.369850523769856E-002,-2.754242420196533E-001,9.277002215385437E-001,8.567600697278976E-002,1.369850523769856E-002,-2.754242420196533E-001,9.277002215385437E-001,
1.459733333333334E+009,9.161813557147980E-002,-7.653069216758013E-003,-2.612468600273132E-001,9.312458038330078E-001,9.161813557147980E-002,-7.653069216758013E-003,-2.612468600273132E-001,9.312458038330078E-001,
1.468100000000000E+009,8.593413233757019E-002,-2.928240038454533E-002,-2.258519232273102E-001,9.392296671867371E-001,8.593413233757019E-002,-2.928240038454533E-002,-2.258519232273102E-001,9.392296671867371E-001,
1.476466666666667E+009,7.010283321142197E-002,-4.400917887687683E-002,-2.070830762386322E-001,9.545055031776428E-001,7.010283321142197E-002,-4.400917887687683E-002,-2.070830762386322E-001,9.545055031776428E-001,
1.484833333333334E+009,4.878901317715645E-002,-4.743862524628639E-002,-1.739217936992645E-001,9.573802351951599E-001,4.878901317715645E-002,-4.743862524628639E-002,-1.739217936992645E-001,9.573802351951599E-001,
1.493200000000000E+009,3.239737078547478E-002,-3.843194618821144E-002,-1.567978560924530E-001,9.584866166114807E-001,3.239737078547478E-002,-3.843194618821144E-002,-1.567978560924530E-001,9.584866166114807E-001,
1.501566666666667E+009,2.246313169598579E-002,-1.970252580940723E-002,-1.277976632118225E-001,9.614153504371643E-001,2.246313169598579E-002,-1.970252580940723E-002,-1.277976632118225E-001,9.614153504371643E-001,
1.509933333333334E+009,2.268982678651810E-002,2.024703426286578E-003,-1.113556250929833E-001,9.663879275321960E-001,2.268982678651810E-002,2.024703426286578E-003,-1.113556250929833E-001,9.663879275321960E-001,
1.518300000000000E+009,3.716142475605011E-002,1.804719492793083E-002,-8.522482961416245E-002,9.720153212547302E-001,3.716142475605011E-002,1.804719492793083E-002,-8.522482961416245E-002,9.720153212547302E-001,
1.526666666666667E+009,5.652306228876114E-002,2.438152395188808E-002,-5.226778984069824E-002,9.654580950737000E-001,5.652306228876114E-002,2.438152395188808E-002,-5.226778984069824E-002,9.654580950737000E-001,
1.535033333333334E+009,7.628761231899262E-002,2.020044438540936E-002,-3.177787736058235E-002,9.751703739166260E-001,7.628761231899262E-002,2.020044438540936E-002,-3.177787736058235E-002,9.751703739166260E-001,
1.543400000000000E+009,8.930431306362152E-002,3.674147883430123E-003,-1.132566854357719E-002,9.678647518157959E-001,8.930431306362152E-002,3.674147883430123E-003,-1.132566854357719E-002,9.678647518157959E-001,
1.551766666666667E+009,9.103503823280335E-002,-1.935627125203610E-002,1.195657160133123E-002,9.636139869689941E-001,9.103503823280335E-002,-1.935627125203610E-002,1.195657160133123E-002,9.636139869689941E-001,
1.560133333333334E+009,8.448677510023117E-002,-4.023686051368713E-002,3.240754455327988E-002,9.696201086044312E-001,8.448677510023117E-002,-4.023686051368713E-002,3.240754455327988E-002,9.696201086044312E-001,
1.568500000000000E+009,6.953143328428268E-002,-5.344520881772041E-002,4.980940744280815E-002,9.719994664192200E-001,6.953143328428268E-002,-5.344520881772041E-002,4.980940744280815E-002,9.719994664192200E-001,
1.576866666666667E+009,4.969388619065285E-002,-5.515023320913315E-002,9.132748842239380E-002,9.638302922248840E-001,4.969388619065285E-002,-5.515023320913315E-002,9.132748842239380E-002,9.638302922248840E-001,
1.585233333333334E+009,3.636783733963966E-002,-4.724752530455589E-002,1.064874455332756E-001,9.641747474670410E-001,3.636783733963966E-002,-4.724752530455589E-002,1.064874455332756E-001,9.641747474670410E-001,
1.593600000000000E+009,2.864877507090569E-002,-3.272560983896256E-002,1.358774006366730E-001,9.587243795394898E-001,2.864877507090569E-002,-3.272560983896256E-002,1.358774006366730E-001,9.587243795394898E-001,
1.601966666666667E+009,3.107679076492786E-002,-1.428956072777510E-002,1.566339880228043E-001,9.575205445289612E-001,3.107679076492786E-002,-1.428956072777510E-002,1.566339880228043E-001,9.575205445289612E-001,
1.610333333333334E+009,4.288090392947197E-002,-1.908968552015722E-003,1.869615316390991E-001,9.496999382972717E-001,4.288090392947197E-002,-1.908968552015722E-003,1.869615316390991E-001,9.496999382972717E-001,
1.618700000000000E+009,6.058877333998680E-002,1.604636781848967E-003,2.122540175914764E-001,9.464461207389832E-001,6.058877333998680E-002,1.604636781848967E-003,2.122540175914764E-001,9.464461207389832E-001,
1.627066666666667E+009,7.537484914064407E-002,-4.799477756023407E-003,2.329443544149399E-001,9.384741783142090E-001,7.537484914064407E-002,-4.799477756023407E-003,2.329443544149399E-001,9.384741783142090E-001,
1.635433333333334E+009,8.373663574457169E-002,-1.726434379816055E-002,2.595786750316620E-001,9.382296800613403E-001,8.373663574457169E-002,-1.726434379816055E-002,2.595786750316620E-001,9.382296800613403E-001,
1.643800000000000E+009,8.419728279113770E-002,-3.614106029272080E-002,2.721500396728516E-001,9.273504614830017E-001,8.419728279113770E-002,-3.614106029272080E-002,2.721500396728516E-001,9.273504614830017E-001,
1.652166666666667E+009,7.484855502843857E-002,-5.211249366402626E-002,3.062931597232819E-001,9.184342622756958E-001,7.484855502843857E-002,-5.211249366402626E-002,3.062931597232819E-001,9.184342622756958E-001,
1.660533333333334E+009,6.003366038203239E-002,-6.085575744509697E-002,3.232134282588959E-001,9.142745733261108E-001,6.003366038203239E-002,-6.085575744509697E-002,3.232134282588959E-001,9.142745733261108E-001,
1.668900000000000E+009,4.424462839961052E-002,-6.002273783087730E-002,3.450117111206055E-001,9.025956988334656E-001,4.424462839961052E-002,-6.002273783087730E-002,3.450117111206055E-001,9.025956988334656E-001,
1.677266666666667E+009,3.158159926533699E-002,-5.278917029500008E-002,3.842297494411469E-001,8.942862153053284E-001,3.158159926533699E-002,-5.278917029500008E-002,3.842297494411469E-001,8.942862153053284E-001,
1.685633333333334E+009,2.858409844338894E-002,-3.868750110268593E-002,4.005999565124512E-001,8.870099186897278E-001,2.858409844338894E-002,-3.868750110268593E-002,4.005999565124512E-001,8.870099186897278E-001,
1.694000000000000E+009,3.240612894296646E-002,-2.617707848548889E-002,4.162225127220154E-001,8.737924695014954E-001,3.240612894296646E-002,-2.617707848548889E-002,4.162225127220154E-001,8.737924695014954E-001,
1.702366666666667E+009,4.436739161610603E-002,-1.529124937951565E-002,4.397081434726715E-001,8.650729060173035E-001,4.436739161610603E-002,-1.529124937951565E-002,4.397081434726715E-001,8.650729060173035E-001,
1.710733333333334E+009,6.064639985561371E-002,-1.260512601584196E-002,4.584543704986572E-001,8.473032712936401E-001,6.064639985561371E-002,-1.260512601584196E-002,4.584543704986572E-001,8.473032712936401E-001,
1.719100000000000E+009,7.541881501674652E-002,-2.001410536468029E-002,4.848426282405853E-001,8.328348994255066E-001,7.541881501674652E-002,-2.001410536468029E-002,4.848426282405853E-001,8.328348994255066E-001,
1.727466666666667E+009,8.482722193002701E-002,-3.317023068666458E-002,5.018658041954041E-001,8.259513378143311E-001,8.482722193002701E-002,-3.317023068666458E-002,5.018658041954041E-001,8.259513378143311E-001,
1.735833333333334E+009,8.577201515436173E-002,-4.981071129441261E-002,5.181577801704407E-001,8.110540509223938E-001,8.577201515436173E-002,-4.981071129441261E-002,5.181577801704407E-001,8.110540509223938E-001,
1.744200000000000E+009,7.751497626304627E-002,-6.735483556985855E-002,5.460937619209290E-001,7.892230153083801E-001,7.751497626304627E-002,-6.735483556985855E-002,5.460937619209290E-001,7.892230153083801E-001,
1.752566666666667E+009,6.470221281051636E-002,-7.880477607250214E-002,5.733509063720703E-001,7.836858630180359E-001,6.470221281051636E-002,-7.880477607250214E-002,5.733509063720703E-001,7.836858630180359E-001,
1.760933333333334E+009,4.866308346390724E-002,-8.429732173681259E-002,5.822669863700867E-001,7.714773416519165E-001,4.866308346390724E-002,-8.429732173681259E-002,5.822669863700867E-001,7.714773416519165E-001,
1.769300000000000E+009,3.347688913345337E-002,-8.196184784173966E-002,6.059687733650208E-001,7.620600461959839E-001,3.347688913345337E-002,-8.196184784173966E-002,6.059687733650208E-001,7.620600461959839E-001,
1.777666666666667E+009,2.415596321225166E-002,-7.214360684156418E-002,6.210336685180664E-001,7.523512244224548E-001,2.415596321225166E-002,-7.214360684156418E-002,6.210336685180664E-001,7.523512244224548E-001,
1.786033333333334E+009,2.200880274176598E-002,-6.253314018249512E-002,6.358835697174072E-001,7.222893238067627E-001,2.200880274176598E-002,-6.253314018249512E-002,6.358835697174072E-001,7.222893238067627E-001,
1.794400000000000E+009,2.767532318830490E-002,-5.034254118800163E-002,6.591709852218628E-001,7.076449990272522E-001,2.767532318830490E-002,-5.034254118800163E-002,6.591709852218628E-001,7.076449990272522E-001,
1.802766666666667E+009,3.493695333600044E-002,-4.488452523946762E-002,6.783347725868225E-001,6.886219978332520E-001,3.493695333600044E-002,-4.488452523946762E-002,6.783347725868225E-001,6.886219978332520E-001,
1.811133333333334E+009,4.525151476264000E-002,-4.345081374049187E-002,7.015957832336426E-001,6.707382798194885E-001,4.525151476264000E-002,-4.345081374049187E-002,7.015957832336426E-001,6.707382798194885E-001,
1.819500000000000E+009,5.462936684489250E-002,-4.734981432557106E-002,7.126473784446716E-001,6.454579830169678E-001,5.462936684489250E-002,-4.734981432557106E-002,7.126473784446716E-001,6.454579830169678E-001,
1.827866666666667E+009,6.015804409980774E-002,-5.606508255004883E-002,7.323381304740906E-001,6.342536807060242E-001,6.015804409980774E-002,-5.606508255004883E-002,7.323381304740906E-001,6.342536807060242E-001,
1.836233333333334E+009,5.759594216942787E-002,-6.673759222030640E-002,7.442780733108521E-001,6.169260740280151E-001,5.759594216942787E-002,-6.673759222030640E-002,7.442780733108521E-001,6.169260740280151E-001,
1.844600000000000E+009,5.025220289826393E-002,-7.544209808111191E-002,7.603690028190613E-001,6.103303432464600E-001,5.025220289826393E-002,-7.544209808111191E-002,7.603690028190613E-001,6.103303432464600E-001,
1.852966666666667E+009,4.096005111932755E-002,-8.048371970653534E-002,7.694241404533386E-001,5.769214630126953E-001,4.096005111932755E-002,-8.048371970653534E-002,7.694241404533386E-001,5.769214630126953E-001,
1.861333333333334E+009,3.080385550856590E-002,-8.349099755287170E-002,7.924386262893677E-001,5.586981773376465E-001,3.080385550856590E-002,-8.349099755287170E-002,7.924386262893677E-001,5.586981773376465E-001,
1.869700000000000E+009,2.279705181717873E-002,-7.811502367258072E-002,8.069254755973816E-001,5.394549369812012E-001,2.279705181717873E-002,-7.811502367258072E-002,8.069254755973816E-001,5.394549369812012E-001,
1.878066666666667E+009,1.885700412094593E-002,-7.322798669338226E-002,8.204044103622437E-001,5.246841311454773E-001,1.885700412094593E-002,-7.322798669338226E-002,8.204044103622437E-001,5.246841311454773E-001,
1.886433333333334E+009,1.986817084252834E-002,-6.572072952985764E-002,8.388077616691589E-001,4.990803897380829E-001,1.986817084252834E-002,-6.572072952985764E-002,8.388077616691589E-001,4.990803897380829E-001,
1.894800000000000E+009,2.765498496592045E-002,-6.082003563642502E-002,8.501051664352417E-001,4.796757698059082E-001,2.765498496592045E-002,-6.082003563642502E-002,8.501051664352417E-001,4.796757698059082E-001,
1.903166666666667E+009,3.620319068431854E-002,-5.756295472383499E-002,8.608881235122681E-001,4.506996273994446E-001,3.620319068431854E-002,-5.756295472383499E-002,8.608881235122681E-001,4.506996273994446E-001,
1.911533333333334E+009,4.509164392948151E-002,-6.250111758708954E-002,8.686637878417969E-001,4.227209091186523E-001,4.509164392948151E-002,-6.250111758708954E-002,8.686637878417969E-001,4.227209091186523E-001,
1.919900000000000E+009,5.174558237195015E-002,-7.043924182653427E-002,8.836440443992615E-001,4.088865220546722E-001,5.174558237195015E-002,-7.043924182653427E-002,8.836440443992615E-001,4.088865220546722E-001,
1.928266666666667E+009,5.408270657062531E-002,-8.065846562385559E-002,8.799563646316528E-001,3.719598054885864E-001,5.408270657062531E-002,-8.065846562385559E-002,8.799563646316528E-001,3.719598054885864E-001,
1.936633333333334E+009,4.839611798524857E-002,-9.252157807350159E-002,8.997036814689636E-001,3.619574010372162E-001,4.839611798524857E-002,-9.252157807350159E-002,8.997036814689636E-001,3.619574010372162E-001,
1.945000000000000E+009,3.820900246500969E-002,-1.009849831461906E-001,9.095863103866577E-001,3.364736139774323E-001,3.820900246500969E-002,-1.009849831461906E-001,9.095863103866577E-001,3.364736139774323E-001,
1.953366666666667E+009,2.580783516168594E-002,-1.067678406834602E-001,9.111406207084656E-001,3.164658248424530E-001,2.580783516168594E-002,-1.067678406834602E-001,9.111406207084656E-001,3.164658248424530E-001,
1.961733333333334E+009,1.033143978565931E-002,-1.038029938936234E-001,9.261122941970825E-001,2.947964370250702E-001,1.033143978565931E-002,-1.038029938936234E-001,9.261122941970825E-001,2.947964370250702E-001,
1.970100000000000E+009,-1.231016940437257E-003,-9.797678887844086E-002,9.266038537025452E-001,2.721277773380280E-001,-1.231016940437257E-003,-9.797678887844086E-002,9.266038537025452E-001,2.721277773380280E-001,
1.978466666666667E+009,-5.728435702621937E-003,-8.655987679958344E-002,9.385284185409546E-001,2.425014525651932E-001,-5.728435702621937E-003,-8.655987679958344E-002,9.385284185409546E-001,2.425014525651932E-001,
1.986833333333334E+009,-3.326405305415392E-003,-7.611765712499619E-002,9.411306381225586E-001,2.242428064346314E-001,-3.326405305415392E-003,-7.611765712499619E-002,9.411306381225586E-001,2.242428064346314E-001,
1.995200000000000E+009,7.676646579056978E-003,-6.951026618480682E-002,9.442852735519409E-001,2.069533318281174E-001,7.676646579056978E-003,-6.951026618480682E-002,9.442852735519409E-001,2.069533318281174E-001,
2.003566666666667E+009,2.107231877744198E-002,-6.851122528314591E-002,9.504917860031128E-001,1.717001646757126E-001,2.107231877744198E-002,-6.851122528314591E-002,9.504917860031128E-001,1.717001646757126E-001,
2.011933333333334E+009,3.341041132807732E-002,-7.674382627010346E-002,9.598891735076904E-001,1.447207033634186E-001,3.341041132807732E-002,-7.674382627010346E-002,9.598891735076904E-001,1.447207033634186E-001,
2.020300000000000E+009,4.131572693586350E-002,-8.765630424022675E-002,9.617684483528137E-001,1.134312301874161E-001,4.131572693586350E-002,-8.765630424022675E-002,9.617684483528137E-001,1.134312301874161E-001,
2.028666666666667E+009,4.038758203387260E-002,-1.032616272568703E-001,9.630960226058960E-001,9.829527139663696E-002,4.038758203387260E-002,-1.032616272568703E-001,9.630960226058960E-001,9.829527139663696E-002,
2.037033333333334E+009,3.082528524100781E-002,-1.191191673278809E-001,9.658626914024353E-001,7.283107936382294E-002,3.082528524100781E-002,-1.191191673278809E-001,9.658626914024353E-001,7.283107936382294E-002,
2.045400000000000E+009,1.458735205233097E-002,-1.276808083057404E-001,9.631619453430176E-001,5.371373891830444E-002,1.458735205233097E-002,-1.276808083057404E-001,9.631619453430176E-001,5.371373891830444E-002,
2.053766666666667E+009,-5.081818904727697E-003,-1.276572495698929E-001,9.649305939674377E-001,2.852328307926655E-002,-5.081818904727697E-003,-1.276572495698929E-001,9.649305939674377E-001,2.852328307926655E-002,
2.062133333333334E+009,-2.083345688879490E-002,-1.212866455316544E-001,9.696583747863770E-001,1.910157734528184E-003,-2.083345688879490E-002,-1.212866455316544E-001,9.696583747863770E-001,1.910157734528184E-003,
2.070500000000000E+009,-2.973030507564545E-002,-1.062275171279907E-001,9.697994589805603E-001,-2.463966608047485E-002,-2.973030507564545E-002,-1.062275171279907E-001,9.697994589805603E-001,-2.463966608047485E-002,
2.078866666666667E+009,-2.902231365442276E-002,-9.129343181848526E-002,9.662054181098938E-001,-4.591368511319161E-002,-2.902231365442276E-002,-9.129343181848526E-002,9.662054181098938E-001,-4.591368511319161E-002,
2.087233333333334E+009,-1.898874156177044E-002,-8.305404335260391E-002,9.669532775878906E-001,-7.965834438800812E-002,-1.898874156177044E-002,-8.305404335260391E-002,9.669532775878906E-001,-7.965834438800812E-002,
2.095600000000000E+009,-3.665504278615117E-003,-7.952608168125153E-002,9.700413346290588E-001,-9.992263466119766E-002,-3.665504278615117E-003,-7.952608168125153E-002,9.700413346290588E-001,-9.992263466119766E-002,
2.103966666666667E+009,1.126731093972921E-002,-8.931943029165268E-002,9.677315950393677E-001,-1.275391578674316E-001,1.126731093972921E-002,-8.931943029165268E-002,9.677315950393677E-001,-1.275391578674316E-001,
2.112333333333334E+009,2.001045271754265E-002,-1.051929891109467E-001,9.552170634269714E-001,-1.474455296993256E-001,2.001045271754265E-002,-1.051929891109467E-001,9.552170634269714E-001,-1.474455296993256E-001,
2.120700000000000E+009,1.933721825480461E-002,-1.281666308641434E-001,9.511409997940064E-001,-1.785755008459091E-001,1.933721825480461E-002,-1.281666308641434E-001,9.511409997940064E-001,-1.785755008459091E-001,
2.129066666666667E+009,5.894903559237719E-003,-1.445916444063187E-001,9.556909203529358E-001,-2.057248353958130E-001,5.894903559237719E-003,-1.445916444063187E-001,9.556909203529358E-001,-2.057248353958130E-001,
2.137433333333334E+009,-1.677572913467884E-002,-1.548129618167877E-001,9.374304413795471E-001,-2.242589145898819E-001,-1.677572913467884E-002,-1.548129618167877E-001,9.374304413795471E-001,-2.242589145898819E-001,
2.145800000000000E+009,-4.444568976759911E-002,-1.531491279602051E-001,9.357555508613586E-001,-2.461743801832199E-001,-4.444568976759911E-002,-1.531491279602051E-001,9.357555508613586E-001,-2.461743801832199E-001,
2.154166666666667E+009,-6.597620993852615E-002,-1.401360332965851E-001,9.282130002975464E-001,-2.644348740577698E-001,-6.597620993852615E-002,-1.401360332965851E-001,9.282130002975464E-001,-2.644348740577698E-001,
2.162533333333334E+009,-7.843437790870667E-002,-1.179640963673592E-001,9.094333648681641E-001,-2.881344258785248E-001,-7.843437790870667E-002,-1.179640963673592E-001,9.094333648681641E-001,-2.881344258785248E-001,
2.170900000000000E+009,-7.783506065607071E-002,-9.584613889455795E-002,9.170973896980286E-001,-3.161741197109222E-001,-7.783506065607071E-002,-9.584613889455795E-002,9.170973896980286E-001,-3.161741197109222E-001,
2.179266666666667E+009,-6.517478823661804E-002,-8.095569908618927E-002,9.057875275611877E-001,-3.329365253448486E-001,-6.517478823661804E-002,-8.095569908618927E-002,9.057875275611877E-001,-3.329365253448486E-001,
2.187633333333334E+009,-4.658813774585724E-002,-7.601668685674667E-002,9.033482074737549E-001,-3.652672469615936E-001,-4.658813774585724E-002,-7.601668685674667E-002,9.033482074737549E-001,-3.652672469615936E-001,
2.196000000000000E+009,-2.651986479759216E-002,-8.553037792444229E-002,8.843823671340942E-001,-3.870560228824616E-001,-2.651986479759216E-002,-8.553037792444229E-002,8.843823671340942E-001,-3.870560228824616E-001,
2.204366666666667E+009,-1.486815046519041E-002,-1.064249724149704E-001,8.764399886131287E-001,-4.097216725349426E-001,-1.486815046519041E-002,-1.064249724149704E-001,8.764399886131287E-001,-4.097216725349426E-001,
2.212733333333334E+009,-1.608367264270783E-002,-1.313445717096329E-001,8.618951439857483E-001,-4.420132935047150E-001,-1.608367264270783E-002,-1.313445717096329E-001,8.618951439857483E-001,-4.420132935047150E-001,
2.221100000000000E+009,-3.185866400599480E-002,-1.506726741790772E-001,8.412882089614868E-001,-4.530048370361328E-001,-3.185866400599480E-002,-1.506726741790772E-001,8.412882089614868E-001,-4.530048370361328E-001,
2.229466666666667E+009,-5.567975342273712E-002,-1.614847928285599E-001,8.333772420883179E-001,-4.652222394943237E-001,-5.567975342273712E-002,-1.614847928285599E-001,8.333772420883179E-001,-4.652222394943237E-001,
2.237833333333334E+009,-8.554558455944061E-002,-1.556736975908279E-001,8.245254755020142E-001,-4.915043115615845E-001,-8.554558455944061E-002,-1.556736975908279E-001,8.245254755020142E-001,-4.915043115615845E-001,
2.246200000000000E+009,-1.102527081966400E-001,-1.386262625455856E-001,8.119899034500122E-001,-5.099716186523438E-001,-1.102527081966400E-001,-1.386262625455856E-001,8.119899034500122E-001,-5.099716186523438E-001,
2.254566666666667E+009,-1.211778968572617E-001,-1.113752648234367E-001,8.031563162803650E-001,-5.281068086624146E-001,-1.211778968572617E-001,-1.113752648234367E-001,8.031563162803650E-001,-5.281068086624146E-001,
2.262933333333334E+009,-1.207795068621635E-001,-8.644858002662659E-002,7.894877195358276E-001,-5.492812395095825E-001,-1.207795068621635E-001,-8.644858002662659E-002,7.894877195358276E-001,-5.492812395095825E-001,
2.271300000000000E+009,-1.070251837372780E-001,-6.634541600942612E-002,7.729672789573669E-001,-5.686240196228027E-001,-1.070251837372780E-001,-6.634541600942612E-002,7.729672789573669E-001,-5.686240196228027E-001,
2.279666666666667E+009,-8.499947935342789E-002,-6.275487691164017E-002,7.626999020576477E-001,-5.897197127342224E-001,-8.499947935342789E-002,-6.275487691164017E-002,7.626999020576477E-001,-5.897197127342224E-001,
2.288033333333334E+009,-6.656849384307861E-002,-7.319057732820511E-002,7.472909688949585E-001,-6.200954914093018E-001,-6.656849384307861E-002,-7.319057732820511E-002,7.472909688949585E-001,-6.200954914093018E-001,
2.296400000000000E+009,-5.655116960406303E-002,-9.529687464237213E-002,7.250000238418579E-001,-6.389108896255493E-001,-5.655116960406303E-002,-9.529687464237213E-002,7.250000238418579E-001,-6.389108896255493E-001,
2.304766666666667E+009,-6.235003843903542E-002,-1.200113371014595E-001,7.106407284736633E-001,-6.460966467857361E-001,-6.235003843903542E-002,-1.200113371014595E-001,7.106407284736633E-001,-6.460966467857361E-001,
2.313133333333334E+009,-8.285941928625107E-002,-1.362087577581406E-001,6.859487295150757E-001,-6.774934530258179E-001,-8.285941928625107E-002,-1.362087577581406E-001,6.859487295150757E-001,-6.774934530258179E-001,
2.321500000000000E+009,-1.074338555335999E-001,-1.396325826644898E-001,6.715819835662842E-001,-6.844417452812195E-001,-1.074338555335999E-001,-1.396325826644898E-001,6.715819835662842E-001,-6.844417452812195E-001,
2.329866666666667E+009,-1.332542598247528E-001,-1.281498223543167E-001,6.604535579681397E-001,-7.006250023841858E-001,-1.332542598247528E-001,-1.281498223543167E-001,6.604535579681397E-001,-7.006250023841858E-001,
2.338233333333334E+009,-1.515987068414688E-001,-1.055308356881142E-001,6.345025300979614E-001,-7.172687649726868E-001,-1.515987068414688E-001,-1.055308356881142E-001,6.345025300979614E-001,-7.172687649726868E-001,
2.346600000000000E+009,-1.552818566560745E-001,-7.399537414312363E-002,6.163415908813477E-001,-7.353995442390442E-001,-1.552818566560745E-001,-7.399537414312363E-002,6.163415908813477E-001,-7.353995442390442E-001,
2.354966666666667E+009,-1.429758816957474E-001,-4.954687133431435E-002,6.090193986892700E-001,-7.475897073745728E-001,-1.429758816957474E-001,-4.954687133431435E-002,6.090193986892700E-001,-7.475897073745728E-001,
2.363333333333334E+009,-1.215011030435562E-001,-3.791162744164467E-002,5.928716659545898E-001,-7.642508149147034E-001,-1.215011030435562E-001,-3.791162744164467E-002,5.928716659545898E-001,-7.642508149147034E-001,
2.371700000000000E+009,-9.439496695995331E-002,-4.092539846897125E-002,5.733062028884888E-001,-7.853531241416931E-001,-9.439496695995331E-002,-4.092539846897125E-002,5.733062028884888E-001,-7.853531241416931E-001,
2.380066666666667E+009,-7.759504765272141E-002,-6.296896934509277E-002,5.423450469970703E-001,-8.005495667457581E-001,-7.759504765272141E-002,-6.296896934509277E-002,5.423450469970703E-001,-8.005495667457581E-001,
2.388433333333334E+009,-7.730326056480408E-002,-9.227520972490311E-002,5.209333300590515E-001,-8.076272606849670E-001,-7.730326056480408E-002,-9.227520972490311E-002,5.209333300590515E-001,-8.076272606849670E-001,
2.396800000000000E+009,-9.455558657646179E-002,-1.218823567032814E-001,4.881657660007477E-001,-8.265557885169983E-001,-9.455558657646179E-002,-1.218823567032814E-001,4.881657660007477E-001,-8.265557885169983E-001,
2.405166666666667E+009,-1.257797628641129E-001,-1.405337899923325E-001,4.694024324417114E-001,-8.361635208129883E-001,-1.257797628641129E-001,-1.405337899923325E-001,4.694024324417114E-001,-8.361635208129883E-001,
2.413533333333334E+009,-1.651432216167450E-001,-1.375920623540878E-001,4.455246925354004E-001,-8.407929539680481E-001,-1.651432216167450E-001,-1.375920623540878E-001,4.455246925354004E-001,-8.407929539680481E-001,
2.421900000000000E+009,-2.014379352331162E-001,-1.169192790985107E-001,4.334898591041565E-001,-8.502204418182373E-001,-2.014379352331162E-001,-1.169192790985107E-001,4.334898591041565E-001,-8.502204418182373E-001,
2.430266666666667E+009,-2.209165394306183E-001,-8.200768381357193E-002,4.144085347652435E-001,-8.605391383171082E-001,-2.209165394306183E-001,-8.200768381357193E-002,4.144085347652435E-001,-8.605391383171082E-001,
2.438633333333334E+009,-2.257732748985291E-001,-3.870202973484993E-002,3.959782719612122E-001,-8.687458038330078E-001,-2.257732748985291E-001,-3.870202973484993E-002,3.959782719612122E-001,-8.687458038330078E-001,
2.447000000000000E+009,-2.088212072849274E-001,6.947248766664416E-005,3.752909302711487E-001,-8.833960890769959E-001,-2.088212072849274E-001,6.947248766664416E-005,3.752909302711487E-001,-8.833960890769959E-001,
2.455366666666667E+009,-1.776034086942673E-001,2.245235070586205E-002,3.566411435604096E-001,-8.914221525192261E-001,-1.776034086942673E-001,2.245235070586205E-002,3.566411435604096E-001,-8.914221525192261E-001,
2.463733333333334E+009,-1.435491293668747E-001,2.631516754627228E-002,3.339705169200897E-001,-9.079747796058655E-001,-1.435491293668747E-001,2.631516754627228E-002,3.339705169200897E-001,-9.079747796058655E-001,
2.472100000000000E+009,-1.171687617897987E-001,9.345054626464844E-003,3.077596724033356E-001,-9.183590412139893E-001,-1.171687617897987E-001,9.345054626464844E-003,3.077596724033356E-001,-9.183590412139893E-001,
2.480466666666667E+009,-1.065207347273827E-001,-1.953650452196598E-002,2.743677198886871E-001,-9.224758148193359E-001,-1.065207347273827E-001,-1.953650452196598E-002,2.743677198886871E-001,-9.224758148193359E-001,
2.488833333333334E+009,-1.160240545868874E-001,-4.965393990278244E-002,2.530000805854797E-001,-9.293000102043152E-001,-1.160240545868874E-001,-4.965393990278244E-002,2.530000805854797E-001,-9.293000102043152E-001,
2.497200000000000E+009,-1.399126499891281E-001,-6.823151558637619E-002,2.231187075376511E-001,-9.371692538261414E-001,-1.399126499891281E-001,-6.823151558637619E-002,2.231187075376511E-001,-9.371692538261414E-001,
2.505566666666667E+009,-1.760936826467514E-001,-6.988465785980225E-002,1.951738893985748E-001,-9.420138001441956E-001,-1.760936826467514E-001,-6.988465785980225E-002,1.951738893985748E-001,-9.420138001441956E-001,
2.513933333333334E+009,-2.047147452831268E-001,-5.140335857868195E-002,1.773344874382019E-001,-9.399619698524475E-001,-2.047147452831268E-001,-5.140335857868195E-002,1.773344874382019E-001,-9.399619698524475E-001,
2.522300000000000E+009,-2.215962260961533E-001,-2.203087508678436E-002,1.511472761631012E-001,-9.421828389167786E-001,-2.215962260961533E-001,-2.203087508678436E-002,1.511472761631012E-001,-9.421828389167786E-001,
2.530666666666667E+009,-2.194730192422867E-001,1.504826359450817E-002,1.283243298530579E-001,-9.502609968185425E-001,-2.194730192422867E-001,1.504826359450817E-002,1.283243298530579E-001,-9.502609968185425E-001,
2.539033333333334E+009,-2.014499604701996E-001,4.614618793129921E-002,1.115757003426552E-001,-9.501939415931702E-001,-2.014499604701996E-001,4.614618793129921E-002,1.115757003426552E-001,-9.501939415931702E-001,
2.547400000000000E+009,-1.715895682573319E-001,6.450484693050385E-002,9.353843331336975E-002,-9.617646336555481E-001,-1.715895682573319E-001,6.450484693050385E-002,9.353843331336975E-002,-9.617646336555481E-001,
2.555766666666667E+009,-1.378433704376221E-001,6.416502594947815E-002,6.617484241724014E-002,-9.689167141914368E-001,-1.378433704376221E-001,6.416502594947815E-002,6.617484241724014E-002,-9.689167141914368E-001,
2.564133333333334E+009,-1.154431253671646E-001,4.420346394181252E-002,3.903831541538239E-002,-9.657205939292908E-001,-1.154431253671646E-001,4.420346394181252E-002,3.903831541538239E-002,-9.657205939292908E-001,
2.572500000000000E+009,-1.098064333200455E-001,1.584190316498280E-002,1.040346175432205E-002,-9.663391709327698E-001,-1.098064333200455E-001,1.584190316498280E-002,1.040346175432205E-002,-9.663391709327698E-001,
2.580866666666667E+009,-1.232507675886154E-001,-1.133835967630148E-002,-1.897092163562775E-002,-9.681431055068970E-001,-1.232507675886154E-001,-1.133835967630148E-002,-1.897092163562775E-002,-9.681431055068970E-001,
2.589233333333334E+009,-1.532925963401794E-001,-2.646318264305592E-002,-5.002646148204804E-002,-9.608114957809448E-001,-1.532925963401794E-001,-2.646318264305592E-002,-5.002646148204804E-002,-9.608114957809448E-001,
2.597600000000000E+009,-1.873212009668350E-001,-2.483857795596123E-002,-7.640161365270615E-002,-9.564859271049500E-001,-1.873212009668350E-001,-2.483857795596123E-002,-7.640161365270615E-002,-9.564859271049500E-001,
2.605966666666667E+009,-2.168804109096527E-001,-2.674813615158200E-003,-9.002602845430374E-002,-9.562952518463135E-001,-2.168804109096527E-001,-2.674813615158200E-003,-9.002602845430374E-002,-9.562952518463135E-001,
2.614333333333334E+009,-2.314019501209259E-001,2.916450612246990E-002,-1.130600944161415E-001,-9.451113343238831E-001,-2.314019501209259E-001,2.916450612246990E-002,-1.130600944161415E-001,-9.451113343238831E-001,
2.622700000000000E+009,-2.272327840328217E-001,6.860802322626114E-002,-1.332146078348160E-001,-9.393934011459351E-001,-2.272327840328217E-001,6.860802322626114E-002,-1.332146078348160E-001,-9.393934011459351E-001,
2.631066666666667E+009,-2.066112160682678E-001,1.007712632417679E-001,-1.554936021566391E-001,-9.487533569335938E-001,-2.066112160682678E-001,1.007712632417679E-001,-1.554936021566391E-001,-9.487533569335938E-001,
2.639433333333334E+009,-1.731226593255997E-001,1.171666458249092E-001,-1.764542013406754E-001,-9.388922452926636E-001,-1.731226593255997E-001,1.171666458249092E-001,-1.764542013406754E-001,-9.388922452926636E-001,
2.647800000000000E+009,-1.374792307615280E-001,1.163600236177445E-001,-2.015289515256882E-001,-9.399805665016174E-001,-1.374792307615280E-001,1.163600236177445E-001,-2.015289515256882E-001,-9.399805665016174E-001,
2.656166666666667E+009,-1.133488491177559E-001,9.803488850593567E-002,-2.231001555919647E-001,-9.433696269989014E-001,-1.133488491177559E-001,9.803488850593567E-002,-2.231001555919647E-001,-9.433696269989014E-001,
2.664533333333334E+009,-1.054399013519287E-001,7.122588902711868E-002,-2.579297721385956E-001,-9.275465011596680E-001,-1.054399013519287E-001,7.122588902711868E-002,-2.579297721385956E-001,-9.275465011596680E-001,
2.672900000000000E+009,-1.163983121514320E-001,4.515016078948975E-002,-2.801368832588196E-001,-9.240063428878784E-001,-1.163983121514320E-001,4.515016078948975E-002,-2.801368832588196E-001,-9.240063428878784E-001,
2.681266666666667E+009,-1.423519998788834E-001,3.206263855099678E-002,-3.078812360763550E-001,-9.115541577339172E-001,-1.423519998788834E-001,3.206263855099678E-002,-3.078812360763550E-001,-9.115541577339172E-001,
2.689633333333334E+009,-1.750289797782898E-001,3.582195937633514E-002,-3.302646279335022E-001,-9.019585847854614E-001,-1.750289797782898E-001,3.582195937633514E-002,-3.302646279335022E-001,-9.019585847854614E-001,
2.698000000000000E+009,-2.003830671310425E-001,5.750448629260063E-002,-3.456135094165802E-001,-8.859801292419434E-001,-2.003830671310425E-001,5.750448629260063E-002,-3.456135094165802E-001,-8.859801292419434E-001,
2.706366666666667E+009,-2.112182974815369E-001,9.139983355998993E-002,-3.700364828109741E-001,-8.718550801277161E-001,-2.112182974815369E-001,9.139983355998993E-002,-3.700364828109741E-001,-8.718550801277161E-001,
2.714733333333334E+009,-2.054504752159119E-001,1.258813589811325E-001,-3.836235702037811E-001,-8.708675503730774E-001,-2.054504752159119E-001,1.258813589811325E-001,-3.836235702037811E-001,-8.708675503730774E-001,
2.723100000000000E+009,-1.809093505144119E-001,1.561109721660614E-001,-4.031153321266174E-001,-8.583244085311890E-001,-1.809093505144119E-001,1.561109721660614E-001,-4.031153321266174E-001,-8.583244085311890E-001,
2.731466666666667E+009,-1.446405649185181E-001,1.715311408042908E-001,-4.269352853298187E-001,-8.547441363334656E-001,-1.446405649185181E-001,1.715311408042908E-001,-4.269352853298187E-001,-8.547441363334656E-001,
2.739833333333334E+009,-1.082904115319252E-001,1.673060804605484E-001,-4.466952979564667E-001,-8.446294069290161E-001,-1.082904115319252E-001,1.673060804605484E-001,-4.466952979564667E-001,-8.446294069290161E-001,
2.748200000000000E+009,-8.136682212352753E-002,1.482990235090256E-001,-4.709823429584503E-001,-8.374665379524231E-001,-8.136682212352753E-002,1.482990235090256E-001,-4.709823429584503E-001,-8.374665379524231E-001,
2.756566666666667E+009,-7.115109264850617E-002,1.191650927066803E-001,-4.964171648025513E-001,-8.297528624534607E-001,-7.115109264850617E-002,1.191650927066803E-001,-4.964171648025513E-001,-8.297528624534607E-001,
2.764933333333334E+009,-7.922007143497467E-002,9.155127406120300E-002,-5.294089913368225E-001,-8.196219205856323E-001,-7.922007143497467E-002,9.155127406120300E-002,-5.294089913368225E-001,-8.196219205856323E-001,
2.773300000000000E+009,-1.019958034157753E-001,7.344987988471985E-002,-5.460064411163330E-001,-7.972714900970459E-001,-1.019958034157753E-001,7.344987988471985E-002,-5.460064411163330E-001,-7.972714900970459E-001,
2.781666666666667E+009,-1.343400031328201E-001,7.694077491760254E-002,-5.643232464790344E-001,-7.783354520797730E-001,-1.343400031328201E-001,7.694077491760254E-002,-5.643232464790344E-001,-7.783354520797730E-001,
2.790033333333334E+009,-1.599966585636139E-001,9.487835317850113E-002,-5.824035406112671E-001,-7.642617821693420E-001,-1.599966585636139E-001,9.487835317850113E-002,-5.824035406112671E-001,-7.642617821693420E-001,
2.798400000000000E+009,-1.729594469070435E-001,1.269532889127731E-001,-5.989053845405579E-001,-7.490475177764893E-001,-1.729594469070435E-001,1.269532889127731E-001,-5.989053845405579E-001,-7.490475177764893E-001,
2.806766666666667E+009,-1.650268435478210E-001,1.620900779962540E-001,-6.121484041213989E-001,-7.257325053215027E-001,-1.650268435478210E-001,1.620900779962540E-001,-6.121484041213989E-001,-7.257325053215027E-001,
2.815133333333334E+009,-1.429598927497864E-001,1.884986013174057E-001,-6.274220347404480E-001,-7.149558067321777E-001,-1.429598927497864E-001,1.884986013174057E-001,-6.274220347404480E-001,-7.149558067321777E-001,
2.823500000000000E+009,-1.081086248159409E-001,2.025131732225418E-001,-6.448348760604858E-001,-7.040839195251465E-001,-1.081086248159409E-001,2.025131732225418E-001,-6.448348760604858E-001,-7.040839195251465E-001,
2.831866666666667E+009,-7.244798541069031E-002,1.965431571006775E-001,-6.585864424705505E-001,-6.917845606803894E-001,-7.244798541069031E-002,1.965431571006775E-001,-6.585864424705505E-001,-6.917845606803894E-001,
2.840233333333334E+009,-4.382413625717163E-002,1.759515106678009E-001,-6.861283183097839E-001,-6.786702871322632E-001,-4.382413625717163E-002,1.759515106678009E-001,-6.861283183097839E-001,-6.786702871322632E-001,
2.848600000000000E+009,-3.180206939578056E-002,1.461611539125443E-001,-7.027076482772827E-001,-6.575829386711121E-001,-3.180206939578056E-002,1.461611539125443E-001,-7.027076482772827E-001,-6.575829386711121E-001,
2.856966666666667E+009,-3.964088484644890E-002,1.177150830626488E-001,-7.227655649185181E-001,-6.427328586578369E-001,-3.964088484644890E-002,1.177150830626488E-001,-7.227655649185181E-001,-6.427328586578369E-001,
2.865333333333334E+009,-6.394346803426743E-002,9.940209239721298E-002,-7.437195181846619E-001,-6.254361271858215E-001,-6.394346803426743E-002,9.940209239721298E-002,-7.437195181846619E-001,-6.254361271858215E-001,
2.873700000000000E+009,-9.560223668813705E-002,9.954864531755447E-002,-7.610322237014771E-001,-5.931026339530945E-001,-9.560223668813705E-002,9.954864531755447E-002,-7.610322237014771E-001,-5.931026339530945E-001,
2.882066666666667E+009,-1.221503540873528E-001,1.184081137180328E-001,-7.696375846862793E-001,-5.664677023887634E-001,-1.221503540873528E-001,1.184081137180328E-001,-7.696375846862793E-001,-5.664677023887634E-001,
2.890433333333334E+009,-1.353280395269394E-001,1.518087387084961E-001,-7.801561355590820E-001,-5.474712252616882E-001,-1.353280395269394E-001,1.518087387084961E-001,-7.801561355590820E-001,-5.474712252616882E-001,
2.898800000000000E+009,-1.283537149429321E-001,1.889841407537460E-001,-7.870860695838928E-001,-5.319545865058899E-001,-1.283537149429321E-001,1.889841407537460E-001,-7.870860695838928E-001,-5.319545865058899E-001,
2.907166666666667E+009,-1.032748892903328E-001,2.174696922302246E-001,-7.926468849182129E-001,-5.162402391433716E-001,-1.032748892903328E-001,2.174696922302246E-001,-7.926468849182129E-001,-5.162402391433716E-001,
2.915533333333334E+009,-6.509839743375778E-002,2.323780804872513E-001,-8.075107336044312E-001,-4.939042031764984E-001,-6.509839743375778E-002,2.323780804872513E-001,-8.075107336044312E-001,-4.939042031764984E-001,
2.923900000000000E+009,-2.714792825281620E-002,2.268991321325302E-001,-8.191229701042175E-001,-4.850117564201355E-001,-2.714792825281620E-002,2.268991321325302E-001,-8.191229701042175E-001,-4.850117564201355E-001,
2.932266666666667E+009,3.690747311338782E-003,2.051541805267334E-001,-8.329542875289917E-001,-4.701681435108185E-001,3.690747311338782E-003,2.051541805267334E-001,-8.329542875289917E-001,-4.701681435108185E-001,
2.940633333333334E+009,1.754305884242058E-002,1.712848544120789E-001,-8.497587442398071E-001,-4.463255107402802E-001,1.754305884242058E-002,1.712848544120789E-001,-8.497587442398071E-001,-4.463255107402802E-001,
2.949000000000000E+009,1.141949370503426E-002,1.356682777404785E-001,-8.720108270645142E-001,-4.167417883872986E-001,1.141949370503426E-002,1.356682777404785E-001,-8.720108270645142E-001,-4.167417883872986E-001,
2.957366666666667E+009,-1.276351045817137E-002,1.135111302137375E-001,-8.850138783454895E-001,-3.995619714260101E-001,-1.276351045817137E-002,1.135111302137375E-001,-8.850138783454895E-001,-3.995619714260101E-001,
2.965733333333334E+009,-4.752247780561447E-002,1.106147095561028E-001,-8.981457948684692E-001,-3.683601319789887E-001,-4.752247780561447E-002,1.106147095561028E-001,-8.981457948684692E-001,-3.683601319789887E-001,
2.974100000000000E+009,-7.550575584173203E-002,1.294084191322327E-001,-9.052867889404297E-001,-3.336014449596405E-001,-7.550575584173203E-002,1.294084191322327E-001,-9.052867889404297E-001,-3.336014449596405E-001,
2.982466666666667E+009,-8.950892090797424E-002,1.626478731632233E-001,-9.091069102287293E-001,-3.074376285076141E-001,-8.950892090797424E-002,1.626478731632233E-001,-9.091069102287293E-001,-3.074376285076141E-001,
2.990833333333334E+009,-8.355311304330826E-002,1.998394578695297E-001,-9.053148031234741E-001,-2.916562855243683E-001,-8.355311304330826E-002,1.998394578695297E-001,-9.053148031234741E-001,-2.916562855243683E-001,
2.999200000000000E+009,-5.711208283901215E-002,2.304468750953674E-001,-9.096378087997437E-001,-2.708090245723724E-001,-5.711208283901215E-002,2.304468750953674E-001,-9.096378087997437E-001,-2.708090245723724E-001,
3.007566666666667E+009,-1.768156327307224E-002,2.451657950878143E-001,-9.139648079872131E-001,-2.507261037826538E-001,-1.768156327307224E-002,2.451657950878143E-001,-9.139648079872131E-001,-2.507261037826538E-001,
3.015933333333334E+009,2.512435801327229E-002,2.372747659683228E-001,-9.166065454483032E-001,-2.373883128166199E-001,2.512435801327229E-002,2.372747659683228E-001,-9.166065454483032E-001,-2.373883128166199E-001,
3.024300000000000E+009,5.712508782744408E-002,2.127453684806824E-001,-9.276342988014221E-001,-2.187143415212631E-001,5.712508782744408E-002,2.127453684806824E-001,-9.276342988014221E-001,-2.187143415212631E-001,
3.032666666666667E+009,7.199805229902268E-002,1.735955327749252E-001,-9.394786357879639E-001,-1.956643760204315E-001,7.199805229902268E-002,1.735955327749252E-001,-9.394786357879639E-001,-1.956643760204315E-001,
3.041033333333334E+009,6.272286921739578E-002,1.351051479578018E-001,-9.501904845237732E-001,-1.734106689691544E-001,6.272286921739578E-002,1.351051479578018E-001,-9.501904845237732E-001,-1.734106689691544E-001,
3.049400000000000E+009,3.363178297877312E-002,1.099563390016556E-001,-9.584425687789917E-001,-1.361458003520966E-001,3.363178297877312E-002,1.099563390016556E-001,-9.584425687789917E-001,-1.361458003520966E-001,
3.057766666666667E+009,-3.610658692196012E-003,1.061253324151039E-001,-9.668947458267212E-001,-1.175479292869568E-001,-3.610658692196012E-003,1.061253324151039E-001,-9.668947458267212E-001,-1.175479292869568E-001,
3.066133333333334E+009,-3.862498328089714E-002,1.253868788480759E-001,-9.599670171737671E-001,-7.800671458244324E-002,-3.862498328089714E-002,1.253868788480759E-001,-9.599670171737671E-001,-7.800671458244324E-002,
3.074500000000000E+009,-5.458597093820572E-002,1.628590524196625E-001,-9.609775543212891E-001,-4.693441092967987E-002,-5.458597093820572E-002,1.628590524196625E-001,-9.609775543212891E-001,-4.693441092967987E-002,
3.082866666666667E+009,-4.567000642418861E-002,2.044992595911026E-001,-9.547184705734253E-001,-2.653470821678639E-002,-4.567000642418861E-002,2.044992595911026E-001,-9.547184705734253E-001,-2.653470821678639E-002,
3.091233333333334E+009,-1.449804008007050E-002,2.391057014465332E-001,-9.473735690116882E-001,-4.914169665426016E-003,-1.449804008007050E-002,2.391057014465332E-001,-9.473735690116882E-001,-4.914169665426016E-003,
3.099600000000000E+009,3.233980387449265E-002,2.528375387191773E-001,-9.409251809120178E-001,9.800111874938011E-003,3.233980387449265E-002,2.528375387191773E-001,-9.409251809120178E-001,9.800111874938011E-003,
3.107966666666667E+009,8.312091231346130E-002,2.417239695787430E-001,-9.448169469833374E-001,2.251638658344746E-002,8.312091231346130E-002,2.417239695787430E-001,-9.448169469833374E-001,2.251638658344746E-002,
3.116333333333334E+009,1.225961670279503E-001,2.095155864953995E-001,-9.475288987159729E-001,4.326790198683739E-002,1.225961670279503E-001,2.095155864953995E-001,-9.475288987159729E-001,4.326790198683739E-002,
3.124700000000000E+009,1.382436901330948E-001,1.622313261032105E-001,-9.547055959701538E-001,6.120411679148674E-002,1.382436901330948E-001,1.622313261032105E-001,-9.547055959701538E-001,6.120411679148674E-002,
3.133066666666667E+009,1.287254095077515E-001,1.151705235242844E-001,-9.619907736778259E-001,9.284286201000214E-002,1.287254095077515E-001,1.151705235242844E-001,-9.619907736778259E-001,9.284286201000214E-002,
3.141433333333334E+009,9.627030789852142E-002,8.020906150341034E-002,-9.641401767730713E-001,1.201750114560127E-001,9.627030789852142E-002,8.020906150341034E-002,-9.641401767730713E-001,1.201750114560127E-001,
3.149800000000000E+009,4.837571829557419E-002,7.169407606124878E-002,-9.650906324386597E-001,1.580315530300140E-001,4.837571829557419E-002,7.169407606124878E-002,-9.650906324386597E-001,1.580315530300140E-001,
3.158166666666667E+009,4.773977678269148E-003,9.160822629928589E-002,-9.522221684455872E-001,1.896800696849823E-001,4.773977678269148E-003,9.160822629928589E-002,-9.522221684455872E-001,1.896800696849823E-001,
3.166533333333334E+009,-1.846599578857422E-002,1.322581171989441E-001,-9.434247612953186E-001,2.174431085586548E-001,-1.846599578857422E-002,1.322581171989441E-001,-9.434247612953186E-001,2.174431085586548E-001,
3.174900000000000E+009,-1.597242802381516E-002,1.804714798927307E-001,-9.285138249397278E-001,2.416642755270004E-001,-1.597242802381516E-002,1.804714798927307E-001,-9.285138249397278E-001,2.416642755270004E-001,
3.183266666666667E+009,1.510568987578154E-002,2.204146683216095E-001,-9.121358990669251E-001,2.604715228080750E-001,1.510568987578154E-002,2.204146683216095E-001,-9.121358990669251E-001,2.604715228080750E-001,
3.191633333333334E+009,6.297633051872253E-002,2.366856634616852E-001,-8.978700041770935E-001,2.758179008960724E-001,6.297633051872253E-002,2.366856634616852E-001,-8.978700041770935E-001,2.758179008960724E-001,
3.200000000000000E+009,1.144248396158218E-001,2.256011217832565E-001,-8.954546451568604E-001,2.873381972312927E-001,1.144248396158218E-001,2.256011217832565E-001,-8.954546451568604E-001,2.873381972312927E-001,
