% Version 1.00
%
%freq[Hz],re:Trc1_S11,im:Trc1_S11,re:Trc2_S21,im:Trc2_S21,re:Trc3_S11,im:Trc3_S11,re:Trc4_S21,im:Trc4_S21,
6.900000000000000E+008,-5.016851797699928E-002,2.168338932096958E-002,-4.981743991374970E-001,-8.551131486892700E-001,-5.016851797699928E-002,2.168338932096958E-002,-4.981743991374970E-001,-8.551131486892700E-001,
6.983666666666666E+008,-4.307357966899872E-002,2.134709432721138E-002,-5.151630043983460E-001,-8.374398946762085E-001,-4.307357966899872E-002,2.134709432721138E-002,-5.151630043983460E-001,-8.374398946762085E-001,
7.067333333333334E+008,-3.782962262630463E-002,1.785372011363506E-002,-5.446171760559082E-001,-8.112688660621643E-001,-3.782962262630463E-002,1.785372011363506E-002,-5.446171760559082E-001,-8.112688660621643E-001,
7.151000000000000E+008,-3.880453854799271E-002,9.402758441865444E-003,-5.532381534576416E-001,-8.026587963104248E-001,-3.880453854799271E-002,9.402758441865444E-003,-5.532381534576416E-001,-8.026587963104248E-001,
7.234666666666666E+008,-3.974360600113869E-002,3.491203766316176E-003,-5.912787914276123E-001,-7.917520999908447E-001,-3.974360600113869E-002,3.491203766316176E-003,-5.912787914276123E-001,-7.917520999908447E-001,
7.318333333333334E+008,-4.804965853691101E-002,-2.305987618456129E-005,-5.977720022201538E-001,-7.864070534706116E-001,-4.804965853691101E-002,-2.305987618456129E-005,-5.977720022201538E-001,-7.864070534706116E-001,
7.402000000000000E+008,-5.628678202629089E-002,1.663649454712868E-003,-6.276443600654602E-001,-7.621944546699524E-001,-5.628678202629089E-002,1.663649454712868E-003,-6.276443600654602E-001,-7.621944546699524E-001,
7.485666666666666E+008,-6.179404631257057E-002,6.946986541152000E-003,-6.492770314216614E-001,-7.250584959983826E-001,-6.179404631257057E-002,6.946986541152000E-003,-6.492770314216614E-001,-7.250584959983826E-001,
7.569333333333334E+008,-6.313198804855347E-002,1.599798351526260E-002,-6.638154387474060E-001,-7.284814715385437E-001,-6.313198804855347E-002,1.599798351526260E-002,-6.638154387474060E-001,-7.284814715385437E-001,
7.653000000000000E+008,-6.039375066757202E-002,2.452430501580238E-002,-6.732382178306580E-001,-7.212589979171753E-001,-6.039375066757202E-002,2.452430501580238E-002,-6.732382178306580E-001,-7.212589979171753E-001,
7.736666666666666E+008,-5.307986959815025E-002,3.285016119480133E-002,-6.979428529739380E-001,-7.129294872283936E-001,-5.307986959815025E-002,3.285016119480133E-002,-6.979428529739380E-001,-7.129294872283936E-001,
7.820333333333334E+008,-4.710913076996803E-002,3.654109314084053E-002,-7.216610312461853E-001,-6.900077462196350E-001,-4.710913076996803E-002,3.654109314084053E-002,-7.216610312461853E-001,-6.900077462196350E-001,
7.904000000000000E+008,-3.803352639079094E-002,3.466042503714562E-002,-7.360288500785828E-001,-6.676070094108582E-001,-3.803352639079094E-002,3.466042503714562E-002,-7.360288500785828E-001,-6.676070094108582E-001,
7.987666666666666E+008,-3.147303685545921E-002,2.999811619520187E-002,-7.497333288192749E-001,-6.454972624778748E-001,-3.147303685545921E-002,2.999811619520187E-002,-7.497333288192749E-001,-6.454972624778748E-001,
8.071333333333334E+008,-3.221656754612923E-002,2.534747496247292E-002,-7.616062164306641E-001,-6.339178681373596E-001,-3.221656754612923E-002,2.534747496247292E-002,-7.616062164306641E-001,-6.339178681373596E-001,
8.155000000000000E+008,-3.676100820302963E-002,1.811995916068554E-002,-7.728987932205200E-001,-5.877776145935059E-001,-3.676100820302963E-002,1.811995916068554E-002,-7.728987932205200E-001,-5.877776145935059E-001,
8.238666666666666E+008,-4.252854734659195E-002,1.496469974517822E-002,-8.038244247436523E-001,-5.923873782157898E-001,-4.252854734659195E-002,1.496469974517822E-002,-8.038244247436523E-001,-5.923873782157898E-001,
8.322333333333334E+008,-5.171862989664078E-002,1.668203994631767E-002,-8.162409067153931E-001,-5.637389421463013E-001,-5.171862989664078E-002,1.668203994631767E-002,-8.162409067153931E-001,-5.637389421463013E-001,
8.406000000000000E+008,-5.734624713659287E-002,2.015699818730354E-002,-8.278170228004456E-001,-5.501019954681397E-001,-5.734624713659287E-002,2.015699818730354E-002,-8.278170228004456E-001,-5.501019954681397E-001,
8.489666666666668E+008,-5.882614478468895E-002,2.773326449096203E-002,-8.486278057098389E-001,-5.240160226821899E-001,-5.882614478468895E-002,2.773326449096203E-002,-8.486278057098389E-001,-5.240160226821899E-001,
8.573333333333334E+008,-5.654187873005867E-002,3.514930978417397E-002,-8.544655442237854E-001,-5.072522759437561E-001,-5.654187873005867E-002,3.514930978417397E-002,-8.544655442237854E-001,-5.072522759437561E-001,
8.657000000000000E+008,-5.073783546686173E-002,4.394774511456490E-002,-8.708260655403137E-001,-4.787029623985291E-001,-5.073783546686173E-002,4.394774511456490E-002,-8.708260655403137E-001,-4.787029623985291E-001,
8.740666666666668E+008,-4.320636019110680E-002,4.896209388971329E-002,-8.654590845108032E-001,-4.597216546535492E-001,-4.320636019110680E-002,4.896209388971329E-002,-8.654590845108032E-001,-4.597216546535492E-001,
8.824333333333334E+008,-3.488200157880783E-002,4.784084856510162E-002,-8.970061540603638E-001,-4.280223250389099E-001,-3.488200157880783E-002,4.784084856510162E-002,-8.970061540603638E-001,-4.280223250389099E-001,
8.908000000000000E+008,-2.823157794773579E-002,4.798595234751701E-002,-9.080693125724793E-001,-4.235825240612030E-001,-2.823157794773579E-002,4.798595234751701E-002,-9.080693125724793E-001,-4.235825240612030E-001,
8.991666666666668E+008,-2.603442408144474E-002,4.096316173672676E-002,-9.185862541198731E-001,-3.948554694652557E-001,-2.603442408144474E-002,4.096316173672676E-002,-9.185862541198731E-001,-3.948554694652557E-001,
9.075333333333334E+008,-2.660029381513596E-002,3.654792904853821E-002,-9.109275937080383E-001,-3.687067329883575E-001,-2.660029381513596E-002,3.654792904853821E-002,-9.109275937080383E-001,-3.687067329883575E-001,
9.159000000000000E+008,-3.075563348829746E-002,3.200139477849007E-002,-9.263121485710144E-001,-3.584015667438507E-001,-3.075563348829746E-002,3.200139477849007E-002,-9.263121485710144E-001,-3.584015667438507E-001,
9.242666666666668E+008,-3.664984181523323E-002,2.794840373098850E-002,-9.368939995765686E-001,-3.330306410789490E-001,-3.664984181523323E-002,2.794840373098850E-002,-9.368939995765686E-001,-3.330306410789490E-001,
9.326333333333334E+008,-4.220985621213913E-002,3.021056950092316E-002,-9.413418173789978E-001,-2.989256680011749E-001,-4.220985621213913E-002,3.021056950092316E-002,-9.413418173789978E-001,-2.989256680011749E-001,
9.410000000000000E+008,-4.837571457028389E-002,3.674720227718353E-002,-9.487075805664063E-001,-2.714259624481201E-001,-4.837571457028389E-002,3.674720227718353E-002,-9.487075805664063E-001,-2.714259624481201E-001,
9.493666666666668E+008,-5.046332627534866E-002,4.413647949695587E-002,-9.533831477165222E-001,-2.624404132366180E-001,-5.046332627534866E-002,4.413647949695587E-002,-9.533831477165222E-001,-2.624404132366180E-001,
9.577333333333334E+008,-4.614460468292236E-002,5.258980020880699E-002,-9.791515469551086E-001,-2.205756008625031E-001,-4.614460468292236E-002,5.258980020880699E-002,-9.791515469551086E-001,-2.205756008625031E-001,
9.661000000000000E+008,-3.933975100517273E-002,5.989154428243637E-002,-9.648928642272949E-001,-2.058485597372055E-001,-3.933975100517273E-002,5.989154428243637E-002,-9.648928642272949E-001,-2.058485597372055E-001,
9.744666666666668E+008,-3.073420934379101E-002,6.477990746498108E-002,-9.756880402565002E-001,-1.750323027372360E-001,-3.073420934379101E-002,6.477990746498108E-002,-9.756880402565002E-001,-1.750323027372360E-001,
9.828333333333334E+008,-1.799768954515457E-002,6.339073181152344E-002,-9.728790521621704E-001,-1.484432965517044E-001,-1.799768954515457E-002,6.339073181152344E-002,-9.728790521621704E-001,-1.484432965517044E-001,
9.912000000000000E+008,-9.096888825297356E-003,6.056781113147736E-002,-9.834955930709839E-001,-1.382411569356918E-001,-9.096888825297356E-003,6.056781113147736E-002,-9.834955930709839E-001,-1.382411569356918E-001,
9.995666666666668E+008,-5.188364535570145E-003,5.214006081223488E-002,-9.873704314231873E-001,-1.017289683222771E-001,-5.188364535570145E-003,5.214006081223488E-002,-9.873704314231873E-001,-1.017289683222771E-001,
1.007933333333333E+009,-5.902411416172981E-003,4.395465925335884E-002,-9.909368753433228E-001,-8.281516283750534E-002,-5.902411416172981E-003,4.395465925335884E-002,-9.909368753433228E-001,-8.281516283750534E-002,
1.016300000000000E+009,-1.306854747235775E-002,3.620354086160660E-002,-9.904231429100037E-001,-5.527910962700844E-002,-1.306854747235775E-002,3.620354086160660E-002,-9.904231429100037E-001,-5.527910962700844E-002,
1.024666666666667E+009,-2.168579213321209E-002,3.555448725819588E-002,-9.918029904365540E-001,-3.442745655775070E-002,-2.168579213321209E-002,3.555448725819588E-002,-9.918029904365540E-001,-3.442745655775070E-002,
1.033033333333333E+009,-3.013958036899567E-002,3.700980544090271E-002,-9.700863361358643E-001,4.802347626537085E-003,-3.013958036899567E-002,3.700980544090271E-002,-9.700863361358643E-001,4.802347626537085E-003,
1.041400000000000E+009,-3.531949967145920E-002,4.384727776050568E-002,-9.777107238769531E-001,2.575179189443588E-002,-3.531949967145920E-002,4.384727776050568E-002,-9.777107238769531E-001,2.575179189443588E-002,
1.049766666666667E+009,-3.708829358220100E-002,5.238856747746468E-002,-9.863142967224121E-001,4.704559594392777E-002,-3.708829358220100E-002,5.238856747746468E-002,-9.863142967224121E-001,4.704559594392777E-002,
1.058133333333333E+009,-2.991007454693317E-002,6.226945668458939E-002,-9.818749427795410E-001,7.152847945690155E-002,-2.991007454693317E-002,6.226945668458939E-002,-9.818749427795410E-001,7.152847945690155E-002,
1.066500000000000E+009,-1.818971149623394E-002,6.724201142787933E-002,-9.659817218780518E-001,9.988044947385788E-002,-1.818971149623394E-002,6.724201142787933E-002,-9.659817218780518E-001,9.988044947385788E-002,
1.074866666666667E+009,-7.038671523332596E-003,6.496118009090424E-002,-9.775679707527161E-001,1.291744410991669E-001,-7.038671523332596E-003,6.496118009090424E-002,-9.775679707527161E-001,1.291744410991669E-001,
1.083233333333334E+009,5.159514956176281E-003,6.135635450482369E-002,-9.732404351234436E-001,1.462049782276154E-001,5.159514956176281E-003,6.135635450482369E-002,-9.732404351234436E-001,1.462049782276154E-001,
1.091600000000000E+009,9.057436138391495E-003,4.970128834247589E-002,-9.672484397888184E-001,1.806956231594086E-001,9.057436138391495E-003,4.970128834247589E-002,-9.672484397888184E-001,1.806956231594086E-001,
1.099966666666667E+009,9.813145734369755E-003,3.801477327942848E-002,-9.625529646873474E-001,1.977481096982956E-001,9.813145734369755E-003,3.801477327942848E-002,-9.625529646873474E-001,1.977481096982956E-001,
1.108333333333334E+009,8.032496552914381E-004,2.857650630176067E-002,-9.747551679611206E-001,2.205588519573212E-001,8.032496552914381E-004,2.857650630176067E-002,-9.747551679611206E-001,2.205588519573212E-001,
1.116700000000000E+009,-1.251494791358709E-002,3.012462332844734E-002,-9.584869742393494E-001,2.515420913696289E-001,-1.251494791358709E-002,3.012462332844734E-002,-9.584869742393494E-001,2.515420913696289E-001,
1.125066666666667E+009,-2.542861737310886E-002,3.212362155318260E-002,-9.436669945716858E-001,2.730939090251923E-001,-2.542861737310886E-002,3.212362155318260E-002,-9.436669945716858E-001,2.730939090251923E-001,
1.133433333333334E+009,-3.682157024741173E-002,4.519416019320488E-002,-9.390916228294373E-001,2.909165620803833E-001,-3.682157024741173E-002,4.519416019320488E-002,-9.390916228294373E-001,2.909165620803833E-001,
1.141800000000000E+009,-3.666502609848976E-002,5.959808826446533E-002,-9.274905920028687E-001,3.166186809539795E-001,-3.666502609848976E-002,5.959808826446533E-002,-9.274905920028687E-001,3.166186809539795E-001,
1.150166666666667E+009,-3.030037507414818E-002,7.309634983539581E-002,-9.231290221214294E-001,3.457182943820953E-001,-3.030037507414818E-002,7.309634983539581E-002,-9.231290221214294E-001,3.457182943820953E-001,
1.158533333333334E+009,-1.388157252222300E-002,8.134853094816208E-002,-9.134312272071838E-001,3.683079779148102E-001,-1.388157252222300E-002,8.134853094816208E-002,-9.134312272071838E-001,3.683079779148102E-001,
1.166900000000000E+009,5.182511173188686E-003,8.190690726041794E-002,-9.061950445175171E-001,3.951070308685303E-001,5.182511173188686E-003,8.190690726041794E-002,-9.061950445175171E-001,3.951070308685303E-001,
1.175266666666667E+009,2.120024524629116E-002,7.243631035089493E-002,-8.879137039184570E-001,4.093987047672272E-001,2.120024524629116E-002,7.243631035089493E-002,-8.879137039184570E-001,4.093987047672272E-001,
1.183633333333334E+009,3.349027410149574E-002,5.825746804475784E-002,-8.826237320899963E-001,4.365316927433014E-001,3.349027410149574E-002,5.825746804475784E-002,-8.826237320899963E-001,4.365316927433014E-001,
1.192000000000000E+009,3.437754884362221E-002,4.121086001396179E-002,-8.760450482368469E-001,4.641462266445160E-001,3.437754884362221E-002,4.121086001396179E-002,-8.760450482368469E-001,4.641462266445160E-001,
1.200366666666667E+009,2.489901520311832E-002,2.429592981934547E-002,-8.623050451278687E-001,4.826040863990784E-001,2.489901520311832E-002,2.429592981934547E-002,-8.623050451278687E-001,4.826040863990784E-001,
1.208733333333334E+009,6.622395943850279E-003,1.725156232714653E-002,-8.562684655189514E-001,5.133963823318481E-001,6.622395943850279E-003,1.725156232714653E-002,-8.562684655189514E-001,5.133963823318481E-001,
1.217100000000000E+009,-1.192645542323589E-002,2.023527771234512E-002,-8.236345052719116E-001,5.258343815803528E-001,-1.192645542323589E-002,2.023527771234512E-002,-8.236345052719116E-001,5.258343815803528E-001,
1.225466666666667E+009,-2.516739629209042E-002,3.308554366230965E-002,-8.257331848144531E-001,5.492661595344544E-001,-2.516739629209042E-002,3.308554366230965E-002,-8.257331848144531E-001,5.492661595344544E-001,
1.233833333333334E+009,-2.760801836848259E-002,5.023249611258507E-002,-8.062648177146912E-001,5.700698494911194E-001,-2.760801836848259E-002,5.023249611258507E-002,-8.062648177146912E-001,5.700698494911194E-001,
1.242200000000000E+009,-2.234010025858879E-002,6.593859940767288E-002,-7.797755002975464E-001,5.858535170555115E-001,-2.234010025858879E-002,6.593859940767288E-002,-7.797755002975464E-001,5.858535170555115E-001,
1.250566666666667E+009,-7.776361890137196E-003,7.757940888404846E-002,-7.834947109222412E-001,6.135049462318420E-001,-7.776361890137196E-003,7.757940888404846E-002,-7.834947109222412E-001,6.135049462318420E-001,
1.258933333333334E+009,1.230356097221375E-002,7.960573583841324E-002,-7.638460397720337E-001,6.239851713180542E-001,1.230356097221375E-002,7.960573583841324E-002,-7.638460397720337E-001,6.239851713180542E-001,
1.267300000000000E+009,3.027851507067680E-002,6.853820383548737E-002,-7.409335374832153E-001,6.432263255119324E-001,3.027851507067680E-002,6.853820383548737E-002,-7.409335374832153E-001,6.432263255119324E-001,
1.275666666666667E+009,4.096775501966476E-002,5.275376513600349E-002,-7.372561097145081E-001,6.495230197906494E-001,4.096775501966476E-002,5.275376513600349E-002,-7.372561097145081E-001,6.495230197906494E-001,
1.284033333333334E+009,4.284452646970749E-002,3.101046755909920E-002,-7.056770920753479E-001,7.019450664520264E-001,4.284452646970749E-002,3.101046755909920E-002,-7.056770920753479E-001,7.019450664520264E-001,
1.292400000000000E+009,3.059466183185577E-002,1.387428585439920E-002,-7.009598016738892E-001,7.011519074440002E-001,3.059466183185577E-002,1.387428585439920E-002,-7.009598016738892E-001,7.011519074440002E-001,
1.300766666666667E+009,1.265369262546301E-002,6.899596191942692E-003,-6.815068721771240E-001,7.183801531791687E-001,1.265369262546301E-002,6.899596191942692E-003,-6.815068721771240E-001,7.183801531791687E-001,
1.309133333333334E+009,-7.096941117197275E-003,1.120057329535484E-002,-6.662104725837708E-001,7.450683116912842E-001,-7.096941117197275E-003,1.120057329535484E-002,-6.662104725837708E-001,7.450683116912842E-001,
1.317500000000000E+009,-2.191212587058544E-002,2.508461475372315E-002,-6.368297934532166E-001,7.695375680923462E-001,-2.191212587058544E-002,2.508461475372315E-002,-6.368297934532166E-001,7.695375680923462E-001,
1.325866666666667E+009,-2.673748508095741E-002,4.327818006277084E-002,-6.176596283912659E-001,7.682114839553833E-001,-2.673748508095741E-002,4.327818006277084E-002,-6.176596283912659E-001,7.682114839553833E-001,
1.334233333333334E+009,-2.031931653618813E-002,6.366350501775742E-002,-5.966239571571350E-001,7.799101471900940E-001,-2.031931653618813E-002,6.366350501775742E-002,-5.966239571571350E-001,7.799101471900940E-001,
1.342600000000000E+009,-3.299233736470342E-003,7.154795527458191E-002,-5.843999981880188E-001,7.981933355331421E-001,-3.299233736470342E-003,7.154795527458191E-002,-5.843999981880188E-001,7.981933355331421E-001,
1.350966666666667E+009,1.472509093582630E-002,7.126962393522263E-002,-5.557038784027100E-001,8.172209858894348E-001,1.472509093582630E-002,7.126962393522263E-002,-5.557038784027100E-001,8.172209858894348E-001,
1.359333333333334E+009,3.058377094566822E-002,6.077901273965836E-002,-5.387666821479797E-001,8.263704776763916E-001,3.058377094566822E-002,6.077901273965836E-002,-5.387666821479797E-001,8.263704776763916E-001,
1.367700000000000E+009,3.802077844738960E-002,4.046265035867691E-002,-5.208728909492493E-001,8.390825986862183E-001,3.802077844738960E-002,4.046265035867691E-002,-5.208728909492493E-001,8.390825986862183E-001,
1.376066666666667E+009,3.251598775386810E-002,1.792183145880699E-002,-4.938051700592041E-001,8.518031239509583E-001,3.251598775386810E-002,1.792183145880699E-002,-4.938051700592041E-001,8.518031239509583E-001,
1.384433333333334E+009,1.741137914359570E-002,5.218808073550463E-003,-4.843350052833557E-001,8.631078004837036E-001,1.741137914359570E-002,5.218808073550463E-003,-4.843350052833557E-001,8.631078004837036E-001,
1.392800000000000E+009,-5.613716319203377E-003,2.905254950746894E-003,-4.589340686798096E-001,8.697608709335327E-001,-5.613716319203377E-003,2.905254950746894E-003,-4.589340686798096E-001,8.697608709335327E-001,
1.401166666666667E+009,-2.312326803803444E-002,1.267887465655804E-002,-4.263497591018677E-001,8.961057662963867E-001,-2.312326803803444E-002,1.267887465655804E-002,-4.263497591018677E-001,8.961057662963867E-001,
1.409533333333334E+009,-3.470722585916519E-002,3.362487256526947E-002,-4.031533896923065E-001,9.049776792526245E-001,-3.470722585916519E-002,3.362487256526947E-002,-4.031533896923065E-001,9.049776792526245E-001,
1.417900000000000E+009,-3.628657758235931E-002,5.705827102065086E-002,-3.649953305721283E-001,8.977976441383362E-001,-3.628657758235931E-002,5.705827102065086E-002,-3.649953305721283E-001,8.977976441383362E-001,
1.426266666666667E+009,-2.492285333573818E-002,7.810921221971512E-002,-3.614145815372467E-001,9.257575273513794E-001,-2.492285333573818E-002,7.810921221971512E-002,-3.614145815372467E-001,9.257575273513794E-001,
1.434633333333334E+009,-5.491842050105333E-003,8.712531626224518E-002,-3.328149914741516E-001,9.190185070037842E-001,-5.491842050105333E-003,8.712531626224518E-002,-3.328149914741516E-001,9.190185070037842E-001,
1.443000000000000E+009,1.766113378107548E-002,8.629757910966873E-002,-3.079075217247009E-001,9.326401948928833E-001,1.766113378107548E-002,8.629757910966873E-002,-3.079075217247009E-001,9.326401948928833E-001,
1.451366666666667E+009,3.360242024064064E-002,7.136359065771103E-002,-2.893295288085938E-001,9.389035701751709E-001,3.360242024064064E-002,7.136359065771103E-002,-2.893295288085938E-001,9.389035701751709E-001,
1.459733333333334E+009,4.016944393515587E-002,5.276203900575638E-002,-2.749630510807037E-001,9.436957836151123E-001,4.016944393515587E-002,5.276203900575638E-002,-2.749630510807037E-001,9.436957836151123E-001,
1.468100000000000E+009,3.495501354336739E-002,3.258561715483666E-002,-2.369138896465302E-001,9.528240561485291E-001,3.495501354336739E-002,3.258561715483666E-002,-2.369138896465302E-001,9.528240561485291E-001,
1.476466666666667E+009,1.935369521379471E-002,1.899492554366589E-002,-2.171789258718491E-001,9.691107869148254E-001,1.935369521379471E-002,1.899492554366589E-002,-2.171789258718491E-001,9.691107869148254E-001,
1.484833333333334E+009,-2.091498812660575E-003,1.668747514486313E-002,-1.816182136535645E-001,9.711194038391113E-001,-2.091498812660575E-003,1.668747514486313E-002,-1.816182136535645E-001,9.711194038391113E-001,
1.493200000000000E+009,-1.834123581647873E-002,2.737311460077763E-002,-1.636350601911545E-001,9.708242416381836E-001,-1.834123581647873E-002,2.737311460077763E-002,-1.636350601911545E-001,9.708242416381836E-001,
1.501566666666667E+009,-2.770092524588108E-002,4.809981212019920E-002,-1.348849982023239E-001,9.730137586593628E-001,-2.770092524588108E-002,4.809981212019920E-002,-1.348849982023239E-001,9.730137586593628E-001,
1.509933333333334E+009,-2.644736319780350E-002,7.164400815963745E-002,-1.202630922198296E-001,9.766274094581604E-001,-2.644736319780350E-002,7.164400815963745E-002,-1.202630922198296E-001,9.766274094581604E-001,
1.518300000000000E+009,-1.004953309893608E-002,8.957263827323914E-002,-9.459909796714783E-002,9.823972582817078E-001,-1.004953309893608E-002,8.957263827323914E-002,-9.459909796714783E-002,9.823972582817078E-001,
1.526666666666667E+009,1.162005681544542E-002,9.769066423177719E-002,-6.282064318656921E-002,9.754340648651123E-001,1.162005681544542E-002,9.769066423177719E-002,-6.282064318656921E-002,9.754340648651123E-001,
1.535033333333334E+009,3.322272002696991E-002,9.577650576829910E-002,-4.187254607677460E-002,9.879974126815796E-001,3.322272002696991E-002,9.577650576829910E-002,-4.187254607677460E-002,9.879974126815796E-001,
1.543400000000000E+009,4.838962107896805E-002,8.107560873031616E-002,-2.139169164001942E-002,9.825646877288818E-001,4.838962107896805E-002,8.107560873031616E-002,-2.139169164001942E-002,9.825646877288818E-001,
1.551766666666667E+009,5.193815752863884E-002,5.959089845418930E-002,2.468216931447387E-003,9.797125458717346E-001,5.193815752863884E-002,5.959089845418930E-002,2.468216931447387E-003,9.797125458717346E-001,
1.560133333333334E+009,4.639701917767525E-002,3.975500538945198E-002,2.441025711596012E-002,9.860782623291016E-001,4.639701917767525E-002,3.975500538945198E-002,2.441025711596012E-002,9.860782623291016E-001,
1.568500000000000E+009,3.140420094132423E-002,2.855868078768253E-002,4.444401711225510E-002,9.888622760772705E-001,3.140420094132423E-002,2.855868078768253E-002,4.444401711225510E-002,9.888622760772705E-001,
1.576866666666667E+009,1.244064606726170E-002,2.822625450789928E-002,8.722195774316788E-002,9.795961380004883E-001,1.244064606726170E-002,2.822625450789928E-002,8.722195774316788E-002,9.795961380004883E-001,
1.585233333333334E+009,-5.493152420967817E-004,3.820746392011643E-002,1.028046607971191E-001,9.782364368438721E-001,-5.493152420967817E-004,3.820746392011643E-002,1.028046607971191E-001,9.782364368438721E-001,
1.593600000000000E+009,-7.320517208427191E-003,5.443563312292099E-002,1.319433599710465E-001,9.716888666152954E-001,-7.320517208427191E-003,5.443563312292099E-002,1.319433599710465E-001,9.716888666152954E-001,
1.601966666666667E+009,-3.585813567042351E-003,7.472268491983414E-002,1.517149806022644E-001,9.688405990600586E-001,-3.585813567042351E-003,7.472268491983414E-002,1.517149806022644E-001,9.688405990600586E-001,
1.610333333333334E+009,1.026166789233685E-002,8.889329433441162E-002,1.818168908357620E-001,9.625818729400635E-001,1.026166789233685E-002,8.889329433441162E-002,1.818168908357620E-001,9.625818729400635E-001,
1.618700000000000E+009,2.971309050917625E-002,9.433982521295548E-002,2.061585932970047E-001,9.595216512680054E-001,2.971309050917625E-002,9.433982521295548E-002,2.061585932970047E-001,9.595216512680054E-001,
1.627066666666667E+009,4.773692414164543E-002,8.920757472515106E-002,2.271050214767456E-001,9.525177478790283E-001,4.773692414164543E-002,8.920757472515106E-002,2.271050214767456E-001,9.525177478790283E-001,
1.635433333333334E+009,5.846432968974114E-002,7.790996134281158E-002,2.535392940044403E-001,9.536658525466919E-001,5.846432968974114E-002,7.790996134281158E-002,2.535392940044403E-001,9.536658525466919E-001,
1.643800000000000E+009,6.115150451660156E-002,6.054190918803215E-002,2.668981254100800E-001,9.446111917495728E-001,6.115150451660156E-002,6.054190918803215E-002,2.668981254100800E-001,9.446111917495728E-001,
1.652166666666667E+009,5.441335216164589E-002,4.614567011594772E-002,3.020279109477997E-001,9.361227154731751E-001,5.441335216164589E-002,4.614567011594772E-002,3.020279109477997E-001,9.361227154731751E-001,
1.660533333333334E+009,4.128691554069519E-002,3.855094686150551E-002,3.194505274295807E-001,9.305359721183777E-001,4.128691554069519E-002,3.855094686150551E-002,3.194505274295807E-001,9.305359721183777E-001,
1.668900000000000E+009,2.668437547981739E-002,4.156421497464180E-002,3.428146243095398E-001,9.197903871536255E-001,2.668437547981739E-002,4.156421497464180E-002,3.428146243095398E-001,9.197903871536255E-001,
1.677266666666667E+009,1.609224453568459E-002,5.047453939914703E-002,3.837951123714447E-001,9.092485308647156E-001,1.609224453568459E-002,5.047453939914703E-002,3.837951123714447E-001,9.092485308647156E-001,
1.685633333333334E+009,1.463886070996523E-002,6.612968444824219E-002,3.998129963874817E-001,9.007641673088074E-001,1.463886070996523E-002,6.612968444824219E-002,3.998129963874817E-001,9.007641673088074E-001,
1.694000000000000E+009,1.996022649109364E-002,8.030380308628082E-002,4.154092967510223E-001,8.870462775230408E-001,1.996022649109364E-002,8.030380308628082E-002,4.154092967510223E-001,8.870462775230408E-001,
1.702366666666667E+009,3.465943410992622E-002,9.226440638303757E-002,4.370379149913788E-001,8.774248957633972E-001,3.465943410992622E-002,9.226440638303757E-002,4.370379149913788E-001,8.774248957633972E-001,
1.710733333333334E+009,5.254393443465233E-002,9.584943950176239E-002,4.557331800460815E-001,8.613499402999878E-001,5.254393443465233E-002,9.584943950176239E-002,4.557331800460815E-001,8.613499402999878E-001,
1.719100000000000E+009,7.080581784248352E-002,8.927536010742188E-002,4.812872111797333E-001,8.467645049095154E-001,7.080581784248352E-002,8.927536010742188E-002,4.812872111797333E-001,8.467645049095154E-001,
1.727466666666667E+009,8.285889774560928E-002,7.714010775089264E-002,4.990326762199402E-001,8.417876362800598E-001,8.285889774560928E-002,7.714010775089264E-002,4.990326762199402E-001,8.417876362800598E-001,
1.735833333333334E+009,8.682715147733688E-002,6.093808636069298E-002,5.151444673538208E-001,8.287185430526733E-001,8.682715147733688E-002,6.093808636069298E-002,5.151444673538208E-001,8.287185430526733E-001,
1.744200000000000E+009,8.132980763912201E-002,4.381046071648598E-002,5.449743866920471E-001,8.078833818435669E-001,8.132980763912201E-002,4.381046071648598E-002,5.449743866920471E-001,8.078833818435669E-001,
1.752566666666667E+009,7.147100567817688E-002,3.352161124348640E-002,5.744570493698120E-001,8.022453784942627E-001,7.147100567817688E-002,3.352161124348640E-002,5.744570493698120E-001,8.022453784942627E-001,
1.760933333333334E+009,5.772185698151588E-002,2.931910194456577E-002,5.859797000885010E-001,7.891952395439148E-001,5.772185698151588E-002,2.931910194456577E-002,5.859797000885010E-001,7.891952395439148E-001,
1.769300000000000E+009,4.527611285448074E-002,3.280583024024963E-002,6.081550121307373E-001,7.785438299179077E-001,4.527611285448074E-002,3.280583024024963E-002,6.081550121307373E-001,7.785438299179077E-001,
1.777666666666667E+009,3.764201700687408E-002,4.346036911010742E-002,6.237646937370300E-001,7.674668431282044E-001,3.764201700687408E-002,4.346036911010742E-002,6.237646937370300E-001,7.674668431282044E-001,
1.786033333333334E+009,3.779619932174683E-002,5.456837266683579E-002,6.395927071571350E-001,7.360380291938782E-001,3.779619932174683E-002,5.456837266683579E-002,6.395927071571350E-001,7.360380291938782E-001,
1.794400000000000E+009,4.587309807538986E-002,6.772651523351669E-002,6.621795296669006E-001,7.211994528770447E-001,4.587309807538986E-002,6.772651523351669E-002,6.621795296669006E-001,7.211994528770447E-001,
1.802766666666667E+009,5.621305108070374E-002,7.414318621158600E-002,6.785693764686585E-001,7.024441361427307E-001,5.621305108070374E-002,7.414318621158600E-002,6.785693764686585E-001,7.024441361427307E-001,
1.811133333333334E+009,6.844654679298401E-002,7.485347986221314E-002,7.024075388908386E-001,6.850194334983826E-001,6.844654679298401E-002,7.485347986221314E-002,7.024075388908386E-001,6.850194334983826E-001,
1.819500000000000E+009,8.098566532135010E-002,7.240382581949234E-002,7.149724960327148E-001,6.589005589485169E-001,8.098566532135010E-002,7.240382581949234E-002,7.149724960327148E-001,6.589005589485169E-001,
1.827866666666667E+009,8.947072923183441E-002,6.415519863367081E-002,7.349732518196106E-001,6.494314074516296E-001,8.947072923183441E-002,6.415519863367081E-002,7.349732518196106E-001,6.494314074516296E-001,
1.836233333333334E+009,9.049533307552338E-002,5.278914794325829E-002,7.473403215408325E-001,6.333730220794678E-001,9.049533307552338E-002,5.278914794325829E-002,7.473403215408325E-001,6.333730220794678E-001,
1.844600000000000E+009,8.643829077482224E-002,4.438938573002815E-002,7.641251087188721E-001,6.268643140792847E-001,8.643829077482224E-002,4.438938573002815E-002,7.641251087188721E-001,6.268643140792847E-001,
1.852966666666667E+009,7.992079854011536E-002,3.915691375732422E-002,7.737988233566284E-001,5.922771096229553E-001,7.992079854011536E-002,3.915691375732422E-002,7.737988233566284E-001,5.922771096229553E-001,
1.861333333333334E+009,7.408741861581802E-002,3.654540702700615E-002,7.972677350044251E-001,5.743103623390198E-001,7.408741861581802E-002,3.654540702700615E-002,7.972677350044251E-001,5.743103623390198E-001,
1.869700000000000E+009,6.865973025560379E-002,4.257020726799965E-002,8.123553395271301E-001,5.542317628860474E-001,6.865973025560379E-002,4.257020726799965E-002,8.123553395271301E-001,5.542317628860474E-001,
1.878066666666667E+009,6.855005770921707E-002,4.813840240240097E-002,8.259934186935425E-001,5.397056341171265E-001,6.855005770921707E-002,4.813840240240097E-002,8.259934186935425E-001,5.397056341171265E-001,
1.886433333333334E+009,7.207186520099640E-002,5.592834576964378E-002,8.441558480262756E-001,5.126743912696838E-001,7.207186520099640E-002,5.592834576964378E-002,8.441558480262756E-001,5.126743912696838E-001,
1.894800000000000E+009,8.310562372207642E-002,6.099154427647591E-002,8.548241853713989E-001,4.928947389125824E-001,8.310562372207642E-002,6.099154427647591E-002,8.548241853713989E-001,4.928947389125824E-001,
1.903166666666667E+009,9.430605173110962E-002,6.395784765481949E-002,8.648837804794312E-001,4.637771546840668E-001,9.430605173110962E-002,6.395784765481949E-002,8.648837804794312E-001,4.637771546840668E-001,
1.911533333333334E+009,1.065452545881271E-001,5.872658267617226E-002,8.721919655799866E-001,4.369006752967835E-001,1.065452545881271E-001,5.872658267617226E-002,8.721919655799866E-001,4.369006752967835E-001,
1.919900000000000E+009,1.170628964900971E-001,4.941381886601448E-002,8.872791528701782E-001,4.229879379272461E-001,1.170628964900971E-001,4.941381886601448E-002,8.872791528701782E-001,4.229879379272461E-001,
1.928266666666667E+009,1.220001652836800E-001,3.908068314194679E-002,8.846479654312134E-001,3.877068459987640E-001,1.220001652836800E-001,3.908068314194679E-002,8.846479654312134E-001,3.877068459987640E-001,
1.936633333333334E+009,1.203260421752930E-001,2.638594992458820E-002,9.047080874443054E-001,3.785278797149658E-001,1.203260421752930E-001,2.638594992458820E-002,9.047080874443054E-001,3.785278797149658E-001,
1.945000000000000E+009,1.133354380726814E-001,1.645614206790924E-002,9.168225526809692E-001,3.547902405261993E-001,1.133354380726814E-001,1.645614206790924E-002,9.168225526809692E-001,3.547902405261993E-001,
1.953366666666667E+009,1.046207770705223E-001,1.003132201731205E-002,9.204286336898804E-001,3.337498605251312E-001,1.046207770705223E-001,1.003132201731205E-002,9.204286336898804E-001,3.337498605251312E-001,
1.961733333333334E+009,9.237660467624664E-002,1.147676259279251E-002,9.364590048789978E-001,3.101799786090851E-001,9.237660467624664E-002,1.147676259279251E-002,9.364590048789978E-001,3.101799786090851E-001,
1.970100000000000E+009,8.374240994453430E-002,1.633184403181076E-002,9.378643631935120E-001,2.864166498184204E-001,8.374240994453430E-002,1.633184403181076E-002,9.378643631935120E-001,2.864166498184204E-001,
1.978466666666667E+009,8.237184584140778E-002,2.756845019757748E-002,9.480785131454468E-001,2.546692490577698E-001,8.237184584140778E-002,2.756845019757748E-002,9.480785131454468E-001,2.546692490577698E-001,
1.986833333333334E+009,8.742964267730713E-002,3.749431669712067E-002,9.498525857925415E-001,2.354462146759033E-001,8.742964267730713E-002,3.749431669712067E-002,9.498525857925415E-001,2.354462146759033E-001,
1.995200000000000E+009,1.017106473445892E-001,4.411640390753746E-002,9.512962102890015E-001,2.175389528274536E-001,1.017106473445892E-001,4.411640390753746E-002,9.512962102890015E-001,2.175389528274536E-001,
2.003566666666667E+009,1.184951961040497E-001,4.364586248993874E-002,9.558053016662598E-001,1.833985745906830E-001,1.184951961040497E-001,4.364586248993874E-002,9.558053016662598E-001,1.833985745906830E-001,
2.011933333333334E+009,1.349282413721085E-001,3.416382148861885E-002,9.660499095916748E-001,1.572606861591339E-001,1.349282413721085E-001,3.416382148861885E-002,9.660499095916748E-001,1.572606861591339E-001,
2.020300000000000E+009,1.448894143104553E-001,2.208972163498402E-002,9.667299985885620E-001,1.280308812856674E-001,1.448894143104553E-001,2.208972163498402E-002,9.667299985885620E-001,1.280308812856674E-001,
2.028666666666667E+009,1.475357860326767E-001,4.923425614833832E-003,9.703234434127808E-001,1.139987781643868E-001,1.475357860326767E-001,4.923425614833832E-003,9.703234434127808E-001,1.139987781643868E-001,
2.037033333333334E+009,1.426534503698349E-001,-1.323750335723162E-002,9.758018255233765E-001,8.755803108215332E-002,1.426534503698349E-001,-1.323750335723162E-002,9.758018255233765E-001,8.755803108215332E-002,
2.045400000000000E+009,1.297323554754257E-001,-2.437851764261723E-002,9.749398231506348E-001,6.913700699806213E-002,1.297323554754257E-001,-2.437851764261723E-002,9.749398231506348E-001,6.913700699806213E-002,
2.053766666666667E+009,1.132031455636025E-001,-2.658871561288834E-002,9.800530672073364E-001,4.281846433877945E-002,1.132031455636025E-001,-2.658871561288834E-002,9.800530672073364E-001,4.281846433877945E-002,
2.062133333333334E+009,1.004146412014961E-001,-2.111064083874226E-002,9.853036999702454E-001,1.499584410339594E-002,1.004146412014961E-001,-2.111064083874226E-002,9.853036999702454E-001,1.499584410339594E-002,
2.070500000000000E+009,9.446273744106293E-002,-8.461738005280495E-003,9.840148687362671E-001,-1.427786611020565E-002,9.446273744106293E-002,-8.461738005280495E-003,9.840148687362671E-001,-1.427786611020565E-002,
2.078866666666667E+009,9.836770594120026E-002,5.246412940323353E-003,9.792841076850891E-001,-3.733823820948601E-002,9.836770594120026E-002,5.246412940323353E-003,9.792841076850891E-001,-3.733823820948601E-002,
2.087233333333334E+009,1.110937967896462E-001,1.038524881005287E-002,9.784813523292542E-001,-7.128480076789856E-002,1.110937967896462E-001,1.038524881005287E-002,9.784813523292542E-001,-7.128480076789856E-002,
2.095600000000000E+009,1.295225024223328E-001,1.208894513547421E-002,9.789293408393860E-001,-9.043298661708832E-002,1.295225024223328E-001,1.208894513547421E-002,9.789293408393860E-001,-9.043298661708832E-002,
2.103966666666667E+009,1.482782959938049E-001,-3.516119613777846E-005,9.759435653686523E-001,-1.159578189253807E-001,1.482782959938049E-001,-3.516119613777846E-005,9.759435653686523E-001,-1.159578189253807E-001,
2.112333333333334E+009,1.595939248800278E-001,-1.877537183463574E-002,9.644582867622376E-001,-1.337805539369583E-001,1.595939248800278E-001,-1.877537183463574E-002,9.644582867622376E-001,-1.337805539369583E-001,
2.120700000000000E+009,1.622992306947708E-001,-4.402712732553482E-002,9.616942405700684E-001,-1.631356030702591E-001,1.622992306947708E-001,-4.402712732553482E-002,9.616942405700684E-001,-1.631356030702591E-001,
2.129066666666667E+009,1.528318375349045E-001,-6.328798085451126E-002,9.701992273330689E-001,-1.883115917444229E-001,1.528318375349045E-001,-6.328798085451126E-002,9.701992273330689E-001,-1.883115917444229E-001,
2.137433333333334E+009,1.330237984657288E-001,-7.703391462564468E-002,9.555688500404358E-001,-2.078355699777603E-001,1.330237984657288E-001,-7.703391462564468E-002,9.555688500404358E-001,-2.078355699777603E-001,
2.145800000000000E+009,1.071896404027939E-001,-7.894618064165115E-002,9.563572406768799E-001,-2.325035631656647E-001,1.071896404027939E-001,-7.894618064165115E-002,9.563572406768799E-001,-2.325035631656647E-001,
2.154166666666667E+009,8.734704554080963E-002,-6.896808743476868E-002,9.487896561622620E-001,-2.543727755546570E-001,8.734704554080963E-002,-6.896808743476868E-002,9.487896561622620E-001,-2.543727755546570E-001,
2.162533333333334E+009,7.719134539365768E-002,-5.051523074507713E-002,9.300323128700256E-001,-2.831700742244721E-001,7.719134539365768E-002,-5.051523074507713E-002,9.300323128700256E-001,-2.831700742244721E-001,
2.170900000000000E+009,8.013320714235306E-002,-2.863489650189877E-002,9.364048838615418E-001,-3.122871220111847E-001,8.013320714235306E-002,-2.863489650189877E-002,9.364048838615418E-001,-3.122871220111847E-001,
2.179266666666667E+009,9.626232087612152E-002,-1.732202246785164E-002,9.214251041412354E-001,-3.289572894573212E-001,9.626232087612152E-002,-1.732202246785164E-002,9.214251041412354E-001,-3.289572894573212E-001,
2.187633333333334E+009,1.177350282669067E-001,-1.519798301160336E-002,9.153116345405579E-001,-3.604774773120880E-001,1.177350282669067E-001,-1.519798301160336E-002,9.153116345405579E-001,-3.604774773120880E-001,
2.196000000000000E+009,1.412238031625748E-001,-2.784636430442333E-002,8.951230645179749E-001,-3.791246116161346E-001,1.412238031625748E-001,-2.784636430442333E-002,8.951230645179749E-001,-3.791246116161346E-001,
2.204366666666667E+009,1.559447646141052E-001,-5.075135827064514E-002,8.868453502655029E-001,-3.970263600349426E-001,1.559447646141052E-001,-5.075135827064514E-002,8.868453502655029E-001,-3.970263600349426E-001,
2.212733333333334E+009,1.573767960071564E-001,-7.953745126724243E-002,8.747846484184265E-001,-4.268901050090790E-001,1.573767960071564E-001,-7.953745126724243E-002,8.747846484184265E-001,-4.268901050090790E-001,
2.221100000000000E+009,1.448580622673035E-001,-1.044923663139343E-001,8.599187731742859E-001,-4.382532536983490E-001,1.448580622673035E-001,-1.044923663139343E-001,8.599187731742859E-001,-4.382532536983490E-001,
2.229466666666667E+009,1.222955510020256E-001,-1.190446242690086E-001,8.549898862838745E-001,-4.509816467761993E-001,1.222955510020256E-001,-1.190446242690086E-001,8.549898862838745E-001,-4.509816467761993E-001,
2.237833333333334E+009,9.445065259933472E-002,-1.187693551182747E-001,8.505027294158936E-001,-4.802134633064270E-001,9.445065259933472E-002,-1.187693551182747E-001,8.505027294158936E-001,-4.802134633064270E-001,
2.246200000000000E+009,7.014375180006027E-002,-1.060278341174126E-001,8.379903435707092E-001,-5.045044422149658E-001,7.014375180006027E-002,-1.060278341174126E-001,8.379903435707092E-001,-5.045044422149658E-001,
2.254566666666667E+009,6.001788377761841E-002,-8.239930123090744E-002,8.278409242630005E-001,-5.269885659217835E-001,6.001788377761841E-002,-8.239930123090744E-002,8.278409242630005E-001,-5.269885659217835E-001,
2.262933333333334E+009,6.207687035202980E-002,-6.071530282497406E-002,8.123065233230591E-001,-5.507819652557373E-001,6.207687035202980E-002,-6.071530282497406E-002,8.123065233230591E-001,-5.507819652557373E-001,
2.271300000000000E+009,7.832865417003632E-002,-4.374561086297035E-002,7.917793393135071E-001,-5.705426931381226E-001,7.832865417003632E-002,-4.374561086297035E-002,7.917793393135071E-001,-5.705426931381226E-001,
2.279666666666667E+009,1.015897318720818E-001,-4.336455836892128E-002,7.783765792846680E-001,-5.895317792892456E-001,1.015897318720818E-001,-4.336455836892128E-002,7.783765792846680E-001,-5.895317792892456E-001,
2.288033333333334E+009,1.226147189736366E-001,-5.706016719341278E-002,7.612100839614868E-001,-6.163791418075562E-001,1.226147189736366E-001,-5.706016719341278E-002,7.612100839614868E-001,-6.163791418075562E-001,
2.296400000000000E+009,1.346642225980759E-001,-8.281727135181427E-002,7.401157617568970E-001,-6.310799717903137E-001,1.346642225980759E-001,-8.281727135181427E-002,7.401157617568970E-001,-6.310799717903137E-001,
2.304766666666667E+009,1.314409971237183E-001,-1.116111874580383E-001,7.290783524513245E-001,-6.358387470245361E-001,1.314409971237183E-001,-1.116111874580383E-001,7.290783524513245E-001,-6.358387470245361E-001,
2.313133333333334E+009,1.128751784563065E-001,-1.340834051370621E-001,7.099391818046570E-001,-6.678578257560730E-001,1.128751784563065E-001,-1.340834051370621E-001,7.099391818046570E-001,-6.678578257560730E-001,
2.321500000000000E+009,8.818917721509934E-002,-1.422913074493408E-001,6.991755962371826E-001,-6.762800812721252E-001,8.818917721509934E-002,-1.422913074493408E-001,6.991755962371826E-001,-6.762800812721252E-001,
2.329866666666667E+009,6.273099035024643E-002,-1.361730247735977E-001,6.898468732833862E-001,-6.970529556274414E-001,6.273099035024643E-002,-1.361730247735977E-001,6.898468732833862E-001,-6.970529556274414E-001,
2.338233333333334E+009,4.410615190863609E-002,-1.180713698267937E-001,6.623150706291199E-001,-7.187283635139465E-001,4.410615190863609E-002,-1.180713698267937E-001,6.623150706291199E-001,-7.187283635139465E-001,
2.346600000000000E+009,4.059094935655594E-002,-8.995987474918366E-002,6.418258547782898E-001,-7.410976290702820E-001,4.059094935655594E-002,-8.995987474918366E-002,6.418258547782898E-001,-7.410976290702820E-001,
2.354966666666667E+009,5.435103178024292E-002,-6.893428415060043E-002,6.300466656684876E-001,-7.550818920135498E-001,5.435103178024292E-002,-6.893428415060043E-002,6.300466656684876E-001,-7.550818920135498E-001,
2.363333333333334E+009,7.737127691507340E-002,-6.086426600813866E-002,6.093481779098511E-001,-7.691138982772827E-001,7.737127691507340E-002,-6.086426600813866E-002,6.093481779098511E-001,-7.691138982772827E-001,
2.371700000000000E+009,1.048500612378120E-001,-6.874325871467590E-002,5.893930196762085E-001,-7.870875597000122E-001,1.048500612378120E-001,-6.874325871467590E-002,5.893930196762085E-001,-7.870875597000122E-001,
2.380066666666667E+009,1.234041452407837E-001,-9.579984098672867E-002,5.570049285888672E-001,-7.970374226570129E-001,1.234041452407837E-001,-9.579984098672867E-002,5.570049285888672E-001,-7.970374226570129E-001,
2.388433333333334E+009,1.252796202898026E-001,-1.304305940866470E-001,5.388910174369812E-001,-7.987626791000366E-001,1.252796202898026E-001,-1.304305940866470E-001,5.388910174369812E-001,-7.987626791000366E-001,
2.396800000000000E+009,1.091842502355576E-001,-1.654081791639328E-001,5.125830769538879E-001,-8.168005347251892E-001,1.091842502355576E-001,-1.654081791639328E-001,5.125830769538879E-001,-8.168005347251892E-001,
2.405166666666667E+009,7.941482961177826E-002,-1.895803213119507E-001,5.006067156791687E-001,-8.278075456619263E-001,7.941482961177826E-002,-1.895803213119507E-001,5.006067156791687E-001,-8.278075456619263E-001,
2.413533333333334E+009,3.708411008119583E-002,-1.958093345165253E-001,4.814839065074921E-001,-8.387683033943176E-001,3.708411008119583E-002,-1.958093345165253E-001,4.814839065074921E-001,-8.387683033943176E-001,
2.421900000000000E+009,-7.595641654916108E-004,-1.817601770162582E-001,4.715178310871124E-001,-8.540586829185486E-001,-7.595641654916108E-004,-1.817601770162582E-001,4.715178310871124E-001,-8.540586829185486E-001,
2.430266666666667E+009,-2.305015921592712E-002,-1.490441262722015E-001,4.507738053798676E-001,-8.715196847915649E-001,-2.305015921592712E-002,-1.490441262722015E-001,4.507738053798676E-001,-8.715196847915649E-001,
2.438633333333334E+009,-2.947657555341721E-002,-1.090463027358055E-001,4.278123974800110E-001,-8.865559101104736E-001,-2.947657555341721E-002,-1.090463027358055E-001,4.278123974800110E-001,-8.865559101104736E-001,
2.447000000000000E+009,-1.355834119021893E-002,-7.302725315093994E-002,4.001087546348572E-001,-9.042941927909851E-001,-1.355834119021893E-002,-7.302725315093994E-002,4.001087546348572E-001,-9.042941927909851E-001,
2.455366666666667E+009,1.801364496350288E-002,-5.303696542978287E-002,3.733123540878296E-001,-9.115573167800903E-001,1.801364496350288E-002,-5.303696542978287E-002,3.733123540878296E-001,-9.115573167800903E-001,
2.463733333333334E+009,5.334882438182831E-002,-5.371956154704094E-002,3.449532687664032E-001,-9.242398142814636E-001,5.334882438182831E-002,-5.371956154704094E-002,3.449532687664032E-001,-9.242398142814636E-001,
2.472100000000000E+009,8.072958886623383E-002,-7.626231759786606E-002,3.180184960365295E-001,-9.270319938659668E-001,8.072958886623383E-002,-7.626231759786606E-002,3.180184960365295E-001,-9.270319938659668E-001,
2.480466666666667E+009,9.181921929121018E-002,-1.103093773126602E-001,2.867793142795563E-001,-9.250733852386475E-001,9.181921929121018E-002,-1.103093773126602E-001,2.867793142795563E-001,-9.250733852386475E-001,
2.488833333333334E+009,8.084215968847275E-002,-1.457280963659287E-001,2.720905542373657E-001,-9.290614128112793E-001,8.084215968847275E-002,-1.457280963659287E-001,2.720905542373657E-001,-9.290614128112793E-001,
2.497200000000000E+009,5.599097535014153E-002,-1.701511889696121E-001,2.482893615961075E-001,-9.386157393455505E-001,5.599097535014153E-002,-1.701511889696121E-001,2.482893615961075E-001,-9.386157393455505E-001,
2.505566666666667E+009,1.848179474473000E-002,-1.810001283884049E-001,2.278159558773041E-001,-9.472720026969910E-001,1.848179474473000E-002,-1.810001283884049E-001,2.278159558773041E-001,-9.472720026969910E-001,
2.513933333333334E+009,-1.306653302162886E-002,-1.691277474164963E-001,2.122201174497604E-001,-9.525660276412964E-001,-1.306653302162886E-002,-1.691277474164963E-001,2.122201174497604E-001,-9.525660276412964E-001,
2.522300000000000E+009,-3.308715298771858E-002,-1.431322395801544E-001,1.831152439117432E-001,-9.611107707023621E-001,-3.308715298771858E-002,-1.431322395801544E-001,1.831152439117432E-001,-9.611107707023621E-001,
2.530666666666667E+009,-3.512758761644363E-002,-1.085184291005135E-001,1.554891020059586E-001,-9.757062196731567E-001,-3.512758761644363E-002,-1.085184291005135E-001,1.554891020059586E-001,-9.757062196731567E-001,
2.539033333333334E+009,-1.872008107602596E-002,-8.032736182212830E-002,1.308985203504562E-001,-9.758847951889038E-001,-1.872008107602596E-002,-8.032736182212830E-002,1.308985203504562E-001,-9.758847951889038E-001,
2.547400000000000E+009,1.067921612411737E-002,-6.602016836404800E-002,1.072714105248451E-001,-9.855183959007263E-001,1.067921612411737E-002,-6.602016836404800E-002,1.072714105248451E-001,-9.855183959007263E-001,
2.555766666666667E+009,4.348854720592499E-002,-7.148509472608566E-002,7.372159510850906E-002,-9.878150224685669E-001,4.348854720592499E-002,-7.148509472608566E-002,7.372159510850906E-002,-9.878150224685669E-001,
2.564133333333334E+009,6.468755751848221E-002,-9.597887843847275E-002,4.552139341831207E-002,-9.786642193794251E-001,6.468755751848221E-002,-9.597887843847275E-002,4.552139341831207E-002,-9.786642193794251E-001,
2.572500000000000E+009,6.838822364807129E-002,-1.294133216142654E-001,2.046973258256912E-002,-9.720050096511841E-001,6.838822364807129E-002,-1.294133216142654E-001,2.046973258256912E-002,-9.720050096511841E-001,
2.580866666666667E+009,5.144557729363442E-002,-1.624949872493744E-001,-1.405864488333464E-003,-9.737138748168945E-001,5.144557729363442E-002,-1.624949872493744E-001,-1.405864488333464E-003,-9.737138748168945E-001,
2.589233333333334E+009,1.929936930537224E-002,-1.833670288324356E-001,-2.370958961546421E-002,-9.691630601882935E-001,1.929936930537224E-002,-1.833670288324356E-001,-2.370958961546421E-002,-9.691630601882935E-001,
2.597600000000000E+009,-1.786901615560055E-002,-1.880172193050385E-001,-4.592995345592499E-002,-9.698507785797119E-001,-1.786901615560055E-002,-1.880172193050385E-001,-4.592995345592499E-002,-9.698507785797119E-001,
2.605966666666667E+009,-5.224181339144707E-002,-1.711845248937607E-001,-5.833590403199196E-002,-9.774469733238220E-001,-5.224181339144707E-002,-1.711845248937607E-001,-5.833590403199196E-002,-9.774469733238220E-001,
2.614333333333334E+009,-7.152528315782547E-002,-1.429841816425324E-001,-8.556436002254486E-002,-9.737974405288696E-001,-7.152528315782547E-002,-1.429841816425324E-001,-8.556436002254486E-002,-9.737974405288696E-001,
2.622700000000000E+009,-7.322283089160919E-002,-1.064213216304779E-001,-1.097258701920509E-001,-9.736537337303162E-001,-7.322283089160919E-002,-1.064213216304779E-001,-1.097258701920509E-001,-9.736537337303162E-001,
2.631066666666667E+009,-5.556995421648026E-002,-7.568991184234619E-002,-1.397826820611954E-001,-9.849688410758972E-001,-5.556995421648026E-002,-7.568991184234619E-002,-1.397826820611954E-001,-9.849688410758972E-001,
2.639433333333334E+009,-2.411146461963654E-002,-6.109663099050522E-002,-1.692386865615845E-001,-9.706245660781860E-001,-2.411146461963654E-002,-6.109663099050522E-002,-1.692386865615845E-001,-9.706245660781860E-001,
2.647800000000000E+009,1.069134380668402E-002,-6.588837504386902E-002,-1.983319818973541E-001,-9.656046032905579E-001,1.069134380668402E-002,-6.588837504386902E-002,-1.983319818973541E-001,-9.656046032905579E-001,
2.656166666666667E+009,3.318960219621658E-002,-8.896326273679733E-002,-2.218375205993652E-001,-9.615150094032288E-001,3.318960219621658E-002,-8.896326273679733E-002,-2.218375205993652E-001,-9.615150094032288E-001,
2.664533333333334E+009,3.688262403011322E-002,-1.205870732665062E-001,-2.531946599483490E-001,-9.408179521560669E-001,3.688262403011322E-002,-1.205870732665062E-001,-2.531946599483490E-001,-9.408179521560669E-001,
2.672900000000000E+009,2.312003634870052E-002,-1.505907028913498E-001,-2.690559923648834E-001,-9.350071549415588E-001,2.312003634870052E-002,-1.505907028913498E-001,-2.690559923648834E-001,-9.350071549415588E-001,
2.681266666666667E+009,-6.878227926790714E-003,-1.688589453697205E-001,-2.901989817619324E-001,-9.258496761322022E-001,-6.878227926790714E-003,-1.688589453697205E-001,-2.901989817619324E-001,-9.258496761322022E-001,
2.689633333333334E+009,-4.409252479672432E-002,-1.700848340988159E-001,-3.080623149871826E-001,-9.222951531410217E-001,-4.409252479672432E-002,-1.700848340988159E-001,-3.080623149871826E-001,-9.222951531410217E-001,
2.698000000000000E+009,-7.513061910867691E-002,-1.532035320997238E-001,-3.215842247009277E-001,-9.150242805480957E-001,-7.513061910867691E-002,-1.532035320997238E-001,-3.215842247009277E-001,-9.150242805480957E-001,
2.706366666666667E+009,-9.311179816722870E-002,-1.229311823844910E-001,-3.508501648902893E-001,-9.080764651298523E-001,-9.311179816722870E-002,-1.229311823844910E-001,-3.508501648902893E-001,-9.080764651298523E-001,
2.714733333333334E+009,-9.104017168283463E-002,-8.952756226062775E-002,-3.702622652053833E-001,-9.099123477935791E-001,-9.104017168283463E-002,-8.952756226062775E-002,-3.702622652053833E-001,-9.099123477935791E-001,
2.723100000000000E+009,-7.070832699537277E-002,-6.126095727086067E-002,-3.973228037357330E-001,-8.988991975784302E-001,-7.070832699537277E-002,-6.126095727086067E-002,-3.973228037357330E-001,-8.988991975784302E-001,
2.731466666666667E+009,-3.685406595468521E-002,-4.701742902398109E-002,-4.288354814052582E-001,-8.916726112365723E-001,-3.685406595468521E-002,-4.701742902398109E-002,-4.288354814052582E-001,-8.916726112365723E-001,
2.739833333333334E+009,-3.087840275838971E-003,-5.465951189398766E-002,-4.536651968955994E-001,-8.740757107734680E-001,-3.087840275838971E-003,-5.465951189398766E-002,-4.536651968955994E-001,-8.740757107734680E-001,
2.748200000000000E+009,2.084844186902046E-002,-7.787419855594635E-002,-4.773575365543366E-001,-8.596781492233276E-001,2.084844186902046E-002,-7.787419855594635E-002,-4.773575365543366E-001,-8.596781492233276E-001,
2.756566666666667E+009,2.671995572745800E-002,-1.110532805323601E-001,-4.982973933219910E-001,-8.455845713615418E-001,2.671995572745800E-002,-1.110532805323601E-001,-4.982973933219910E-001,-8.455845713615418E-001,
2.764933333333334E+009,1.321481447666884E-002,-1.420018821954727E-001,-5.252344012260437E-001,-8.319318294525147E-001,1.321481447666884E-002,-1.420018821954727E-001,-5.252344012260437E-001,-8.319318294525147E-001,
2.773300000000000E+009,-1.427814830094576E-002,-1.620117723941803E-001,-5.356815457344055E-001,-8.103202581405640E-001,-1.427814830094576E-002,-1.620117723941803E-001,-5.356815457344055E-001,-8.103202581405640E-001,
2.781666666666667E+009,-5.253671482205391E-002,-1.641469448804855E-001,-5.495804548263550E-001,-7.985122799873352E-001,-5.253671482205391E-002,-1.641469448804855E-001,-5.495804548263550E-001,-7.985122799873352E-001,
2.790033333333334E+009,-8.466855436563492E-002,-1.482036411762238E-001,-5.680422186851502E-001,-7.910681366920471E-001,-8.466855436563492E-002,-1.482036411762238E-001,-5.680422186851502E-001,-7.910681366920471E-001,
2.798400000000000E+009,-1.047552302479744E-001,-1.190601661801338E-001,-5.873630642890930E-001,-7.845138311386108E-001,-1.047552302479744E-001,-1.190601661801338E-001,-5.873630642890930E-001,-7.845138311386108E-001,
2.806766666666667E+009,-1.042132899165154E-001,-8.502339571714401E-002,-6.081587672233582E-001,-7.667983770370483E-001,-1.042132899165154E-001,-8.502339571714401E-002,-6.081587672233582E-001,-7.667983770370483E-001,
2.815133333333334E+009,-8.771597594022751E-002,-5.777518451213837E-002,-6.329239606857300E-001,-7.567312121391296E-001,-8.771597594022751E-002,-5.777518451213837E-002,-6.329239606857300E-001,-7.567312121391296E-001,
2.823500000000000E+009,-5.469026789069176E-002,-4.482178390026093E-002,-6.560727357864380E-001,-7.408334016799927E-001,-5.469026789069176E-002,-4.482178390026093E-002,-6.560727357864380E-001,-7.408334016799927E-001,
2.831866666666667E+009,-2.060667425394058E-002,-5.215324088931084E-002,-6.758579611778259E-001,-7.215840816497803E-001,-2.060667425394058E-002,-5.215324088931084E-002,-6.758579611778259E-001,-7.215840816497803E-001,
2.840233333333334E+009,3.209610702469945E-003,-7.643327862024307E-002,-7.015302777290344E-001,-7.009100914001465E-001,3.209610702469945E-003,-7.643327862024307E-002,-7.015302777290344E-001,-7.009100914001465E-001,
2.848600000000000E+009,9.434156119823456E-003,-1.093724220991135E-001,-7.132546901702881E-001,-6.732938885688782E-001,9.434156119823456E-003,-1.093724220991135E-001,-7.132546901702881E-001,-6.732938885688782E-001,
2.856966666666667E+009,-4.186978098005056E-003,-1.407534182071686E-001,-7.272006273269653E-001,-6.526718735694885E-001,-4.186978098005056E-003,-1.407534182071686E-001,-7.272006273269653E-001,-6.526718735694885E-001,
2.865333333333334E+009,-3.473139554262161E-002,-1.616749763488770E-001,-7.372478246688843E-001,-6.403660774230957E-001,-3.473139554262161E-002,-1.616749763488770E-001,-7.372478246688843E-001,-6.403660774230957E-001,
2.873700000000000E+009,-7.209690660238266E-002,-1.619567573070526E-001,-7.511234879493713E-001,-6.130182147026062E-001,-7.209690660238266E-002,-1.619567573070526E-001,-7.511234879493713E-001,-6.130182147026062E-001,
2.882066666666667E+009,-1.048183068633080E-001,-1.436549723148346E-001,-7.602463960647583E-001,-5.926487445831299E-001,-1.048183068633080E-001,-1.436549723148346E-001,-7.602463960647583E-001,-5.926487445831299E-001,
2.890433333333334E+009,-1.261830925941467E-001,-1.117800623178482E-001,-7.757700681686401E-001,-5.824574232101440E-001,-1.261830925941467E-001,-1.117800623178482E-001,-7.757700681686401E-001,-5.824574232101440E-001,
2.898800000000000E+009,-1.265774220228195E-001,-7.385557144880295E-002,-7.913304567337036E-001,-5.709755420684815E-001,-1.265774220228195E-001,-7.385557144880295E-002,-7.913304567337036E-001,-5.709755420684815E-001,
2.907166666666667E+009,-1.080648675560951E-001,-4.358804970979691E-002,-8.067233562469482E-001,-5.579075217247009E-001,-1.080648675560951E-001,-4.358804970979691E-002,-8.067233562469482E-001,-5.579075217247009E-001,
2.915533333333334E+009,-7.365974783897400E-002,-2.847576886415482E-002,-8.309513926506043E-001,-5.298902988433838E-001,-7.365974783897400E-002,-2.847576886415482E-002,-8.309513926506043E-001,-5.298902988433838E-001,
2.923900000000000E+009,-3.774021565914154E-002,-3.404406830668449E-002,-8.474691510200501E-001,-5.122789740562439E-001,-3.774021565914154E-002,-3.404406830668449E-002,-8.474691510200501E-001,-5.122789740562439E-001,
2.932266666666667E+009,-9.484035894274712E-003,-5.851322039961815E-002,-8.612192869186401E-001,-4.872392714023590E-001,-9.484035894274712E-003,-5.851322039961815E-002,-8.612192869186401E-001,-4.872392714023590E-001,
2.940633333333334E+009,-1.806745189242065E-003,-9.528237581253052E-002,-8.720921277999878E-001,-4.565139710903168E-001,-1.806745189242065E-003,-9.528237581253052E-002,-8.720921277999878E-001,-4.565139710903168E-001,
2.949000000000000E+009,-1.494668610394001E-002,-1.318060010671616E-001,-8.852553367614746E-001,-4.229426681995392E-001,-1.494668610394001E-002,-1.318060010671616E-001,-8.852553367614746E-001,-4.229426681995392E-001,
2.957366666666667E+009,-4.545572400093079E-002,-1.543638557195664E-001,-8.887279033660889E-001,-4.076469838619232E-001,-4.545572400093079E-002,-1.543638557195664E-001,-8.887279033660889E-001,-4.076469838619232E-001,
2.965733333333334E+009,-8.556409180164337E-002,-1.573539227247238E-001,-8.952174782752991E-001,-3.845809996128082E-001,-8.556409180164337E-002,-1.573539227247238E-001,-8.952174782752991E-001,-3.845809996128082E-001,
2.974100000000000E+009,-1.218507885932922E-001,-1.397619992494583E-001,-9.022197127342224E-001,-3.613812625408173E-001,-1.218507885932922E-001,-1.397619992494583E-001,-9.022197127342224E-001,-3.613812625408173E-001,
2.982466666666667E+009,-1.430301070213318E-001,-1.045603230595589E-001,-9.102696180343628E-001,-3.426315188407898E-001,-1.430301070213318E-001,-1.045603230595589E-001,-9.102696180343628E-001,-3.426315188407898E-001,
2.990833333333334E+009,-1.440309733152390E-001,-6.572014838457108E-002,-9.156616330146790E-001,-3.290468156337738E-001,-1.440309733152390E-001,-6.572014838457108E-002,-9.156616330146790E-001,-3.290468156337738E-001,
2.999200000000000E+009,-1.240979135036469E-001,-3.253605589270592E-002,-9.304829835891724E-001,-3.091424703598023E-001,-1.240979135036469E-001,-3.253605589270592E-002,-9.304829835891724E-001,-3.091424703598023E-001,
3.007566666666667E+009,-8.900155872106552E-002,-1.502073742449284E-002,-9.446533322334290E-001,-2.809510529041290E-001,-8.900155872106552E-002,-1.502073742449284E-002,-9.446533322334290E-001,-2.809510529041290E-001,
3.015933333333334E+009,-4.849285632371903E-002,-2.145393379032612E-002,-9.533425569534302E-001,-2.562159001827240E-001,-4.849285632371903E-002,-2.145393379032612E-002,-9.533425569534302E-001,-2.562159001827240E-001,
3.024300000000000E+009,-2.042489498853684E-002,-4.893302917480469E-002,-9.643256664276123E-001,-2.282708734273911E-001,-2.042489498853684E-002,-4.893302917480469E-002,-9.643256664276123E-001,-2.282708734273911E-001,
3.032666666666667E+009,-1.170900370925665E-002,-9.015086293220520E-002,-9.685909748077393E-001,-1.972677409648895E-001,-1.170900370925665E-002,-9.015086293220520E-002,-9.685909748077393E-001,-1.972677409648895E-001,
3.041033333333334E+009,-2.699616737663746E-002,-1.287565976381302E-001,-9.688379168510437E-001,-1.707774996757507E-001,-2.699616737663746E-002,-1.287565976381302E-001,-9.688379168510437E-001,-1.707774996757507E-001,
3.049400000000000E+009,-6.336734443902969E-002,-1.532932221889496E-001,-9.664186835289002E-001,-1.363371610641480E-001,-6.336734443902969E-002,-1.532932221889496E-001,-9.664186835289002E-001,-1.363371610641480E-001,
3.057766666666667E+009,-1.068704500794411E-001,-1.553013175725937E-001,-9.675220847129822E-001,-1.299784630537033E-001,-1.068704500794411E-001,-1.553013175725937E-001,-9.675220847129822E-001,-1.299784630537033E-001,
3.066133333333334E+009,-1.464486718177795E-001,-1.342275738716126E-001,-9.606773257255554E-001,-9.876356273889542E-002,-1.464486718177795E-001,-1.342275738716126E-001,-9.606773257255554E-001,-9.876356273889542E-002,
3.074500000000000E+009,-1.699722111225128E-001,-9.609645605087280E-002,-9.665436744689941E-001,-8.076375722885132E-002,-1.699722111225128E-001,-9.609645605087280E-002,-9.665436744689941E-001,-8.076375722885132E-002,
3.082866666666667E+009,-1.696710437536240E-001,-5.007936805486679E-002,-9.716875553131104E-001,-6.663291156291962E-002,-1.696710437536240E-001,-5.007936805486679E-002,-9.716875553131104E-001,-6.663291156291962E-002,
3.091233333333334E+009,-1.449320018291473E-001,-1.056886836886406E-002,-9.774393439292908E-001,-3.828169777989388E-002,-1.449320018291473E-001,-1.056886836886406E-002,-9.774393439292908E-001,-3.828169777989388E-002,
3.099600000000000E+009,-1.024997979402542E-001,7.958301343023777E-003,-9.809895157814026E-001,-1.564348116517067E-002,-1.024997979402542E-001,7.958301343023777E-003,-9.809895157814026E-001,-1.564348116517067E-002,
3.107966666666667E+009,-5.496306344866753E-002,-5.701983463950455E-004,-9.898049831390381E-001,9.770983830094338E-003,-5.496306344866753E-002,-5.701983463950455E-004,-9.898049831390381E-001,9.770983830094338E-003,
3.116333333333334E+009,-1.870651543140411E-002,-3.403461351990700E-002,-9.896212220191956E-001,4.677455499768257E-002,-1.870651543140411E-002,-3.403461351990700E-002,-9.896212220191956E-001,4.677455499768257E-002,
3.124700000000000E+009,-9.336847811937332E-003,-8.258982002735138E-002,-9.884302616119385E-001,7.392755895853043E-002,-9.336847811937332E-003,-8.258982002735138E-002,-9.884302616119385E-001,7.392755895853043E-002,
3.133066666666667E+009,-2.598832733929157E-002,-1.308574974536896E-001,-9.814633727073669E-001,1.093775406479836E-001,-2.598832733929157E-002,-1.308574974536896E-001,-9.814633727073669E-001,1.093775406479836E-001,
3.141433333333334E+009,-6.786695122718811E-002,-1.608254015445709E-001,-9.702544808387756E-001,1.337213665246964E-001,-6.786695122718811E-002,-1.608254015445709E-001,-9.702544808387756E-001,1.337213665246964E-001,
3.149800000000000E+009,-1.218673139810562E-001,-1.649938672780991E-001,-9.626497626304627E-001,1.594303846359253E-001,-1.218673139810562E-001,-1.649938672780991E-001,-9.626497626304627E-001,1.594303846359253E-001,
3.158166666666667E+009,-1.692063510417938E-001,-1.417957246303558E-001,-9.485430717468262E-001,1.767252832651138E-001,-1.692063510417938E-001,-1.417957246303558E-001,-9.485430717468262E-001,1.767252832651138E-001,
3.166533333333334E+009,-1.976551264524460E-001,-9.913387149572372E-002,-9.463899731636047E-001,1.908169090747833E-001,-1.976551264524460E-001,-9.913387149572372E-002,-9.463899731636047E-001,1.908169090747833E-001,
3.174900000000000E+009,-2.035515904426575E-001,-4.696870967745781E-002,-9.441049695014954E-001,2.088564634323120E-001,-2.035515904426575E-001,-4.696870967745781E-002,-9.441049695014954E-001,2.088564634323120E-001,
3.183266666666667E+009,-1.785806119441986E-001,-3.207173722330481E-004,-9.421208500862122E-001,2.300551086664200E-001,-1.785806119441986E-001,-3.207173722330481E-004,-9.421208500862122E-001,2.300551086664200E-001,
3.191633333333334E+009,-1.346320509910584E-001,2.144857682287693E-002,-9.388148784637451E-001,2.545765638351440E-001,-1.346320509910584E-001,2.144857682287693E-002,-9.388148784637451E-001,2.545765638351440E-001,
3.200000000000000E+009,-8.546631783246994E-002,1.658621430397034E-002,-9.418629407882690E-001,2.804608941078186E-001,-8.546631783246994E-002,1.658621430397034E-002,-9.418629407882690E-001,2.804608941078186E-001,
