% Version 1.00
%
%freq[Hz],re:Trc1_S11,im:Trc1_S11,re:Trc2_S21,im:Trc2_S21,re:Trc3_S11,im:Trc3_S11,re:Trc4_S21,im:Trc4_S21,
6.900000000000000E+008,-5.629544705152512E-002,4.722382500767708E-002,-5.109801292419434E-001,-8.450471162796021E-001,-5.629544705152512E-002,4.722382500767708E-002,-5.109801292419434E-001,-8.450471162796021E-001,
6.983666666666666E+008,-4.841538518667221E-002,4.774101823568344E-002,-5.282257199287415E-001,-8.273207545280457E-001,-4.841538518667221E-002,4.774101823568344E-002,-5.282257199287415E-001,-8.273207545280457E-001,
7.067333333333334E+008,-4.228167235851288E-002,4.487396404147148E-002,-5.572173595428467E-001,-8.004456758499146E-001,-4.228167235851288E-002,4.487396404147148E-002,-5.572173595428467E-001,-8.004456758499146E-001,
7.151000000000000E+008,-4.306135699152947E-002,3.656708076596260E-002,-5.663063526153565E-001,-7.928256988525391E-001,-4.306135699152947E-002,3.656708076596260E-002,-5.663063526153565E-001,-7.928256988525391E-001,
7.234666666666666E+008,-4.302199929952622E-002,3.141964226961136E-002,-6.047202348709106E-001,-7.801770567893982E-001,-4.302199929952622E-002,3.141964226961136E-002,-6.047202348709106E-001,-7.801770567893982E-001,
7.318333333333334E+008,-5.063052475452423E-002,2.868520654737949E-002,-6.110137701034546E-001,-7.744857668876648E-001,-5.063052475452423E-002,2.868520654737949E-002,-6.110137701034546E-001,-7.744857668876648E-001,
7.402000000000000E+008,-5.803317949175835E-002,3.099745512008667E-002,-6.407217979431152E-001,-7.503666281700134E-001,-5.803317949175835E-002,3.099745512008667E-002,-6.407217979431152E-001,-7.503666281700134E-001,
7.485666666666666E+008,-6.311514228582382E-002,3.691906854510307E-002,-6.622766852378845E-001,-7.126463055610657E-001,-6.311514228582382E-002,3.691906854510307E-002,-6.622766852378845E-001,-7.126463055610657E-001,
7.569333333333334E+008,-6.347084790468216E-002,4.631431028246880E-002,-6.774182915687561E-001,-7.142423391342163E-001,-6.347084790468216E-002,4.631431028246880E-002,-6.774182915687561E-001,-7.142423391342163E-001,
7.653000000000000E+008,-5.971012264490128E-002,5.553387477993965E-002,-6.847243905067444E-001,-7.070881128311157E-001,-5.971012264490128E-002,5.553387477993965E-002,-6.847243905067444E-001,-7.070881128311157E-001,
7.736666666666666E+008,-5.145053192973137E-002,6.457869708538055E-002,-7.099134325981140E-001,-6.984583735466003E-001,-5.145053192973137E-002,6.457869708538055E-002,-7.099134325981140E-001,-6.984583735466003E-001,
7.820333333333334E+008,-4.462752863764763E-002,6.850789487361908E-002,-7.327129840850830E-001,-6.751536130905151E-001,-4.462752863764763E-002,6.850789487361908E-002,-7.327129840850830E-001,-6.751536130905151E-001,
7.904000000000000E+008,-3.482587262988091E-002,6.703124195337296E-002,-7.470991015434265E-001,-6.521294116973877E-001,-3.482587262988091E-002,6.703124195337296E-002,-7.470991015434265E-001,-6.521294116973877E-001,
7.987666666666666E+008,-2.717645838856697E-002,6.271301954984665E-002,-7.596859931945801E-001,-6.314237117767334E-001,-2.717645838856697E-002,6.271301954984665E-002,-7.596859931945801E-001,-6.314237117767334E-001,
8.071333333333334E+008,-2.711611613631249E-002,5.830695480108261E-002,-7.729226946830750E-001,-6.177607178688049E-001,-2.711611613631249E-002,5.830695480108261E-002,-7.729226946830750E-001,-6.177607178688049E-001,
8.155000000000000E+008,-3.104154951870441E-002,5.119372531771660E-002,-7.825727462768555E-001,-5.720161795616150E-001,-3.104154951870441E-002,5.119372531771660E-002,-7.825727462768555E-001,-5.720161795616150E-001,
8.238666666666666E+008,-3.568533062934876E-002,4.876160621643066E-002,-8.142115473747253E-001,-5.759103298187256E-001,-3.568533062934876E-002,4.876160621643066E-002,-8.142115473747253E-001,-5.759103298187256E-001,
8.322333333333334E+008,-4.398678243160248E-002,5.103374645113945E-002,-8.252164125442505E-001,-5.474296212196350E-001,-4.398678243160248E-002,5.103374645113945E-002,-8.252164125442505E-001,-5.474296212196350E-001,
8.406000000000000E+008,-4.842305555939674E-002,5.496409907937050E-002,-8.375584483146668E-001,-5.322867035865784E-001,-4.842305555939674E-002,5.496409907937050E-002,-8.375584483146668E-001,-5.322867035865784E-001,
8.489666666666668E+008,-4.867365211248398E-002,6.338521838188171E-002,-8.573937416076660E-001,-5.052128434181213E-001,-4.867365211248398E-002,6.338521838188171E-002,-8.573937416076660E-001,-5.052128434181213E-001,
8.573333333333334E+008,-4.497219622135162E-002,7.111673802137375E-002,-8.619143962860107E-001,-4.874763488769531E-001,-4.497219622135162E-002,7.111673802137375E-002,-8.619143962860107E-001,-4.874763488769531E-001,
8.657000000000000E+008,-3.765488415956497E-002,8.008989691734314E-002,-8.776881694793701E-001,-4.586398005485535E-001,-3.765488415956497E-002,8.008989691734314E-002,-8.776881694793701E-001,-4.586398005485535E-001,
8.740666666666668E+008,-2.873451262712479E-002,8.514444530010223E-002,-8.715484738349915E-001,-4.400144815444946E-001,-2.873451262712479E-002,8.514444530010223E-002,-8.715484738349915E-001,-4.400144815444946E-001,
8.824333333333334E+008,-1.911179348826408E-002,8.396342396736145E-002,-9.027010202407837E-001,-4.078325331211090E-001,-1.911179348826408E-002,8.396342396736145E-002,-9.027010202407837E-001,-4.078325331211090E-001,
8.908000000000000E+008,-1.132256351411343E-002,8.391942828893662E-002,-9.136334657669067E-001,-4.045036435127258E-001,-1.132256351411343E-002,8.391942828893662E-002,-9.136334657669067E-001,-4.045036435127258E-001,
8.991666666666668E+008,-8.546103723347187E-003,7.702351361513138E-002,-9.249225854873657E-001,-3.745522499084473E-001,-8.546103723347187E-003,7.702351361513138E-002,-9.249225854873657E-001,-3.745522499084473E-001,
9.075333333333334E+008,-8.466610684990883E-003,7.263007014989853E-002,-9.163779020309448E-001,-3.492347598075867E-001,-8.466610684990883E-003,7.263007014989853E-002,-9.163779020309448E-001,-3.492347598075867E-001,
9.159000000000000E+008,-1.091138832271099E-002,6.813001632690430E-002,-9.317464828491211E-001,-3.381274342536926E-001,-1.091138832271099E-002,6.813001632690430E-002,-9.317464828491211E-001,-3.381274342536926E-001,
9.242666666666668E+008,-1.592045463621616E-002,6.408257037401199E-002,-9.417239427566528E-001,-3.121439218521118E-001,-1.592045463621616E-002,6.408257037401199E-002,-9.417239427566528E-001,-3.121439218521118E-001,
9.326333333333334E+008,-2.027264796197414E-002,6.664977222681046E-002,-9.458450078964233E-001,-2.776448130607605E-001,-2.027264796197414E-002,6.664977222681046E-002,-9.458450078964233E-001,-2.776448130607605E-001,
9.410000000000000E+008,-2.516149543225765E-002,7.329683750867844E-002,-9.514345526695252E-001,-2.494932115077972E-001,-2.516149543225765E-002,7.329683750867844E-002,-9.514345526695252E-001,-2.494932115077972E-001,
9.493666666666668E+008,-2.546811290085316E-002,8.096081018447876E-002,-9.567861557006836E-001,-2.398858219385147E-001,-2.546811290085316E-002,8.096081018447876E-002,-9.567861557006836E-001,-2.398858219385147E-001,
9.577333333333334E+008,-2.008537203073502E-002,8.897815644741058E-002,-9.810915589332581E-001,-1.972388923168182E-001,-2.008537203073502E-002,8.897815644741058E-002,-9.810915589332581E-001,-1.972388923168182E-001,
9.661000000000000E+008,-1.104164682328701E-002,9.602785110473633E-002,-9.656829237937927E-001,-1.831997483968735E-001,-1.104164682328701E-002,9.602785110473633E-002,-9.656829237937927E-001,-1.831997483968735E-001,
9.744666666666668E+008,-9.614163427613676E-004,1.004273518919945E-001,-9.761977791786194E-001,-1.508459001779556E-001,-9.614163427613676E-004,1.004273518919945E-001,-9.761977791786194E-001,-1.508459001779556E-001,
9.828333333333334E+008,1.304025575518608E-002,9.834180027246475E-002,-9.716783761978149E-001,-1.256539076566696E-001,1.304025575518608E-002,9.834180027246475E-002,-9.716783761978149E-001,-1.256539076566696E-001,
9.912000000000000E+008,2.291399613022804E-002,9.492486715316773E-002,-9.825288653373718E-001,-1.157723963260651E-001,2.291399613022804E-002,9.492486715316773E-002,-9.825288653373718E-001,-1.157723963260651E-001,
9.995666666666668E+008,2.759290114045143E-002,8.552318066358566E-002,-9.858683943748474E-001,-7.919182628393173E-002,2.759290114045143E-002,8.552318066358566E-002,-9.858683943748474E-001,-7.919182628393173E-002,
1.007933333333333E+009,2.772138267755508E-002,7.755503803491592E-002,-9.886533021926880E-001,-5.952485650777817E-002,2.772138267755508E-002,7.755503803491592E-002,-9.886533021926880E-001,-5.952485650777817E-002,
1.016300000000000E+009,2.212353050708771E-002,6.909018754959106E-002,-9.876106381416321E-001,-3.244573995471001E-002,2.212353050708771E-002,6.909018754959106E-002,-9.876106381416321E-001,-3.244573995471001E-002,
1.024666666666667E+009,1.419232785701752E-002,6.870233267545700E-002,-9.888709187507629E-001,-1.130571123212576E-002,1.419232785701752E-002,6.870233267545700E-002,-9.888709187507629E-001,-1.130571123212576E-002,
1.033033333333333E+009,7.554443553090096E-003,7.017162442207336E-002,-9.661175608634949E-001,2.765003964304924E-002,7.554443553090096E-003,7.017162442207336E-002,-9.661175608634949E-001,2.765003964304924E-002,
1.041400000000000E+009,4.207745660096407E-003,7.677572965621948E-002,-9.727882146835327E-001,4.866372421383858E-002,4.207745660096407E-003,7.677572965621948E-002,-9.727882146835327E-001,4.866372421383858E-002,
1.049766666666667E+009,4.110510926693678E-003,8.540831506252289E-002,-9.810973405838013E-001,7.064574956893921E-002,4.110510926693678E-003,8.540831506252289E-002,-9.810973405838013E-001,7.064574956893921E-002,
1.058133333333333E+009,1.304455287754536E-002,9.392254054546356E-002,-9.759007692337036E-001,9.595756977796555E-002,1.304455287754536E-002,9.392254054546356E-002,-9.759007692337036E-001,9.595756977796555E-002,
1.066500000000000E+009,2.627799101173878E-002,9.812990576028824E-002,-9.591850638389587E-001,1.233260482549667E-001,2.627799101173878E-002,9.812990576028824E-002,-9.591850638389587E-001,1.233260482549667E-001,
1.074866666666667E+009,3.876528516411781E-002,9.438882768154144E-002,-9.686669111251831E-001,1.523285955190659E-001,3.876528516411781E-002,9.438882768154144E-002,-9.686669111251831E-001,1.523285955190659E-001,
1.083233333333334E+009,5.154688283801079E-002,8.966207504272461E-002,-9.641711711883545E-001,1.687884330749512E-001,5.154688283801079E-002,8.966207504272461E-002,-9.641711711883545E-001,1.687884330749512E-001,
1.091600000000000E+009,5.602061748504639E-002,7.728897780179977E-002,-9.571239352226257E-001,2.028814107179642E-001,5.602061748504639E-002,7.728897780179977E-002,-9.571239352226257E-001,2.028814107179642E-001,
1.099966666666667E+009,5.764864385128021E-002,6.469558179378510E-002,-9.525130987167358E-001,2.194085270166397E-001,5.764864385128021E-002,6.469558179378510E-002,-9.525130987167358E-001,2.194085270166397E-001,
1.108333333333334E+009,4.952003806829453E-002,5.509734153747559E-002,-9.640176892280579E-001,2.422603666782379E-001,4.952003806829453E-002,5.509734153747559E-002,-9.640176892280579E-001,2.422603666782379E-001,
1.116700000000000E+009,3.819688409566879E-002,5.587891116738319E-002,-9.492715001106262E-001,2.749374806880951E-001,3.819688409566879E-002,5.587891116738319E-002,-9.492715001106262E-001,2.749374806880951E-001,
1.125066666666667E+009,2.675403095781803E-002,5.753280222415924E-002,-9.331730008125305E-001,2.962878346443176E-001,2.675403095781803E-002,5.753280222415924E-002,-9.331730008125305E-001,2.962878346443176E-001,
1.133433333333334E+009,1.737087965011597E-002,6.968516111373901E-002,-9.280323982238770E-001,3.147423267364502E-001,1.737087965011597E-002,6.968516111373901E-002,-9.280323982238770E-001,3.147423267364502E-001,
1.141800000000000E+009,1.953500881791115E-002,8.265333622694016E-002,-9.153404831886292E-001,3.397560119628906E-001,1.953500881791115E-002,8.265333622694016E-002,-9.153404831886292E-001,3.397560119628906E-001,
1.150166666666667E+009,2.707030251622200E-002,9.460783004760742E-002,-9.089336395263672E-001,3.698187470436096E-001,2.707030251622200E-002,9.460783004760742E-002,-9.089336395263672E-001,3.698187470436096E-001,
1.158533333333334E+009,4.598277434706688E-002,1.014611870050430E-001,-8.979097008705139E-001,3.917792141437531E-001,4.598277434706688E-002,1.014611870050430E-001,-8.979097008705139E-001,3.917792141437531E-001,
1.166900000000000E+009,6.628326326608658E-002,9.939014911651611E-002,-8.887619972229004E-001,4.177043735980988E-001,6.628326326608658E-002,9.939014911651611E-002,-8.887619972229004E-001,4.177043735980988E-001,
1.175266666666667E+009,8.214864879846573E-002,8.864621073007584E-002,-8.698886036872864E-001,4.302881360054016E-001,8.214864879846573E-002,8.864621073007584E-002,-8.698886036872864E-001,4.302881360054016E-001,
1.183633333333334E+009,9.486514329910278E-002,7.299223542213440E-002,-8.647833466529846E-001,4.572127461433411E-001,9.486514329910278E-002,7.299223542213440E-002,-8.647833466529846E-001,4.572127461433411E-001,
1.192000000000000E+009,9.598565846681595E-002,5.529678612947464E-002,-8.579115271568298E-001,4.832359552383423E-001,9.598565846681595E-002,5.529678612947464E-002,-8.579115271568298E-001,4.832359552383423E-001,
1.200366666666667E+009,8.633206039667130E-002,3.789514675736427E-002,-8.438563346862793E-001,5.016553997993469E-001,8.633206039667130E-002,3.789514675736427E-002,-8.438563346862793E-001,5.016553997993469E-001,
1.208733333333334E+009,6.930238753557205E-002,2.955736964941025E-002,-8.384143114089966E-001,5.310481190681458E-001,6.930238753557205E-002,2.955736964941025E-002,-8.384143114089966E-001,5.310481190681458E-001,
1.217100000000000E+009,5.153867602348328E-002,3.184412792325020E-002,-8.061519861221314E-001,5.441829562187195E-001,5.153867602348328E-002,3.184412792325020E-002,-8.061519861221314E-001,5.441829562187195E-001,
1.225466666666667E+009,4.092755541205406E-002,4.359092935919762E-002,-8.080536723136902E-001,5.698276162147522E-001,4.092755541205406E-002,4.359092935919762E-002,-8.080536723136902E-001,5.698276162147522E-001,
1.233833333333334E+009,4.019787535071373E-002,5.858500674366951E-002,-7.870929241180420E-001,5.901309847831726E-001,4.019787535071373E-002,5.858500674366951E-002,-7.870929241180420E-001,5.901309847831726E-001,
1.242200000000000E+009,4.702658578753471E-002,7.261231541633606E-002,-7.583377957344055E-001,6.060100793838501E-001,4.702658578753471E-002,7.261231541633606E-002,-7.583377957344055E-001,6.060100793838501E-001,
1.250566666666667E+009,6.314142793416977E-002,8.161922544240952E-002,-7.616090178489685E-001,6.337535977363586E-001,6.314142793416977E-002,8.161922544240952E-002,-7.616090178489685E-001,6.337535977363586E-001,
1.258933333333334E+009,8.443410694599152E-002,8.121667057275772E-002,-7.399665117263794E-001,6.429549455642700E-001,8.443410694599152E-002,8.121667057275772E-002,-7.399665117263794E-001,6.429549455642700E-001,
1.267300000000000E+009,1.023729890584946E-001,6.769525259733200E-002,-7.160200476646423E-001,6.603042483329773E-001,1.023729890584946E-001,6.769525259733200E-002,-7.160200476646423E-001,6.603042483329773E-001,
1.275666666666667E+009,1.134998798370361E-001,4.994270205497742E-002,-7.127659320831299E-001,6.649844050407410E-001,1.134998798370361E-001,4.994270205497742E-002,-7.127659320831299E-001,6.649844050407410E-001,
1.284033333333334E+009,1.146545931696892E-001,2.723238430917263E-002,-6.805055141448975E-001,7.154610753059387E-001,1.146545931696892E-001,2.723238430917263E-002,-6.805055141448975E-001,7.154610753059387E-001,
1.292400000000000E+009,1.025711372494698E-001,9.378071874380112E-003,-6.774888634681702E-001,7.147024869918823E-001,1.025711372494698E-001,9.378071874380112E-003,-6.774888634681702E-001,7.147024869918823E-001,
1.300766666666667E+009,8.463557809591293E-002,1.805757987312973E-003,-6.590719819068909E-001,7.316935062408447E-001,8.463557809591293E-002,1.805757987312973E-003,-6.590719819068909E-001,7.316935062408447E-001,
1.309133333333334E+009,6.568741798400879E-002,4.597388673573732E-003,-6.430739164352417E-001,7.599782347679138E-001,6.568741798400879E-002,4.597388673573732E-003,-6.430739164352417E-001,7.599782347679138E-001,
1.317500000000000E+009,5.216586589813232E-002,1.696178503334522E-002,-6.119339466094971E-001,7.839090228080750E-001,5.216586589813232E-002,1.696178503334522E-002,-6.119339466094971E-001,7.839090228080750E-001,
1.325866666666667E+009,4.865536093711853E-002,3.284329548478127E-002,-5.928385853767395E-001,7.834063172340393E-001,4.865536093711853E-002,3.284329548478127E-002,-5.928385853767395E-001,7.834063172340393E-001,
1.334233333333334E+009,5.676594749093056E-002,5.058788508176804E-002,-5.703493952751160E-001,7.954356074333191E-001,5.676594749093056E-002,5.058788508176804E-002,-5.703493952751160E-001,7.954356074333191E-001,
1.342600000000000E+009,7.455301284790039E-002,5.505172535777092E-002,-5.564021468162537E-001,8.129156231880188E-001,7.455301284790039E-002,5.505172535777092E-002,-5.564021468162537E-001,8.129156231880188E-001,
1.350966666666667E+009,9.289318323135376E-002,5.231607332825661E-002,-5.260108709335327E-001,8.315324187278748E-001,9.289318323135376E-002,5.231607332825661E-002,-5.260108709335327E-001,8.315324187278748E-001,
1.359333333333334E+009,1.091440841555595E-001,3.864520415663719E-002,-5.085792541503906E-001,8.374828696250916E-001,1.091440841555595E-001,3.864520415663719E-002,-5.085792541503906E-001,8.374828696250916E-001,
1.367700000000000E+009,1.156273186206818E-001,1.648912020027638E-002,-4.908432662487030E-001,8.477451801300049E-001,1.156273186206818E-001,1.648912020027638E-002,-4.908432662487030E-001,8.477451801300049E-001,
1.376066666666667E+009,1.095256358385086E-001,-6.979858502745628E-003,-4.651353657245636E-001,8.590998053550720E-001,1.095256358385086E-001,-6.979858502745628E-003,-4.651353657245636E-001,8.590998053550720E-001,
1.384433333333334E+009,9.417004883289337E-002,-2.059714496135712E-002,-4.563439190387726E-001,8.703685402870178E-001,9.417004883289337E-002,-2.059714496135712E-002,-4.563439190387726E-001,8.703685402870178E-001,
1.392800000000000E+009,7.102168351411820E-002,-2.391669340431690E-002,-4.324651062488556E-001,8.770703673362732E-001,7.102168351411820E-002,-2.391669340431690E-002,-4.324651062488556E-001,8.770703673362732E-001,
1.401166666666667E+009,5.437231808900833E-002,-1.549732405692339E-002,-3.999427258968353E-001,9.045456051826477E-001,5.437231808900833E-002,-1.549732405692339E-002,-3.999427258968353E-001,9.045456051826477E-001,
1.409533333333334E+009,4.285842552781105E-002,4.247413482517004E-003,-3.763228058815002E-001,9.135866761207581E-001,4.285842552781105E-002,4.247413482517004E-003,-3.763228058815002E-001,9.135866761207581E-001,
1.417900000000000E+009,4.299759492278099E-002,2.502533793449402E-002,-3.359407782554627E-001,9.070932269096375E-001,4.299759492278099E-002,2.502533793449402E-002,-3.359407782554627E-001,9.070932269096375E-001,
1.426266666666667E+009,5.511408671736717E-002,4.245651513338089E-002,-3.299673199653626E-001,9.348184466362000E-001,5.511408671736717E-002,4.245651513338089E-002,-3.299673199653626E-001,9.348184466362000E-001,
1.434633333333334E+009,7.462951540946960E-002,4.784353449940682E-002,-2.998613119125366E-001,9.272896647453308E-001,7.462951540946960E-002,4.784353449940682E-002,-2.998613119125366E-001,9.272896647453308E-001,
1.443000000000000E+009,9.741882979869843E-002,4.345342144370079E-002,-2.730867564678192E-001,9.384528994560242E-001,9.741882979869843E-002,4.345342144370079E-002,-2.730867564678192E-001,9.384528994560242E-001,
1.451366666666667E+009,1.124271079897881E-001,2.569433487951756E-002,-2.546586096286774E-001,9.429751634597778E-001,1.124271079897881E-001,2.569433487951756E-002,-2.546586096286774E-001,9.429751634597778E-001,
1.459733333333334E+009,1.182387843728066E-001,3.499506739899516E-003,-2.405298799276352E-001,9.458147287368774E-001,1.182387843728066E-001,3.499506739899516E-003,-2.405298799276352E-001,9.458147287368774E-001,
1.468100000000000E+009,1.118334233760834E-001,-1.835423335433006E-002,-2.045305669307709E-001,9.526253938674927E-001,1.118334233760834E-001,-1.835423335433006E-002,-2.045305669307709E-001,9.526253938674927E-001,
1.476466666666667E+009,9.534735232591629E-002,-3.281326591968536E-002,-1.854350417852402E-001,9.677454829216003E-001,9.534735232591629E-002,-3.281326591968536E-002,-1.854350417852402E-001,9.677454829216003E-001,
1.484833333333334E+009,7.359331846237183E-002,-3.584614023566246E-002,-1.523197144269943E-001,9.698699116706848E-001,7.359331846237183E-002,-3.584614023566246E-002,-1.523197144269943E-001,9.698699116706848E-001,
1.493200000000000E+009,5.755548924207687E-002,-2.631801553070545E-002,-1.351953744888306E-001,9.711297750473023E-001,5.755548924207687E-002,-2.631801553070545E-002,-1.351953744888306E-001,9.711297750473023E-001,
1.501566666666667E+009,4.862132668495178E-002,-7.672035600990057E-003,-1.044041588902473E-001,9.736402630805969E-001,4.862132668495178E-002,-7.672035600990057E-003,-1.044041588902473E-001,9.736402630805969E-001,
1.509933333333334E+009,5.004752054810524E-002,1.364315953105688E-002,-8.783995360136032E-002,9.785484671592712E-001,5.004752054810524E-002,1.364315953105688E-002,-8.783995360136032E-002,9.785484671592712E-001,
1.518300000000000E+009,6.587385386228561E-002,2.835166454315186E-002,-6.000274792313576E-002,9.838073849678040E-001,6.587385386228561E-002,2.835166454315186E-002,-6.000274792313576E-002,9.838073849678040E-001,
1.526666666666667E+009,8.625198155641556E-002,3.277375176548958E-002,-2.711747214198113E-002,9.753755331039429E-001,8.625198155641556E-002,3.277375176548958E-002,-2.711747214198113E-002,9.753755331039429E-001,
1.535033333333334E+009,1.069063171744347E-001,2.677511796355248E-002,-5.533773452043533E-003,9.843817353248596E-001,1.069063171744347E-001,2.677511796355248E-002,-5.533773452043533E-003,9.843817353248596E-001,
1.543400000000000E+009,1.199678853154182E-001,8.583173155784607E-003,1.498382631689310E-002,9.763489961624146E-001,1.199678853154182E-001,8.583173155784607E-003,1.498382631689310E-002,9.763489961624146E-001,
1.551766666666667E+009,1.210226789116859E-001,-1.567668467760086E-002,3.740106895565987E-002,9.705170392990112E-001,1.210226789116859E-001,-1.567668467760086E-002,3.740106895565987E-002,9.705170392990112E-001,
1.560133333333334E+009,1.135204285383225E-001,-3.701255097985268E-002,5.906533822417259E-002,9.762437939643860E-001,1.135204285383225E-001,-3.701255097985268E-002,5.906533822417259E-002,9.762437939643860E-001,
1.568500000000000E+009,9.810705482959747E-002,-5.008488893508911E-002,7.608737796545029E-002,9.788517355918884E-001,9.810705482959747E-002,-5.008488893508911E-002,7.608737796545029E-002,9.788517355918884E-001,
1.576866666666667E+009,7.771734148263931E-002,-5.145580694079399E-002,1.171706020832062E-001,9.693697094917297E-001,7.771734148263931E-002,-5.145580694079399E-002,1.171706020832062E-001,9.693697094917297E-001,
1.585233333333334E+009,6.440337002277374E-002,-4.307074099779129E-002,1.330518722534180E-001,9.694398045539856E-001,6.440337002277374E-002,-4.307074099779129E-002,1.330518722534180E-001,9.694398045539856E-001,
1.593600000000000E+009,5.704676359891892E-002,-2.827583998441696E-002,1.616507172584534E-001,9.641713500022888E-001,5.704676359891892E-002,-2.827583998441696E-002,1.616507172584534E-001,9.641713500022888E-001,
1.601966666666667E+009,6.030871719121933E-002,-1.044521853327751E-002,1.838102936744690E-001,9.618780016899109E-001,6.030871719121933E-002,-1.044521853327751E-002,1.838102936744690E-001,9.618780016899109E-001,
1.610333333333334E+009,7.295821607112885E-002,6.997138843871653E-004,2.154009938240051E-001,9.527807831764221E-001,7.295821607112885E-002,6.997138843871653E-004,2.154009938240051E-001,9.527807831764221E-001,
1.618700000000000E+009,9.141722321510315E-002,2.750618848949671E-003,2.412751615047455E-001,9.480548501014710E-001,9.141722321510315E-002,2.750618848949671E-003,2.412751615047455E-001,9.480548501014710E-001,
1.627066666666667E+009,1.064354628324509E-001,-5.668092053383589E-003,2.624772787094116E-001,9.382711648941040E-001,1.064354628324509E-001,-5.668092053383589E-003,2.624772787094116E-001,9.382711648941040E-001,
1.635433333333334E+009,1.145546510815620E-001,-1.965104043483734E-002,2.893367111682892E-001,9.376344084739685E-001,1.145546510815620E-001,-1.965104043483734E-002,2.893367111682892E-001,9.376344084739685E-001,
1.643800000000000E+009,1.144371554255486E-001,-3.956386819481850E-002,3.012667894363403E-001,9.263700842857361E-001,1.144371554255486E-001,-3.956386819481850E-002,3.012667894363403E-001,9.263700842857361E-001,
1.652166666666667E+009,1.046479642391205E-001,-5.632701143622398E-002,3.346930742263794E-001,9.165965318679810E-001,1.046479642391205E-001,-5.632701143622398E-002,3.346930742263794E-001,9.165965318679810E-001,
1.660533333333334E+009,8.949436247348785E-002,-6.496030092239380E-002,3.514382839202881E-001,9.120978116989136E-001,8.949436247348785E-002,-6.496030092239380E-002,3.514382839202881E-001,9.120978116989136E-001,
1.668900000000000E+009,7.358149439096451E-002,-6.376139074563980E-002,3.730122148990631E-001,8.998590111732483E-001,7.358149439096451E-002,-6.376139074563980E-002,3.730122148990631E-001,8.998590111732483E-001,
1.677266666666667E+009,6.109802797436714E-002,-5.626909062266350E-002,4.124553501605988E-001,8.904916048049927E-001,6.109802797436714E-002,-5.626909062266350E-002,4.124553501605988E-001,8.904916048049927E-001,
1.685633333333334E+009,5.860382318496704E-002,-4.202928766608238E-002,4.284216463565826E-001,8.827942609786987E-001,5.860382318496704E-002,-4.202928766608238E-002,4.284216463565826E-001,8.827942609786987E-001,
1.694000000000000E+009,6.310584396123886E-002,-3.005262836813927E-002,4.455166459083557E-001,8.692754507064819E-001,6.310584396123886E-002,-3.005262836813927E-002,4.455166459083557E-001,8.692754507064819E-001,
1.702366666666667E+009,7.531317323446274E-002,-2.053907327353954E-002,4.692806005477905E-001,8.598178625106812E-001,7.531317323446274E-002,-2.053907327353954E-002,4.692806005477905E-001,8.598178625106812E-001,
1.710733333333334E+009,9.189908951520920E-002,-1.927193626761437E-002,4.878284931182861E-001,8.404458165168762E-001,9.189908951520920E-002,-1.927193626761437E-002,4.878284931182861E-001,8.404458165168762E-001,
1.719100000000000E+009,1.064619421958923E-001,-2.902621775865555E-002,5.139811038970947E-001,8.243002891540527E-001,1.064619421958923E-001,-2.902621775865555E-002,5.139811038970947E-001,8.243002891540527E-001,
1.727466666666667E+009,1.149071455001831E-001,-4.392580687999725E-002,5.311806797981262E-001,8.163712024688721E-001,1.149071455001831E-001,-4.392580687999725E-002,5.311806797981262E-001,8.163712024688721E-001,
1.735833333333334E+009,1.146758943796158E-001,-6.187191978096962E-002,5.466957092285156E-001,8.010305762290955E-001,1.146758943796158E-001,-6.187191978096962E-002,5.466957092285156E-001,8.010305762290955E-001,
1.744200000000000E+009,1.055003777146339E-001,-8.047393709421158E-002,5.732955336570740E-001,7.783436179161072E-001,1.055003777146339E-001,-8.047393709421158E-002,5.732955336570740E-001,7.783436179161072E-001,
1.752566666666667E+009,9.178928285837174E-002,-9.222734719514847E-002,6.006564497947693E-001,7.717673778533936E-001,9.178928285837174E-002,-9.222734719514847E-002,6.006564497947693E-001,7.717673778533936E-001,
1.760933333333334E+009,7.532577216625214E-002,-9.747954457998276E-002,6.088410615921021E-001,7.589385509490967E-001,7.532577216625214E-002,-9.747954457998276E-002,6.088410615921021E-001,7.589385509490967E-001,
1.769300000000000E+009,6.003558635711670E-002,-9.484499692916870E-002,6.327137351036072E-001,7.502708435058594E-001,6.003558635711670E-002,-9.484499692916870E-002,6.327137351036072E-001,7.502708435058594E-001,
1.777666666666667E+009,5.077742412686348E-002,-8.438118547201157E-002,6.472016572952271E-001,7.399550080299377E-001,5.077742412686348E-002,-8.438118547201157E-002,6.472016572952271E-001,7.399550080299377E-001,
1.786033333333334E+009,4.905141517519951E-002,-7.475432008504868E-002,6.620604991912842E-001,7.090532183647156E-001,4.905141517519951E-002,-7.475432008504868E-002,6.620604991912842E-001,7.090532183647156E-001,
1.794400000000000E+009,5.488675087690353E-002,-6.309270858764648E-002,6.858308911323547E-001,6.933557987213135E-001,5.488675087690353E-002,-6.309270858764648E-002,6.858308911323547E-001,6.933557987213135E-001,
1.802766666666667E+009,6.219604983925819E-002,-5.854348093271256E-002,7.041450142860413E-001,6.738223433494568E-001,6.219604983925819E-002,-5.854348093271256E-002,7.041450142860413E-001,6.738223433494568E-001,
1.811133333333334E+009,7.194753736257553E-002,-5.816011503338814E-002,7.284899950027466E-001,6.545760035514832E-001,7.194753736257553E-002,-5.816011503338814E-002,7.284899950027466E-001,6.545760035514832E-001,
1.819500000000000E+009,8.098187297582626E-002,-6.373751908540726E-002,7.385872006416321E-001,6.274532675743103E-001,8.098187297582626E-002,-6.373751908540726E-002,7.385872006416321E-001,6.274532675743103E-001,
1.827866666666667E+009,8.562216162681580E-002,-7.362753152847290E-002,7.584314346313477E-001,6.160374879837036E-001,8.562216162681580E-002,-7.362753152847290E-002,7.584314346313477E-001,6.160374879837036E-001,
1.836233333333334E+009,8.182220160961151E-002,-8.551207184791565E-002,7.700207829475403E-001,5.982145667076111E-001,8.182220160961151E-002,-8.551207184791565E-002,7.700207829475403E-001,5.982145667076111E-001,
1.844600000000000E+009,7.355483621358872E-002,-9.510231763124466E-002,7.856884002685547E-001,5.906569957733154E-001,7.355483621358872E-002,-9.510231763124466E-002,7.856884002685547E-001,5.906569957733154E-001,
1.852966666666667E+009,6.368995457887650E-002,-1.004765331745148E-001,7.931311130523682E-001,5.565021634101868E-001,6.368995457887650E-002,-1.004765331745148E-001,7.931311130523682E-001,5.565021634101868E-001,
1.861333333333334E+009,5.304858461022377E-002,-1.036588624119759E-001,8.157851099967957E-001,5.373778343200684E-001,5.304858461022377E-002,-1.036588624119759E-001,8.157851099967957E-001,5.373778343200684E-001,
1.869700000000000E+009,4.531671106815338E-002,-9.804842621088028E-002,8.298843502998352E-001,5.182122588157654E-001,4.531671106815338E-002,-9.804842621088028E-002,8.298843502998352E-001,5.182122588157654E-001,
1.878066666666667E+009,4.137768596410751E-002,-9.337381273508072E-002,8.439502120018005E-001,5.024436712265015E-001,4.137768596410751E-002,-9.337381273508072E-002,8.439502120018005E-001,5.024436712265015E-001,
1.886433333333334E+009,4.271752387285233E-002,-8.587698638439179E-002,8.616125583648682E-001,4.756456315517426E-001,4.271752387285233E-002,-8.587698638439179E-002,8.616125583648682E-001,4.756456315517426E-001,
1.894800000000000E+009,5.046769604086876E-002,-8.159500360488892E-002,8.722712993621826E-001,4.554703235626221E-001,5.046769604086876E-002,-8.159500360488892E-002,8.722712993621826E-001,4.554703235626221E-001,
1.903166666666667E+009,5.838629603385925E-002,-7.942379266023636E-002,8.830642700195313E-001,4.246287345886231E-001,5.838629603385925E-002,-7.942379266023636E-002,8.830642700195313E-001,4.246287345886231E-001,
1.911533333333334E+009,6.648527085781097E-002,-8.548822999000549E-002,8.896235227584839E-001,3.968528509140015E-001,6.648527085781097E-002,-8.548822999000549E-002,8.896235227584839E-001,3.968528509140015E-001,
1.919900000000000E+009,7.174660265445709E-002,-9.485867619514465E-002,9.037816524505615E-001,3.817110061645508E-001,7.174660265445709E-002,-9.485867619514465E-002,9.037816524505615E-001,3.817110061645508E-001,
1.928266666666667E+009,7.293417304754257E-002,-1.060831919312477E-001,8.989251852035523E-001,3.448909819126129E-001,7.293417304754257E-002,-1.060831919312477E-001,8.989251852035523E-001,3.448909819126129E-001,
1.936633333333334E+009,6.569370627403259E-002,-1.187580153346062E-001,9.175110459327698E-001,3.339293599128723E-001,6.569370627403259E-002,-1.187580153346062E-001,9.175110459327698E-001,3.339293599128723E-001,
1.945000000000000E+009,5.406422168016434E-002,-1.274956017732620E-001,9.264200329780579E-001,3.089048564434052E-001,5.406422168016434E-002,-1.274956017732620E-001,9.264200329780579E-001,3.089048564434052E-001,
1.953366666666667E+009,4.103831946849823E-002,-1.333631426095963E-001,9.275488257408142E-001,2.882845997810364E-001,4.103831946849823E-002,-1.333631426095963E-001,9.275488257408142E-001,2.882845997810364E-001,
1.961733333333334E+009,2.506622672080994E-002,-1.299395263195038E-001,9.420338273048401E-001,2.656444311141968E-001,2.506622672080994E-002,-1.299395263195038E-001,9.420338273048401E-001,2.656444311141968E-001,
1.970100000000000E+009,1.349106431007385E-002,-1.237931624054909E-001,9.421458840370178E-001,2.424603551626205E-001,1.349106431007385E-002,-1.237931624054909E-001,9.421458840370178E-001,2.424603551626205E-001,
1.978466666666667E+009,9.373483248054981E-003,-1.120660379528999E-001,9.524092078208923E-001,2.125935554504395E-001,9.373483248054981E-003,-1.120660379528999E-001,9.524092078208923E-001,2.125935554504395E-001,
1.986833333333334E+009,1.219805330038071E-002,-1.020676940679550E-001,9.559041261672974E-001,1.938050240278244E-001,1.219805330038071E-002,-1.020676940679550E-001,9.559041261672974E-001,1.938050240278244E-001,
1.995200000000000E+009,2.310454845428467E-002,-9.608943015336990E-002,9.585963487625122E-001,1.758484393358231E-001,2.310454845428467E-002,-9.608943015336990E-002,9.585963487625122E-001,1.758484393358231E-001,
2.003566666666667E+009,3.608456999063492E-002,-9.618203341960907E-002,9.639404416084290E-001,1.403829306364059E-001,3.608456999063492E-002,-9.618203341960907E-002,9.639404416084290E-001,1.403829306364059E-001,
2.011933333333334E+009,4.707202687859535E-002,-1.056946665048599E-001,9.723204970359802E-001,1.116095706820488E-001,4.707202687859535E-002,-1.056946665048599E-001,9.723204970359802E-001,1.116095706820488E-001,
2.020300000000000E+009,5.332547426223755E-002,-1.173400208353996E-001,9.723326563835144E-001,8.012900501489639E-002,5.332547426223755E-002,-1.173400208353996E-001,9.723326563835144E-001,8.012900501489639E-002,
2.028666666666667E+009,5.043369904160500E-002,-1.332639306783676E-001,9.730995297431946E-001,6.449343264102936E-002,5.043369904160500E-002,-1.332639306783676E-001,9.730995297431946E-001,6.449343264102936E-002,
2.037033333333334E+009,3.872053697705269E-002,-1.495197862386704E-001,9.747263193130493E-001,3.799897432327271E-002,3.872053697705269E-002,-1.495197862386704E-001,9.747263193130493E-001,3.799897432327271E-002,
2.045400000000000E+009,2.093045972287655E-002,-1.577496528625488E-001,9.701185226440430E-001,1.979985646903515E-002,2.093045972287655E-002,-1.577496528625488E-001,9.701185226440430E-001,1.979985646903515E-002,
2.053766666666667E+009,4.175673238933086E-004,-1.571824252605438E-001,9.712080359458923E-001,-6.438529118895531E-003,4.175673238933086E-004,-1.571824252605438E-001,9.712080359458923E-001,-6.438529118895531E-003,
2.062133333333334E+009,-1.499505992978811E-002,-1.505759656429291E-001,9.753381013870239E-001,-3.244997188448906E-002,-1.499505992978811E-002,-1.505759656429291E-001,9.753381013870239E-001,-3.244997188448906E-002,
2.070500000000000E+009,-2.339281700551510E-002,-1.349042654037476E-001,9.747589826583862E-001,-5.845404416322708E-002,-2.339281700551510E-002,-1.349042654037476E-001,9.747589826583862E-001,-5.845404416322708E-002,
2.078866666666667E+009,-2.192075736820698E-002,-1.202436164021492E-001,9.711718559265137E-001,-8.042940497398377E-002,-2.192075736820698E-002,-1.202436164021492E-001,9.711718559265137E-001,-8.042940497398377E-002,
2.087233333333334E+009,-1.174073480069637E-002,-1.127730682492256E-001,9.707997441291809E-001,-1.149190664291382E-001,-1.174073480069637E-002,-1.127730682492256E-001,9.707997441291809E-001,-1.149190664291382E-001,
2.095600000000000E+009,3.019510768353939E-003,-1.103886589407921E-001,9.734253287315369E-001,-1.359342783689499E-001,3.019510768353939E-003,-1.103886589407921E-001,9.734253287315369E-001,-1.359342783689499E-001,
2.103966666666667E+009,1.650168560445309E-002,-1.213430389761925E-001,9.697175025939941E-001,-1.645242571830750E-001,1.650168560445309E-002,-1.213430389761925E-001,9.697175025939941E-001,-1.645242571830750E-001,
2.112333333333334E+009,2.328610792756081E-002,-1.381068378686905E-001,9.562906622886658E-001,-1.848063170909882E-001,2.328610792756081E-002,-1.381068378686905E-001,9.562906622886658E-001,-1.848063170909882E-001,
2.120700000000000E+009,1.987755857408047E-002,-1.614739894866943E-001,9.500520229339600E-001,-2.162943482398987E-001,1.987755857408047E-002,-1.614739894866943E-001,9.500520229339600E-001,-2.162943482398987E-001,
2.129066666666667E+009,3.716537961736321E-003,-1.769919544458389E-001,9.524859786033630E-001,-2.436822950839996E-001,3.716537961736321E-003,-1.769919544458389E-001,9.524859786033630E-001,-2.436822950839996E-001,
2.137433333333334E+009,-2.109870128333569E-002,-1.857569962739945E-001,9.333935976028442E-001,-2.606860995292664E-001,-2.109870128333569E-002,-1.857569962739945E-001,9.333935976028442E-001,-2.606860995292664E-001,
2.145800000000000E+009,-5.029339343309403E-002,-1.824942678213120E-001,9.297844767570496E-001,-2.827841341495514E-001,-5.029339343309403E-002,-1.824942678213120E-001,9.297844767570496E-001,-2.827841341495514E-001,
2.154166666666667E+009,-7.161156833171845E-002,-1.680946797132492E-001,9.215029478073120E-001,-2.994293272495270E-001,-7.161156833171845E-002,-1.680946797132492E-001,9.215029478073120E-001,-2.994293272495270E-001,
2.162533333333334E+009,-8.334458619356155E-002,-1.450388133525848E-001,9.025715589523315E-001,-3.225633502006531E-001,-8.334458619356155E-002,-1.450388133525848E-001,9.025715589523315E-001,-3.225633502006531E-001,
2.170900000000000E+009,-8.134412765502930E-002,-1.231768056750298E-001,9.105823636054993E-001,-3.516009449958801E-001,-8.134412765502930E-002,-1.231768056750298E-001,9.105823636054993E-001,-3.516009449958801E-001,
2.179266666666667E+009,-6.779912859201431E-002,-1.090468093752861E-001,8.994252085685730E-001,-3.679008483886719E-001,-6.779912859201431E-002,-1.090468093752861E-001,8.994252085685730E-001,-3.679008483886719E-001,
2.187633333333334E+009,-4.918146878480911E-002,-1.054015904664993E-001,8.954368233680725E-001,-4.015789031982422E-001,-4.918146878480911E-002,-1.054015904664993E-001,8.954368233680725E-001,-4.015789031982422E-001,
2.196000000000000E+009,-2.995695546269417E-002,-1.162115558981895E-001,8.752759695053101E-001,-4.235448837280273E-001,-2.995695546269417E-002,-1.162115558981895E-001,8.752759695053101E-001,-4.235448837280273E-001,
2.204366666666667E+009,-2.005245350301266E-002,-1.381485015153885E-001,8.655598163604736E-001,-4.467343389987946E-001,-2.005245350301266E-002,-1.381485015153885E-001,8.655598163604736E-001,-4.467343389987946E-001,
2.212733333333334E+009,-2.381310425698757E-002,-1.630792468786240E-001,8.489726781845093E-001,-4.785728156566620E-001,-2.381310425698757E-002,-1.630792468786240E-001,8.489726781845093E-001,-4.785728156566620E-001,
2.221100000000000E+009,-4.242962971329689E-002,-1.813427507877350E-001,8.269226551055908E-001,-4.889616072177887E-001,-4.242962971329689E-002,-1.813427507877350E-001,8.269226551055908E-001,-4.889616072177887E-001,
2.229466666666667E+009,-6.819938123226166E-002,-1.901418417692184E-001,8.181665539741516E-001,-5.001203417778015E-001,-6.819938123226166E-002,-1.901418417692184E-001,8.181665539741516E-001,-5.001203417778015E-001,
2.237833333333334E+009,-9.967253357172012E-002,-1.824312508106232E-001,8.082861304283142E-001,-5.253551006317139E-001,-9.967253357172012E-002,-1.824312508106232E-001,8.082861304283142E-001,-5.253551006317139E-001,
2.246200000000000E+009,-1.248459666967392E-001,-1.636646986007690E-001,7.942455410957336E-001,-5.436457395553589E-001,-1.248459666967392E-001,-1.636646986007690E-001,7.942455410957336E-001,-5.436457395553589E-001,
2.254566666666667E+009,-1.350094676017761E-001,-1.354602873325348E-001,7.851387858390808E-001,-5.599639415740967E-001,-1.350094676017761E-001,-1.354602873325348E-001,7.851387858390808E-001,-5.599639415740967E-001,
2.262933333333334E+009,-1.335493624210358E-001,-1.105138584971428E-001,7.721573710441589E-001,-5.816314220428467E-001,-1.335493624210358E-001,-1.105138584971428E-001,7.721573710441589E-001,-5.816314220428467E-001,
2.271300000000000E+009,-1.189522370696068E-001,-9.145234525203705E-002,7.553981542587280E-001,-6.006828546524048E-001,-1.189522370696068E-001,-9.145234525203705E-002,7.553981542587280E-001,-6.006828546524048E-001,
2.279666666666667E+009,-9.685244411230087E-002,-8.898158371448517E-002,7.437590360641480E-001,-6.226477026939392E-001,-9.685244411230087E-002,-8.898158371448517E-002,7.437590360641480E-001,-6.226477026939392E-001,
2.288033333333334E+009,-7.916148751974106E-002,-1.006341576576233E-001,7.266595959663391E-001,-6.531094312667847E-001,-7.916148751974106E-002,-1.006341576576233E-001,7.266595959663391E-001,-6.531094312667847E-001,
2.296400000000000E+009,-7.095380127429962E-002,-1.231275126338005E-001,7.030004262924194E-001,-6.720714569091797E-001,-7.095380127429962E-002,-1.231275126338005E-001,7.030004262924194E-001,-6.720714569091797E-001,
2.304766666666667E+009,-7.908012717962265E-002,-1.473050564527512E-001,6.870566010475159E-001,-6.784298419952393E-001,-7.908012717962265E-002,-1.473050564527512E-001,6.870566010475159E-001,-6.784298419952393E-001,
2.313133333333334E+009,-1.019455045461655E-001,-1.617233306169510E-001,6.603125333786011E-001,-7.081080675125122E-001,-1.019455045461655E-001,-1.617233306169510E-001,6.603125333786011E-001,-7.081080675125122E-001,
2.321500000000000E+009,-1.275509744882584E-001,-1.623597592115402E-001,6.449626684188843E-001,-7.135796546936035E-001,-1.275509744882584E-001,-1.623597592115402E-001,6.449626684188843E-001,-7.135796546936035E-001,
2.329866666666667E+009,-1.538007855415344E-001,-1.481258571147919E-001,6.337089538574219E-001,-7.292292118072510E-001,-1.538007855415344E-001,-1.481258571147919E-001,6.337089538574219E-001,-7.292292118072510E-001,
2.338233333333334E+009,-1.719298958778381E-001,-1.237135902047157E-001,6.072622537612915E-001,-7.436188459396362E-001,-1.719298958778381E-001,-1.237135902047157E-001,6.072622537612915E-001,-7.436188459396362E-001,
2.346600000000000E+009,-1.748777627944946E-001,-9.153490513563156E-002,5.893621444702148E-001,-7.607467174530029E-001,-1.748777627944946E-001,-9.153490513563156E-002,5.893621444702148E-001,-7.607467174530029E-001,
2.354966666666667E+009,-1.613366454839706E-001,-6.794440746307373E-002,5.820950865745544E-001,-7.725142240524292E-001,-1.613366454839706E-001,-6.794440746307373E-002,5.820950865745544E-001,-7.725142240524292E-001,
2.363333333333334E+009,-1.394663751125336E-001,-5.798227712512016E-002,5.659508109092712E-001,-7.902261018753052E-001,-1.394663751125336E-001,-5.798227712512016E-002,5.659508109092712E-001,-7.902261018753052E-001,
2.371700000000000E+009,-1.129411309957504E-001,-6.307740509510040E-002,5.449017882347107E-001,-8.124228119850159E-001,-1.129411309957504E-001,-6.307740509510040E-002,5.449017882347107E-001,-8.124228119850159E-001,
2.380066666666667E+009,-9.800075739622116E-002,-8.705297857522965E-002,5.122732520103455E-001,-8.271811008453369E-001,-9.800075739622116E-002,-8.705297857522965E-002,5.122732520103455E-001,-8.271811008453369E-001,
2.388433333333334E+009,-1.003375425934792E-001,-1.167593449354172E-001,4.888721108436585E-001,-8.333359956741333E-001,-1.003375425934792E-001,-1.167593449354172E-001,4.888721108436585E-001,-8.333359956741333E-001,
2.396800000000000E+009,-1.206237673759460E-001,-1.447049528360367E-001,4.536156654357910E-001,-8.505421280860901E-001,-1.206237673759460E-001,-1.447049528360367E-001,4.536156654357910E-001,-8.505421280860901E-001,
2.405166666666667E+009,-1.541806310415268E-001,-1.605626791715622E-001,4.343923628330231E-001,-8.589223027229309E-001,-1.541806310415268E-001,-1.605626791715622E-001,4.343923628330231E-001,-8.589223027229309E-001,
2.413533333333334E+009,-1.944669634103775E-001,-1.530843079090118E-001,4.097483456134796E-001,-8.606362938880920E-001,-1.944669634103775E-001,-1.530843079090118E-001,4.097483456134796E-001,-8.606362938880920E-001,
2.421900000000000E+009,-2.301227003335953E-001,-1.285722851753235E-001,3.973208367824554E-001,-8.685330152511597E-001,-2.301227003335953E-001,-1.285722851753235E-001,3.973208367824554E-001,-8.685330152511597E-001,
2.430266666666667E+009,-2.478090226650238E-001,-9.090232849121094E-002,3.795785307884216E-001,-8.771205544471741E-001,-2.478090226650238E-001,-9.090232849121094E-002,3.795785307884216E-001,-8.771205544471741E-001,
2.438633333333334E+009,-2.506884932518005E-001,-4.608648270368576E-002,3.619349002838135E-001,-8.845951557159424E-001,-2.506884932518005E-001,-4.608648270368576E-002,3.619349002838135E-001,-8.845951557159424E-001,
2.447000000000000E+009,-2.317777127027512E-001,-7.266610860824585E-003,3.417764008045197E-001,-8.990954160690308E-001,-2.317777127027512E-001,-7.266610860824585E-003,3.417764008045197E-001,-8.990954160690308E-001,
2.455366666666667E+009,-1.992965191602707E-001,1.352607831358910E-002,3.228730559349060E-001,-9.070438146591187E-001,-1.992965191602707E-001,1.352607831358910E-002,3.228730559349060E-001,-9.070438146591187E-001,
2.463733333333334E+009,-1.654187887907028E-001,1.530643086880446E-002,3.001759350299835E-001,-9.246307611465454E-001,-1.654187887907028E-001,1.530643086880446E-002,3.001759350299835E-001,-9.246307611465454E-001,
2.472100000000000E+009,-1.404939889907837E-001,-4.001297987997532E-003,2.722520828247070E-001,-9.355072975158691E-001,-1.404939889907837E-001,-4.001297987997532E-003,2.722520828247070E-001,-9.355072975158691E-001,
2.480466666666667E+009,-1.323211044073105E-001,-3.439556807279587E-002,2.375484853982925E-001,-9.380096197128296E-001,-1.323211044073105E-001,-3.439556807279587E-002,2.375484853982925E-001,-9.380096197128296E-001,
2.488833333333334E+009,-1.446550935506821E-001,-6.387173384428024E-002,2.136187404394150E-001,-9.441331028938294E-001,-1.446550935506821E-001,-6.387173384428024E-002,2.136187404394150E-001,-9.441331028938294E-001,
2.497200000000000E+009,-1.704781502485275E-001,-7.995309680700302E-002,1.825372129678726E-001,-9.493904113769531E-001,-1.704781502485275E-001,-7.995309680700302E-002,1.825372129678726E-001,-9.493904113769531E-001,
2.505566666666667E+009,-2.075887769460678E-001,-7.804340869188309E-002,1.541312634944916E-001,-9.516875743865967E-001,-2.075887769460678E-001,-7.804340869188309E-002,1.541312634944916E-001,-9.516875743865967E-001,
2.513933333333334E+009,-2.355189323425293E-001,-5.621447786688805E-002,1.363572180271149E-001,-9.475602507591248E-001,-2.355189323425293E-001,-5.621447786688805E-002,1.363572180271149E-001,-9.475602507591248E-001,
2.522300000000000E+009,-2.502546310424805E-001,-2.426341362297535E-002,1.112502068281174E-001,-9.479548335075378E-001,-2.502546310424805E-001,-2.426341362297535E-002,1.112502068281174E-001,-9.479548335075378E-001,
2.530666666666667E+009,-2.455183565616608E-001,1.442563720047474E-002,8.891015499830246E-002,-9.548567533493042E-001,-2.455183565616608E-001,1.442563720047474E-002,8.891015499830246E-002,-9.548567533493042E-001,
2.539033333333334E+009,-2.255462855100632E-001,4.576566442847252E-002,7.289370149374008E-002,-9.550648927688599E-001,-2.255462855100632E-001,4.576566442847252E-002,7.289370149374008E-002,-9.550648927688599E-001,
2.547400000000000E+009,-1.948028355836868E-001,6.287446618080139E-002,5.493620038032532E-002,-9.673775434494019E-001,-1.948028355836868E-001,6.287446618080139E-002,5.493620038032532E-002,-9.673775434494019E-001,
2.555766666666667E+009,-1.614591777324677E-001,6.065755337476730E-002,2.606402710080147E-002,-9.740413427352905E-001,-1.614591777324677E-001,6.065755337476730E-002,2.606402710080147E-002,-9.740413427352905E-001,
2.564133333333334E+009,-1.411174684762955E-001,3.901144489645958E-002,-2.055540448054671E-003,-9.709132909774780E-001,-1.411174684762955E-001,3.901144489645958E-002,-2.055540448054671E-003,-9.709132909774780E-001,
2.572500000000000E+009,-1.387644261121750E-001,9.993280284106731E-003,-3.214156255126000E-002,-9.701567888259888E-001,-1.387644261121750E-001,9.993280284106731E-003,-3.214156255126000E-002,-9.701567888259888E-001,
2.580866666666667E+009,-1.551591604948044E-001,-1.597091741859913E-002,-6.323831528425217E-002,-9.696062803268433E-001,-1.551591604948044E-001,-1.597091741859913E-002,-6.323831528425217E-002,-9.696062803268433E-001,
2.589233333333334E+009,-1.873201876878738E-001,-2.827403880655766E-002,-9.469739347696304E-002,-9.595619440078735E-001,-1.873201876878738E-001,-2.827403880655766E-002,-9.469739347696304E-002,-9.595619440078735E-001,
2.597600000000000E+009,-2.219302952289581E-001,-2.292057126760483E-002,-1.209365576505661E-001,-9.531243443489075E-001,-2.219302952289581E-001,-2.292057126760483E-002,-1.209365576505661E-001,-9.531243443489075E-001,
2.605966666666667E+009,-2.500668764114380E-001,2.591524273157120E-003,-1.331202536821365E-001,-9.510754346847534E-001,-2.500668764114380E-001,2.591524273157120E-003,-1.331202536821365E-001,-9.510754346847534E-001,
2.614333333333334E+009,-2.620141506195068E-001,3.660028427839279E-002,-1.548931449651718E-001,-9.380911588668823E-001,-2.620141506195068E-001,3.660028427839279E-002,-1.548931449651718E-001,-9.380911588668823E-001,
2.622700000000000E+009,-2.544547021389008E-001,7.744243741035461E-002,-1.732246577739716E-001,-9.316117763519287E-001,-2.544547021389008E-001,7.744243741035461E-002,-1.732246577739716E-001,-9.316117763519287E-001,
2.631066666666667E+009,-2.311898618936539E-001,1.098836064338684E-001,-1.946889758110046E-001,-9.415468573570252E-001,-2.311898618936539E-001,1.098836064338684E-001,-1.946889758110046E-001,-9.415468573570252E-001,
2.639433333333334E+009,-1.959394216537476E-001,1.254780292510986E-001,-2.147916853427887E-001,-9.316763281822205E-001,-1.959394216537476E-001,1.254780292510986E-001,-2.147916853427887E-001,-9.316763281822205E-001,
2.647800000000000E+009,-1.601263433694840E-001,1.232912763953209E-001,-2.404695600271225E-001,-9.324698448181152E-001,-1.601263433694840E-001,1.232912763953209E-001,-2.404695600271225E-001,-9.324698448181152E-001,
2.656166666666667E+009,-1.374833434820175E-001,1.038310602307320E-001,-2.647847831249237E-001,-9.358949661254883E-001,-1.374833434820175E-001,1.038310602307320E-001,-2.647847831249237E-001,-9.358949661254883E-001,
2.664533333333334E+009,-1.321847885847092E-001,7.707247138023377E-002,-3.003003001213074E-001,-9.183362126350403E-001,-1.321847885847092E-001,7.707247138023377E-002,-3.003003001213074E-001,-9.183362126350403E-001,
2.672900000000000E+009,-1.459561884403229E-001,5.235160887241364E-002,-3.229964077472687E-001,-9.127570390701294E-001,-1.459561884403229E-001,5.235160887241364E-002,-3.229964077472687E-001,-9.127570390701294E-001,
2.681266666666667E+009,-1.736034452915192E-001,4.233931005001068E-002,-3.509499728679657E-001,-8.976466655731201E-001,-1.736034452915192E-001,4.233931005001068E-002,-3.509499728679657E-001,-8.976466655731201E-001,
2.689633333333334E+009,-2.061663419008255E-001,4.950194060802460E-002,-3.720223605632782E-001,-8.866557478904724E-001,-2.061663419008255E-001,4.950194060802460E-002,-3.720223605632782E-001,-8.866557478904724E-001,
2.698000000000000E+009,-2.296561598777771E-001,7.391606271266937E-002,-3.852022588253021E-001,-8.695533275604248E-001,-2.296561598777771E-001,7.391606271266937E-002,-3.852022588253021E-001,-8.695533275604248E-001,
2.706366666666667E+009,-2.373888045549393E-001,1.097426414489746E-001,-4.088046848773956E-001,-8.531074523925781E-001,-2.373888045549393E-001,1.097426414489746E-001,-4.088046848773956E-001,-8.531074523925781E-001,
2.714733333333334E+009,-2.283387482166290E-001,1.441820561885834E-001,-4.208132624626160E-001,-8.515536785125732E-001,-2.283387482166290E-001,1.441820561885834E-001,-4.208132624626160E-001,-8.515536785125732E-001,
2.723100000000000E+009,-2.005131691694260E-001,1.734250932931900E-001,-4.386674761772156E-001,-8.393605947494507E-001,-2.005131691694260E-001,1.734250932931900E-001,-4.386674761772156E-001,-8.393605947494507E-001,
2.731466666666667E+009,-1.618293225765228E-001,1.873297840356827E-001,-4.620952904224396E-001,-8.360471725463867E-001,-1.618293225765228E-001,1.873297840356827E-001,-4.620952904224396E-001,-8.360471725463867E-001,
2.739833333333334E+009,-1.250568479299545E-001,1.812810152769089E-001,-4.819940924644470E-001,-8.268594741821289E-001,-1.250568479299545E-001,1.812810152769089E-001,-4.819940924644470E-001,-8.268594741821289E-001,
2.748200000000000E+009,-9.952974319458008E-002,1.608466506004334E-001,-5.069550275802612E-001,-8.194124102592468E-001,-9.952974319458008E-002,1.608466506004334E-001,-5.069550275802612E-001,-8.194124102592468E-001,
2.756566666666667E+009,-9.170140326023102E-002,1.318266391754150E-001,-5.351240038871765E-001,-8.091742992401123E-001,-9.170140326023102E-002,1.318266391754150E-001,-5.351240038871765E-001,-8.091742992401123E-001,
2.764933333333334E+009,-1.027220115065575E-001,1.058225482702255E-001,-5.687963366508484E-001,-7.967370152473450E-001,-1.027220115065575E-001,1.058225482702255E-001,-5.687963366508484E-001,-7.967370152473450E-001,
2.773300000000000E+009,-1.276898682117462E-001,9.040205925703049E-002,-5.844577550888062E-001,-7.720960378646851E-001,-1.276898682117462E-001,9.040205925703049E-002,-5.844577550888062E-001,-7.720960378646851E-001,
2.781666666666667E+009,-1.603080779314041E-001,9.816275537014008E-002,-6.024544239044190E-001,-7.502343654632568E-001,-1.603080779314041E-001,9.816275537014008E-002,-6.024544239044190E-001,-7.502343654632568E-001,
2.790033333333334E+009,-1.842306405305862E-001,1.195042878389359E-001,-6.188244223594666E-001,-7.341234683990479E-001,-1.842306405305862E-001,1.195042878389359E-001,-6.188244223594666E-001,-7.341234683990479E-001,
2.798400000000000E+009,-1.943463236093521E-001,1.534354984760284E-001,-6.329395771026611E-001,-7.192267179489136E-001,-1.943463236093521E-001,1.534354984760284E-001,-6.329395771026611E-001,-7.192267179489136E-001,
2.806766666666667E+009,-1.828545182943344E-001,1.885210424661636E-001,-6.429727077484131E-001,-6.953791975975037E-001,-1.828545182943344E-001,1.885210424661636E-001,-6.429727077484131E-001,-6.953791975975037E-001,
2.815133333333334E+009,-1.575124114751816E-001,2.132281959056854E-001,-6.560897827148438E-001,-6.857635378837585E-001,-1.575124114751816E-001,2.132281959056854E-001,-6.560897827148438E-001,-6.857635378837585E-001,
2.823500000000000E+009,-1.202492341399193E-001,2.252069115638733E-001,-6.736897230148315E-001,-6.752810478210449E-001,-1.202492341399193E-001,2.252069115638733E-001,-6.736897230148315E-001,-6.752810478210449E-001,
2.831866666666667E+009,-8.338487893342972E-002,2.164914160966873E-001,-6.883649230003357E-001,-6.625902652740479E-001,-8.338487893342972E-002,2.164914160966873E-001,-6.883649230003357E-001,-6.625902652740479E-001,
2.840233333333334E+009,-5.589043349027634E-002,1.945092678070068E-001,-7.151914834976196E-001,-6.505385041236877E-001,-5.589043349027634E-002,1.945092678070068E-001,-7.151914834976196E-001,-6.505385041236877E-001,
2.848600000000000E+009,-4.555804282426834E-002,1.645380854606628E-001,-7.325062751770020E-001,-6.282431483268738E-001,-4.555804282426834E-002,1.645380854606628E-001,-7.325062751770020E-001,-6.282431483268738E-001,
2.856966666666667E+009,-5.561679974198341E-002,1.378094255924225E-001,-7.543143630027771E-001,-6.103287339210510E-001,-5.561679974198341E-002,1.378094255924225E-001,-7.543143630027771E-001,-6.103287339210510E-001,
2.865333333333334E+009,-8.152512460947037E-002,1.231464520096779E-001,-7.752882242202759E-001,-5.901036262512207E-001,-8.152512460947037E-002,1.231464520096779E-001,-7.752882242202759E-001,-5.901036262512207E-001,
2.873700000000000E+009,-1.130437254905701E-001,1.276547908782959E-001,-7.912065386772156E-001,-5.561100244522095E-001,-1.130437254905701E-001,1.276547908782959E-001,-7.912065386772156E-001,-5.561100244522095E-001,
2.882066666666667E+009,-1.373069137334824E-001,1.498822867870331E-001,-7.962886691093445E-001,-5.284196138381958E-001,-1.373069137334824E-001,1.498822867870331E-001,-7.962886691093445E-001,-5.284196138381958E-001,
2.890433333333334E+009,-1.468887329101563E-001,1.857839971780777E-001,-8.054578900337219E-001,-5.082424283027649E-001,-1.468887329101563E-001,1.857839971780777E-001,-8.054578900337219E-001,-5.082424283027649E-001,
2.898800000000000E+009,-1.360094845294952E-001,2.229922711849213E-001,-8.106063008308411E-001,-4.913148283958435E-001,-1.360094845294952E-001,2.229922711849213E-001,-8.106063008308411E-001,-4.913148283958435E-001,
2.907166666666667E+009,-1.082233935594559E-001,2.489692568778992E-001,-8.134133815765381E-001,-4.787136912345886E-001,-1.082233935594559E-001,2.489692568778992E-001,-8.134133815765381E-001,-4.787136912345886E-001,
2.915533333333334E+009,-6.808911263942719E-002,2.606857120990753E-001,-8.266692757606506E-001,-4.582678973674774E-001,-6.808911263942719E-002,2.606857120990753E-001,-8.266692757606506E-001,-4.582678973674774E-001,
2.923900000000000E+009,-2.933157794177532E-002,2.516669631004334E-001,-8.393305540084839E-001,-4.483182132244110E-001,-2.933157794177532E-002,2.516669631004334E-001,-8.393305540084839E-001,-4.483182132244110E-001,
2.932266666666667E+009,5.977226537652314E-004,2.272116094827652E-001,-8.540673255920410E-001,-4.332229495048523E-001,5.977226537652314E-004,2.272116094827652E-001,-8.540673255920410E-001,-4.332229495048523E-001,
2.940633333333334E+009,1.240572892129421E-002,1.923707872629166E-001,-8.709999322891235E-001,-4.097263813018799E-001,1.240572892129421E-002,1.923707872629166E-001,-8.709999322891235E-001,-4.097263813018799E-001,
2.949000000000000E+009,4.050693009048700E-003,1.579421907663345E-001,-8.925811052322388E-001,-3.776247501373291E-001,4.050693009048700E-003,1.579421907663345E-001,-8.925811052322388E-001,-3.776247501373291E-001,
2.957366666666667E+009,-2.120007388293743E-002,1.389663964509964E-001,-9.059290289878845E-001,-3.568248748779297E-001,-2.120007388293743E-002,1.389663964509964E-001,-9.059290289878845E-001,-3.568248748779297E-001,
2.965733333333334E+009,-5.554021522402763E-002,1.404116749763489E-001,-9.172315597534180E-001,-3.237198591232300E-001,-5.554021522402763E-002,1.404116749763489E-001,-9.172315597534180E-001,-3.237198591232300E-001,
2.974100000000000E+009,-8.082223683595657E-002,1.631323844194412E-001,-9.213297963142395E-001,-2.889564037322998E-001,-8.082223683595657E-002,1.631323844194412E-001,-9.213297963142395E-001,-2.889564037322998E-001,
2.982466666666667E+009,-9.025666862726212E-002,1.986133009195328E-001,-9.230491518974304E-001,-2.620293200016022E-001,-9.025666862726212E-002,1.986133009195328E-001,-9.230491518974304E-001,-2.620293200016022E-001,
2.990833333333334E+009,-7.977604866027832E-002,2.360820621252060E-001,-9.168955683708191E-001,-2.452583312988281E-001,-7.977604866027832E-002,2.360820621252060E-001,-9.168955683708191E-001,-2.452583312988281E-001,
2.999200000000000E+009,-5.064946413040161E-002,2.640746235847473E-001,-9.185246229171753E-001,-2.272385656833649E-001,-5.064946413040161E-002,2.640746235847473E-001,-9.185246229171753E-001,-2.272385656833649E-001,
3.007566666666667E+009,-9.562949649989605E-003,2.754296958446503E-001,-9.223068356513977E-001,-2.084880620241165E-001,-9.562949649989605E-003,2.754296958446503E-001,-9.223068356513977E-001,-2.084880620241165E-001,
3.015933333333334E+009,3.302681073546410E-002,2.633398473262787E-001,-9.254431724548340E-001,-1.958286613225937E-001,3.302681073546410E-002,2.633398473262787E-001,-9.254431724548340E-001,-1.958286613225937E-001,
3.024300000000000E+009,6.347344070672989E-002,2.358611375093460E-001,-9.362562298774719E-001,-1.768464148044586E-001,6.347344070672989E-002,2.358611375093460E-001,-9.362562298774719E-001,-1.768464148044586E-001,
3.032666666666667E+009,7.567718625068665E-002,1.954046040773392E-001,-9.477643370628357E-001,-1.529534757137299E-001,7.567718625068665E-002,1.954046040773392E-001,-9.477643370628357E-001,-1.529534757137299E-001,
3.041033333333334E+009,6.402302533388138E-002,1.573185622692108E-001,-9.590747356414795E-001,-1.272943168878555E-001,6.402302533388138E-002,1.573185622692108E-001,-9.590747356414795E-001,-1.272943168878555E-001,
3.049400000000000E+009,3.355274349451065E-002,1.351507902145386E-001,-9.660684466362000E-001,-8.966804295778275E-002,3.355274349451065E-002,1.351507902145386E-001,-9.660684466362000E-001,-8.966804295778275E-002,
3.057766666666667E+009,-3.094736952334642E-003,1.355959773063660E-001,-9.733888506889343E-001,-7.159896939992905E-002,-3.094736952334642E-003,1.355959773063660E-001,-9.733888506889343E-001,-7.159896939992905E-002,
3.066133333333334E+009,-3.436572477221489E-002,1.585887074470520E-001,-9.645198583602905E-001,-2.986826375126839E-002,-3.436572477221489E-002,1.585887074470520E-001,-9.645198583602905E-001,-2.986826375126839E-002,
3.074500000000000E+009,-4.533394053578377E-002,1.979749351739883E-001,-9.624038338661194E-001,-2.068776957457885E-004,-4.533394053578377E-002,1.979749351739883E-001,-9.624038338661194E-001,-2.068776957457885E-004,
3.082866666666667E+009,-3.050548769533634E-002,2.384825497865677E-001,-9.522116780281067E-001,2.245295792818070E-002,-3.050548769533634E-002,2.384825497865677E-001,-9.522116780281067E-001,2.245295792818070E-002,
3.091233333333334E+009,4.261723719537258E-003,2.704205214977264E-001,-9.430121183395386E-001,4.324918985366821E-002,4.261723719537258E-003,2.704205214977264E-001,-9.430121183395386E-001,4.324918985366821E-002,
3.099600000000000E+009,5.232890695333481E-002,2.799787521362305E-001,-9.358628988265991E-001,5.541387200355530E-002,5.232890695333481E-002,2.799787521362305E-001,-9.358628988265991E-001,5.541387200355530E-002,
3.107966666666667E+009,1.022295132279396E-001,2.645090222358704E-001,-9.391677975654602E-001,6.696703284978867E-002,1.022295132279396E-001,2.645090222358704E-001,-9.391677975654602E-001,6.696703284978867E-002,
3.116333333333334E+009,1.388111114501953E-001,2.289999723434448E-001,-9.431739449501038E-001,8.593489974737167E-002,1.388111114501953E-001,2.289999723434448E-001,-9.431739449501038E-001,8.593489974737167E-002,
3.124700000000000E+009,1.508036702871323E-001,1.799730360507965E-001,-9.523460865020752E-001,1.021016687154770E-001,1.508036702871323E-001,1.799730360507965E-001,-9.523460865020752E-001,1.021016687154770E-001,
3.133066666666667E+009,1.375032663345337E-001,1.335379630327225E-001,-9.601543545722961E-001,1.354986280202866E-001,1.375032663345337E-001,1.335379630327225E-001,-9.601543545722961E-001,1.354986280202866E-001,
3.141433333333334E+009,1.026127859950066E-001,1.013849005103111E-001,-9.609996676445007E-001,1.660304367542267E-001,1.026127859950066E-001,1.013849005103111E-001,-9.609996676445007E-001,1.660304367542267E-001,
3.149800000000000E+009,5.479512363672257E-002,9.739898890256882E-002,-9.586818814277649E-001,2.067989856004715E-001,5.479512363672257E-002,9.739898890256882E-002,-9.586818814277649E-001,2.067989856004715E-001,
3.158166666666667E+009,1.450382173061371E-002,1.217967122793198E-001,-9.429178237915039E-001,2.404641807079315E-001,1.450382173061371E-002,1.217967122793198E-001,-9.429178237915039E-001,2.404641807079315E-001,
3.166533333333334E+009,-3.217326710000634E-003,1.650816649198532E-001,-9.311382770538330E-001,2.675788402557373E-001,-3.217326710000634E-003,1.650816649198532E-001,-9.311382770538330E-001,2.675788402557373E-001,
3.174900000000000E+009,5.557129159569740E-003,2.124790251255035E-001,-9.131253957748413E-001,2.900690436363220E-001,5.557129159569740E-003,2.124790251255035E-001,-9.131253957748413E-001,2.900690436363220E-001,
3.183266666666667E+009,4.120120778679848E-002,2.488951236009598E-001,-8.957984447479248E-001,3.051083981990814E-001,4.120120778679848E-002,2.488951236009598E-001,-8.957984447479248E-001,3.051083981990814E-001,
3.191633333333334E+009,9.105729311704636E-002,2.607109546661377E-001,-8.807792663574219E-001,3.170843422412872E-001,9.105729311704636E-002,2.607109546661377E-001,-8.807792663574219E-001,3.170843422412872E-001,
3.200000000000000E+009,1.418776512145996E-001,2.450587898492813E-001,-8.781936764717102E-001,3.270397186279297E-001,1.418776512145996E-001,2.450587898492813E-001,-8.781936764717102E-001,3.270397186279297E-001,
