% Version 1.00
%
%freq[Hz],re:Trc1_S11,im:Trc1_S11,re:Trc2_S21,im:Trc2_S21,re:Trc3_S11,im:Trc3_S11,re:Trc4_S21,im:Trc4_S21,
6.900000000000000E+008,-4.227104783058167E-002,2.482961863279343E-002,-4.910398125648499E-001,-8.374632596969605E-001,-4.227104783058167E-002,2.482961863279343E-002,-4.910398125648499E-001,-8.374632596969605E-001,
6.983666666666666E+008,-3.511466085910797E-002,2.483707107603550E-002,-5.085629820823669E-001,-8.206145763397217E-001,-3.511466085910797E-002,2.483707107603550E-002,-5.085629820823669E-001,-8.206145763397217E-001,
7.067333333333334E+008,-2.982265315949917E-002,2.188826352357864E-002,-5.364986062049866E-001,-7.942032814025879E-001,-2.982265315949917E-002,2.188826352357864E-002,-5.364986062049866E-001,-7.942032814025879E-001,
7.151000000000000E+008,-3.065680712461472E-002,1.415580976754427E-002,-5.462793707847595E-001,-7.869051694869995E-001,-3.065680712461472E-002,1.415580976754427E-002,-5.462793707847595E-001,-7.869051694869995E-001,
7.234666666666666E+008,-3.099326789379120E-002,9.002014994621277E-003,-5.847256779670715E-001,-7.760469913482666E-001,-3.099326789379120E-002,9.002014994621277E-003,-5.847256779670715E-001,-7.760469913482666E-001,
7.318333333333334E+008,-3.853069990873337E-002,5.862345919013023E-003,-5.901400446891785E-001,-7.708719968795776E-001,-3.853069990873337E-002,5.862345919013023E-003,-5.901400446891785E-001,-7.708719968795776E-001,
7.402000000000000E+008,-4.604938998818398E-002,7.759907282888889E-003,-6.203016042709351E-001,-7.465739250183106E-001,-4.604938998818398E-002,7.759907282888889E-003,-6.203016042709351E-001,-7.465739250183106E-001,
7.485666666666666E+008,-5.084614455699921E-002,1.322020590305328E-002,-6.412345767021179E-001,-7.095752954483032E-001,-5.084614455699921E-002,1.322020590305328E-002,-6.412345767021179E-001,-7.095752954483032E-001,
7.569333333333334E+008,-5.168574303388596E-002,2.219486236572266E-002,-6.557747721672058E-001,-7.125416994094849E-001,-5.168574303388596E-002,2.219486236572266E-002,-6.557747721672058E-001,-7.125416994094849E-001,
7.653000000000000E+008,-4.847370460629463E-002,3.074909374117851E-002,-6.639934778213501E-001,-7.056424617767334E-001,-4.847370460629463E-002,3.074909374117851E-002,-6.639934778213501E-001,-7.056424617767334E-001,
7.736666666666666E+008,-4.088811948895454E-002,3.928997367620468E-002,-6.879715323448181E-001,-6.967874169349670E-001,-4.088811948895454E-002,3.928997367620468E-002,-6.879715323448181E-001,-6.967874169349670E-001,
7.820333333333334E+008,-3.482787683606148E-002,4.331921786069870E-002,-7.108626961708069E-001,-6.749637722969055E-001,-3.482787683606148E-002,4.331921786069870E-002,-7.108626961708069E-001,-6.749637722969055E-001,
7.904000000000000E+008,-2.556065097451210E-002,4.185914993286133E-002,-7.252138853073120E-001,-6.525135040283203E-001,-2.556065097451210E-002,4.185914993286133E-002,-7.252138853073120E-001,-6.525135040283203E-001,
7.987666666666666E+008,-1.878066174685955E-002,3.749294951558113E-002,-7.383857369422913E-001,-6.324638724327087E-001,-1.878066174685955E-002,3.749294951558113E-002,-7.383857369422913E-001,-6.324638724327087E-001,
8.071333333333334E+008,-1.917422190308571E-002,3.348249942064285E-002,-7.517509460449219E-001,-6.208187937736511E-001,-1.917422190308571E-002,3.348249942064285E-002,-7.517509460449219E-001,-6.208187937736511E-001,
8.155000000000000E+008,-2.322242222726345E-002,2.661622874438763E-002,-7.615302801132202E-001,-5.746638178825378E-001,-2.322242222726345E-002,2.661622874438763E-002,-7.615302801132202E-001,-5.746638178825378E-001,
8.238666666666666E+008,-2.821035310626030E-002,2.347830310463905E-002,-7.916591763496399E-001,-5.797234177589417E-001,-2.821035310626030E-002,2.347830310463905E-002,-7.916591763496399E-001,-5.797234177589417E-001,
8.322333333333334E+008,-3.652676194906235E-002,2.536107040941715E-002,-8.031918406486511E-001,-5.515813231468201E-001,-3.652676194906235E-002,2.536107040941715E-002,-8.031918406486511E-001,-5.515813231468201E-001,
8.406000000000000E+008,-4.132208600640297E-002,2.846782281994820E-002,-8.152708411216736E-001,-5.359167456626892E-001,-4.132208600640297E-002,2.846782281994820E-002,-8.152708411216736E-001,-5.359167456626892E-001,
8.489666666666668E+008,-4.195778816938400E-002,3.618705272674561E-002,-8.350221514701843E-001,-5.115051865577698E-001,-4.195778816938400E-002,3.618705272674561E-002,-8.350221514701843E-001,-5.115051865577698E-001,
8.573333333333334E+008,-3.880569338798523E-002,4.373760893940926E-002,-8.406789302825928E-001,-4.945778250694275E-001,-3.880569338798523E-002,4.373760893940926E-002,-8.406789302825928E-001,-4.945778250694275E-001,
8.657000000000000E+008,-3.231771662831307E-002,5.230174958705902E-002,-8.562529683113098E-001,-4.656144678592682E-001,-3.231771662831307E-002,5.230174958705902E-002,-8.562529683113098E-001,-4.656144678592682E-001,
8.740666666666668E+008,-2.433018758893013E-002,5.717587843537331E-002,-8.510675430297852E-001,-4.473592638969421E-001,-2.433018758893013E-002,5.717587843537331E-002,-8.510675430297852E-001,-4.473592638969421E-001,
8.824333333333334E+008,-1.531748287379742E-002,5.633479356765747E-002,-8.823146820068359E-001,-4.166157245635986E-001,-1.531748287379742E-002,5.633479356765747E-002,-8.823146820068359E-001,-4.166157245635986E-001,
8.908000000000000E+008,-8.119646459817886E-003,5.671567097306252E-002,-8.928102850914002E-001,-4.126853942871094E-001,-8.119646459817886E-003,5.671567097306252E-002,-8.928102850914002E-001,-4.126853942871094E-001,
8.991666666666668E+008,-5.646545439958572E-003,5.011492222547531E-002,-9.039981961250305E-001,-3.834626376628876E-001,-5.646545439958572E-003,5.011492222547531E-002,-9.039981961250305E-001,-3.834626376628876E-001,
9.075333333333334E+008,-5.735033657401800E-003,4.593086987733841E-002,-8.960839509963989E-001,-3.598197400569916E-001,-5.735033657401800E-003,4.593086987733841E-002,-8.960839509963989E-001,-3.598197400569916E-001,
9.159000000000000E+008,-8.756973780691624E-003,4.086071252822876E-002,-9.109330177307129E-001,-3.482588231563568E-001,-8.756973780691624E-003,4.086071252822876E-002,-9.109330177307129E-001,-3.482588231563568E-001,
9.242666666666668E+008,-1.397618185728788E-002,3.671321272850037E-002,-9.220849871635437E-001,-3.238744437694550E-001,-1.397618185728788E-002,3.671321272850037E-002,-9.220849871635437E-001,-3.238744437694550E-001,
9.326333333333334E+008,-1.870902068912983E-002,3.863660246133804E-002,-9.264217615127564E-001,-2.909606397151947E-001,-1.870902068912983E-002,3.863660246133804E-002,-9.264217615127564E-001,-2.909606397151947E-001,
9.410000000000000E+008,-2.387989871203899E-002,4.476493597030640E-002,-9.318984746932983E-001,-2.631268799304962E-001,-2.387989871203899E-002,4.476493597030640E-002,-9.318984746932983E-001,-2.631268799304962E-001,
9.493666666666668E+008,-2.496969513595104E-002,5.167104303836823E-002,-9.376518130302429E-001,-2.534484267234802E-001,-2.496969513595104E-002,5.167104303836823E-002,-9.376518130302429E-001,-2.534484267234802E-001,
9.577333333333334E+008,-2.013721875846386E-002,5.996577814221382E-002,-9.621734619140625E-001,-2.115518003702164E-001,-2.013721875846386E-002,5.996577814221382E-002,-9.621734619140625E-001,-2.115518003702164E-001,
9.661000000000000E+008,-1.209908258169890E-002,6.672869622707367E-002,-9.471952319145203E-001,-1.966825872659683E-001,-1.209908258169890E-002,6.672869622707367E-002,-9.471952319145203E-001,-1.966825872659683E-001,
9.744666666666668E+008,-3.017081646248698E-003,7.125819474458695E-002,-9.570188522338867E-001,-1.682243645191193E-001,-3.017081646248698E-003,7.125819474458695E-002,-9.570188522338867E-001,-1.682243645191193E-001,
9.828333333333334E+008,1.004269067198038E-002,6.939581781625748E-002,-9.545098543167114E-001,-1.419468820095062E-001,1.004269067198038E-002,6.939581781625748E-002,-9.545098543167114E-001,-1.419468820095062E-001,
9.912000000000000E+008,1.958545297384262E-002,6.665212661027908E-002,-9.659880399703980E-001,-1.324184238910675E-001,1.958545297384262E-002,6.665212661027908E-002,-9.659880399703980E-001,-1.324184238910675E-001,
9.995666666666668E+008,2.389484457671642E-002,5.807738006114960E-002,-9.694823622703552E-001,-9.698561578989029E-002,2.389484457671642E-002,5.807738006114960E-002,-9.694823622703552E-001,-9.698561578989029E-002,
1.007933333333333E+009,2.377945743501186E-002,4.972946643829346E-002,-9.732687473297119E-001,-7.714544236660004E-002,2.377945743501186E-002,4.972946643829346E-002,-9.732687473297119E-001,-7.714544236660004E-002,
1.016300000000000E+009,1.748195476830006E-002,4.129740595817566E-002,-9.728029966354370E-001,-5.144674703478813E-002,1.748195476830006E-002,4.129740595817566E-002,-9.728029966354370E-001,-5.144674703478813E-002,
1.024666666666667E+009,9.586652740836144E-003,4.061477258801460E-002,-9.739159941673279E-001,-3.077755682170391E-002,9.586652740836144E-003,4.061477258801460E-002,-9.739159941673279E-001,-3.077755682170391E-002,
1.033033333333333E+009,2.209587721154094E-003,4.152373969554901E-002,-9.526129961013794E-001,7.874350994825363E-003,2.209587721154094E-003,4.152373969554901E-002,-9.526129961013794E-001,7.874350994825363E-003,
1.041400000000000E+009,-1.944282208569348E-003,4.774810373783112E-002,-9.597453474998474E-001,2.905899845063686E-002,-1.944282208569348E-003,4.774810373783112E-002,-9.597453474998474E-001,2.905899845063686E-002,
1.049766666666667E+009,-2.737374044954777E-003,5.580641701817513E-002,-9.687088727951050E-001,5.070985853672028E-002,-2.737374044954777E-003,5.580641701817513E-002,-9.687088727951050E-001,5.070985853672028E-002,
1.058133333333333E+009,4.933040589094162E-003,6.463023275136948E-002,-9.633764624595642E-001,7.433565706014633E-002,4.933040589094162E-003,6.463023275136948E-002,-9.633764624595642E-001,7.433565706014633E-002,
1.066500000000000E+009,1.768480986356735E-002,6.923983991146088E-002,-9.477924108505249E-001,1.020551994442940E-001,1.768480986356735E-002,6.923983991146088E-002,-9.477924108505249E-001,1.020551994442940E-001,
1.074866666666667E+009,2.956505864858627E-002,6.617216020822525E-002,-9.585151672363281E-001,1.305294483900070E-001,2.956505864858627E-002,6.617216020822525E-002,-9.585151672363281E-001,1.305294483900070E-001,
1.083233333333334E+009,4.204884916543961E-002,6.228042766451836E-002,-9.538723230361939E-001,1.467321813106537E-001,4.204884916543961E-002,6.228042766451836E-002,-9.538723230361939E-001,1.467321813106537E-001,
1.091600000000000E+009,4.674999788403511E-002,5.074261128902435E-002,-9.480162858963013E-001,1.805877238512039E-001,4.674999788403511E-002,5.074261128902435E-002,-9.480162858963013E-001,1.805877238512039E-001,
1.099966666666667E+009,4.857334494590759E-002,3.862043842673302E-002,-9.442965984344482E-001,1.973550319671631E-001,4.857334494590759E-002,3.862043842673302E-002,-9.442965984344482E-001,1.973550319671631E-001,
1.108333333333334E+009,4.070180654525757E-002,2.893418818712235E-002,-9.564277529716492E-001,2.191446721553803E-001,4.070180654525757E-002,2.893418818712235E-002,-9.564277529716492E-001,2.191446721553803E-001,
1.116700000000000E+009,2.861810103058815E-002,2.929697185754776E-002,-9.411563277244568E-001,2.502668201923370E-001,2.861810103058815E-002,2.929697185754776E-002,-9.411563277244568E-001,2.502668201923370E-001,
1.125066666666667E+009,1.666345261037350E-002,3.019713610410690E-002,-9.263383150100708E-001,2.725481986999512E-001,1.666345261037350E-002,3.019713610410690E-002,-9.263383150100708E-001,2.725481986999512E-001,
1.133433333333334E+009,5.987401120364666E-003,4.162634536623955E-002,-9.214911460876465E-001,2.899499535560608E-001,5.987401120364666E-003,4.162634536623955E-002,-9.214911460876465E-001,2.899499535560608E-001,
1.141800000000000E+009,6.575134582817555E-003,5.420053377747536E-002,-9.102643728256226E-001,3.145718574523926E-001,6.575134582817555E-003,5.420053377747536E-002,-9.102643728256226E-001,3.145718574523926E-001,
1.150166666666667E+009,1.283558830618858E-002,6.637166440486908E-002,-9.054668545722961E-001,3.444451093673706E-001,1.283558830618858E-002,6.637166440486908E-002,-9.054668545722961E-001,3.444451093673706E-001,
1.158533333333334E+009,3.049175068736076E-002,7.336826622486115E-002,-8.946638703346252E-001,3.656331300735474E-001,3.049175068736076E-002,7.336826622486115E-002,-8.946638703346252E-001,3.656331300735474E-001,
1.166900000000000E+009,4.959731549024582E-002,7.236903160810471E-002,-8.864403367042542E-001,3.916013240814209E-001,4.959731549024582E-002,7.236903160810471E-002,-8.864403367042542E-001,3.916013240814209E-001,
1.175266666666667E+009,6.542299687862396E-002,6.273509562015533E-002,-8.676910400390625E-001,4.048300087451935E-001,6.542299687862396E-002,6.273509562015533E-002,-8.676910400390625E-001,4.048300087451935E-001,
1.183633333333334E+009,7.834523171186447E-002,4.830413684248924E-002,-8.633198142051697E-001,4.310726225376129E-001,7.834523171186447E-002,4.830413684248924E-002,-8.633198142051697E-001,4.310726225376129E-001,
1.192000000000000E+009,8.036698400974274E-002,3.115322627127171E-002,-8.576707839965820E-001,4.579725861549377E-001,8.036698400974274E-002,3.115322627127171E-002,-8.576707839965820E-001,4.579725861549377E-001,
1.200366666666667E+009,7.124335318803787E-002,1.423570793122053E-002,-8.442487120628357E-001,4.765693545341492E-001,7.124335318803787E-002,1.423570793122053E-002,-8.442487120628357E-001,4.765693545341492E-001,
1.208733333333334E+009,5.395822972059250E-002,5.985737778246403E-003,-8.391199111938477E-001,5.053694844245911E-001,5.395822972059250E-002,5.985737778246403E-003,-8.391199111938477E-001,5.053694844245911E-001,
1.217100000000000E+009,3.616694733500481E-002,8.030238561332226E-003,-8.073841333389282E-001,5.195645093917847E-001,3.616694733500481E-002,8.030238561332226E-003,-8.073841333389282E-001,5.195645093917847E-001,
1.225466666666667E+009,2.452388405799866E-002,1.895477250218391E-002,-8.101220130920410E-001,5.438019037246704E-001,2.452388405799866E-002,1.895477250218391E-002,-8.101220130920410E-001,5.438019037246704E-001,
1.233833333333334E+009,2.243795059621334E-002,3.387330099940300E-002,-7.901749610900879E-001,5.640805959701538E-001,2.243795059621334E-002,3.387330099940300E-002,-7.901749610900879E-001,5.640805959701538E-001,
1.242200000000000E+009,2.763907611370087E-002,4.789666086435318E-002,-7.628419995307922E-001,5.803250670433044E-001,2.763907611370087E-002,4.789666086435318E-002,-7.628419995307922E-001,5.803250670433044E-001,
1.250566666666667E+009,4.218783602118492E-002,5.715861544013023E-002,-7.674933075904846E-001,6.076550483703613E-001,4.218783602118492E-002,5.715861544013023E-002,-7.674933075904846E-001,6.076550483703613E-001,
1.258933333333334E+009,6.279973685741425E-002,5.766262859106064E-002,-7.459484338760376E-001,6.171053647994995E-001,6.279973685741425E-002,5.766262859106064E-002,-7.459484338760376E-001,6.171053647994995E-001,
1.267300000000000E+009,8.053650707006455E-002,4.541962221264839E-002,-7.228688597679138E-001,6.342985033988953E-001,8.053650707006455E-002,4.541962221264839E-002,-7.228688597679138E-001,6.342985033988953E-001,
1.275666666666667E+009,9.156297892332077E-002,2.847722731530666E-002,-7.201604843139648E-001,6.391605138778687E-001,9.156297892332077E-002,2.847722731530666E-002,-7.201604843139648E-001,6.391605138778687E-001,
1.284033333333334E+009,9.372219443321228E-002,6.497882772237063E-003,-6.897802352905273E-001,6.907445788383484E-001,9.372219443321228E-002,6.497882772237063E-003,-6.897802352905273E-001,6.907445788383484E-001,
1.292400000000000E+009,8.253754675388336E-002,-1.109061948955059E-002,-6.863645315170288E-001,6.898104548454285E-001,8.253754675388336E-002,-1.109061948955059E-002,-6.863645315170288E-001,6.898104548454285E-001,
1.300766666666667E+009,6.528558582067490E-002,-1.874852180480957E-002,-6.681433916091919E-001,7.070086598396301E-001,6.528558582067490E-002,-1.874852180480957E-002,-6.681433916091919E-001,7.070086598396301E-001,
1.309133333333334E+009,4.566738754510880E-002,-1.622990146279335E-002,-6.529940366744995E-001,7.344868779182434E-001,4.566738754510880E-002,-1.622990146279335E-002,-6.529940366744995E-001,7.344868779182434E-001,
1.317500000000000E+009,3.109701536595821E-002,-4.242189694195986E-003,-6.241242885589600E-001,7.586237788200378E-001,3.109701536595821E-002,-4.242189694195986E-003,-6.241242885589600E-001,7.586237788200378E-001,
1.325866666666667E+009,2.592426538467407E-002,1.161916367709637E-002,-6.052694916725159E-001,7.584736943244934E-001,2.592426538467407E-002,1.161916367709637E-002,-6.052694916725159E-001,7.584736943244934E-001,
1.334233333333334E+009,3.223564103245735E-002,2.927080914378166E-002,-5.833336114883423E-001,7.704280614852905E-001,3.223564103245735E-002,2.927080914378166E-002,-5.833336114883423E-001,7.704280614852905E-001,
1.342600000000000E+009,4.852031916379929E-002,3.490253165364265E-002,-5.701901912689209E-001,7.878468632698059E-001,4.852031916379929E-002,3.490253165364265E-002,-5.701901912689209E-001,7.878468632698059E-001,
1.350966666666667E+009,6.593918800354004E-002,3.305018693208695E-002,-5.415017604827881E-001,8.073787689208984E-001,6.593918800354004E-002,3.305018693208695E-002,-5.415017604827881E-001,8.073787689208984E-001,
1.359333333333334E+009,8.158329129219055E-002,2.062608301639557E-002,-5.249289870262146E-001,8.145783543586731E-001,8.158329129219055E-002,2.062608301639557E-002,-5.249289870262146E-001,8.145783543586731E-001,
1.367700000000000E+009,8.888781070709229E-002,-3.781994455493987E-004,-5.069947838783264E-001,8.249815702438355E-001,8.888781070709229E-002,-3.781994455493987E-004,-5.069947838783264E-001,8.249815702438355E-001,
1.376066666666667E+009,8.389385789632797E-002,-2.358673140406609E-002,-4.818902611732483E-001,8.369478583335877E-001,8.389385789632797E-002,-2.358673140406609E-002,-4.818902611732483E-001,8.369478583335877E-001,
1.384433333333334E+009,6.946573406457901E-002,-3.688278794288635E-002,-4.750220477581024E-001,8.488619327545166E-001,6.946573406457901E-002,-3.688278794288635E-002,-4.750220477581024E-001,8.488619327545166E-001,
1.392800000000000E+009,4.683357477188110E-002,-4.044657200574875E-002,-4.496216773986816E-001,8.559166193008423E-001,4.683357477188110E-002,-4.044657200574875E-002,-4.496216773986816E-001,8.559166193008423E-001,
1.401166666666667E+009,2.980054728686810E-002,-3.240007534623146E-002,-4.177563190460205E-001,8.828508853912354E-001,2.980054728686810E-002,-3.240007534623146E-002,-4.177563190460205E-001,8.828508853912354E-001,
1.409533333333334E+009,1.761665381491184E-002,-1.270372793078423E-002,-3.950530588626862E-001,8.925650119781494E-001,1.761665381491184E-002,-1.270372793078423E-002,-3.950530588626862E-001,8.925650119781494E-001,
1.417900000000000E+009,1.592327095568180E-002,8.179478347301483E-003,-3.557242155075073E-001,8.868426084518433E-001,1.592327095568180E-002,8.179478347301483E-003,-3.557242155075073E-001,8.868426084518433E-001,
1.426266666666667E+009,2.591607533395290E-002,2.663156948983669E-002,-3.523255884647369E-001,9.138854146003723E-001,2.591607533395290E-002,2.663156948983669E-002,-3.523255884647369E-001,9.138854146003723E-001,
1.434633333333334E+009,4.399416595697403E-002,3.340980410575867E-002,-3.224971890449524E-001,9.074764251708984E-001,4.399416595697403E-002,3.340980410575867E-002,-3.224971890449524E-001,9.074764251708984E-001,
1.443000000000000E+009,6.586698442697525E-002,3.045495972037315E-002,-2.971729338169098E-001,9.199427366256714E-001,6.586698442697525E-002,3.045495972037315E-002,-2.971729338169098E-001,9.199427366256714E-001,
1.451366666666667E+009,8.111154288053513E-002,1.405248139053583E-002,-2.794278264045715E-001,9.237618446350098E-001,8.111154288053513E-002,1.405248139053583E-002,-2.794278264045715E-001,9.237618446350098E-001,
1.459733333333334E+009,8.726037293672562E-002,-7.226121146231890E-003,-2.649115025997162E-001,9.283217787742615E-001,8.726037293672562E-002,-7.226121146231890E-003,-2.649115025997162E-001,9.283217787742615E-001,
1.468100000000000E+009,8.171957731246948E-002,-2.865711785852909E-002,-2.285184413194656E-001,9.369599223136902E-001,8.171957731246948E-002,-2.865711785852909E-002,-2.285184413194656E-001,9.369599223136902E-001,
1.476466666666667E+009,6.638482958078384E-002,-4.346345365047455E-002,-2.098354399204254E-001,9.523720741271973E-001,6.638482958078384E-002,-4.346345365047455E-002,-2.098354399204254E-001,9.523720741271973E-001,
1.484833333333334E+009,4.540059715509415E-002,-4.713308066129684E-002,-1.773880273103714E-001,9.550746679306030E-001,4.540059715509415E-002,-4.713308066129684E-002,-1.773880273103714E-001,9.550746679306030E-001,
1.493200000000000E+009,2.905295416712761E-002,-3.807795420289040E-002,-1.598560214042664E-001,9.570950865745544E-001,2.905295416712761E-002,-3.807795420289040E-002,-1.598560214042664E-001,9.570950865745544E-001,
1.501566666666667E+009,1.892865262925625E-002,-1.951253972947598E-002,-1.298549622297287E-001,9.596383571624756E-001,1.892865262925625E-002,-1.951253972947598E-002,-1.298549622297287E-001,9.596383571624756E-001,
1.509933333333334E+009,1.888846233487129E-002,2.350816503167152E-003,-1.143940016627312E-001,9.641649127006531E-001,1.888846233487129E-002,2.350816503167152E-003,-1.143940016627312E-001,9.641649127006531E-001,
1.518300000000000E+009,3.308250755071640E-002,1.851915754377842E-002,-8.741753548383713E-002,9.705204367637634E-001,3.308250755071640E-002,1.851915754377842E-002,-8.741753548383713E-002,9.705204367637634E-001,
1.526666666666667E+009,5.203492566943169E-002,2.503460459411144E-002,-5.637459829449654E-002,9.624140858650208E-001,5.203492566943169E-002,2.503460459411144E-002,-5.637459829449654E-002,9.624140858650208E-001,
1.535033333333334E+009,7.194264233112335E-002,2.130659855902195E-002,-3.488441929221153E-002,9.730320572853088E-001,7.194264233112335E-002,2.130659855902195E-002,-3.488441929221153E-002,9.730320572853088E-001,
1.543400000000000E+009,8.506119996309280E-002,4.988201893866062E-003,-1.522846892476082E-002,9.662970304489136E-001,8.506119996309280E-002,4.988201893866062E-003,-1.522846892476082E-002,9.662970304489136E-001,
1.551766666666667E+009,8.686210215091705E-002,-1.784490048885346E-002,7.770013529807329E-003,9.613106846809387E-001,8.686210215091705E-002,-1.784490048885346E-002,7.770013529807329E-003,9.613106846809387E-001,
1.560133333333334E+009,8.096929639577866E-002,-3.892099484801292E-002,2.862610295414925E-002,9.687187075614929E-001,8.096929639577866E-002,-3.892099484801292E-002,2.862610295414925E-002,9.687187075614929E-001,
1.568500000000000E+009,6.644946336746216E-002,-5.234475433826447E-002,4.567268118262291E-002,9.709666371345520E-001,6.644946336746216E-002,-5.234475433826447E-002,4.567268118262291E-002,9.709666371345520E-001,
1.576866666666667E+009,4.644023999571800E-002,-5.409251898527145E-002,8.814938366413117E-002,9.630876779556274E-001,4.644023999571800E-002,-5.409251898527145E-002,8.814938366413117E-002,9.630876779556274E-001,
1.585233333333334E+009,3.311485052108765E-002,-4.625810310244560E-002,1.025430336594582E-001,9.633297920227051E-001,3.311485052108765E-002,-4.625810310244560E-002,1.025430336594582E-001,9.633297920227051E-001,
1.593600000000000E+009,2.544282563030720E-002,-3.169135749340057E-002,1.308281272649765E-001,9.584193229675293E-001,2.544282563030720E-002,-3.169135749340057E-002,1.308281272649765E-001,9.584193229675293E-001,
1.601966666666667E+009,2.769580297172070E-002,-1.329710148274899E-002,1.530143916606903E-001,9.565318822860718E-001,2.769580297172070E-002,-1.329710148274899E-002,1.530143916606903E-001,9.565318822860718E-001,
1.610333333333334E+009,3.921929001808167E-002,-6.574330618605018E-004,1.835054755210877E-001,9.492835998535156E-001,3.921929001808167E-002,-6.574330618605018E-004,1.835054755210877E-001,9.492835998535156E-001,
1.618700000000000E+009,5.684035271406174E-002,3.140611574053764E-003,2.083970904350281E-001,9.450285434722900E-001,5.684035271406174E-002,3.140611574053764E-003,2.083970904350281E-001,9.450285434722900E-001,
1.627066666666667E+009,7.157151401042938E-002,-2.932965522632003E-003,2.296474128961563E-001,9.377000331878662E-001,7.157151401042938E-002,-2.932965522632003E-003,2.296474128961563E-001,9.377000331878662E-001,
1.635433333333334E+009,8.005233854055405E-002,-1.533291302621365E-002,2.551658451557159E-001,9.371761679649353E-001,8.005233854055405E-002,-1.533291302621365E-002,2.551658451557159E-001,9.371761679649353E-001,
1.643800000000000E+009,8.068618923425674E-002,-3.411220759153366E-002,2.685953676700592E-001,9.274824857711792E-001,8.068618923425674E-002,-3.411220759153366E-002,2.685953676700592E-001,9.274824857711792E-001,
1.652166666666667E+009,7.158765196800232E-002,-5.027930065989494E-002,3.029391765594482E-001,9.192451834678650E-001,7.158765196800232E-002,-5.027930065989494E-002,3.029391765594482E-001,9.192451834678650E-001,
1.660533333333334E+009,5.723057314753532E-002,-5.900056660175324E-002,3.187965750694275E-001,9.146113991737366E-001,5.723057314753532E-002,-5.900056660175324E-002,3.187965750694275E-001,9.146113991737366E-001,
1.668900000000000E+009,4.143065214157105E-002,-5.845523253083229E-002,3.413873016834259E-001,9.029854536056519E-001,4.143065214157105E-002,-5.845523253083229E-002,3.413873016834259E-001,9.029854536056519E-001,
1.677266666666667E+009,2.857263386249542E-002,-5.100597068667412E-002,3.813557028770447E-001,8.938657641410828E-001,2.857263386249542E-002,-5.100597068667412E-002,3.813557028770447E-001,8.938657641410828E-001,
1.685633333333334E+009,2.575529180467129E-002,-3.702346608042717E-002,3.969737589359283E-001,8.874001502990723E-001,2.575529180467129E-002,-3.702346608042717E-002,3.969737589359283E-001,8.874001502990723E-001,
1.694000000000000E+009,2.936585992574692E-002,-2.439802326261997E-002,4.133980572223663E-001,8.747888207435608E-001,2.936585992574692E-002,-2.439802326261997E-002,4.133980572223663E-001,8.747888207435608E-001,
1.702366666666667E+009,4.122740402817726E-002,-1.327638886868954E-002,4.363974928855896E-001,8.661543130874634E-001,4.122740402817726E-002,-1.327638886868954E-002,4.363974928855896E-001,8.661543130874634E-001,
1.710733333333334E+009,5.758931115269661E-002,-1.051332149654627E-002,4.552365839481354E-001,8.484748005867004E-001,5.758931115269661E-002,-1.051332149654627E-002,4.552365839481354E-001,8.484748005867004E-001,
1.719100000000000E+009,7.217633724212647E-002,-1.757151633501053E-002,4.809233546257019E-001,8.339053392410278E-001,7.217633724212647E-002,-1.757151633501053E-002,4.809233546257019E-001,8.339053392410278E-001,
1.727466666666667E+009,8.174482733011246E-002,-3.062850236892700E-002,4.983750879764557E-001,8.273240327835083E-001,8.174482733011246E-002,-3.062850236892700E-002,4.983750879764557E-001,8.273240327835083E-001,
1.735833333333334E+009,8.298663049936295E-002,-4.719083756208420E-002,5.143067240715027E-001,8.117900490760803E-001,8.298663049936295E-002,-4.719083756208420E-002,5.143067240715027E-001,8.117900490760803E-001,
1.744200000000000E+009,7.504252344369888E-002,-6.496439129114151E-002,5.421282052993774E-001,7.902514934539795E-001,7.504252344369888E-002,-6.496439129114151E-002,5.421282052993774E-001,7.902514934539795E-001,
1.752566666666667E+009,6.224923208355904E-002,-7.633817195892334E-002,5.700711607933044E-001,7.854649424552918E-001,6.224923208355904E-002,-7.633817195892334E-002,5.700711607933044E-001,7.854649424552918E-001,
1.760933333333334E+009,4.627033695578575E-002,-8.192306011915207E-002,5.789859890937805E-001,7.729769349098206E-001,4.627033695578575E-002,-8.192306011915207E-002,5.789859890937805E-001,7.729769349098206E-001,
1.769300000000000E+009,3.125857934355736E-002,-7.980975508689880E-002,6.033720970153809E-001,7.637924551963806E-001,3.125857934355736E-002,-7.980975508689880E-002,6.033720970153809E-001,7.637924551963806E-001,
1.777666666666667E+009,2.191509120166302E-002,-6.993945688009262E-002,6.178289055824280E-001,7.535976767539978E-001,2.191509120166302E-002,-6.993945688009262E-002,6.178289055824280E-001,7.535976767539978E-001,
1.786033333333334E+009,1.981240883469582E-002,-6.037796661257744E-002,6.340172886848450E-001,7.235127091407776E-001,1.981240883469582E-002,-6.037796661257744E-002,6.340172886848450E-001,7.235127091407776E-001,
1.794400000000000E+009,2.534795366227627E-002,-4.812980815768242E-002,6.573066115379334E-001,7.097573280334473E-001,2.534795366227627E-002,-4.812980815768242E-002,6.573066115379334E-001,7.097573280334473E-001,
1.802766666666667E+009,3.268953412771225E-002,-4.238505288958550E-002,6.760212779045105E-001,6.910398602485657E-001,3.268953412771225E-002,-4.238505288958550E-002,6.760212779045105E-001,6.910398602485657E-001,
1.811133333333334E+009,4.282141849398613E-002,-4.085922241210938E-002,6.991109251976013E-001,6.728629469871521E-001,4.282141849398613E-002,-4.085922241210938E-002,6.991109251976013E-001,6.728629469871521E-001,
1.819500000000000E+009,5.241108685731888E-002,-4.455060139298439E-002,7.104324698448181E-001,6.473954319953919E-001,5.241108685731888E-002,-4.455060139298439E-002,7.104324698448181E-001,6.473954319953919E-001,
1.827866666666667E+009,5.802683532238007E-002,-5.320706591010094E-002,7.300207018852234E-001,6.364510059356690E-001,5.802683532238007E-002,-5.320706591010094E-002,7.300207018852234E-001,6.364510059356690E-001,
1.836233333333334E+009,5.566713958978653E-002,-6.407037377357483E-002,7.420239448547363E-001,6.196240782737732E-001,5.566713958978653E-002,-6.407037377357483E-002,7.420239448547363E-001,6.196240782737732E-001,
1.844600000000000E+009,4.834492877125740E-002,-7.279550284147263E-002,7.575199007987976E-001,6.131549477577210E-001,4.834492877125740E-002,-7.279550284147263E-002,7.575199007987976E-001,6.131549477577210E-001,
1.852966666666667E+009,3.928069770336151E-002,-7.790015637874603E-002,7.668867707252502E-001,5.794348120689392E-001,3.928069770336151E-002,-7.790015637874603E-002,7.668867707252502E-001,5.794348120689392E-001,
1.861333333333334E+009,2.902802079916000E-002,-8.095046877861023E-002,7.904883623123169E-001,5.608400106430054E-001,2.902802079916000E-002,-8.095046877861023E-002,7.904883623123169E-001,5.608400106430054E-001,
1.869700000000000E+009,2.126570232212544E-002,-7.571391016244888E-002,8.058941960334778E-001,5.426933169364929E-001,2.126570232212544E-002,-7.571391016244888E-002,8.058941960334778E-001,5.426933169364929E-001,
1.878066666666667E+009,1.732496358454227E-002,-7.070364803075790E-002,8.185541033744812E-001,5.279821753501892E-001,1.732496358454227E-002,-7.070364803075790E-002,8.185541033744812E-001,5.279821753501892E-001,
1.886433333333334E+009,1.825586520135403E-002,-6.319590657949448E-002,8.372457027435303E-001,5.015563368797302E-001,1.825586520135403E-002,-6.319590657949448E-002,8.372457027435303E-001,5.015563368797302E-001,
1.894800000000000E+009,2.600720711052418E-002,-5.808503553271294E-002,8.486065268516541E-001,4.820402860641480E-001,2.600720711052418E-002,-5.808503553271294E-002,8.486065268516541E-001,4.820402860641480E-001,
1.903166666666667E+009,3.455978259444237E-002,-5.478846654295921E-002,8.593034744262695E-001,4.532452821731567E-001,3.455978259444237E-002,-5.478846654295921E-002,8.593034744262695E-001,4.532452821731567E-001,
1.911533333333334E+009,4.355638101696968E-002,-5.946571752429009E-002,8.664444088935852E-001,4.257816076278687E-001,4.355638101696968E-002,-5.946571752429009E-002,8.664444088935852E-001,4.257816076278687E-001,
1.919900000000000E+009,5.007859691977501E-002,-6.751424074172974E-002,8.817185163497925E-001,4.118038117885590E-001,5.007859691977501E-002,-6.751424074172974E-002,8.817185163497925E-001,4.118038117885590E-001,
1.928266666666667E+009,5.282613262534142E-002,-7.760927826166153E-002,8.790013194084168E-001,3.751741349697113E-001,5.282613262534142E-002,-7.760927826166153E-002,8.790013194084168E-001,3.751741349697113E-001,
1.936633333333334E+009,4.734472557902336E-002,-8.942193537950516E-002,8.981790542602539E-001,3.650910556316376E-001,4.734472557902336E-002,-8.942193537950516E-002,8.981790542602539E-001,3.650910556316376E-001,
1.945000000000000E+009,3.713666275143623E-002,-9.809914976358414E-002,9.088705182075501E-001,3.400095105171204E-001,3.713666275143623E-002,-9.809914976358414E-002,9.088705182075501E-001,3.400095105171204E-001,
1.953366666666667E+009,2.474810928106308E-002,-1.040022969245911E-001,9.100237488746643E-001,3.196168243885040E-001,2.474810928106308E-002,-1.040022969245911E-001,9.100237488746643E-001,3.196168243885040E-001,
1.961733333333334E+009,9.373814798891544E-003,-1.010595038533211E-001,9.260709285736084E-001,2.974824607372284E-001,9.373814798891544E-003,-1.010595038533211E-001,9.260709285736084E-001,2.974824607372284E-001,
1.970100000000000E+009,-2.218628302216530E-003,-9.542715549468994E-002,9.262590408325195E-001,2.740912139415741E-001,-2.218628302216530E-003,-9.542715549468994E-002,9.262590408325195E-001,2.740912139415741E-001,
1.978466666666667E+009,-6.739032454788685E-003,-8.402932435274124E-002,9.379777312278748E-001,2.452397793531418E-001,-6.739032454788685E-003,-8.402932435274124E-002,9.379777312278748E-001,2.452397793531418E-001,
1.986833333333334E+009,-4.300805740058422E-003,-7.360295951366425E-002,9.401802420616150E-001,2.264810502529144E-001,-4.300805740058422E-003,-7.360295951366425E-002,9.401802420616150E-001,2.264810502529144E-001,
1.995200000000000E+009,6.869822274893522E-003,-6.697667390108109E-002,9.439781308174133E-001,2.099364101886749E-001,6.869822274893522E-003,-6.697667390108109E-002,9.439781308174133E-001,2.099364101886749E-001,
2.003566666666667E+009,2.031287923455238E-002,-6.580965965986252E-002,9.503174424171448E-001,1.748985648155212E-001,2.031287923455238E-002,-6.580965965986252E-002,9.503174424171448E-001,1.748985648155212E-001,
2.011933333333334E+009,3.261212632060051E-002,-7.381051778793335E-002,9.592368602752686E-001,1.466211676597595E-001,3.261212632060051E-002,-7.381051778793335E-002,9.592368602752686E-001,1.466211676597595E-001,
2.020300000000000E+009,4.073296859860420E-002,-8.461261540651321E-002,9.611357450485230E-001,1.166229695081711E-001,4.073296859860420E-002,-8.461261540651321E-002,9.611357450485230E-001,1.166229695081711E-001,
2.028666666666667E+009,3.988036885857582E-002,-1.001349017024040E-001,9.631111025810242E-001,1.016795337200165E-001,3.988036885857582E-002,-1.001349017024040E-001,9.631111025810242E-001,1.016795337200165E-001,
2.037033333333334E+009,3.029213473200798E-002,-1.160912513732910E-001,9.660155177116394E-001,7.472179085016251E-002,3.029213473200798E-002,-1.160912513732910E-001,9.660155177116394E-001,7.472179085016251E-002,
2.045400000000000E+009,1.441076491028070E-002,-1.249229758977890E-001,9.628632664680481E-001,5.691814422607422E-002,1.441076491028070E-002,-1.249229758977890E-001,9.628632664680481E-001,5.691814422607422E-002,
2.053766666666667E+009,-5.319751799106598E-003,-1.249553039669991E-001,9.651585817337036E-001,3.112665563821793E-002,-5.319751799106598E-003,-1.249553039669991E-001,9.651585817337036E-001,3.112665563821793E-002,
2.062133333333334E+009,-2.104094438254833E-002,-1.188860014081001E-001,9.700323939323425E-001,4.261267371475697E-003,-2.104094438254833E-002,-1.188860014081001E-001,9.700323939323425E-001,4.261267371475697E-003,
2.070500000000000E+009,-2.988651767373085E-002,-1.036759316921234E-001,9.697951078414917E-001,-2.165695093572140E-002,-2.988651767373085E-002,-1.036759316921234E-001,9.697951078414917E-001,-2.165695093572140E-002,
2.078866666666667E+009,-2.923077903687954E-002,-8.871183544397354E-002,9.670517444610596E-001,-4.311399906873703E-002,-2.923077903687954E-002,-8.871183544397354E-002,9.670517444610596E-001,-4.311399906873703E-002,
2.087233333333334E+009,-1.917337439954281E-002,-8.055401593446732E-002,9.674706459045410E-001,-7.726845890283585E-002,-1.917337439954281E-002,-8.055401593446732E-002,9.674706459045410E-001,-7.726845890283585E-002,
2.095600000000000E+009,-3.906079800799489E-003,-7.691353559494019E-002,9.705014228820801E-001,-9.718439728021622E-002,-3.906079800799489E-003,-7.691353559494019E-002,9.705014228820801E-001,-9.718439728021622E-002,
2.103966666666667E+009,1.110755186527968E-002,-8.648152649402618E-002,9.676417112350464E-001,-1.248721182346344E-001,1.110755186527968E-002,-8.648152649402618E-002,9.676417112350464E-001,-1.248721182346344E-001,
2.112333333333334E+009,2.018009126186371E-002,-1.023458391427994E-001,9.561837911605835E-001,-1.450383365154266E-001,2.018009126186371E-002,-1.023458391427994E-001,9.561837911605835E-001,-1.450383365154266E-001,
2.120700000000000E+009,1.969370245933533E-002,-1.253059804439545E-001,9.529666900634766E-001,-1.765949279069901E-001,1.969370245933533E-002,-1.253059804439545E-001,9.529666900634766E-001,-1.765949279069901E-001,
2.129066666666667E+009,6.289860699325800E-003,-1.419563591480255E-001,9.562798738479614E-001,-2.033371627330780E-001,6.289860699325800E-003,-1.419563591480255E-001,9.562798738479614E-001,-2.033371627330780E-001,
2.137433333333334E+009,-1.633824780583382E-002,-1.524760723114014E-001,9.388394355773926E-001,-2.219772785902023E-001,-1.633824780583382E-002,-1.524760723114014E-001,9.388394355773926E-001,-2.219772785902023E-001,
2.145800000000000E+009,-4.414188116788864E-002,-1.508160084486008E-001,9.364887475967407E-001,-2.449174076318741E-001,-4.414188116788864E-002,-1.508160084486008E-001,9.364887475967407E-001,-2.449174076318741E-001,
2.154166666666667E+009,-6.560438871383667E-002,-1.380508095026016E-001,9.282810091972351E-001,-2.621010839939117E-001,-6.560438871383667E-002,-1.380508095026016E-001,9.282810091972351E-001,-2.621010839939117E-001,
2.162533333333334E+009,-7.830880582332611E-002,-1.160263940691948E-001,9.105229973793030E-001,-2.864435315132141E-001,-7.830880582332611E-002,-1.160263940691948E-001,9.105229973793030E-001,-2.864435315132141E-001,
2.170900000000000E+009,-7.764790952205658E-002,-9.385258704423904E-002,9.185742735862732E-001,-3.147804737091065E-001,-7.764790952205658E-002,-9.385258704423904E-002,9.185742735862732E-001,-3.147804737091065E-001,
2.179266666666667E+009,-6.492602080106735E-002,-7.900341600179672E-002,9.069628715515137E-001,-3.304959237575531E-001,-6.492602080106735E-002,-7.900341600179672E-002,9.069628715515137E-001,-3.304959237575531E-001,
2.187633333333334E+009,-4.622256383299828E-002,-7.385291159152985E-002,9.035822153091431E-001,-3.627324700355530E-001,-4.622256383299828E-002,-7.385291159152985E-002,9.035822153091431E-001,-3.627324700355530E-001,
2.196000000000000E+009,-2.605596370995045E-002,-8.312837034463882E-002,8.855105638504028E-001,-3.854291439056397E-001,-2.605596370995045E-002,-8.312837034463882E-002,8.855105638504028E-001,-3.854291439056397E-001,
2.204366666666667E+009,-1.444248761981726E-002,-1.039523407816887E-001,8.772059082984924E-001,-4.074816405773163E-001,-1.444248761981726E-002,-1.039523407816887E-001,8.772059082984924E-001,-4.074816405773163E-001,
2.212733333333334E+009,-1.531267724931240E-002,-1.291236132383347E-001,8.636902570724487E-001,-4.397720098495483E-001,-1.531267724931240E-002,-1.291236132383347E-001,8.636902570724487E-001,-4.397720098495483E-001,
2.221100000000000E+009,-3.096339106559753E-002,-1.483615189790726E-001,8.429650664329529E-001,-4.512621760368347E-001,-3.096339106559753E-002,-1.483615189790726E-001,8.429650664329529E-001,-4.512621760368347E-001,
2.229466666666667E+009,-5.493053793907166E-002,-1.593723446130753E-001,8.348512649536133E-001,-4.634528756141663E-001,-5.493053793907166E-002,-1.593723446130753E-001,8.348512649536133E-001,-4.634528756141663E-001,
2.237833333333334E+009,-8.474308252334595E-002,-1.538370996713638E-001,8.261638283729553E-001,-4.896135926246643E-001,-8.474308252334595E-002,-1.538370996713638E-001,8.261638283729553E-001,-4.896135926246643E-001,
2.246200000000000E+009,-1.096697077155113E-001,-1.368752866983414E-001,8.128809928894043E-001,-5.097781419754028E-001,-1.096697077155113E-001,-1.368752866983414E-001,8.128809928894043E-001,-5.097781419754028E-001,
2.254566666666667E+009,-1.206104308366776E-001,-1.096554324030876E-001,8.040023446083069E-001,-5.270494222640991E-001,-1.206104308366776E-001,-1.096554324030876E-001,8.040023446083069E-001,-5.270494222640991E-001,
2.262933333333334E+009,-1.202053949236870E-001,-8.480942994356155E-002,7.912619113922119E-001,-5.484381318092346E-001,-1.202053949236870E-001,-8.480942994356155E-002,7.912619113922119E-001,-5.484381318092346E-001,
2.271300000000000E+009,-1.064506024122238E-001,-6.471258401870728E-002,7.748225927352905E-001,-5.675485134124756E-001,-1.064506024122238E-001,-6.471258401870728E-002,7.748225927352905E-001,-5.675485134124756E-001,
2.279666666666667E+009,-8.448616415262222E-002,-6.093309447169304E-002,7.640590071678162E-001,-5.890869498252869E-001,-8.448616415262222E-002,-6.093309447169304E-002,7.640590071678162E-001,-5.890869498252869E-001,
2.288033333333334E+009,-6.581345945596695E-002,-7.129660248756409E-002,7.490689754486084E-001,-6.188951134681702E-001,-6.581345945596695E-002,-7.129660248756409E-002,7.490689754486084E-001,-6.188951134681702E-001,
2.296400000000000E+009,-5.576609075069428E-002,-9.347657859325409E-002,7.264579534530640E-001,-6.383016705513001E-001,-5.576609075069428E-002,-9.347657859325409E-002,7.264579534530640E-001,-6.383016705513001E-001,
2.304766666666667E+009,-6.135176867246628E-002,-1.182612329721451E-001,7.123835086822510E-001,-6.450144648551941E-001,-6.135176867246628E-002,-1.182612329721451E-001,7.123835086822510E-001,-6.450144648551941E-001,
2.313133333333334E+009,-8.181545883417130E-002,-1.347862333059311E-001,6.882157325744629E-001,-6.766386628150940E-001,-8.181545883417130E-002,-1.347862333059311E-001,6.882157325744629E-001,-6.766386628150940E-001,
2.321500000000000E+009,-1.063765436410904E-001,-1.381532549858093E-001,6.732844114303589E-001,-6.838306784629822E-001,-1.063765436410904E-001,-1.381532549858093E-001,6.732844114303589E-001,-6.838306784629822E-001,
2.329866666666667E+009,-1.321365237236023E-001,-1.267146170139313E-001,6.622524261474609E-001,-7.003878355026245E-001,-1.321365237236023E-001,-1.267146170139313E-001,6.622524261474609E-001,-7.003878355026245E-001,
2.338233333333334E+009,-1.508868038654327E-001,-1.041733324527741E-001,6.355755925178528E-001,-7.162449955940247E-001,-1.508868038654327E-001,-1.041733324527741E-001,6.355755925178528E-001,-7.162449955940247E-001,
2.346600000000000E+009,-1.546087265014648E-001,-7.259949296712875E-002,6.176459789276123E-001,-7.341616749763489E-001,-1.546087265014648E-001,-7.259949296712875E-002,6.176459789276123E-001,-7.341616749763489E-001,
2.354966666666667E+009,-1.422339379787445E-001,-4.834899678826332E-002,6.111968755722046E-001,-7.463610768318176E-001,-1.422339379787445E-001,-4.834899678826332E-002,6.111968755722046E-001,-7.463610768318176E-001,
2.363333333333334E+009,-1.208130642771721E-001,-3.650621697306633E-002,5.942419767379761E-001,-7.641305923461914E-001,-1.208130642771721E-001,-3.650621697306633E-002,5.942419767379761E-001,-7.641305923461914E-001,
2.371700000000000E+009,-9.368552267551422E-002,-3.950596973299980E-002,5.744075179100037E-001,-7.847195863723755E-001,-9.368552267551422E-002,-3.950596973299980E-002,5.744075179100037E-001,-7.847195863723755E-001,
2.380066666666667E+009,-7.679159194231033E-002,-6.162459030747414E-002,5.446105599403381E-001,-8.005138039588928E-001,-7.679159194231033E-002,-6.162459030747414E-002,5.446105599403381E-001,-8.005138039588928E-001,
2.388433333333334E+009,-7.608917355537415E-002,-9.094234555959702E-002,5.224663615226746E-001,-8.071666359901428E-001,-7.608917355537415E-002,-9.094234555959702E-002,5.224663615226746E-001,-8.071666359901428E-001,
2.396800000000000E+009,-9.333216398954392E-002,-1.205029040575028E-001,4.895993173122406E-001,-8.260263800621033E-001,-9.333216398954392E-002,-1.205029040575028E-001,4.895993173122406E-001,-8.260263800621033E-001,
2.405166666666667E+009,-1.246277391910553E-001,-1.394742876291275E-001,4.712067842483521E-001,-8.358603715896606E-001,-1.246277391910553E-001,-1.394742876291275E-001,4.712067842483521E-001,-8.358603715896606E-001,
2.413533333333334E+009,-1.639810055494309E-001,-1.365887224674225E-001,4.468633830547333E-001,-8.409911990165710E-001,-1.639810055494309E-001,-1.365887224674225E-001,4.468633830547333E-001,-8.409911990165710E-001,
2.421900000000000E+009,-2.003902345895767E-001,-1.160660907626152E-001,4.342527389526367E-001,-8.510288000106812E-001,-2.003902345895767E-001,-1.160660907626152E-001,4.342527389526367E-001,-8.510288000106812E-001,
2.430266666666667E+009,-2.202433943748474E-001,-8.132936805486679E-002,4.159208238124847E-001,-8.600834012031555E-001,-2.202433943748474E-001,-8.132936805486679E-002,4.159208238124847E-001,-8.600834012031555E-001,
2.438633333333334E+009,-2.250213027000427E-001,-3.818289935588837E-002,3.971113562583923E-001,-8.684919476509094E-001,-2.250213027000427E-001,-3.818289935588837E-002,3.971113562583923E-001,-8.684919476509094E-001,
2.447000000000000E+009,-2.082428336143494E-001,7.544637192040682E-004,3.764314949512482E-001,-8.834184408187866E-001,-2.082428336143494E-001,7.544637192040682E-004,3.764314949512482E-001,-8.834184408187866E-001,
2.455366666666667E+009,-1.771133840084076E-001,2.325637079775333E-002,3.580365478992462E-001,-8.917375206947327E-001,-1.771133840084076E-001,2.325637079775333E-002,3.580365478992462E-001,-8.917375206947327E-001,
2.463733333333334E+009,-1.431913524866104E-001,2.720372006297112E-002,3.360927999019623E-001,-9.081132411956787E-001,-1.431913524866104E-001,2.720372006297112E-002,3.360927999019623E-001,-9.081132411956787E-001,
2.472100000000000E+009,-1.164499074220657E-001,1.029013190418482E-002,3.095437586307526E-001,-9.185806512832642E-001,-1.164499074220657E-001,1.029013190418482E-002,3.095437586307526E-001,-9.185806512832642E-001,
2.480466666666667E+009,-1.056031584739685E-001,-1.849382184445858E-002,2.760432362556458E-001,-9.220551252365112E-001,-1.056031584739685E-001,-1.849382184445858E-002,2.760432362556458E-001,-9.220551252365112E-001,
2.488833333333334E+009,-1.151902154088020E-001,-4.881683737039566E-002,2.541674673557282E-001,-9.299773573875427E-001,-1.151902154088020E-001,-4.881683737039566E-002,2.541674673557282E-001,-9.299773573875427E-001,
2.497200000000000E+009,-1.389016509056091E-001,-6.728422641754150E-002,2.240776568651199E-001,-9.371551275253296E-001,-1.389016509056091E-001,-6.728422641754150E-002,2.240776568651199E-001,-9.371551275253296E-001,
2.505566666666667E+009,-1.750244796276093E-001,-6.937152147293091E-002,1.971927583217621E-001,-9.424817562103272E-001,-1.750244796276093E-001,-6.937152147293091E-002,1.971927583217621E-001,-9.424817562103272E-001,
2.513933333333334E+009,-2.037293463945389E-001,-5.090522393584251E-002,1.786812692880631E-001,-9.396756887435913E-001,-2.037293463945389E-001,-5.090522393584251E-002,1.786812692880631E-001,-9.396756887435913E-001,
2.522300000000000E+009,-2.208566814661026E-001,-2.149967849254608E-002,1.523326784372330E-001,-9.425407648086548E-001,-2.208566814661026E-001,-2.149967849254608E-002,1.523326784372330E-001,-9.425407648086548E-001,
2.530666666666667E+009,-2.188638001680374E-001,1.561562903225422E-002,1.289015710353851E-001,-9.502940773963928E-001,-2.188638001680374E-001,1.561562903225422E-002,1.289015710353851E-001,-9.502940773963928E-001,
2.539033333333334E+009,-2.008100599050522E-001,4.675818234682083E-002,1.122075691819191E-001,-9.506551027297974E-001,-2.008100599050522E-001,4.675818234682083E-002,1.122075691819191E-001,-9.506551027297974E-001,
2.547400000000000E+009,-1.711176037788391E-001,6.511319428682327E-002,9.465919435024262E-002,-9.624814391136169E-001,-1.711176037788391E-001,6.511319428682327E-002,9.465919435024262E-002,-9.624814391136169E-001,
2.555766666666667E+009,-1.371537148952484E-001,6.495139002799988E-002,6.674390286207199E-002,-9.690500497817993E-001,-1.371537148952484E-001,6.495139002799988E-002,6.674390286207199E-002,-9.690500497817993E-001,
2.564133333333334E+009,-1.146733388304710E-001,4.503117129206657E-002,3.942452371120453E-002,-9.665647149085999E-001,-1.146733388304710E-001,4.503117129206657E-002,3.942452371120453E-002,-9.665647149085999E-001,
2.572500000000000E+009,-1.090396791696549E-001,1.672264188528061E-002,1.162531971931458E-002,-9.671510457992554E-001,-1.090396791696549E-001,1.672264188528061E-002,1.162531971931458E-002,-9.671510457992554E-001,
2.580866666666667E+009,-1.224750801920891E-001,-1.057005953043699E-002,-1.771226339042187E-002,-9.686071276664734E-001,-1.224750801920891E-001,-1.057005953043699E-002,-1.771226339042187E-002,-9.686071276664734E-001,
2.589233333333334E+009,-1.523968130350113E-001,-2.610205113887787E-002,-4.842793941497803E-002,-9.613158106803894E-001,-1.523968130350113E-001,-2.610205113887787E-002,-4.842793941497803E-002,-9.613158106803894E-001,
2.597600000000000E+009,-1.865891665220261E-001,-2.433867380023003E-002,-7.630649209022522E-002,-9.566138386726379E-001,-1.865891665220261E-001,-2.433867380023003E-002,-7.630649209022522E-002,-9.566138386726379E-001,
2.605966666666667E+009,-2.162757068872452E-001,-2.242118818685412E-003,-8.984440565109253E-002,-9.567983746528626E-001,-2.162757068872452E-001,-2.242118818685412E-003,-8.984440565109253E-002,-9.567983746528626E-001,
2.614333333333334E+009,-2.309455126523972E-001,2.939635328948498E-002,-1.131695881485939E-001,-9.460731148719788E-001,-2.309455126523972E-001,2.939635328948498E-002,-1.131695881485939E-001,-9.460731148719788E-001,
2.622700000000000E+009,-2.267282605171204E-001,6.887659430503845E-002,-1.328278183937073E-001,-9.400958418846130E-001,-2.267282605171204E-001,6.887659430503845E-002,-1.328278183937073E-001,-9.400958418846130E-001,
2.631066666666667E+009,-2.061025649309158E-001,1.011368334293366E-001,-1.550551503896713E-001,-9.490369558334351E-001,-2.061025649309158E-001,1.011368334293366E-001,-1.550551503896713E-001,-9.490369558334351E-001,
2.639433333333334E+009,-1.726618260145187E-001,1.176996454596520E-001,-1.751859486103058E-001,-9.394399523735046E-001,-1.726618260145187E-001,1.176996454596520E-001,-1.751859486103058E-001,-9.394399523735046E-001,
2.647800000000000E+009,-1.370134502649307E-001,1.169339343905449E-001,-1.997496485710144E-001,-9.405655860900879E-001,-1.370134502649307E-001,1.169339343905449E-001,-1.997496485710144E-001,-9.405655860900879E-001,
2.656166666666667E+009,-1.127933859825134E-001,9.856226295232773E-002,-2.228387594223023E-001,-9.445293545722961E-001,-1.127933859825134E-001,9.856226295232773E-002,-2.228387594223023E-001,-9.445293545722961E-001,
2.664533333333334E+009,-1.047623082995415E-001,7.183318585157394E-002,-2.577224075794220E-001,-9.280920624732971E-001,-1.047623082995415E-001,7.183318585157394E-002,-2.577224075794220E-001,-9.280920624732971E-001,
2.672900000000000E+009,-1.155593767762184E-001,4.567382112145424E-002,-2.799859941005707E-001,-9.237621426582336E-001,-1.155593767762184E-001,4.567382112145424E-002,-2.799859941005707E-001,-9.237621426582336E-001,
2.681266666666667E+009,-1.415594220161438E-001,3.251172974705696E-002,-3.080325722694397E-001,-9.112859368324280E-001,-1.415594220161438E-001,3.251172974705696E-002,-3.080325722694397E-001,-9.112859368324280E-001,
2.689633333333334E+009,-1.743671000003815E-001,3.626070916652679E-002,-3.303479850292206E-001,-9.023363590240479E-001,-1.743671000003815E-001,3.626070916652679E-002,-3.303479850292206E-001,-9.023363590240479E-001,
2.698000000000000E+009,-1.997939795255661E-001,5.775675922632217E-002,-3.451977372169495E-001,-8.865100145339966E-001,-1.997939795255661E-001,5.775675922632217E-002,-3.451977372169495E-001,-8.865100145339966E-001,
2.706366666666667E+009,-2.106255292892456E-001,9.167850017547607E-002,-3.705899715423584E-001,-8.720746040344238E-001,-2.106255292892456E-001,9.167850017547607E-002,-3.705899715423584E-001,-8.720746040344238E-001,
2.714733333333334E+009,-2.051743417978287E-001,1.260417550802231E-001,-3.828494846820831E-001,-8.713371753692627E-001,-2.051743417978287E-001,1.260417550802231E-001,-3.828494846820831E-001,-8.713371753692627E-001,
2.723100000000000E+009,-1.804589182138443E-001,1.561393588781357E-001,-4.022362232208252E-001,-8.596506714820862E-001,-1.804589182138443E-001,1.561393588781357E-001,-4.022362232208252E-001,-8.596506714820862E-001,
2.731466666666667E+009,-1.441370397806168E-001,1.718279719352722E-001,-4.255405664443970E-001,-8.564461469650269E-001,-1.441370397806168E-001,1.718279719352722E-001,-4.255405664443970E-001,-8.564461469650269E-001,
2.739833333333334E+009,-1.078387200832367E-001,1.678509712219238E-001,-4.459642171859741E-001,-8.462203741073608E-001,-1.078387200832367E-001,1.678509712219238E-001,-4.459642171859741E-001,-8.462203741073608E-001,
2.748200000000000E+009,-8.083974570035934E-002,1.486957371234894E-001,-4.698465168476105E-001,-8.392465114593506E-001,-8.083974570035934E-002,1.486957371234894E-001,-4.698465168476105E-001,-8.392465114593506E-001,
2.756566666666667E+009,-7.035825401544571E-002,1.195977777242661E-001,-4.962075948715210E-001,-8.308076262474060E-001,-7.035825401544571E-002,1.195977777242661E-001,-4.962075948715210E-001,-8.308076262474060E-001,
2.764933333333334E+009,-7.837242633104324E-002,9.192809462547302E-002,-5.293896198272705E-001,-8.209102153778076E-001,-7.837242633104324E-002,9.192809462547302E-002,-5.293896198272705E-001,-8.209102153778076E-001,
2.773300000000000E+009,-1.012492552399635E-001,7.365901023149490E-002,-5.456396341323853E-001,-7.978129982948303E-001,-1.012492552399635E-001,7.365901023149490E-002,-5.456396341323853E-001,-7.978129982948303E-001,
2.781666666666667E+009,-1.336719095706940E-001,7.694668322801590E-002,-5.640057921409607E-001,-7.790259718894959E-001,-1.336719095706940E-001,7.694668322801590E-002,-5.640057921409607E-001,-7.790259718894959E-001,
2.790033333333334E+009,-1.593964397907257E-001,9.506885707378388E-002,-5.825997591018677E-001,-7.644535899162293E-001,-1.593964397907257E-001,9.506885707378388E-002,-5.825997591018677E-001,-7.644535899162293E-001,
2.798400000000000E+009,-1.724474728107452E-001,1.271026730537415E-001,-5.992801189422607E-001,-7.494015097618103E-001,-1.724474728107452E-001,1.271026730537415E-001,-5.992801189422607E-001,-7.494015097618103E-001,
2.806766666666667E+009,-1.645551323890686E-001,1.622591018676758E-001,-6.127191781997681E-001,-7.264196276664734E-001,-1.645551323890686E-001,1.622591018676758E-001,-6.127191781997681E-001,-7.264196276664734E-001,
2.815133333333334E+009,-1.425102204084396E-001,1.888379752635956E-001,-6.275798082351685E-001,-7.153346538543701E-001,-1.425102204084396E-001,1.888379752635956E-001,-6.275798082351685E-001,-7.153346538543701E-001,
2.823500000000000E+009,-1.075739935040474E-001,2.026749253273010E-001,-6.450831890106201E-001,-7.044108510017395E-001,-1.075739935040474E-001,2.026749253273010E-001,-6.450831890106201E-001,-7.044108510017395E-001,
2.831866666666667E+009,-7.163168489933014E-002,1.966521292924881E-001,-6.590050458908081E-001,-6.919922828674316E-001,-7.163168489933014E-002,1.966521292924881E-001,-6.590050458908081E-001,-6.919922828674316E-001,
2.840233333333334E+009,-4.320521280169487E-002,1.763139069080353E-001,-6.854461431503296E-001,-6.804129481315613E-001,-4.320521280169487E-002,1.763139069080353E-001,-6.854461431503296E-001,-6.804129481315613E-001,
2.848600000000000E+009,-3.124224208295345E-002,1.464782953262329E-001,-7.019093036651611E-001,-6.597148180007935E-001,-3.124224208295345E-002,1.464782953262329E-001,-7.019093036651611E-001,-6.597148180007935E-001,
2.856966666666667E+009,-3.879890218377113E-002,1.178332045674324E-001,-7.232343554496765E-001,-6.433442234992981E-001,-3.879890218377113E-002,1.178332045674324E-001,-7.232343554496765E-001,-6.433442234992981E-001,
2.865333333333334E+009,-6.322114914655685E-002,9.950494766235352E-002,-7.433283329010010E-001,-6.252505779266357E-001,-6.322114914655685E-002,9.950494766235352E-002,-7.433283329010010E-001,-6.252505779266357E-001,
2.873700000000000E+009,-9.522315859794617E-002,9.952162206172943E-002,-7.608844637870789E-001,-5.943239331245422E-001,-9.522315859794617E-002,9.952162206172943E-002,-7.608844637870789E-001,-5.943239331245422E-001,
2.882066666666667E+009,-1.215877085924149E-001,1.184387356042862E-001,-7.695254087448120E-001,-5.668803453445435E-001,-1.215877085924149E-001,1.184387356042862E-001,-7.695254087448120E-001,-5.668803453445435E-001,
2.890433333333334E+009,-1.348436176776886E-001,1.520948857069016E-001,-7.809663414955139E-001,-5.478347539901733E-001,-1.348436176776886E-001,1.520948857069016E-001,-7.809663414955139E-001,-5.478347539901733E-001,
2.898800000000000E+009,-1.280542016029358E-001,1.890065670013428E-001,-7.877644300460815E-001,-5.319834947586060E-001,-1.280542016029358E-001,1.890065670013428E-001,-7.877644300460815E-001,-5.319834947586060E-001,
2.907166666666667E+009,-1.031213626265526E-001,2.174403369426727E-001,-7.926626205444336E-001,-5.181552767753601E-001,-1.031213626265526E-001,2.174403369426727E-001,-7.926626205444336E-001,-5.181552767753601E-001,
2.915533333333334E+009,-6.470427662134171E-002,2.325385063886643E-001,-8.078798651695252E-001,-4.942004680633545E-001,-6.470427662134171E-002,2.325385063886643E-001,-8.078798651695252E-001,-4.942004680633545E-001,
2.923900000000000E+009,-2.644900418817997E-002,2.270165681838989E-001,-8.202511668205261E-001,-4.840179383754730E-001,-2.644900418817997E-002,2.270165681838989E-001,-8.202511668205261E-001,-4.840179383754730E-001,
2.932266666666667E+009,4.143475554883480E-003,2.054355889558792E-001,-8.332242369651794E-001,-4.710263013839722E-001,4.143475554883480E-003,2.054355889558792E-001,-8.332242369651794E-001,-4.710263013839722E-001,
2.940633333333334E+009,1.821809634566307E-002,1.713993102312088E-001,-8.502848148345947E-001,-4.459658563137054E-001,1.821809634566307E-002,1.713993102312088E-001,-8.502848148345947E-001,-4.459658563137054E-001,
2.949000000000000E+009,1.223402842879295E-002,1.356693059206009E-001,-8.726002573966980E-001,-4.156671762466431E-001,1.223402842879295E-002,1.356693059206009E-001,-8.726002573966980E-001,-4.156671762466431E-001,
2.957366666666667E+009,-1.223682053387165E-002,1.138578951358795E-001,-8.850401639938355E-001,-4.005162715911865E-001,-1.223682053387165E-002,1.138578951358795E-001,-8.850401639938355E-001,-4.005162715911865E-001,
2.965733333333334E+009,-4.697816446423531E-002,1.106843575835228E-001,-8.982198834419251E-001,-3.700803220272064E-001,-4.697816446423531E-002,1.106843575835228E-001,-8.982198834419251E-001,-3.700803220272064E-001,
2.974100000000000E+009,-7.482198625802994E-002,1.294929087162018E-001,-9.060534834861755E-001,-3.339124619960785E-001,-7.482198625802994E-002,1.294929087162018E-001,-9.060534834861755E-001,-3.339124619960785E-001,
2.982466666666667E+009,-8.929853886365891E-002,1.625786721706390E-001,-9.095775485038757E-001,-3.093514144420624E-001,-8.929853886365891E-002,1.625786721706390E-001,-9.095775485038757E-001,-3.093514144420624E-001,
2.990833333333334E+009,-8.328086882829666E-002,1.997961103916168E-001,-9.050616621971130E-001,-2.924809455871582E-001,-8.328086882829666E-002,1.997961103916168E-001,-9.050616621971130E-001,-2.924809455871582E-001,
2.999200000000000E+009,-5.670844390988350E-002,2.305523455142975E-001,-9.098321199417114E-001,-2.708612382411957E-001,-5.670844390988350E-002,2.305523455142975E-001,-9.098321199417114E-001,-2.708612382411957E-001,
3.007566666666667E+009,-1.726440712809563E-002,2.451400309801102E-001,-9.135269522666931E-001,-2.515021860599518E-001,-1.726440712809563E-002,2.451400309801102E-001,-9.135269522666931E-001,-2.515021860599518E-001,
3.015933333333334E+009,2.546422556042671E-002,2.373061776161194E-001,-9.171316027641296E-001,-2.388383299112320E-001,2.546422556042671E-002,2.373061776161194E-001,-9.171316027641296E-001,-2.388383299112320E-001,
3.024300000000000E+009,5.780750513076782E-002,2.127909213304520E-001,-9.279158711433411E-001,-2.193800210952759E-001,5.780750513076782E-002,2.127909213304520E-001,-9.279158711433411E-001,-2.193800210952759E-001,
3.032666666666667E+009,7.255643606185913E-002,1.737723797559738E-001,-9.395629763603210E-001,-1.962794959545136E-001,7.255643606185913E-002,1.737723797559738E-001,-9.395629763603210E-001,-1.962794959545136E-001,
3.041033333333334E+009,6.339032202959061E-002,1.351792663335800E-001,-9.505667686462402E-001,-1.731027513742447E-001,6.339032202959061E-002,1.351792663335800E-001,-9.505667686462402E-001,-1.731027513742447E-001,
3.049400000000000E+009,3.435651212930679E-002,1.099596172571182E-001,-9.584997296333313E-001,-1.355646699666977E-001,3.435651212930679E-002,1.099596172571182E-001,-9.584997296333313E-001,-1.355646699666977E-001,
3.057766666666667E+009,-3.037234768271446E-003,1.061046421527863E-001,-9.672974348068237E-001,-1.181166544556618E-001,-3.037234768271446E-003,1.061046421527863E-001,-9.672974348068237E-001,-1.181166544556618E-001,
3.066133333333334E+009,-3.797516971826553E-002,1.254718303680420E-001,-9.610942602157593E-001,-7.755419611930847E-002,-3.797516971826553E-002,1.254718303680420E-001,-9.610942602157593E-001,-7.755419611930847E-002,
3.074500000000000E+009,-5.411923304200172E-002,1.628678739070892E-001,-9.615018963813782E-001,-4.829466342926025E-002,-5.411923304200172E-002,1.628678739070892E-001,-9.615018963813782E-001,-4.829466342926025E-002,
3.082866666666667E+009,-4.527318105101585E-002,2.045445442199707E-001,-9.550008773803711E-001,-2.854851819574833E-002,-4.527318105101585E-002,2.045445442199707E-001,-9.550008773803711E-001,-2.854851819574833E-002,
3.091233333333334E+009,-1.402155216783285E-002,2.393629252910614E-001,-9.482388496398926E-001,-5.974664352834225E-003,-1.402155216783285E-002,2.393629252910614E-001,-9.482388496398926E-001,-5.974664352834225E-003,
3.099600000000000E+009,3.266687318682671E-002,2.529266476631165E-001,-9.412744045257568E-001,8.810048922896385E-003,3.266687318682671E-002,2.529266476631165E-001,-9.412744045257568E-001,8.810048922896385E-003,
3.107966666666667E+009,8.362848311662674E-002,2.417946755886078E-001,-9.445238709449768E-001,2.320455946028233E-002,8.362848311662674E-002,2.417946755886078E-001,-9.445238709449768E-001,2.320455946028233E-002,
3.116333333333334E+009,1.231201291084290E-001,2.095984518527985E-001,-9.469441771507263E-001,4.449089616537094E-002,1.231201291084290E-001,2.095984518527985E-001,-9.469441771507263E-001,4.449089616537094E-002,
3.124700000000000E+009,1.389171183109283E-001,1.622349619865418E-001,-9.548578858375549E-001,6.168023124337196E-002,1.389171183109283E-001,1.622349619865418E-001,-9.548578858375549E-001,6.168023124337196E-002,
3.133066666666667E+009,1.294182389974594E-001,1.150427982211113E-001,-9.627524018287659E-001,9.234999120235443E-002,1.294182389974594E-001,1.150427982211113E-001,-9.627524018287659E-001,9.234999120235443E-002,
3.141433333333334E+009,9.699457883834839E-002,8.011280745267868E-002,-9.654628038406372E-001,1.192113980650902E-001,9.699457883834839E-002,8.011280745267868E-002,-9.654628038406372E-001,1.192113980650902E-001,
3.149800000000000E+009,4.905632138252258E-002,7.131730765104294E-002,-9.661422967910767E-001,1.575446724891663E-001,4.905632138252258E-002,7.131730765104294E-002,-9.661422967910767E-001,1.575446724891663E-001,
3.158166666666667E+009,5.562080536037684E-003,9.141698479652405E-002,-9.529591798782349E-001,1.902815103530884E-001,5.562080536037684E-003,9.141698479652405E-002,-9.529591798782349E-001,1.902815103530884E-001,
3.166533333333334E+009,-1.793887279927731E-002,1.321852654218674E-001,-9.441415667533875E-001,2.177340537309647E-001,-1.793887279927731E-002,1.321852654218674E-001,-9.441415667533875E-001,2.177340537309647E-001,
3.174900000000000E+009,-1.543301064521074E-002,1.805125474929810E-001,-9.284473657608032E-001,2.429756820201874E-001,-1.543301064521074E-002,1.805125474929810E-001,-9.284473657608032E-001,2.429756820201874E-001,
3.183266666666667E+009,1.540354173630476E-002,2.204462289810181E-001,-9.121612310409546E-001,2.612508237361908E-001,1.540354173630476E-002,2.204462289810181E-001,-9.121612310409546E-001,2.612508237361908E-001,
3.191633333333334E+009,6.331969797611237E-002,2.366829365491867E-001,-8.986376523971558E-001,2.756422162055969E-001,6.331969797611237E-002,2.366829365491867E-001,-8.986376523971558E-001,2.756422162055969E-001,
3.200000000000000E+009,1.150094643235207E-001,2.253994941711426E-001,-8.961501717567444E-001,2.869505584239960E-001,1.150094643235207E-001,2.253994941711426E-001,-8.961501717567444E-001,2.869505584239960E-001,
