% Version 1.00
%
%freq[Hz],re:Trc1_S11,im:Trc1_S11,re:Trc2_S21,im:Trc2_S21,re:Trc3_S11,im:Trc3_S11,re:Trc4_S21,im:Trc4_S21,
6.900000000000000E+008,-4.981023445725441E-002,2.153657935559750E-002,-4.999443888664246E-001,-8.530116081237793E-001,-4.981023445725441E-002,2.153657935559750E-002,-4.999443888664246E-001,-8.530116081237793E-001,
6.983666666666666E+008,-4.316235333681107E-002,2.148159407079220E-002,-5.145558714866638E-001,-8.384536504745483E-001,-4.316235333681107E-002,2.148159407079220E-002,-5.145558714866638E-001,-8.384536504745483E-001,
7.067333333333334E+008,-3.750035911798477E-002,1.761139184236527E-002,-5.449465513229370E-001,-8.102137446403503E-001,-3.750035911798477E-002,1.761139184236527E-002,-5.449465513229370E-001,-8.102137446403503E-001,
7.151000000000000E+008,-3.857046738266945E-002,9.385680779814720E-003,-5.518804788589478E-001,-8.012621998786926E-001,-3.857046738266945E-002,9.385680779814720E-003,-5.518804788589478E-001,-8.012621998786926E-001,
7.234666666666666E+008,-3.947495669126511E-002,3.753090044483542E-003,-5.913242101669312E-001,-7.886132597923279E-001,-3.947495669126511E-002,3.753090044483542E-003,-5.913242101669312E-001,-7.886132597923279E-001,
7.318333333333334E+008,-4.775325208902359E-002,4.235457163304091E-005,-5.995902419090271E-001,-7.814580202102661E-001,-4.775325208902359E-002,4.235457163304091E-005,-5.995902419090271E-001,-7.814580202102661E-001,
7.402000000000000E+008,-5.607470497488976E-002,1.882004435174167E-003,-6.269149780273438E-001,-7.613055706024170E-001,-5.607470497488976E-002,1.882004435174167E-003,-6.269149780273438E-001,-7.613055706024170E-001,
7.485666666666666E+008,-6.199289858341217E-002,7.016187068074942E-003,-6.495854854583740E-001,-7.225466966629028E-001,-6.199289858341217E-002,7.016187068074942E-003,-6.495854854583740E-001,-7.225466966629028E-001,
7.569333333333334E+008,-6.313195079565048E-002,1.594186574220657E-002,-6.658586263656616E-001,-7.282198667526245E-001,-6.313195079565048E-002,1.594186574220657E-002,-6.658586263656616E-001,-7.282198667526245E-001,
7.653000000000000E+008,-6.034059077501297E-002,2.476864680647850E-002,-6.728443503379822E-001,-7.196321487426758E-001,-6.034059077501297E-002,2.476864680647850E-002,-6.728443503379822E-001,-7.196321487426758E-001,
7.736666666666666E+008,-5.313480272889137E-002,3.275136649608612E-002,-6.992213726043701E-001,-7.121205925941467E-001,-5.313480272889137E-002,3.275136649608612E-002,-6.992213726043701E-001,-7.121205925941467E-001,
7.820333333333334E+008,-4.681438952684403E-002,3.653373941779137E-002,-7.218929529190064E-001,-6.899482011795044E-001,-4.681438952684403E-002,3.653373941779137E-002,-7.218929529190064E-001,-6.899482011795044E-001,
7.904000000000000E+008,-3.802622854709625E-002,3.461079299449921E-002,-7.347259521484375E-001,-6.664981842041016E-001,-3.802622854709625E-002,3.461079299449921E-002,-7.347259521484375E-001,-6.664981842041016E-001,
7.987666666666666E+008,-3.147865459322929E-002,2.998150512576103E-002,-7.496997117996216E-001,-6.440750360488892E-001,-3.147865459322929E-002,2.998150512576103E-002,-7.496997117996216E-001,-6.440750360488892E-001,
8.071333333333334E+008,-3.203066438436508E-002,2.528196200728416E-002,-7.620645761489868E-001,-6.325091719627380E-001,-3.203066438436508E-002,2.528196200728416E-002,-7.620645761489868E-001,-6.325091719627380E-001,
8.155000000000000E+008,-3.671556338667870E-002,1.788588427007198E-002,-7.710351347923279E-001,-5.866626501083374E-001,-3.671556338667870E-002,1.788588427007198E-002,-7.710351347923279E-001,-5.866626501083374E-001,
8.238666666666666E+008,-4.247345030307770E-002,1.490217819809914E-002,-8.044633269309998E-001,-5.912933349609375E-001,-4.247345030307770E-002,1.490217819809914E-002,-8.044633269309998E-001,-5.912933349609375E-001,
8.322333333333334E+008,-5.171826854348183E-002,1.657134294509888E-002,-8.172734975814819E-001,-5.641722083091736E-001,-5.171826854348183E-002,1.657134294509888E-002,-8.172734975814819E-001,-5.641722083091736E-001,
8.406000000000000E+008,-5.736491829156876E-002,2.001184411346912E-002,-8.258759975433350E-001,-5.478339195251465E-001,-5.736491829156876E-002,2.001184411346912E-002,-8.258759975433350E-001,-5.478339195251465E-001,
8.489666666666668E+008,-5.868120491504669E-002,2.781471237540245E-002,-8.482060432434082E-001,-5.233026146888733E-001,-5.868120491504669E-002,2.781471237540245E-002,-8.482060432434082E-001,-5.233026146888733E-001,
8.573333333333334E+008,-5.627782270312309E-002,3.539059683680534E-002,-8.541593551635742E-001,-5.065121054649353E-001,-5.627782270312309E-002,3.539059683680534E-002,-8.541593551635742E-001,-5.065121054649353E-001,
8.657000000000000E+008,-5.062881484627724E-002,4.396592080593109E-002,-8.707441091537476E-001,-4.778131544589996E-001,-5.062881484627724E-002,4.396592080593109E-002,-8.707441091537476E-001,-4.778131544589996E-001,
8.740666666666668E+008,-4.310797154903412E-002,4.902709648013115E-002,-8.630967736244202E-001,-4.586751163005829E-001,-4.310797154903412E-002,4.902709648013115E-002,-8.630967736244202E-001,-4.586751163005829E-001,
8.824333333333334E+008,-3.469774499535561E-002,4.791317135095596E-002,-8.953481912612915E-001,-4.274553358554840E-001,-3.469774499535561E-002,4.791317135095596E-002,-8.953481912612915E-001,-4.274553358554840E-001,
8.908000000000000E+008,-2.837488241493702E-002,4.778498783707619E-002,-9.074405431747437E-001,-4.227838516235352E-001,-2.837488241493702E-002,4.778498783707619E-002,-9.074405431747437E-001,-4.227838516235352E-001,
8.991666666666668E+008,-2.598354965448380E-002,4.123962670564652E-002,-9.201091527938843E-001,-3.945375978946686E-001,-2.598354965448380E-002,4.123962670564652E-002,-9.201091527938843E-001,-3.945375978946686E-001,
9.075333333333334E+008,-2.658165991306305E-002,3.649142384529114E-002,-9.079931974411011E-001,-3.674100339412689E-001,-2.658165991306305E-002,3.649142384529114E-002,-9.079931974411011E-001,-3.674100339412689E-001,
9.159000000000000E+008,-3.083588369190693E-002,3.199274837970734E-002,-9.263743162155151E-001,-3.583174049854279E-001,-3.083588369190693E-002,3.199274837970734E-002,-9.263743162155151E-001,-3.583174049854279E-001,
9.242666666666668E+008,-3.658771142363548E-002,2.811774425208569E-002,-9.367094635963440E-001,-3.301825523376465E-001,-3.658771142363548E-002,2.811774425208569E-002,-9.367094635963440E-001,-3.301825523376465E-001,
9.326333333333334E+008,-4.199029505252838E-002,3.010778501629829E-002,-9.409380555152893E-001,-3.003211617469788E-001,-4.199029505252838E-002,3.010778501629829E-002,-9.409380555152893E-001,-3.003211617469788E-001,
9.410000000000000E+008,-4.818126559257507E-002,3.632429242134094E-002,-9.465167522430420E-001,-2.735469043254852E-001,-4.818126559257507E-002,3.632429242134094E-002,-9.465167522430420E-001,-2.735469043254852E-001,
9.493666666666668E+008,-5.037976056337357E-002,4.403875768184662E-002,-9.534741640090942E-001,-2.613770365715027E-001,-5.037976056337357E-002,4.403875768184662E-002,-9.534741640090942E-001,-2.613770365715027E-001,
9.577333333333334E+008,-4.622582718729973E-002,5.262100324034691E-002,-9.784322381019592E-001,-2.197362184524536E-001,-4.622582718729973E-002,5.262100324034691E-002,-9.784322381019592E-001,-2.197362184524536E-001,
9.661000000000000E+008,-3.931629285216332E-002,5.980005487799645E-002,-9.632406234741211E-001,-2.057918906211853E-001,-3.931629285216332E-002,5.980005487799645E-002,-9.632406234741211E-001,-2.057918906211853E-001,
9.744666666666668E+008,-3.059747256338596E-002,6.455149501562119E-002,-9.750276207923889E-001,-1.746539175510407E-001,-3.059747256338596E-002,6.455149501562119E-002,-9.750276207923889E-001,-1.746539175510407E-001,
9.828333333333334E+008,-1.811304688453674E-002,6.326009333133698E-002,-9.699872732162476E-001,-1.463846415281296E-001,-1.811304688453674E-002,6.326009333133698E-002,-9.699872732162476E-001,-1.463846415281296E-001,
9.912000000000000E+008,-8.995240554213524E-003,6.064664945006371E-002,-9.823477864265442E-001,-1.375866085290909E-001,-8.995240554213524E-003,6.064664945006371E-002,-9.823477864265442E-001,-1.375866085290909E-001,
9.995666666666668E+008,-4.963190294802189E-003,5.214654281735420E-002,-9.867500662803650E-001,-9.931743144989014E-002,-4.963190294802189E-003,5.214654281735420E-002,-9.867500662803650E-001,-9.931743144989014E-002,
1.007933333333333E+009,-6.163635291159153E-003,4.404355213046074E-002,-9.929957389831543E-001,-8.537265658378601E-002,-6.163635291159153E-003,4.404355213046074E-002,-9.929957389831543E-001,-8.537265658378601E-002,
1.016300000000000E+009,-1.316447369754314E-002,3.624443709850311E-002,-9.908713102340698E-001,-5.545834451913834E-002,-1.316447369754314E-002,3.624443709850311E-002,-9.908713102340698E-001,-5.545834451913834E-002,
1.024666666666667E+009,-2.162870950996876E-002,3.561500087380409E-002,-9.931382536888123E-001,-3.432342782616615E-002,-2.162870950996876E-002,3.561500087380409E-002,-9.931382536888123E-001,-3.432342782616615E-002,
1.033033333333333E+009,-3.018540702760220E-002,3.713387623429298E-002,-9.688420891761780E-001,3.666606731712818E-003,-3.018540702760220E-002,3.713387623429298E-002,-9.688420891761780E-001,3.666606731712818E-003,
1.041400000000000E+009,-3.560753166675568E-002,4.386688023805618E-002,-9.796172976493835E-001,2.461642585694790E-002,-3.560753166675568E-002,4.386688023805618E-002,-9.796172976493835E-001,2.461642585694790E-002,
1.049766666666667E+009,-3.739161789417267E-002,5.247378349304199E-002,-9.883494377136231E-001,4.533504694700241E-002,-3.739161789417267E-002,5.247378349304199E-002,-9.883494377136231E-001,4.533504694700241E-002,
1.058133333333333E+009,-3.011858090758324E-002,6.227755546569824E-002,-9.838393330574036E-001,7.095736265182495E-002,-3.011858090758324E-002,6.227755546569824E-002,-9.838393330574036E-001,7.095736265182495E-002,
1.066500000000000E+009,-1.824999414384365E-002,6.735459715127945E-002,-9.672235846519470E-001,9.959719330072403E-002,-1.824999414384365E-002,6.735459715127945E-002,-9.672235846519470E-001,9.959719330072403E-002,
1.074866666666667E+009,-7.152315694838762E-003,6.498359888792038E-002,-9.804105162620544E-001,1.297849565744400E-001,-7.152315694838762E-003,6.498359888792038E-002,-9.804105162620544E-001,1.297849565744400E-001,
1.083233333333334E+009,4.989672917872667E-003,6.145093217492104E-002,-9.754693508148193E-001,1.458184272050858E-001,4.989672917872667E-003,6.145093217492104E-002,-9.754693508148193E-001,1.458184272050858E-001,
1.091600000000000E+009,8.700119331479073E-003,4.997764527797699E-002,-9.686995148658752E-001,1.790618896484375E-001,8.700119331479073E-003,4.997764527797699E-002,-9.686995148658752E-001,1.790618896484375E-001,
1.099966666666667E+009,9.550222195684910E-003,3.805147856473923E-002,-9.633412361145020E-001,1.969446539878845E-001,9.550222195684910E-003,3.805147856473923E-002,-9.633412361145020E-001,1.969446539878845E-001,
1.108333333333334E+009,5.352167063392699E-004,2.878654189407826E-002,-9.772555232048035E-001,2.209039330482483E-001,5.352167063392699E-004,2.878654189407826E-002,-9.772555232048035E-001,2.209039330482483E-001,
1.116700000000000E+009,-1.263429038226605E-002,3.030484914779663E-002,-9.603986144065857E-001,2.527362406253815E-001,-1.263429038226605E-002,3.030484914779663E-002,-9.603986144065857E-001,2.527362406253815E-001,
1.125066666666667E+009,-2.552904933691025E-002,3.191532194614410E-002,-9.453220963478088E-001,2.729830443859100E-001,-2.552904933691025E-002,3.191532194614410E-002,-9.453220963478088E-001,2.729830443859100E-001,
1.133433333333334E+009,-3.683348000049591E-002,4.500070586800575E-002,-9.404191374778748E-001,2.911319732666016E-001,-3.683348000049591E-002,4.500070586800575E-002,-9.404191374778748E-001,2.911319732666016E-001,
1.141800000000000E+009,-3.694470971822739E-002,5.943240970373154E-002,-9.304087162017822E-001,3.172087073326111E-001,-3.694470971822739E-002,5.943240970373154E-002,-9.304087162017822E-001,3.172087073326111E-001,
1.150166666666667E+009,-3.020513430237770E-002,7.312091439962387E-002,-9.230527281761169E-001,3.463513255119324E-001,-3.020513430237770E-002,7.312091439962387E-002,-9.230527281761169E-001,3.463513255119324E-001,
1.158533333333334E+009,-1.370264310389757E-002,8.139886707067490E-002,-9.149191379547119E-001,3.683426976203919E-001,-1.370264310389757E-002,8.139886707067490E-002,-9.149191379547119E-001,3.683426976203919E-001,
1.166900000000000E+009,5.054338369518518E-003,8.197636157274246E-002,-9.077191352844238E-001,3.934434652328491E-001,5.054338369518518E-003,8.197636157274246E-002,-9.077191352844238E-001,3.934434652328491E-001,
1.175266666666667E+009,2.114694751799107E-002,7.243081927299500E-002,-8.896666169166565E-001,4.096089899539948E-001,2.114694751799107E-002,7.243081927299500E-002,-8.896666169166565E-001,4.096089899539948E-001,
1.183633333333334E+009,3.382444009184837E-002,5.885609239339829E-002,-8.864359855651856E-001,4.344864487648010E-001,3.382444009184837E-002,5.885609239339829E-002,-8.864359855651856E-001,4.344864487648010E-001,
1.192000000000000E+009,3.436242043972015E-002,4.136601462960243E-002,-8.773827552795410E-001,4.645965397357941E-001,3.436242043972015E-002,4.136601462960243E-002,-8.773827552795410E-001,4.645965397357941E-001,
1.200366666666667E+009,2.512337639927864E-002,2.463344298303127E-002,-8.633973598480225E-001,4.831193685531616E-001,2.512337639927864E-002,2.463344298303127E-002,-8.633973598480225E-001,4.831193685531616E-001,
1.208733333333334E+009,7.078250870108604E-003,1.733514480292797E-002,-8.546990752220154E-001,5.118930935859680E-001,7.078250870108604E-003,1.733514480292797E-002,-8.546990752220154E-001,5.118930935859680E-001,
1.217100000000000E+009,-1.207873597741127E-002,2.039123326539993E-002,-8.233453035354614E-001,5.265591144561768E-001,-1.207873597741127E-002,2.039123326539993E-002,-8.233453035354614E-001,5.265591144561768E-001,
1.225466666666667E+009,-2.527371235191822E-002,3.310898318886757E-002,-8.287803530693054E-001,5.494270324707031E-001,-2.527371235191822E-002,3.310898318886757E-002,-8.287803530693054E-001,5.494270324707031E-001,
1.233833333333334E+009,-2.771745249629021E-002,5.049181729555130E-002,-8.076010942459106E-001,5.709372758865356E-001,-2.771745249629021E-002,5.049181729555130E-002,-8.076010942459106E-001,5.709372758865356E-001,
1.242200000000000E+009,-2.258908748626709E-002,6.611217558383942E-002,-7.808694243431091E-001,5.874409675598145E-001,-2.258908748626709E-002,6.611217558383942E-002,-7.808694243431091E-001,5.874409675598145E-001,
1.250566666666667E+009,-7.914114743471146E-003,7.758891582489014E-002,-7.859668135643005E-001,6.128655672073364E-001,-7.914114743471146E-003,7.758891582489014E-002,-7.859668135643005E-001,6.128655672073364E-001,
1.258933333333334E+009,1.220900285989046E-002,7.957289367914200E-002,-7.653697729110718E-001,6.246667504310608E-001,1.220900285989046E-002,7.957289367914200E-002,-7.653697729110718E-001,6.246667504310608E-001,
1.267300000000000E+009,3.057574108242989E-002,6.858488917350769E-002,-7.426474094390869E-001,6.437977552413940E-001,3.057574108242989E-002,6.858488917350769E-002,-7.426474094390869E-001,6.437977552413940E-001,
1.275666666666667E+009,4.093899205327034E-002,5.291888117790222E-002,-7.379997968673706E-001,6.500170826911926E-001,4.093899205327034E-002,5.291888117790222E-002,-7.379997968673706E-001,6.500170826911926E-001,
1.284033333333334E+009,4.261273890733719E-002,3.111416101455689E-002,-7.060683965682983E-001,7.018378973007202E-001,4.261273890733719E-002,3.111416101455689E-002,-7.060683965682983E-001,7.018378973007202E-001,
1.292400000000000E+009,3.052358515560627E-002,1.410262659192085E-002,-7.027003169059753E-001,7.014196515083313E-001,3.052358515560627E-002,1.410262659192085E-002,-7.027003169059753E-001,7.014196515083313E-001,
1.300766666666667E+009,1.266302261501551E-002,7.035265211015940E-003,-6.833687424659729E-001,7.200081348419190E-001,1.266302261501551E-002,7.035265211015940E-003,-6.833687424659729E-001,7.200081348419190E-001,
1.309133333333334E+009,-7.143015973269939E-003,1.111323945224285E-002,-6.685218811035156E-001,7.455421090126038E-001,-7.143015973269939E-003,1.111323945224285E-002,-6.685218811035156E-001,7.455421090126038E-001,
1.317500000000000E+009,-2.199129015207291E-002,2.555344067513943E-002,-6.371374130249023E-001,7.716583609580994E-001,-2.199129015207291E-002,2.555344067513943E-002,-6.371374130249023E-001,7.716583609580994E-001,
1.325866666666667E+009,-2.684458158910275E-002,4.321520775556564E-002,-6.194956302642822E-001,7.713769674301148E-001,-2.684458158910275E-002,4.321520775556564E-002,-6.194956302642822E-001,7.713769674301148E-001,
1.334233333333334E+009,-2.025006525218487E-002,6.375351548194885E-002,-5.981334447860718E-001,7.817163467407227E-001,-2.025006525218487E-002,6.375351548194885E-002,-5.981334447860718E-001,7.817163467407227E-001,
1.342600000000000E+009,-3.139110049232841E-003,7.155109196901321E-002,-5.857558250427246E-001,7.970069050788879E-001,-3.139110049232841E-003,7.155109196901321E-002,-5.857558250427246E-001,7.970069050788879E-001,
1.350966666666667E+009,1.462310645729303E-002,7.142102718353272E-002,-5.555481314659119E-001,8.199526071548462E-001,1.462310645729303E-002,7.142102718353272E-002,-5.555481314659119E-001,8.199526071548462E-001,
1.359333333333334E+009,3.046987019479275E-002,6.086702644824982E-002,-5.395478606224060E-001,8.277713656425476E-001,3.046987019479275E-002,6.086702644824982E-002,-5.395478606224060E-001,8.277713656425476E-001,
1.367700000000000E+009,3.814628720283508E-002,4.055174440145493E-002,-5.224599242210388E-001,8.406567573547363E-001,3.814628720283508E-002,4.055174440145493E-002,-5.224599242210388E-001,8.406567573547363E-001,
1.376066666666667E+009,3.273054212331772E-002,1.790754310786724E-002,-4.950922727584839E-001,8.554377555847168E-001,3.273054212331772E-002,1.790754310786724E-002,-4.950922727584839E-001,8.554377555847168E-001,
1.384433333333334E+009,1.794749498367310E-002,5.444370210170746E-003,-4.857625365257263E-001,8.671506047248840E-001,1.794749498367310E-002,5.444370210170746E-003,-4.857625365257263E-001,8.671506047248840E-001,
1.392800000000000E+009,-5.475086625665426E-003,2.920476952567697E-003,-4.591728150844574E-001,8.716905117034912E-001,-5.475086625665426E-003,2.920476952567697E-003,-4.591728150844574E-001,8.716905117034912E-001,
1.401166666666667E+009,-2.330943569540978E-002,1.283304300159216E-002,-4.272182881832123E-001,8.975563645362854E-001,-2.330943569540978E-002,1.283304300159216E-002,-4.272182881832123E-001,8.975563645362854E-001,
1.409533333333334E+009,-3.484421223402023E-002,3.363845869898796E-002,-4.045194387435913E-001,9.065404534339905E-001,-3.484421223402023E-002,3.363845869898796E-002,-4.045194387435913E-001,9.065404534339905E-001,
1.417900000000000E+009,-3.650043532252312E-002,5.717191845178604E-002,-3.640641868114471E-001,9.008610844612122E-001,-3.650043532252312E-002,5.717191845178604E-002,-3.640641868114471E-001,9.008610844612122E-001,
1.426266666666667E+009,-2.513588964939117E-002,7.825722545385361E-002,-3.628056943416596E-001,9.266312122344971E-001,-2.513588964939117E-002,7.825722545385361E-002,-3.628056943416596E-001,9.266312122344971E-001,
1.434633333333334E+009,-5.666714627295733E-003,8.723088353872299E-002,-3.339239358901978E-001,9.216763973236084E-001,-5.666714627295733E-003,8.723088353872299E-002,-3.339239358901978E-001,9.216763973236084E-001,
1.443000000000000E+009,1.748023740947247E-002,8.663428574800491E-002,-3.083558678627014E-001,9.351599216461182E-001,1.748023740947247E-002,8.663428574800491E-002,-3.083558678627014E-001,9.351599216461182E-001,
1.451366666666667E+009,3.358107432723045E-002,7.142119109630585E-002,-2.913369834423065E-001,9.423611760139465E-001,3.358107432723045E-002,7.142119109630585E-002,-2.913369834423065E-001,9.423611760139465E-001,
1.459733333333334E+009,4.042118787765503E-002,5.277747288346291E-002,-2.780620753765106E-001,9.426455497741699E-001,4.042118787765503E-002,5.277747288346291E-002,-2.780620753765106E-001,9.426455497741699E-001,
1.468100000000000E+009,3.509142994880676E-002,3.240004554390907E-002,-2.373578250408173E-001,9.562151432037354E-001,3.509142994880676E-002,3.240004554390907E-002,-2.373578250408173E-001,9.562151432037354E-001,
1.476466666666667E+009,1.937125809490681E-002,1.877271011471748E-002,-2.169094085693359E-001,9.713659286499023E-001,1.937125809490681E-002,1.877271011471748E-002,-2.169094085693359E-001,9.713659286499023E-001,
1.484833333333334E+009,-1.982600195333362E-003,1.656589098274708E-002,-1.818936616182327E-001,9.721453785896301E-001,-1.982600195333362E-003,1.656589098274708E-002,-1.818936616182327E-001,9.721453785896301E-001,
1.493200000000000E+009,-1.825603656470776E-002,2.784485556185246E-002,-1.655502617359161E-001,9.736102819442749E-001,-1.825603656470776E-002,2.784485556185246E-002,-1.655502617359161E-001,9.736102819442749E-001,
1.501566666666667E+009,-2.761724963784218E-002,4.830859974026680E-002,-1.360709965229034E-001,9.753445386886597E-001,-2.761724963784218E-002,4.830859974026680E-002,-1.360709965229034E-001,9.753445386886597E-001,
1.509933333333334E+009,-2.648927830159664E-002,7.193118333816528E-002,-1.205747425556183E-001,9.792831540107727E-001,-2.648927830159664E-002,7.193118333816528E-002,-1.205747425556183E-001,9.792831540107727E-001,
1.518300000000000E+009,-1.029823720455170E-002,8.966495841741562E-002,-9.542269259691238E-002,9.856138229370117E-001,-1.029823720455170E-002,8.966495841741562E-002,-9.542269259691238E-002,9.856138229370117E-001,
1.526666666666667E+009,1.146768033504486E-002,9.804346412420273E-002,-6.131948158144951E-002,9.793515801429749E-001,1.146768033504486E-002,9.804346412420273E-002,-6.131948158144951E-002,9.793515801429749E-001,
1.535033333333334E+009,3.281334787607193E-002,9.576358646154404E-002,-4.155005142092705E-002,9.881242513656616E-001,3.281334787607193E-002,9.576358646154404E-002,-4.155005142092705E-002,9.881242513656616E-001,
1.543400000000000E+009,4.817961156368256E-002,8.102849870920181E-002,-2.126926183700562E-002,9.851043820381165E-001,4.817961156368256E-002,8.102849870920181E-002,-2.126926183700562E-002,9.851043820381165E-001,
1.551766666666667E+009,5.192661657929421E-002,5.971334502100945E-002,2.198513131588697E-003,9.812570214271545E-001,5.192661657929421E-002,5.971334502100945E-002,2.198513131588697E-003,9.812570214271545E-001,
1.560133333333334E+009,4.634061828255653E-002,3.956369683146477E-002,2.596028149127960E-002,9.893917441368103E-001,4.634061828255653E-002,3.956369683146477E-002,2.596028149127960E-002,9.893917441368103E-001,
1.568500000000000E+009,3.138529509305954E-002,2.862020209431648E-002,4.502383992075920E-002,9.905104637145996E-001,3.138529509305954E-002,2.862020209431648E-002,4.502383992075920E-002,9.905104637145996E-001,
1.576866666666667E+009,1.279528718441725E-002,2.784378267824650E-002,8.783721178770065E-002,9.822441935539246E-001,1.279528718441725E-002,2.784378267824650E-002,8.783721178770065E-002,9.822441935539246E-001,
1.585233333333334E+009,-2.201167371822521E-004,3.812219202518463E-002,1.041206717491150E-001,9.820866584777832E-001,-2.201167371822521E-004,3.812219202518463E-002,1.041206717491150E-001,9.820866584777832E-001,
1.593600000000000E+009,-7.386825047433376E-003,5.454862862825394E-002,1.308395266532898E-001,9.748458862304688E-001,-7.386825047433376E-003,5.454862862825394E-002,1.308395266532898E-001,9.748458862304688E-001,
1.601966666666667E+009,-3.464424517005682E-003,7.496195286512375E-002,1.505085378885269E-001,9.723728895187378E-001,-3.464424517005682E-003,7.496195286512375E-002,1.505085378885269E-001,9.723728895187378E-001,
1.610333333333334E+009,1.025736331939697E-002,8.904568850994110E-002,1.822162568569183E-001,9.654179215431213E-001,1.025736331939697E-002,8.904568850994110E-002,1.822162568569183E-001,9.654179215431213E-001,
1.618700000000000E+009,2.990429289638996E-002,9.446875005960465E-002,2.065761834383011E-001,9.611809849739075E-001,2.990429289638996E-002,9.446875005960465E-002,2.065761834383011E-001,9.611809849739075E-001,
1.627066666666667E+009,4.767461866140366E-002,8.961600810289383E-002,2.269196957349777E-001,9.535985589027405E-001,4.767461866140366E-002,8.961600810289383E-002,2.269196957349777E-001,9.535985589027405E-001,
1.635433333333334E+009,5.826326459646225E-002,7.811941206455231E-002,2.541074752807617E-001,9.573454260826111E-001,5.826326459646225E-002,7.811941206455231E-002,2.541074752807617E-001,9.573454260826111E-001,
1.643800000000000E+009,6.101756915450096E-002,6.066203117370606E-002,2.676401436328888E-001,9.463673830032349E-001,6.101756915450096E-002,6.066203117370606E-002,2.676401436328888E-001,9.463673830032349E-001,
1.652166666666667E+009,5.408943817019463E-002,4.613144695758820E-002,3.019819259643555E-001,9.383131265640259E-001,5.408943817019463E-002,4.613144695758820E-002,3.019819259643555E-001,9.383131265640259E-001,
1.660533333333334E+009,4.119131714105606E-002,3.849649429321289E-002,3.219579756259918E-001,9.317281246185303E-001,4.119131714105606E-002,3.849649429321289E-002,3.219579756259918E-001,9.317281246185303E-001,
1.668900000000000E+009,2.670138329267502E-002,4.150193929672241E-002,3.436568379402161E-001,9.217735528945923E-001,2.670138329267502E-002,4.150193929672241E-002,3.436568379402161E-001,9.217735528945923E-001,
1.677266666666667E+009,1.591853983700275E-002,5.023564398288727E-002,3.859249055385590E-001,9.118947386741638E-001,1.591853983700275E-002,5.023564398288727E-002,3.859249055385590E-001,9.118947386741638E-001,
1.685633333333334E+009,1.449396554380655E-002,6.589546054601669E-002,4.003636837005615E-001,9.027046561241150E-001,1.449396554380655E-002,6.589546054601669E-002,4.003636837005615E-001,9.027046561241150E-001,
1.694000000000000E+009,1.962489821016789E-002,8.069179207086563E-002,4.151188731193543E-001,8.911547064781189E-001,1.962489821016789E-002,8.069179207086563E-002,4.151188731193543E-001,8.911547064781189E-001,
1.702366666666667E+009,3.489793464541435E-002,9.258212894201279E-002,4.381309449672699E-001,8.798724412918091E-001,3.489793464541435E-002,9.258212894201279E-002,4.381309449672699E-001,8.798724412918091E-001,
1.710733333333334E+009,5.252112820744515E-002,9.621605277061462E-002,4.569711387157440E-001,8.631837964057922E-001,5.252112820744515E-002,9.621605277061462E-002,4.569711387157440E-001,8.631837964057922E-001,
1.719100000000000E+009,7.095438241958618E-002,8.968947082757950E-002,4.828876852989197E-001,8.480911850929260E-001,7.095438241958618E-002,8.968947082757950E-002,4.828876852989197E-001,8.480911850929260E-001,
1.727466666666667E+009,8.272526413202286E-002,7.738489657640457E-002,4.983308911323547E-001,8.443953394889832E-001,8.272526413202286E-002,7.738489657640457E-002,4.983308911323547E-001,8.443953394889832E-001,
1.735833333333334E+009,8.693510293960571E-002,6.126072257757187E-002,5.181208252906799E-001,8.304941654205322E-001,8.693510293960571E-002,6.126072257757187E-002,5.181208252906799E-001,8.304941654205322E-001,
1.744200000000000E+009,8.105676621198654E-002,4.367165639996529E-002,5.452635288238525E-001,8.087087869644165E-001,8.105676621198654E-002,4.367165639996529E-002,5.452635288238525E-001,8.087087869644165E-001,
1.752566666666667E+009,7.147736102342606E-002,3.364351391792297E-002,5.758171081542969E-001,8.032749295234680E-001,7.147736102342606E-002,3.364351391792297E-002,5.758171081542969E-001,8.032749295234680E-001,
1.760933333333334E+009,5.788708478212357E-002,2.922720648348332E-002,5.855185985565186E-001,7.902047038078308E-001,5.788708478212357E-002,2.922720648348332E-002,5.855185985565186E-001,7.902047038078308E-001,
1.769300000000000E+009,4.546572268009186E-002,3.272885084152222E-002,6.087556481361389E-001,7.804179787635803E-001,4.546572268009186E-002,3.272885084152222E-002,6.087556481361389E-001,7.804179787635803E-001,
1.777666666666667E+009,3.785214573144913E-002,4.339408874511719E-002,6.258327364921570E-001,7.691900134086609E-001,3.785214573144913E-002,4.339408874511719E-002,6.258327364921570E-001,7.691900134086609E-001,
1.786033333333334E+009,3.802134469151497E-002,5.445400625467300E-002,6.417765021324158E-001,7.375825643539429E-001,3.802134469151497E-002,5.445400625467300E-002,6.417765021324158E-001,7.375825643539429E-001,
1.794400000000000E+009,4.595207050442696E-002,6.797042489051819E-002,6.619312763214111E-001,7.227593064308167E-001,4.595207050442696E-002,6.797042489051819E-002,6.619312763214111E-001,7.227593064308167E-001,
1.802766666666667E+009,5.650154501199722E-002,7.464852929115295E-002,6.828607916831970E-001,7.071933746337891E-001,5.650154501199722E-002,7.464852929115295E-002,6.828607916831970E-001,7.071933746337891E-001,
1.811133333333334E+009,6.858680397272110E-002,7.514663785696030E-002,7.045835852622986E-001,6.859372258186340E-001,6.858680397272110E-002,7.514663785696030E-002,7.045835852622986E-001,6.859372258186340E-001,
1.819500000000000E+009,8.085864037275314E-002,7.293052971363068E-002,7.166975140571594E-001,6.603875160217285E-001,8.085864037275314E-002,7.293052971363068E-002,7.166975140571594E-001,6.603875160217285E-001,
1.827866666666667E+009,8.939662575721741E-002,6.452490389347076E-002,7.366772294044495E-001,6.507467031478882E-001,8.939662575721741E-002,6.452490389347076E-002,7.366772294044495E-001,6.507467031478882E-001,
1.836233333333334E+009,9.039576351642609E-002,5.305911600589752E-002,7.474603056907654E-001,6.337973475456238E-001,9.039576351642609E-002,5.305911600589752E-002,7.474603056907654E-001,6.337973475456238E-001,
1.844600000000000E+009,8.599311858415604E-002,4.486314207315445E-002,7.658451199531555E-001,6.284780502319336E-001,8.599311858415604E-002,4.486314207315445E-002,7.658451199531555E-001,6.284780502319336E-001,
1.852966666666667E+009,7.982520014047623E-002,3.933340311050415E-002,7.754601836204529E-001,5.936839580535889E-001,7.982520014047623E-002,3.933340311050415E-002,7.754601836204529E-001,5.936839580535889E-001,
1.861333333333334E+009,7.432280480861664E-002,3.660937771201134E-002,7.993665337562561E-001,5.762966275215149E-001,7.432280480861664E-002,3.660937771201134E-002,7.993665337562561E-001,5.762966275215149E-001,
1.869700000000000E+009,6.839197129011154E-002,4.257851466536522E-002,8.140344619750977E-001,5.547238588333130E-001,6.839197129011154E-002,4.257851466536522E-002,8.140344619750977E-001,5.547238588333130E-001,
1.878066666666667E+009,6.862294673919678E-002,4.790575802326202E-002,8.300917744636536E-001,5.408968329429627E-001,6.862294673919678E-002,4.790575802326202E-002,8.300917744636536E-001,5.408968329429627E-001,
1.886433333333334E+009,7.223632931709290E-002,5.602865666151047E-002,8.464694619178772E-001,5.138236284255981E-001,7.223632931709290E-002,5.602865666151047E-002,8.464694619178772E-001,5.138236284255981E-001,
1.894800000000000E+009,8.341603726148605E-002,6.104093417525291E-002,8.560332655906677E-001,4.933883547782898E-001,8.341603726148605E-002,6.104093417525291E-002,8.560332655906677E-001,4.933883547782898E-001,
1.903166666666667E+009,9.470635652542114E-002,6.435466557741165E-002,8.701249361038208E-001,4.653875827789307E-001,9.470635652542114E-002,6.435466557741165E-002,8.701249361038208E-001,4.653875827789307E-001,
1.911533333333334E+009,1.068670153617859E-001,5.930164083838463E-002,8.729192018508911E-001,4.372494518756867E-001,1.068670153617859E-001,5.930164083838463E-002,8.729192018508911E-001,4.372494518756867E-001,
1.919900000000000E+009,1.170383691787720E-001,5.003800988197327E-002,8.893821835517883E-001,4.236640930175781E-001,1.170383691787720E-001,5.003800988197327E-002,8.893821835517883E-001,4.236640930175781E-001,
1.928266666666667E+009,1.220039725303650E-001,3.979868441820145E-002,8.880921006202698E-001,3.890921175479889E-001,1.220039725303650E-001,3.979868441820145E-002,8.880921006202698E-001,3.890921175479889E-001,
1.936633333333334E+009,1.205197274684906E-001,2.669772319495678E-002,9.078437089920044E-001,3.787365853786469E-001,1.205197274684906E-001,2.669772319495678E-002,9.078437089920044E-001,3.787365853786469E-001,
1.945000000000000E+009,1.132319942116737E-001,1.657389663159847E-002,9.167260527610779E-001,3.555061221122742E-001,1.132319942116737E-001,1.657389663159847E-002,9.167260527610779E-001,3.555061221122742E-001,
1.953366666666667E+009,1.046257466077805E-001,1.003587897866964E-002,9.220227003097534E-001,3.338427543640137E-001,1.046257466077805E-001,1.003587897866964E-002,9.220227003097534E-001,3.338427543640137E-001,
1.961733333333334E+009,9.221146255731583E-002,1.150162238627672E-002,9.387163519859314E-001,3.106130361557007E-001,9.221146255731583E-002,1.150162238627672E-002,9.387163519859314E-001,3.106130361557007E-001,
1.970100000000000E+009,8.402692526578903E-002,1.632084511220455E-002,9.402626156806946E-001,2.862494885921478E-001,8.402692526578903E-002,1.632084511220455E-002,9.402626156806946E-001,2.862494885921478E-001,
1.978466666666667E+009,8.249677717685700E-002,2.747853472828865E-002,9.498448371887207E-001,2.559199035167694E-001,8.249677717685700E-002,2.747853472828865E-002,9.498448371887207E-001,2.559199035167694E-001,
1.986833333333334E+009,8.801633864641190E-002,3.779266774654388E-002,9.516965746879578E-001,2.361350506544113E-001,8.801633864641190E-002,3.779266774654388E-002,9.516965746879578E-001,2.361350506544113E-001,
1.995200000000000E+009,1.021758019924164E-001,4.450064525008202E-002,9.534839987754822E-001,2.176884859800339E-001,1.021758019924164E-001,4.450064525008202E-002,9.534839987754822E-001,2.176884859800339E-001,
2.003566666666667E+009,1.189222261309624E-001,4.391051828861237E-002,9.585152864456177E-001,1.843836456537247E-001,1.189222261309624E-001,4.391051828861237E-002,9.585152864456177E-001,1.843836456537247E-001,
2.011933333333334E+009,1.351806968450546E-001,3.479804098606110E-002,9.675616621971130E-001,1.578533500432968E-001,1.351806968450546E-001,3.479804098606110E-002,9.675616621971130E-001,1.578533500432968E-001,
2.020300000000000E+009,1.451298296451569E-001,2.292655222117901E-002,9.689458012580872E-001,1.283424645662308E-001,1.451298296451569E-001,2.292655222117901E-002,9.689458012580872E-001,1.283424645662308E-001,
2.028666666666667E+009,1.478512436151505E-001,5.406126379966736E-003,9.726635217666626E-001,1.141247227787972E-001,1.478512436151505E-001,5.406126379966736E-003,9.726635217666626E-001,1.141247227787972E-001,
2.037033333333334E+009,1.428422331809998E-001,-1.268538367003202E-002,9.787923693656921E-001,8.790329843759537E-002,1.428422331809998E-001,-1.268538367003202E-002,9.787923693656921E-001,8.790329843759537E-002,
2.045400000000000E+009,1.294618844985962E-001,-2.426414564251900E-002,9.783964157104492E-001,6.939988583326340E-002,1.294618844985962E-001,-2.426414564251900E-002,9.783964157104492E-001,6.939988583326340E-002,
2.053766666666667E+009,1.132402867078781E-001,-2.621902711689472E-002,9.816250205039978E-001,4.430057108402252E-002,1.132402867078781E-001,-2.621902711689472E-002,9.816250205039978E-001,4.430057108402252E-002,
2.062133333333334E+009,1.002347543835640E-001,-2.079878933727741E-002,9.866932034492493E-001,1.522597111761570E-002,1.002347543835640E-001,-2.079878933727741E-002,9.866932034492493E-001,1.522597111761570E-002,
2.070500000000000E+009,9.460345655679703E-002,-8.548801764845848E-003,9.861516952514648E-001,-1.338272821158171E-002,9.460345655679703E-002,-8.548801764845848E-003,9.861516952514648E-001,-1.338272821158171E-002,
2.078866666666667E+009,9.857198596000671E-002,5.376167595386505E-003,9.818698167800903E-001,-3.773460909724236E-002,9.857198596000671E-002,5.376167595386505E-003,9.818698167800903E-001,-3.773460909724236E-002,
2.087233333333334E+009,1.112792119383812E-001,1.056453026831150E-002,9.791052341461182E-001,-7.133038341999054E-002,1.112792119383812E-001,1.056453026831150E-002,9.791052341461182E-001,-7.133038341999054E-002,
2.095600000000000E+009,1.301520466804504E-001,1.234998647123575E-002,9.816305637359619E-001,-9.156916290521622E-002,1.301520466804504E-001,1.234998647123575E-002,9.816305637359619E-001,-9.156916290521622E-002,
2.103966666666667E+009,1.492999494075775E-001,1.405143120791763E-004,9.788900017738342E-001,-1.160440295934677E-001,1.492999494075775E-001,1.405143120791763E-004,9.788900017738342E-001,-1.160440295934677E-001,
2.112333333333334E+009,1.601111143827438E-001,-1.805324107408524E-002,9.645299911499023E-001,-1.329883784055710E-001,1.601111143827438E-001,-1.805324107408524E-002,9.645299911499023E-001,-1.329883784055710E-001,
2.120700000000000E+009,1.630441546440125E-001,-4.383483901619911E-002,9.643062949180603E-001,-1.643600314855576E-001,1.630441546440125E-001,-4.383483901619911E-002,9.643062949180603E-001,-1.643600314855576E-001,
2.129066666666667E+009,1.533335894346237E-001,-6.283964961767197E-002,9.729048609733582E-001,-1.886629909276962E-001,1.533335894346237E-001,-6.283964961767197E-002,9.729048609733582E-001,-1.886629909276962E-001,
2.137433333333334E+009,1.333034783601761E-001,-7.671727985143662E-002,9.570337533950806E-001,-2.088848799467087E-001,1.333034783601761E-001,-7.671727985143662E-002,9.570337533950806E-001,-2.088848799467087E-001,
2.145800000000000E+009,1.071777939796448E-001,-7.883103191852570E-002,9.559231400489807E-001,-2.322149276733398E-001,1.071777939796448E-001,-7.883103191852570E-002,9.559231400489807E-001,-2.322149276733398E-001,
2.154166666666667E+009,8.714460581541061E-002,-6.889607757329941E-002,9.514479637145996E-001,-2.564696073532105E-001,8.714460581541061E-002,-6.889607757329941E-002,9.514479637145996E-001,-2.564696073532105E-001,
2.162533333333334E+009,7.717266678810120E-002,-5.062235519289970E-002,9.313148260116577E-001,-2.834023535251617E-001,7.717266678810120E-002,-5.062235519289970E-002,9.313148260116577E-001,-2.834023535251617E-001,
2.170900000000000E+009,8.037461340427399E-002,-2.886180207133293E-002,9.388594031333923E-001,-3.128255903720856E-001,8.037461340427399E-002,-2.886180207133293E-002,9.388594031333923E-001,-3.128255903720856E-001,
2.179266666666667E+009,9.684978425502777E-002,-1.720960438251495E-002,9.257040619850159E-001,-3.299406468868256E-001,9.684978425502777E-002,-1.720960438251495E-002,9.257040619850159E-001,-3.299406468868256E-001,
2.187633333333334E+009,1.180867776274681E-001,-1.491733733564615E-002,9.175723791122437E-001,-3.599655330181122E-001,1.180867776274681E-001,-1.491733733564615E-002,9.175723791122437E-001,-3.599655330181122E-001,
2.196000000000000E+009,1.417501121759415E-001,-2.785425446927548E-002,8.969565629959106E-001,-3.794009387493134E-001,1.417501121759415E-001,-2.785425446927548E-002,8.969565629959106E-001,-3.794009387493134E-001,
2.204366666666667E+009,1.563705652952194E-001,-5.061668157577515E-002,8.888612389564514E-001,-3.977063000202179E-001,1.563705652952194E-001,-5.061668157577515E-002,8.888612389564514E-001,-3.977063000202179E-001,
2.212733333333334E+009,1.578254997730255E-001,-7.932250201702118E-002,8.756952285766602E-001,-4.280170202255249E-001,1.578254997730255E-001,-7.932250201702118E-002,8.756952285766602E-001,-4.280170202255249E-001,
2.221100000000000E+009,1.453991681337357E-001,-1.042057052254677E-001,8.622372150421143E-001,-4.392603635787964E-001,1.453991681337357E-001,-1.042057052254677E-001,8.622372150421143E-001,-4.392603635787964E-001,
2.229466666666667E+009,1.229210272431374E-001,-1.188198029994965E-001,8.564441204071045E-001,-4.514152407646179E-001,1.229210272431374E-001,-1.188198029994965E-001,8.564441204071045E-001,-4.514152407646179E-001,
2.237833333333334E+009,9.490584582090378E-002,-1.185492426156998E-001,8.514798879623413E-001,-4.806859791278839E-001,9.490584582090378E-002,-1.185492426156998E-001,8.514798879623413E-001,-4.806859791278839E-001,
2.246200000000000E+009,7.014657557010651E-002,-1.060060709714890E-001,8.392211794853210E-001,-5.059130191802979E-001,7.014657557010651E-002,-1.060060709714890E-001,8.392211794853210E-001,-5.059130191802979E-001,
2.254566666666667E+009,5.986195057630539E-002,-8.228772133588791E-002,8.300383687019348E-001,-5.279235243797302E-001,5.986195057630539E-002,-8.228772133588791E-002,8.300383687019348E-001,-5.279235243797302E-001,
2.262933333333334E+009,6.216847896575928E-002,-6.097901612520218E-002,8.138937950134277E-001,-5.511302351951599E-001,6.216847896575928E-002,-6.097901612520218E-002,8.138937950134277E-001,-5.511302351951599E-001,
2.271300000000000E+009,7.864721119403839E-002,-4.395199194550514E-002,7.927836179733276E-001,-5.721849203109741E-001,7.864721119403839E-002,-4.395199194550514E-002,7.927836179733276E-001,-5.721849203109741E-001,
2.279666666666667E+009,1.018566340208054E-001,-4.358705133199692E-002,7.795405983924866E-001,-5.895290374755859E-001,1.018566340208054E-001,-4.358705133199692E-002,7.795405983924866E-001,-5.895290374755859E-001,
2.288033333333334E+009,1.230568736791611E-001,-5.723541229963303E-002,7.623907923698425E-001,-6.181534528732300E-001,1.230568736791611E-001,-5.723541229963303E-002,7.623907923698425E-001,-6.181534528732300E-001,
2.296400000000000E+009,1.355356425046921E-001,-8.298242837190628E-002,7.429936528205872E-001,-6.315862536430359E-001,1.355356425046921E-001,-8.298242837190628E-002,7.429936528205872E-001,-6.315862536430359E-001,
2.304766666666667E+009,1.322588473558426E-001,-1.116618588566780E-001,7.313451766967773E-001,-6.372049450874329E-001,1.322588473558426E-001,-1.116618588566780E-001,7.313451766967773E-001,-6.372049450874329E-001,
2.313133333333334E+009,1.136527210474014E-001,-1.338890939950943E-001,7.114835381507874E-001,-6.688092350959778E-001,1.136527210474014E-001,-1.338890939950943E-001,7.114835381507874E-001,-6.688092350959778E-001,
2.321500000000000E+009,8.897668868303299E-002,-1.422287821769714E-001,6.998355388641357E-001,-6.783223152160645E-001,8.897668868303299E-002,-1.422287821769714E-001,6.998355388641357E-001,-6.783223152160645E-001,
2.329866666666667E+009,6.341595947742462E-002,-1.360207796096802E-001,6.919243335723877E-001,-6.973358988761902E-001,6.341595947742462E-002,-1.360207796096802E-001,6.919243335723877E-001,-6.973358988761902E-001,
2.338233333333334E+009,4.434031620621681E-002,-1.178434044122696E-001,6.640888452529907E-001,-7.208065986633301E-001,4.434031620621681E-002,-1.178434044122696E-001,6.640888452529907E-001,-7.208065986633301E-001,
2.346600000000000E+009,4.078359901905060E-002,-8.980952203273773E-002,6.430365443229675E-001,-7.424660325050354E-001,4.078359901905060E-002,-8.980952203273773E-002,6.430365443229675E-001,-7.424660325050354E-001,
2.354966666666667E+009,5.421801283955574E-002,-6.898426264524460E-002,6.314398050308228E-001,-7.565285563468933E-001,5.421801283955574E-002,-6.898426264524460E-002,6.314398050308228E-001,-7.565285563468933E-001,
2.363333333333334E+009,7.758653908967972E-002,-6.107108667492867E-002,6.103335022926331E-001,-7.709720134735107E-001,7.758653908967972E-002,-6.107108667492867E-002,6.103335022926331E-001,-7.709720134735107E-001,
2.371700000000000E+009,1.048438027501106E-001,-6.885085254907608E-002,5.899132490158081E-001,-7.877019643783569E-001,1.048438027501106E-001,-6.885085254907608E-002,5.899132490158081E-001,-7.877019643783569E-001,
2.380066666666667E+009,1.237565204501152E-001,-9.624130278825760E-002,5.574954152107239E-001,-7.993896603584290E-001,1.237565204501152E-001,-9.624130278825760E-002,5.574954152107239E-001,-7.993896603584290E-001,
2.388433333333334E+009,1.257844716310501E-001,-1.308476775884628E-001,5.406247377395630E-001,-8.004872202873230E-001,1.257844716310501E-001,-1.308476775884628E-001,5.406247377395630E-001,-8.004872202873230E-001,
2.396800000000000E+009,1.104010790586472E-001,-1.656398624181747E-001,5.137691497802734E-001,-8.177691102027893E-001,1.104010790586472E-001,-1.656398624181747E-001,5.137691497802734E-001,-8.177691102027893E-001,
2.405166666666667E+009,8.046428859233856E-002,-1.900551915168762E-001,5.017465949058533E-001,-8.288596272468567E-001,8.046428859233856E-002,-1.900551915168762E-001,5.017465949058533E-001,-8.288596272468567E-001,
2.413533333333334E+009,3.804311528801918E-002,-1.964049786329269E-001,4.833529293537140E-001,-8.414327502250671E-001,3.804311528801918E-002,-1.964049786329269E-001,4.833529293537140E-001,-8.414327502250671E-001,
2.421900000000000E+009,1.136140854214318E-004,-1.819197386503220E-001,4.729452133178711E-001,-8.559750318527222E-001,1.136140854214318E-004,-1.819197386503220E-001,4.729452133178711E-001,-8.559750318527222E-001,
2.430266666666667E+009,-2.301588654518127E-002,-1.491178125143051E-001,4.516926407814026E-001,-8.731535673141480E-001,-2.301588654518127E-002,-1.491178125143051E-001,4.516926407814026E-001,-8.731535673141480E-001,
2.438633333333334E+009,-2.934175729751587E-002,-1.091481223702431E-001,4.284493923187256E-001,-8.883390426635742E-001,-2.934175729751587E-002,-1.091481223702431E-001,4.284493923187256E-001,-8.883390426635742E-001,
2.447000000000000E+009,-1.349472068250179E-002,-7.283721864223480E-002,4.003166854381561E-001,-9.058935642242432E-001,-1.349472068250179E-002,-7.283721864223480E-002,4.003166854381561E-001,-9.058935642242432E-001,
2.455366666666667E+009,1.807432621717453E-002,-5.287260189652443E-002,3.732142746448517E-001,-9.143351316452026E-001,1.807432621717453E-002,-5.287260189652443E-002,3.732142746448517E-001,-9.143351316452026E-001,
2.463733333333334E+009,5.310836434364319E-002,-5.361401289701462E-002,3.445242345333099E-001,-9.248021245002747E-001,5.310836434364319E-002,-5.361401289701462E-002,3.445242345333099E-001,-9.248021245002747E-001,
2.472100000000000E+009,8.092546463012695E-002,-7.622432708740234E-002,3.185386359691620E-001,-9.284287095069885E-001,8.092546463012695E-002,-7.622432708740234E-002,3.185386359691620E-001,-9.284287095069885E-001,
2.480466666666667E+009,9.213499724864960E-002,-1.105716526508331E-001,2.866291701793671E-001,-9.271588921546936E-001,9.213499724864960E-002,-1.105716526508331E-001,2.866291701793671E-001,-9.271588921546936E-001,
2.488833333333334E+009,8.122399449348450E-002,-1.463848501443863E-001,2.735064923763275E-001,-9.323673844337463E-001,8.122399449348450E-002,-1.463848501443863E-001,2.735064923763275E-001,-9.323673844337463E-001,
2.497200000000000E+009,5.689981952309609E-002,-1.705138981342316E-001,2.492625415325165E-001,-9.385091066360474E-001,5.689981952309609E-002,-1.705138981342316E-001,2.492625415325165E-001,-9.385091066360474E-001,
2.505566666666667E+009,1.871736720204353E-002,-1.808470934629440E-001,2.267604917287827E-001,-9.468472003936768E-001,1.871736720204353E-002,-1.808470934629440E-001,2.267604917287827E-001,-9.468472003936768E-001,
2.513933333333334E+009,-1.279069297015667E-002,-1.686434298753738E-001,2.115256339311600E-001,-9.511743783950806E-001,-1.279069297015667E-002,-1.686434298753738E-001,2.115256339311600E-001,-9.511743783950806E-001,
2.522300000000000E+009,-3.284246474504471E-002,-1.426859945058823E-001,1.820960789918900E-001,-9.583755135536194E-001,-3.284246474504471E-002,-1.426859945058823E-001,1.820960789918900E-001,-9.583755135536194E-001,
2.530666666666667E+009,-3.517737239599228E-002,-1.083565801382065E-001,1.515420526266098E-001,-9.737055897712708E-001,-3.517737239599228E-002,-1.083565801382065E-001,1.515420526266098E-001,-9.737055897712708E-001,
2.539033333333334E+009,-1.876807771623135E-002,-8.012551069259644E-002,1.302210688591003E-001,-9.744825363159180E-001,-1.876807771623135E-002,-8.012551069259644E-002,1.302210688591003E-001,-9.744825363159180E-001,
2.547400000000000E+009,1.055448409169912E-002,-6.578087806701660E-002,1.069192662835121E-001,-9.840165972709656E-001,1.055448409169912E-002,-6.578087806701660E-002,1.069192662835121E-001,-9.840165972709656E-001,
2.555766666666667E+009,4.343643411993980E-002,-7.137411087751389E-002,7.389603555202484E-002,-9.867491126060486E-001,4.343643411993980E-002,-7.137411087751389E-002,7.389603555202484E-002,-9.867491126060486E-001,
2.564133333333334E+009,6.456606835126877E-002,-9.604279696941376E-002,4.470786824822426E-002,-9.776472449302673E-001,6.456606835126877E-002,-9.604279696941376E-002,4.470786824822426E-002,-9.776472449302673E-001,
2.572500000000000E+009,6.826145946979523E-002,-1.295443624258041E-001,1.966060698032379E-002,-9.712977409362793E-001,6.826145946979523E-002,-1.295443624258041E-001,1.966060698032379E-002,-9.712977409362793E-001,
2.580866666666667E+009,5.146257206797600E-002,-1.623939424753189E-001,-1.420878455974162E-003,-9.720489382743835E-001,5.146257206797600E-002,-1.623939424753189E-001,-1.420878455974162E-003,-9.720489382743835E-001,
2.589233333333334E+009,1.968527957797051E-002,-1.835627704858780E-001,-2.358751744031906E-002,-9.681146144866943E-001,1.968527957797051E-002,-1.835627704858780E-001,-2.358751744031906E-002,-9.681146144866943E-001,
2.597600000000000E+009,-1.743294484913349E-002,-1.879828423261643E-001,-4.613615199923515E-002,-9.690827727317810E-001,-1.743294484913349E-002,-1.879828423261643E-001,-4.613615199923515E-002,-9.690827727317810E-001,
2.605966666666667E+009,-5.164400860667229E-002,-1.711475551128388E-001,-5.785522982478142E-002,-9.767720699310303E-001,-5.164400860667229E-002,-1.711475551128388E-001,-5.785522982478142E-002,-9.767720699310303E-001,
2.614333333333334E+009,-7.141917198896408E-002,-1.427923887968063E-001,-8.571761101484299E-002,-9.722955822944641E-001,-7.141917198896408E-002,-1.427923887968063E-001,-8.571761101484299E-002,-9.722955822944641E-001,
2.622700000000000E+009,-7.300181686878204E-002,-1.064507588744164E-001,-1.093697249889374E-001,-9.730674624443054E-001,-7.300181686878204E-002,-1.064507588744164E-001,-1.093697249889374E-001,-9.730674624443054E-001,
2.631066666666667E+009,-5.559624359011650E-002,-7.553744316101074E-002,-1.398311853408814E-001,-9.830905795097351E-001,-5.559624359011650E-002,-7.553744316101074E-002,-1.398311853408814E-001,-9.830905795097351E-001,
2.639433333333334E+009,-2.398266084492207E-002,-6.085646152496338E-002,-1.695793867111206E-001,-9.695982336997986E-001,-2.398266084492207E-002,-6.085646152496338E-002,-1.695793867111206E-001,-9.695982336997986E-001,
2.647800000000000E+009,1.055849622935057E-002,-6.538209319114685E-002,-1.983741968870163E-001,-9.641039967536926E-001,1.055849622935057E-002,-6.538209319114685E-002,-1.983741968870163E-001,-9.641039967536926E-001,
2.656166666666667E+009,3.306566178798676E-002,-8.895832300186157E-002,-2.213187068700790E-001,-9.612989425659180E-001,3.306566178798676E-002,-8.895832300186157E-002,-2.213187068700790E-001,-9.612989425659180E-001,
2.664533333333334E+009,3.703895583748817E-002,-1.205679103732109E-001,-2.518112659454346E-001,-9.399272203445435E-001,3.703895583748817E-002,-1.205679103732109E-001,-2.518112659454346E-001,-9.399272203445435E-001,
2.672900000000000E+009,2.302558720111847E-002,-1.506033986806870E-001,-2.692219018936157E-001,-9.339548945426941E-001,2.302558720111847E-002,-1.506033986806870E-001,-2.692219018936157E-001,-9.339548945426941E-001,
2.681266666666667E+009,-6.823477800935507E-003,-1.689402610063553E-001,-2.897665202617645E-001,-9.249573945999146E-001,-6.823477800935507E-003,-1.689402610063553E-001,-2.897665202617645E-001,-9.249573945999146E-001,
2.689633333333334E+009,-4.384392499923706E-002,-1.703967005014420E-001,-3.089344203472138E-001,-9.214373230934143E-001,-4.384392499923706E-002,-1.703967005014420E-001,-3.089344203472138E-001,-9.214373230934143E-001,
2.698000000000000E+009,-7.501731067895889E-002,-1.535013467073441E-001,-3.221113085746765E-001,-9.134089946746826E-001,-7.501731067895889E-002,-1.535013467073441E-001,-3.221113085746765E-001,-9.134089946746826E-001,
2.706366666666667E+009,-9.292814135551453E-002,-1.229283437132835E-001,-3.507574796676636E-001,-9.062821269035339E-001,-9.292814135551453E-002,-1.229283437132835E-001,-3.507574796676636E-001,-9.062821269035339E-001,
2.714733333333334E+009,-9.072763472795487E-002,-8.939260989427567E-002,-3.700913786888123E-001,-9.080218076705933E-001,-9.072763472795487E-002,-8.939260989427567E-002,-3.700913786888123E-001,-9.080218076705933E-001,
2.723100000000000E+009,-7.052113860845566E-002,-6.114904582500458E-002,-3.978278934955597E-001,-8.976346850395203E-001,-7.052113860845566E-002,-6.114904582500458E-002,-3.978278934955597E-001,-8.976346850395203E-001,
2.731466666666667E+009,-3.673148527741432E-002,-4.695992916822434E-002,-4.298884868621826E-001,-8.907459974288940E-001,-3.673148527741432E-002,-4.695992916822434E-002,-4.298884868621826E-001,-8.907459974288940E-001,
2.739833333333334E+009,-3.086732467636466E-003,-5.438199266791344E-002,-4.520800709724426E-001,-8.735521435737610E-001,-3.086732467636466E-003,-5.438199266791344E-002,-4.520800709724426E-001,-8.735521435737610E-001,
2.748200000000000E+009,2.087740041315556E-002,-7.783670723438263E-002,-4.785257279872894E-001,-8.583998680114746E-001,2.087740041315556E-002,-7.783670723438263E-002,-4.785257279872894E-001,-8.583998680114746E-001,
2.756566666666667E+009,2.711309492588043E-002,-1.111575439572334E-001,-4.982599616050720E-001,-8.440703153610230E-001,2.711309492588043E-002,-1.111575439572334E-001,-4.982599616050720E-001,-8.440703153610230E-001,
2.764933333333334E+009,1.327095367014408E-002,-1.420954018831253E-001,-5.261809825897217E-001,-8.308562636375427E-001,1.327095367014408E-002,-1.420954018831253E-001,-5.261809825897217E-001,-8.308562636375427E-001,
2.773300000000000E+009,-1.423515286296606E-002,-1.620908975601196E-001,-5.349655151367188E-001,-8.094813823699951E-001,-1.423515286296606E-002,-1.620908975601196E-001,-5.349655151367188E-001,-8.094813823699951E-001,
2.781666666666667E+009,-5.236921459436417E-002,-1.642871797084808E-001,-5.500838756561279E-001,-7.969750761985779E-001,-5.236921459436417E-002,-1.642871797084808E-001,-5.500838756561279E-001,-7.969750761985779E-001,
2.790033333333334E+009,-8.464406430721283E-002,-1.485012024641037E-001,-5.687182545661926E-001,-7.895857691764832E-001,-8.464406430721283E-002,-1.485012024641037E-001,-5.687182545661926E-001,-7.895857691764832E-001,
2.798400000000000E+009,-1.046507582068443E-001,-1.193124428391457E-001,-5.880150198936462E-001,-7.831838726997376E-001,-1.046507582068443E-001,-1.193124428391457E-001,-5.880150198936462E-001,-7.831838726997376E-001,
2.806766666666667E+009,-1.040162369608879E-001,-8.527093380689621E-002,-6.086038351058960E-001,-7.647171020507813E-001,-1.040162369608879E-001,-8.527093380689621E-002,-6.086038351058960E-001,-7.647171020507813E-001,
2.815133333333334E+009,-8.753017336130142E-002,-5.785121768712997E-002,-6.344007849693298E-001,-7.539095878601074E-001,-8.753017336130142E-002,-5.785121768712997E-002,-6.344007849693298E-001,-7.539095878601074E-001,
2.823500000000000E+009,-5.451089516282082E-002,-4.486202821135521E-002,-6.565823554992676E-001,-7.394367456436157E-001,-5.451089516282082E-002,-4.486202821135521E-002,-6.565823554992676E-001,-7.394367456436157E-001,
2.831866666666667E+009,-2.060507610440254E-002,-5.225330591201782E-002,-6.758347153663635E-001,-7.210143208503723E-001,-2.060507610440254E-002,-5.225330591201782E-002,-6.758347153663635E-001,-7.210143208503723E-001,
2.840233333333334E+009,3.441597335040569E-003,-7.630698382854462E-002,-6.998044252395630E-001,-6.986213326454163E-001,3.441597335040569E-003,-7.630698382854462E-002,-6.998044252395630E-001,-6.986213326454163E-001,
2.848600000000000E+009,9.322476573288441E-003,-1.094962805509567E-001,-7.128968238830566E-001,-6.728867888450623E-001,9.322476573288441E-003,-1.094962805509567E-001,-7.128968238830566E-001,-6.728867888450623E-001,
2.856966666666667E+009,-4.111731424927712E-003,-1.406813859939575E-001,-7.269681096076965E-001,-6.514930725097656E-001,-4.111731424927712E-003,-1.406813859939575E-001,-7.269681096076965E-001,-6.514930725097656E-001,
2.865333333333334E+009,-3.464636206626892E-002,-1.618796139955521E-001,-7.373059391975403E-001,-6.386649608612061E-001,-3.464636206626892E-002,-1.618796139955521E-001,-7.373059391975403E-001,-6.386649608612061E-001,
2.873700000000000E+009,-7.201609760522842E-002,-1.620916426181793E-001,-7.517549395561218E-001,-6.130051612854004E-001,-7.201609760522842E-002,-1.620916426181793E-001,-7.517549395561218E-001,-6.130051612854004E-001,
2.882066666666667E+009,-1.048517078161240E-001,-1.437294334173203E-001,-7.601568102836609E-001,-5.924826860427856E-001,-1.048517078161240E-001,-1.437294334173203E-001,-7.601568102836609E-001,-5.924826860427856E-001,
2.890433333333334E+009,-1.262303888797760E-001,-1.119240000844002E-001,-7.751439809799194E-001,-5.819676518440247E-001,-1.262303888797760E-001,-1.119240000844002E-001,-7.751439809799194E-001,-5.819676518440247E-001,
2.898800000000000E+009,-1.265268772840500E-001,-7.443191856145859E-002,-7.908574342727661E-001,-5.712208747863770E-001,-1.265268772840500E-001,-7.443191856145859E-002,-7.908574342727661E-001,-5.712208747863770E-001,
2.907166666666667E+009,-1.076255962252617E-001,-4.413507878780365E-002,-8.048994541168213E-001,-5.569226145744324E-001,-1.076255962252617E-001,-4.413507878780365E-002,-8.048994541168213E-001,-5.569226145744324E-001,
2.915533333333334E+009,-7.366348057985306E-002,-2.868560329079628E-002,-8.302590250968933E-001,-5.281617045402527E-001,-7.366348057985306E-002,-2.868560329079628E-002,-8.302590250968933E-001,-5.281617045402527E-001,
2.923900000000000E+009,-3.757554292678833E-002,-3.392371162772179E-002,-8.460878729820252E-001,-5.094884037971497E-001,-3.757554292678833E-002,-3.392371162772179E-002,-8.460878729820252E-001,-5.094884037971497E-001,
2.932266666666667E+009,-9.356902912259102E-003,-5.835372954607010E-002,-8.596591949462891E-001,-4.864668250083923E-001,-9.356902912259102E-003,-5.835372954607010E-002,-8.596591949462891E-001,-4.864668250083923E-001,
2.940633333333334E+009,-1.721282489597797E-003,-9.531110525131226E-002,-8.709030151367188E-001,-4.573229849338532E-001,-1.721282489597797E-003,-9.531110525131226E-002,-8.709030151367188E-001,-4.573229849338532E-001,
2.949000000000000E+009,-1.495299022644758E-002,-1.321290135383606E-001,-8.858101963996887E-001,-4.233453869819641E-001,-1.495299022644758E-002,-1.321290135383606E-001,-8.858101963996887E-001,-4.233453869819641E-001,
2.957366666666667E+009,-4.546343162655830E-002,-1.541924923658371E-001,-8.876110911369324E-001,-4.069567322731018E-001,-4.546343162655830E-002,-1.541924923658371E-001,-8.876110911369324E-001,-4.069567322731018E-001,
2.965733333333334E+009,-8.570700138807297E-002,-1.575401127338409E-001,-8.945899009704590E-001,-3.836112916469574E-001,-8.570700138807297E-002,-1.575401127338409E-001,-8.945899009704590E-001,-3.836112916469574E-001,
2.974100000000000E+009,-1.218209117650986E-001,-1.398176401853561E-001,-9.015851020812988E-001,-3.605163991451263E-001,-1.218209117650986E-001,-1.398176401853561E-001,-9.015851020812988E-001,-3.605163991451263E-001,
2.982466666666667E+009,-1.428758651018143E-001,-1.046594604849815E-001,-9.080442786216736E-001,-3.410604894161224E-001,-1.428758651018143E-001,-1.046594604849815E-001,-9.080442786216736E-001,-3.410604894161224E-001,
2.990833333333334E+009,-1.442419439554215E-001,-6.610638648271561E-002,-9.144266843795776E-001,-3.278900086879730E-001,-1.442419439554215E-001,-6.610638648271561E-002,-9.144266843795776E-001,-3.278900086879730E-001,
2.999200000000000E+009,-1.238780096173286E-001,-3.274075314402580E-002,-9.291394352912903E-001,-3.070285618305206E-001,-1.238780096173286E-001,-3.274075314402580E-002,-9.291394352912903E-001,-3.070285618305206E-001,
3.007566666666667E+009,-8.896581083536148E-002,-1.481592748314142E-002,-9.440414905548096E-001,-2.792062759399414E-001,-8.896581083536148E-002,-1.481592748314142E-002,-9.440414905548096E-001,-2.792062759399414E-001,
3.015933333333334E+009,-4.823182523250580E-002,-2.163867838680744E-002,-9.515568017959595E-001,-2.560433745384216E-001,-4.823182523250580E-002,-2.163867838680744E-002,-9.515568017959595E-001,-2.560433745384216E-001,
3.024300000000000E+009,-2.016089297831059E-002,-4.899337515234947E-002,-9.630382657051086E-001,-2.284031510353088E-001,-2.016089297831059E-002,-4.899337515234947E-002,-9.630382657051086E-001,-2.284031510353088E-001,
3.032666666666667E+009,-1.147675514221191E-002,-9.023216366767883E-002,-9.676642417907715E-001,-1.960721164941788E-001,-1.147675514221191E-002,-9.023216366767883E-002,-9.676642417907715E-001,-1.960721164941788E-001,
3.041033333333334E+009,-2.683309465646744E-002,-1.286315172910690E-001,-9.669695496559143E-001,-1.707523167133331E-001,-2.683309465646744E-002,-1.286315172910690E-001,-9.669695496559143E-001,-1.707523167133331E-001,
3.049400000000000E+009,-6.335511058568955E-002,-1.532090604305267E-001,-9.646652340888977E-001,-1.351737380027771E-001,-6.335511058568955E-002,-1.532090604305267E-001,-9.646652340888977E-001,-1.351737380027771E-001,
3.057766666666667E+009,-1.067943274974823E-001,-1.554354131221771E-001,-9.660900831222534E-001,-1.301234662532806E-001,-1.067943274974823E-001,-1.554354131221771E-001,-9.660900831222534E-001,-1.301234662532806E-001,
3.066133333333334E+009,-1.463226824998856E-001,-1.344470083713532E-001,-9.588763713836670E-001,-9.867198765277863E-002,-1.463226824998856E-001,-1.344470083713532E-001,-9.588763713836670E-001,-9.867198765277863E-002,
3.074500000000000E+009,-1.700618565082550E-001,-9.631109237670898E-002,-9.666407704353333E-001,-7.777439802885056E-002,-1.700618565082550E-001,-9.631109237670898E-002,-9.666407704353333E-001,-7.777439802885056E-002,
3.082866666666667E+009,-1.697513759136200E-001,-5.035834386944771E-002,-9.694618582725525E-001,-6.452470272779465E-002,-1.697513759136200E-001,-5.035834386944771E-002,-9.694618582725525E-001,-6.452470272779465E-002,
3.091233333333334E+009,-1.450331956148148E-001,-1.098257955163717E-002,-9.753276109695435E-001,-3.651471808552742E-002,-1.450331956148148E-001,-1.098257955163717E-002,-9.753276109695435E-001,-3.651471808552742E-002,
3.099600000000000E+009,-1.027404293417931E-001,7.658991962671280E-003,-9.804336428642273E-001,-1.648662611842156E-002,-1.027404293417931E-001,7.658991962671280E-003,-9.804336428642273E-001,-1.648662611842156E-002,
3.107966666666667E+009,-5.506003648042679E-002,-8.013761253096163E-004,-9.885372519493103E-001,8.591629564762116E-003,-5.506003648042679E-002,-8.013761253096163E-004,-9.885372519493103E-001,8.591629564762116E-003,
3.116333333333334E+009,-1.835230365395546E-002,-3.393613919615746E-002,-9.868354201316834E-001,4.678371176123619E-002,-1.835230365395546E-002,-3.393613919615746E-002,-9.868354201316834E-001,4.678371176123619E-002,
3.124700000000000E+009,-8.966906927525997E-003,-8.292877674102783E-002,-9.870598912239075E-001,7.360421121120453E-002,-8.966906927525997E-003,-8.292877674102783E-002,-9.870598912239075E-001,7.360421121120453E-002,
3.133066666666667E+009,-2.575051411986351E-002,-1.310710757970810E-001,-9.811236858367920E-001,1.104470714926720E-001,-2.575051411986351E-002,-1.310710757970810E-001,-9.811236858367920E-001,1.104470714926720E-001,
3.141433333333334E+009,-6.770046800374985E-002,-1.609535813331604E-001,-9.684791564941406E-001,1.351225823163986E-001,-6.770046800374985E-002,-1.609535813331604E-001,-9.684791564941406E-001,1.351225823163986E-001,
3.149800000000000E+009,-1.217558681964874E-001,-1.651597619056702E-001,-9.598467946052551E-001,1.616263091564179E-001,-1.217558681964874E-001,-1.651597619056702E-001,-9.598467946052551E-001,1.616263091564179E-001,
3.158166666666667E+009,-1.693555116653442E-001,-1.420432031154633E-001,-9.461109042167664E-001,1.781485825777054E-001,-1.693555116653442E-001,-1.420432031154633E-001,-9.461109042167664E-001,1.781485825777054E-001,
3.166533333333334E+009,-1.980204284191132E-001,-9.907290339469910E-002,-9.442059993743897E-001,1.915635168552399E-001,-1.980204284191132E-001,-9.907290339469910E-002,-9.442059993743897E-001,1.915635168552399E-001,
3.174900000000000E+009,-2.037403583526611E-001,-4.702702164649963E-002,-9.426904320716858E-001,2.086146175861359E-001,-2.037403583526611E-001,-4.702702164649963E-002,-9.426904320716858E-001,2.086146175861359E-001,
3.183266666666667E+009,-1.789839416742325E-001,-2.086784515995532E-004,-9.401861429214478E-001,2.296702116727829E-001,-1.789839416742325E-001,-2.086784515995532E-004,-9.401861429214478E-001,2.296702116727829E-001,
3.191633333333334E+009,-1.350036263465881E-001,2.133210375905037E-002,-9.370594024658203E-001,2.541587948799133E-001,-1.350036263465881E-001,2.133210375905037E-002,-9.370594024658203E-001,2.541587948799133E-001,
3.200000000000000E+009,-8.578154444694519E-002,1.664180867373943E-002,-9.402166604995728E-001,2.812218070030212E-001,-8.578154444694519E-002,1.664180867373943E-002,-9.402166604995728E-001,2.812218070030212E-001,
