% Version 1.00
%
%freq[Hz],re:Trc1_S11,im:Trc1_S11,re:Trc2_S21,im:Trc2_S21,re:Trc3_S11,im:Trc3_S11,re:Trc4_S21,im:Trc4_S21,
6.900000000000000E+008,-4.446501657366753E-002,3.861900046467781E-002,-4.990999698638916E-001,-8.528374433517456E-001,-4.446501657366753E-002,3.861900046467781E-002,-4.990999698638916E-001,-8.528374433517456E-001,
6.983666666666666E+008,-3.716538473963738E-002,3.905627503991127E-002,-5.151262283325195E-001,-8.359400629997253E-001,-3.716538473963738E-002,3.905627503991127E-002,-5.151262283325195E-001,-8.359400629997253E-001,
7.067333333333334E+008,-3.071375191211700E-002,3.622445464134216E-002,-5.429548025131226E-001,-8.093861937522888E-001,-3.071375191211700E-002,3.622445464134216E-002,-5.429548025131226E-001,-8.093861937522888E-001,
7.151000000000000E+008,-3.192460536956787E-002,2.743744663894177E-002,-5.505421161651611E-001,-8.002445697784424E-001,-3.192460536956787E-002,2.743744663894177E-002,-5.505421161651611E-001,-8.002445697784424E-001,
7.234666666666666E+008,-3.183648362755776E-002,2.172422781586647E-002,-5.887038111686707E-001,-7.960606217384338E-001,-3.183648362755776E-002,2.172422781586647E-002,-5.887038111686707E-001,-7.960606217384338E-001,
7.318333333333334E+008,-3.956409916281700E-002,1.831582933664322E-002,-5.986379384994507E-001,-7.879350185394287E-001,-3.956409916281700E-002,1.831582933664322E-002,-5.986379384994507E-001,-7.879350185394287E-001,
7.402000000000000E+008,-4.714924842119217E-002,2.032953873276711E-002,-6.270163059234619E-001,-7.644135355949402E-001,-4.714924842119217E-002,2.032953873276711E-002,-6.270163059234619E-001,-7.644135355949402E-001,
7.485666666666666E+008,-5.181166157126427E-002,2.598252333700657E-002,-6.481420993804932E-001,-7.254020571708679E-001,-5.181166157126427E-002,2.598252333700657E-002,-6.481420993804932E-001,-7.254020571708679E-001,
7.569333333333334E+008,-5.212385207414627E-002,3.500682488083839E-002,-6.595070958137512E-001,-7.282154560089111E-001,-5.212385207414627E-002,3.500682488083839E-002,-6.595070958137512E-001,-7.282154560089111E-001,
7.653000000000000E+008,-4.890647158026695E-002,4.386977851390839E-002,-6.686385869979858E-001,-7.167388796806335E-001,-4.890647158026695E-002,4.386977851390839E-002,-6.686385869979858E-001,-7.167388796806335E-001,
7.736666666666666E+008,-4.099070653319359E-002,5.228022113442421E-002,-6.947234869003296E-001,-7.087064981460571E-001,-4.099070653319359E-002,5.228022113442421E-002,-6.947234869003296E-001,-7.087064981460571E-001,
7.820333333333334E+008,-3.449191153049469E-002,5.605245381593704E-002,-7.175732254981995E-001,-6.876924633979797E-001,-3.449191153049469E-002,5.605245381593704E-002,-7.175732254981995E-001,-6.876924633979797E-001,
7.904000000000000E+008,-2.463474497199059E-002,5.476066842675209E-002,-7.373796701431274E-001,-6.651111841201782E-001,-2.463474497199059E-002,5.476066842675209E-002,-7.373796701431274E-001,-6.651111841201782E-001,
7.987666666666666E+008,-1.750626601278782E-002,5.044613033533096E-002,-7.487903237342835E-001,-6.471727490425110E-001,-1.750626601278782E-002,5.044613033533096E-002,-7.487903237342835E-001,-6.471727490425110E-001,
8.071333333333334E+008,-1.774436980485916E-002,4.611763730645180E-002,-7.610445618629456E-001,-6.370913386344910E-001,-1.774436980485916E-002,4.611763730645180E-002,-7.610445618629456E-001,-6.370913386344910E-001,
8.155000000000000E+008,-2.149699814617634E-002,3.855700418353081E-002,-7.713274955749512E-001,-5.878241658210754E-001,-2.149699814617634E-002,3.855700418353081E-002,-7.713274955749512E-001,-5.878241658210754E-001,
8.238666666666666E+008,-2.597752399742603E-002,3.562589362263680E-002,-8.025563955307007E-001,-5.878960490226746E-001,-2.597752399742603E-002,3.562589362263680E-002,-8.025563955307007E-001,-5.878960490226746E-001,
8.322333333333334E+008,-3.444419801235199E-002,3.733426705002785E-002,-8.146237134933472E-001,-5.599334836006165E-001,-3.444419801235199E-002,3.733426705002785E-002,-8.146237134933472E-001,-5.599334836006165E-001,
8.406000000000000E+008,-3.949600830674171E-002,4.109193384647369E-002,-8.316143751144409E-001,-5.519412159919739E-001,-3.949600830674171E-002,4.109193384647369E-002,-8.316143751144409E-001,-5.519412159919739E-001,
8.489666666666668E+008,-3.985351696610451E-002,4.854334145784378E-002,-8.473224043846130E-001,-5.226820707321167E-001,-3.985351696610451E-002,4.854334145784378E-002,-8.473224043846130E-001,-5.226820707321167E-001,
8.573333333333334E+008,-3.686780855059624E-002,5.613995343446732E-002,-8.532723188400269E-001,-5.061348676681519E-001,-3.686780855059624E-002,5.613995343446732E-002,-8.532723188400269E-001,-5.061348676681519E-001,
8.657000000000000E+008,-2.989967353641987E-002,6.465332210063934E-002,-8.688848614692688E-001,-4.738718271255493E-001,-2.989967353641987E-002,6.465332210063934E-002,-8.688848614692688E-001,-4.738718271255493E-001,
8.740666666666668E+008,-2.135712467133999E-002,6.955946981906891E-002,-8.639855980873108E-001,-4.582345485687256E-001,-2.135712467133999E-002,6.955946981906891E-002,-8.639855980873108E-001,-4.582345485687256E-001,
8.824333333333334E+008,-1.192522607743740E-002,6.917415559291840E-002,-8.926489353179932E-001,-4.251924455165863E-001,-1.192522607743740E-002,6.917415559291840E-002,-8.926489353179932E-001,-4.251924455165863E-001,
8.908000000000000E+008,-4.225684329867363E-003,6.854390352964401E-002,-9.065858125686646E-001,-4.221215248107910E-001,-4.225684329867363E-003,6.854390352964401E-002,-9.065858125686646E-001,-4.221215248107910E-001,
8.991666666666668E+008,-1.671792007982731E-003,6.164032593369484E-002,-9.198455810546875E-001,-3.928720951080322E-001,-1.671792007982731E-003,6.164032593369484E-002,-9.198455810546875E-001,-3.928720951080322E-001,
9.075333333333334E+008,-1.074567670002580E-003,5.749124288558960E-002,-9.115983247756958E-001,-3.660141825675964E-001,-1.074567670002580E-003,5.749124288558960E-002,-9.115983247756958E-001,-3.660141825675964E-001,
9.159000000000000E+008,-4.028853029012680E-003,5.205611139535904E-002,-9.227495789527893E-001,-3.593858778476715E-001,-4.028853029012680E-003,5.205611139535904E-002,-9.227495789527893E-001,-3.593858778476715E-001,
9.242666666666668E+008,-8.920690044760704E-003,4.733306542038918E-002,-9.343639016151428E-001,-3.326448202133179E-001,-8.920690044760704E-003,4.733306542038918E-002,-9.343639016151428E-001,-3.326448202133179E-001,
9.326333333333334E+008,-1.365678198635578E-002,4.942692816257477E-002,-9.401957988739014E-001,-2.983383238315582E-001,-1.365678198635578E-002,4.942692816257477E-002,-9.401957988739014E-001,-2.983383238315582E-001,
9.410000000000000E+008,-1.900937221944332E-002,5.530121549963951E-002,-9.455830454826355E-001,-2.694759666919708E-001,-1.900937221944332E-002,5.530121549963951E-002,-9.455830454826355E-001,-2.694759666919708E-001,
9.493666666666668E+008,-2.011237852275372E-002,6.250435113906860E-002,-9.518434405326843E-001,-2.611977756023407E-001,-2.011237852275372E-002,6.250435113906860E-002,-9.518434405326843E-001,-2.611977756023407E-001,
9.577333333333334E+008,-1.514315791428089E-002,7.072568684816361E-002,-9.774283766746521E-001,-2.212686389684677E-001,-1.514315791428089E-002,7.072568684816361E-002,-9.774283766746521E-001,-2.212686389684677E-001,
9.661000000000000E+008,-6.560219451785088E-003,7.764057070016861E-002,-9.627633690834045E-001,-2.084764093160629E-001,-6.560219451785088E-003,7.764057070016861E-002,-9.627633690834045E-001,-2.084764093160629E-001,
9.744666666666668E+008,2.927646739408374E-003,8.226887136697769E-002,-9.750058650970459E-001,-1.743388921022415E-001,2.927646739408374E-003,8.226887136697769E-002,-9.750058650970459E-001,-1.743388921022415E-001,
9.828333333333334E+008,1.645409688353539E-002,8.013936877250671E-002,-9.692889451980591E-001,-1.455253213644028E-001,1.645409688353539E-002,8.013936877250671E-002,-9.692889451980591E-001,-1.455253213644028E-001,
9.912000000000000E+008,2.652949281036854E-002,7.675376534461975E-002,-9.797264337539673E-001,-1.383258551359177E-001,2.652949281036854E-002,7.675376534461975E-002,-9.797264337539673E-001,-1.383258551359177E-001,
9.995666666666668E+008,3.168482333421707E-002,6.778633594512940E-002,-9.823843240737915E-001,-9.967215359210968E-002,3.168482333421707E-002,6.778633594512940E-002,-9.823843240737915E-001,-9.967215359210968E-002,
1.007933333333333E+009,3.161423280835152E-002,5.933969467878342E-002,-9.843596816062927E-001,-8.370921760797501E-002,3.161423280835152E-002,5.933969467878342E-002,-9.843596816062927E-001,-8.370921760797501E-002,
1.016300000000000E+009,2.525932528078556E-002,5.036224424839020E-002,-9.910856485366821E-001,-6.034449115395546E-002,2.525932528078556E-002,5.036224424839020E-002,-9.910856485366821E-001,-6.034449115395546E-002,
1.024666666666667E+009,1.675001345574856E-002,4.915018379688263E-002,-9.910058379173279E-001,-3.596925735473633E-002,1.675001345574856E-002,4.915018379688263E-002,-9.910058379173279E-001,-3.596925735473633E-002,
1.033033333333333E+009,9.472449310123920E-003,4.984750226140022E-002,-9.712991714477539E-001,4.053603915963322E-004,9.472449310123920E-003,4.984750226140022E-002,-9.712991714477539E-001,4.053603915963322E-004,
1.041400000000000E+009,5.235908553004265E-003,5.573026835918427E-002,-9.770419597625732E-001,2.270133793354034E-002,5.235908553004265E-003,5.573026835918427E-002,-9.770419597625732E-001,2.270133793354034E-002,
1.049766666666667E+009,4.547943361103535E-003,6.442552059888840E-002,-9.885834455490112E-001,4.796017333865166E-002,4.547943361103535E-003,6.442552059888840E-002,-9.885834455490112E-001,4.796017333865166E-002,
1.058133333333333E+009,1.215676590800285E-002,7.377304881811142E-002,-9.819984436035156E-001,7.242740690708160E-002,1.215676590800285E-002,7.377304881811142E-002,-9.819984436035156E-001,7.242740690708160E-002,
1.066500000000000E+009,2.566879615187645E-002,7.844291627407074E-002,-9.694308042526245E-001,9.726605564355850E-002,2.566879615187645E-002,7.844291627407074E-002,-9.694308042526245E-001,9.726605564355850E-002,
1.074866666666667E+009,3.848585486412048E-002,7.505397498607636E-002,-9.778165817260742E-001,1.275833994150162E-001,3.848585486412048E-002,7.505397498607636E-002,-9.778165817260742E-001,1.275833994150162E-001,
1.083233333333334E+009,5.113510787487030E-002,6.991273909807205E-002,-9.718241095542908E-001,1.467870622873306E-001,5.113510787487030E-002,6.991273909807205E-002,-9.718241095542908E-001,1.467870622873306E-001,
1.091600000000000E+009,5.662174150347710E-002,5.853875353932381E-002,-9.660867452621460E-001,1.783831566572189E-001,5.662174150347710E-002,5.853875353932381E-002,-9.660867452621460E-001,1.783831566572189E-001,
1.099966666666667E+009,5.780743807554245E-002,4.584101587533951E-002,-9.651996493339539E-001,1.942966878414154E-001,5.780743807554245E-002,4.584101587533951E-002,-9.651996493339539E-001,1.942966878414154E-001,
1.108333333333334E+009,5.014971643686295E-002,3.503189608454704E-002,-9.729230999946594E-001,2.215435802936554E-001,5.014971643686295E-002,3.503189608454704E-002,-9.729230999946594E-001,2.215435802936554E-001,
1.116700000000000E+009,3.800485655665398E-002,3.474480658769608E-002,-9.586962461471558E-001,2.522437870502472E-001,3.800485655665398E-002,3.474480658769608E-002,-9.586962461471558E-001,2.522437870502472E-001,
1.125066666666667E+009,2.564446069300175E-002,3.582910075783730E-002,-9.462097287178040E-001,2.715059816837311E-001,2.564446069300175E-002,3.582910075783730E-002,-9.462097287178040E-001,2.715059816837311E-001,
1.133433333333334E+009,1.461488194763660E-002,4.699764028191567E-002,-9.391791820526123E-001,2.883752286434174E-001,1.461488194763660E-002,4.699764028191567E-002,-9.391791820526123E-001,2.883752286434174E-001,
1.141800000000000E+009,1.499655377119780E-002,5.983604490756989E-002,-9.298254251480103E-001,3.143502175807953E-001,1.499655377119780E-002,5.983604490756989E-002,-9.298254251480103E-001,3.143502175807953E-001,
1.150166666666667E+009,2.118566818535328E-002,7.240349054336548E-002,-9.242931008338928E-001,3.457787632942200E-001,2.118566818535328E-002,7.240349054336548E-002,-9.242931008338928E-001,3.457787632942200E-001,
1.158533333333334E+009,3.969611600041390E-002,7.951585948467255E-002,-9.148347377777100E-001,3.682555854320526E-001,3.969611600041390E-002,7.951585948467255E-002,-9.148347377777100E-001,3.682555854320526E-001,
1.166900000000000E+009,5.953844636678696E-002,7.848948240280151E-002,-9.045832157135010E-001,3.946204185485840E-001,5.953844636678696E-002,7.848948240280151E-002,-9.045832157135010E-001,3.946204185485840E-001,
1.175266666666667E+009,7.597620040178299E-002,6.904578208923340E-002,-8.883219957351685E-001,4.068545699119568E-001,7.597620040178299E-002,6.904578208923340E-002,-8.883219957351685E-001,4.068545699119568E-001,
1.183633333333334E+009,8.887973427772522E-002,5.341481044888496E-002,-8.799803853034973E-001,4.349122941493988E-001,8.887973427772522E-002,5.341481044888496E-002,-8.799803853034973E-001,4.349122941493988E-001,
1.192000000000000E+009,9.115442633628845E-002,3.539100289344788E-002,-8.735492825508118E-001,4.619419872760773E-001,9.115442633628845E-002,3.539100289344788E-002,-8.735492825508118E-001,4.619419872760773E-001,
1.200366666666667E+009,8.175536245107651E-002,1.766377314925194E-002,-8.619105219841003E-001,4.798992276191711E-001,8.175536245107651E-002,1.766377314925194E-002,-8.619105219841003E-001,4.798992276191711E-001,
1.208733333333334E+009,6.417655199766159E-002,8.659739047288895E-003,-8.587896227836609E-001,5.105991959571838E-001,6.417655199766159E-002,8.659739047288895E-003,-8.587896227836609E-001,5.105991959571838E-001,
1.217100000000000E+009,4.578834027051926E-002,1.031544618308544E-002,-8.249115943908691E-001,5.221464037895203E-001,4.578834027051926E-002,1.031544618308544E-002,-8.249115943908691E-001,5.221464037895203E-001,
1.225466666666667E+009,3.378073871135712E-002,2.106097154319286E-002,-8.283133506774902E-001,5.482602119445801E-001,3.378073871135712E-002,2.106097154319286E-002,-8.283133506774902E-001,5.482602119445801E-001,
1.233833333333334E+009,3.148237988352776E-002,3.606853261590004E-002,-8.084020018577576E-001,5.701540112495422E-001,3.148237988352776E-002,3.606853261590004E-002,-8.084020018577576E-001,5.701540112495422E-001,
1.242200000000000E+009,3.594172373414040E-002,5.049429833889008E-002,-7.829986214637756E-001,5.913462042808533E-001,3.594172373414040E-002,5.049429833889008E-002,-7.829986214637756E-001,5.913462042808533E-001,
1.250566666666667E+009,5.161686241626740E-002,5.994043871760368E-002,-7.878567576408386E-001,6.182967424392700E-001,5.161686241626740E-002,5.994043871760368E-002,-7.878567576408386E-001,6.182967424392700E-001,
1.258933333333334E+009,7.281066477298737E-002,6.038513779640198E-002,-7.629678249359131E-001,6.251150965690613E-001,7.281066477298737E-002,6.038513779640198E-002,-7.629678249359131E-001,6.251150965690613E-001,
1.267300000000000E+009,9.109506756067276E-002,4.800189286470413E-002,-7.398049235343933E-001,6.434617042541504E-001,9.109506756067276E-002,4.800189286470413E-002,-7.398049235343933E-001,6.434617042541504E-001,
1.275666666666667E+009,1.025917381048203E-001,2.981324493885040E-002,-7.358902096748352E-001,6.466966271400452E-001,1.025917381048203E-001,2.981324493885040E-002,-7.358902096748352E-001,6.466966271400452E-001,
1.284033333333334E+009,1.048306748270989E-001,7.101765368133783E-003,-7.080528736114502E-001,6.989278793334961E-001,1.048306748270989E-001,7.101765368133783E-003,-7.080528736114502E-001,6.989278793334961E-001,
1.292400000000000E+009,9.254878014326096E-002,-1.216957718133926E-002,-6.987186074256897E-001,6.975564956665039E-001,9.254878014326096E-002,-1.216957718133926E-002,-6.987186074256897E-001,6.975564956665039E-001,
1.300766666666667E+009,7.426769286394119E-002,-1.965543068945408E-002,-6.846421957015991E-001,7.137061953544617E-001,7.426769286394119E-002,-1.965543068945408E-002,-6.846421957015991E-001,7.137061953544617E-001,
1.309133333333334E+009,5.413436144590378E-002,-1.791558042168617E-002,-6.681361198425293E-001,7.429724931716919E-001,5.413436144590378E-002,-1.791558042168617E-002,-6.681361198425293E-001,7.429724931716919E-001,
1.317500000000000E+009,3.897383809089661E-002,-6.196603178977966E-003,-6.383810639381409E-001,7.709338665008545E-001,3.897383809089661E-002,-6.196603178977966E-003,-6.383810639381409E-001,7.709338665008545E-001,
1.325866666666667E+009,3.343979641795158E-002,1.029577851295471E-002,-6.201670169830322E-001,7.656352519989014E-001,3.343979641795158E-002,1.029577851295471E-002,-6.201670169830322E-001,7.656352519989014E-001,
1.334233333333334E+009,3.970974311232567E-002,2.895364165306091E-002,-5.993593931198120E-001,7.805863022804260E-001,3.970974311232567E-002,2.895364165306091E-002,-5.993593931198120E-001,7.805863022804260E-001,
1.342600000000000E+009,5.642371252179146E-002,3.456921502947807E-002,-5.871143937110901E-001,7.979653477668762E-001,5.642371252179146E-002,3.456921502947807E-002,-5.871143937110901E-001,7.979653477668762E-001,
1.350966666666667E+009,7.437419891357422E-002,3.287879750132561E-002,-5.534290075302124E-001,8.172953128814697E-001,7.437419891357422E-002,3.287879750132561E-002,-5.534290075302124E-001,8.172953128814697E-001,
1.359333333333334E+009,9.070473164319992E-002,1.984933018684387E-002,-5.399834513664246E-001,8.234838843345642E-001,9.070473164319992E-002,1.984933018684387E-002,-5.399834513664246E-001,8.234838843345642E-001,
1.367700000000000E+009,9.770473092794418E-002,-2.003845525905490E-003,-5.197156071662903E-001,8.373817205429077E-001,9.770473092794418E-002,-2.003845525905490E-003,-5.197156071662903E-001,8.373817205429077E-001,
1.376066666666667E+009,9.256518632173538E-002,-2.614534646272659E-002,-4.931749701499939E-001,8.491519689559937E-001,9.256518632173538E-002,-2.614534646272659E-002,-4.931749701499939E-001,8.491519689559937E-001,
1.384433333333334E+009,7.702706754207611E-002,-3.990900516510010E-002,-4.880495965480804E-001,8.599492907524109E-001,7.702706754207611E-002,-3.990900516510010E-002,-4.880495965480804E-001,8.599492907524109E-001,
1.392800000000000E+009,5.380946770310402E-002,-4.432040825486183E-002,-4.631810784339905E-001,8.670113682746887E-001,5.380946770310402E-002,-4.432040825486183E-002,-4.631810784339905E-001,8.670113682746887E-001,
1.401166666666667E+009,3.585128486156464E-002,-3.605868294835091E-002,-4.316979348659515E-001,8.951230049133301E-001,3.585128486156464E-002,-3.605868294835091E-002,-4.316979348659515E-001,8.951230049133301E-001,
1.409533333333334E+009,2.318375557661057E-002,-1.618022471666336E-002,-4.097740054130554E-001,9.037559032440186E-001,2.318375557661057E-002,-1.618022471666336E-002,-4.097740054130554E-001,9.037559032440186E-001,
1.417900000000000E+009,2.058017626404762E-002,4.915132652968168E-003,-3.721029162406921E-001,8.999959826469421E-001,2.058017626404762E-002,4.915132652968168E-003,-3.721029162406921E-001,8.999959826469421E-001,
1.426266666666667E+009,3.144128620624542E-002,2.407276071608067E-002,-3.651264905929565E-001,9.283287525177002E-001,3.144128620624542E-002,2.407276071608067E-002,-3.651264905929565E-001,9.283287525177002E-001,
1.434633333333334E+009,4.984495416283608E-002,3.127505257725716E-002,-3.350118398666382E-001,9.216588735580444E-001,4.984495416283608E-002,3.127505257725716E-002,-3.350118398666382E-001,9.216588735580444E-001,
1.443000000000000E+009,7.256928086280823E-002,2.853064611554146E-002,-3.090658783912659E-001,9.349789023399353E-001,7.256928086280823E-002,2.853064611554146E-002,-3.090658783912659E-001,9.349789023399353E-001,
1.451366666666667E+009,8.759410679340363E-002,1.151046063750982E-002,-2.892305850982666E-001,9.370272159576416E-001,8.759410679340363E-002,1.151046063750982E-002,-2.892305850982666E-001,9.370272159576416E-001,
1.459733333333334E+009,9.428381919860840E-002,-1.065201032906771E-002,-2.766048312187195E-001,9.455170631408691E-001,9.428381919860840E-002,-1.065201032906771E-002,-2.766048312187195E-001,9.455170631408691E-001,
1.468100000000000E+009,8.807864785194397E-002,-3.283848986029625E-002,-2.378910928964615E-001,9.496942758560181E-001,8.807864785194397E-002,-3.283848986029625E-002,-2.378910928964615E-001,9.496942758560181E-001,
1.476466666666667E+009,7.149429619312286E-002,-4.863115400075913E-002,-2.201559245586395E-001,9.676513075828552E-001,7.149429619312286E-002,-4.863115400075913E-002,-2.201559245586395E-001,9.676513075828552E-001,
1.484833333333334E+009,4.981078952550888E-002,-5.217476561665535E-002,-1.870371848344803E-001,9.678169488906860E-001,4.981078952550888E-002,-5.217476561665535E-002,-1.870371848344803E-001,9.678169488906860E-001,
1.493200000000000E+009,3.221111744642258E-002,-4.319240897893906E-002,-1.727418601512909E-001,9.702084660530090E-001,3.221111744642258E-002,-4.319240897893906E-002,-1.727418601512909E-001,9.702084660530090E-001,
1.501566666666667E+009,2.174844406545162E-002,-2.420456521213055E-002,-1.429930329322815E-001,9.734699130058289E-001,2.174844406545162E-002,-2.420456521213055E-002,-1.429930329322815E-001,9.734699130058289E-001,
1.509933333333334E+009,2.109682187438011E-002,-1.766436616890132E-003,-1.236803680658341E-001,9.788079261779785E-001,2.109682187438011E-002,-1.766436616890132E-003,-1.236803680658341E-001,9.788079261779785E-001,
1.518300000000000E+009,3.529385477304459E-002,1.548140030354261E-002,-9.823532402515411E-002,9.873842597007752E-001,3.529385477304459E-002,1.548140030354261E-002,-9.823532402515411E-002,9.873842597007752E-001,
1.526666666666667E+009,5.466604232788086E-002,2.195995301008225E-002,-6.596515327692032E-002,9.794644117355347E-001,5.466604232788086E-002,2.195995301008225E-002,-6.596515327692032E-002,9.794644117355347E-001,
1.535033333333334E+009,7.542064040899277E-002,1.844221726059914E-002,-4.128600284457207E-002,9.911445975303650E-001,7.542064040899277E-002,1.844221726059914E-002,-4.128600284457207E-002,9.911445975303650E-001,
1.543400000000000E+009,8.866187930107117E-002,1.441171276383102E-003,-2.063542045652866E-002,9.828867912292481E-001,8.866187930107117E-002,1.441171276383102E-003,-2.063542045652866E-002,9.828867912292481E-001,
1.551766666666667E+009,9.072805941104889E-002,-2.120091579854488E-002,1.342540490441024E-003,9.782065153121948E-001,9.072805941104889E-002,-2.120091579854488E-002,1.342540490441024E-003,9.782065153121948E-001,
1.560133333333334E+009,8.435535430908203E-002,-4.276516288518906E-002,2.153710275888443E-002,9.835782647132874E-001,8.435535430908203E-002,-4.276516288518906E-002,2.153710275888443E-002,9.835782647132874E-001,
1.568500000000000E+009,6.858645379543304E-002,-5.743248760700226E-002,4.156269505620003E-002,9.880132675170898E-001,6.858645379543304E-002,-5.743248760700226E-002,4.156269505620003E-002,9.880132675170898E-001,
1.576866666666667E+009,4.771842807531357E-002,-5.883697792887688E-002,8.088014274835587E-002,9.809105992317200E-001,4.771842807531357E-002,-5.883697792887688E-002,8.088014274835587E-002,9.809105992317200E-001,
1.585233333333334E+009,3.436179831624031E-002,-5.129640921950340E-002,9.912057220935822E-002,9.824196696281433E-001,3.436179831624031E-002,-5.129640921950340E-002,9.912057220935822E-002,9.824196696281433E-001,
1.593600000000000E+009,2.570543065667152E-002,-3.610924258828163E-002,1.263093054294586E-001,9.768043160438538E-001,2.570543065667152E-002,-3.610924258828163E-002,1.263093054294586E-001,9.768043160438538E-001,
1.601966666666667E+009,2.735298871994019E-002,-1.720742695033550E-002,1.450245231389999E-001,9.751192927360535E-001,2.735298871994019E-002,-1.720742695033550E-002,1.450245231389999E-001,9.751192927360535E-001,
1.610333333333334E+009,3.893860429525375E-002,-4.298417363315821E-003,1.771535575389862E-001,9.675390720367432E-001,3.893860429525375E-002,-4.298417363315821E-003,1.771535575389862E-001,9.675390720367432E-001,
1.618700000000000E+009,5.687282234430313E-002,6.087812289479189E-005,2.042724192142487E-001,9.656611680984497E-001,5.687282234430313E-002,6.087812289479189E-005,2.042724192142487E-001,9.656611680984497E-001,
1.627066666666667E+009,7.159198075532913E-002,-5.848125088959932E-003,2.264657169580460E-001,9.607651233673096E-001,7.159198075532913E-002,-5.848125088959932E-003,2.264657169580460E-001,9.607651233673096E-001,
1.635433333333334E+009,8.060217648744583E-002,-1.862469874322414E-002,2.537719309329987E-001,9.583178758621216E-001,8.060217648744583E-002,-1.862469874322414E-002,2.537719309329987E-001,9.583178758621216E-001,
1.643800000000000E+009,8.094047009944916E-002,-3.749541193246841E-002,2.677971720695496E-001,9.458889365196228E-001,8.094047009944916E-002,-3.749541193246841E-002,2.677971720695496E-001,9.458889365196228E-001,
1.652166666666667E+009,7.140603661537170E-002,-5.385994538664818E-002,3.000271320343018E-001,9.360546469688416E-001,7.140603661537170E-002,-5.385994538664818E-002,3.000271320343018E-001,9.360546469688416E-001,
1.660533333333334E+009,5.583194643259049E-002,-6.327239423990250E-002,3.189265429973602E-001,9.291998147964478E-001,5.583194643259049E-002,-6.327239423990250E-002,3.189265429973602E-001,9.291998147964478E-001,
1.668900000000000E+009,3.961513936519623E-002,-6.307255476713181E-002,3.409568369388580E-001,9.215309023857117E-001,3.961513936519623E-002,-6.307255476713181E-002,3.409568369388580E-001,9.215309023857117E-001,
1.677266666666667E+009,2.611787244677544E-002,-5.504505336284638E-002,3.798091411590576E-001,9.141698479652405E-001,2.611787244677544E-002,-5.504505336284638E-002,3.798091411590576E-001,9.141698479652405E-001,
1.685633333333334E+009,2.264863066375256E-002,-4.044444113969803E-002,3.959729373455048E-001,9.053527116775513E-001,2.264863066375256E-002,-4.044444113969803E-002,3.959729373455048E-001,9.053527116775513E-001,
1.694000000000000E+009,2.623203396797180E-002,-2.687992528080940E-002,4.118636250495911E-001,8.934349417686462E-001,2.623203396797180E-002,-2.687992528080940E-002,4.118636250495911E-001,8.934349417686462E-001,
1.702366666666667E+009,3.825562819838524E-002,-1.486277300864458E-002,4.377533495426178E-001,8.839233517646790E-001,3.825562819838524E-002,-1.486277300864458E-002,4.377533495426178E-001,8.839233517646790E-001,
1.710733333333334E+009,5.482720956206322E-002,-1.127355452626944E-002,4.568216800689697E-001,8.680213689804077E-001,5.482720956206322E-002,-1.127355452626944E-002,4.568216800689697E-001,8.680213689804077E-001,
1.719100000000000E+009,6.982258707284927E-002,-1.871395297348499E-002,4.800109267234802E-001,8.532228469848633E-001,6.982258707284927E-002,-1.871395297348499E-002,4.800109267234802E-001,8.532228469848633E-001,
1.727466666666667E+009,7.960327714681625E-002,-3.102853894233704E-002,5.019093155860901E-001,8.454028367996216E-001,7.960327714681625E-002,-3.102853894233704E-002,5.019093155860901E-001,8.454028367996216E-001,
1.735833333333334E+009,8.065640181303024E-002,-4.787363857030869E-002,5.185272097587585E-001,8.311099410057068E-001,8.065640181303024E-002,-4.787363857030869E-002,5.185272097587585E-001,8.311099410057068E-001,
1.744200000000000E+009,7.194685935974121E-002,-6.604377925395966E-002,5.468508005142212E-001,8.070106506347656E-001,7.194685935974121E-002,-6.604377925395966E-002,5.468508005142212E-001,8.070106506347656E-001,
1.752566666666667E+009,5.918278545141220E-002,-7.796676456928253E-002,5.744889974594116E-001,8.029778599739075E-001,5.918278545141220E-002,-7.796676456928253E-002,5.744889974594116E-001,8.029778599739075E-001,
1.760933333333334E+009,4.199440777301788E-002,-8.335912227630615E-002,5.825815200805664E-001,7.874030470848084E-001,4.199440777301788E-002,-8.335912227630615E-002,5.825815200805664E-001,7.874030470848084E-001,
1.769300000000000E+009,2.699159644544125E-002,-8.109533786773682E-002,6.013185381889343E-001,7.804406285285950E-001,2.699159644544125E-002,-8.109533786773682E-002,6.013185381889343E-001,7.804406285285950E-001,
1.777666666666667E+009,1.716268621385098E-002,-7.070794701576233E-002,6.210307478904724E-001,7.721655368804932E-001,1.716268621385098E-002,-7.070794701576233E-002,6.210307478904724E-001,7.721655368804932E-001,
1.786033333333334E+009,1.460634078830481E-002,-6.071058660745621E-002,6.371958851814270E-001,7.423883080482483E-001,1.460634078830481E-002,-6.071058660745621E-002,6.371958851814270E-001,7.423883080482483E-001,
1.794400000000000E+009,2.015363983809948E-002,-4.786113277077675E-002,6.598527431488037E-001,7.284745573997498E-001,2.015363983809948E-002,-4.786113277077675E-002,6.598527431488037E-001,7.284745573997498E-001,
1.802766666666667E+009,2.738609164953232E-002,-4.068345949053764E-002,6.795005202293396E-001,7.067505121231079E-001,2.738609164953232E-002,-4.068345949053764E-002,6.795005202293396E-001,7.067505121231079E-001,
1.811133333333334E+009,3.856945782899857E-002,-3.882446885108948E-002,7.046430110931397E-001,6.915892958641052E-001,3.856945782899857E-002,-3.882446885108948E-002,7.046430110931397E-001,6.915892958641052E-001,
1.819500000000000E+009,4.802063480019569E-002,-4.226772114634514E-002,7.179247736930847E-001,6.651719808578491E-001,4.802063480019569E-002,-4.226772114634514E-002,7.179247736930847E-001,6.651719808578491E-001,
1.827866666666667E+009,5.346778407692909E-002,-5.026207119226456E-002,7.367720603942871E-001,6.558813452720642E-001,5.346778407692909E-002,-5.026207119226456E-002,7.367720603942871E-001,6.558813452720642E-001,
1.836233333333334E+009,5.060900375247002E-002,-6.114513427019119E-002,7.497833967208862E-001,6.394996643066406E-001,5.060900375247002E-002,-6.114513427019119E-002,7.497833967208862E-001,6.394996643066406E-001,
1.844600000000000E+009,4.348713904619217E-002,-6.984992325305939E-002,7.660230398178101E-001,6.299632191658020E-001,4.348713904619217E-002,-6.984992325305939E-002,7.660230398178101E-001,6.299632191658020E-001,
1.852966666666667E+009,3.421119973063469E-002,-7.475147396326065E-002,7.753499746322632E-001,5.961086153984070E-001,3.421119973063469E-002,-7.475147396326065E-002,7.753499746322632E-001,5.961086153984070E-001,
1.861333333333334E+009,2.366195619106293E-002,-7.782595604658127E-002,7.984015941619873E-001,5.762614607810974E-001,2.366195619106293E-002,-7.782595604658127E-002,7.984015941619873E-001,5.762614607810974E-001,
1.869700000000000E+009,1.552194263786078E-002,-7.250618934631348E-002,8.149676322937012E-001,5.595690608024597E-001,1.552194263786078E-002,-7.250618934631348E-002,8.149676322937012E-001,5.595690608024597E-001,
1.878066666666667E+009,1.143090333789587E-002,-6.679743528366089E-002,8.302296996116638E-001,5.430052876472473E-001,1.143090333789587E-002,-6.679743528366089E-002,8.302296996116638E-001,5.430052876472473E-001,
1.886433333333334E+009,1.282379962503910E-002,-5.844584479928017E-002,8.449772596359253E-001,5.191302299499512E-001,1.282379962503910E-002,-5.844584479928017E-002,8.449772596359253E-001,5.191302299499512E-001,
1.894800000000000E+009,2.112076617777348E-002,-5.270874872803688E-002,8.599160909652710E-001,5.008098483085632E-001,2.112076617777348E-002,-5.270874872803688E-002,8.599160909652710E-001,5.008098483085632E-001,
1.903166666666667E+009,3.008002042770386E-002,-4.879474267363548E-002,8.692334294319153E-001,4.692434072494507E-001,3.008002042770386E-002,-4.879474267363548E-002,8.692334294319153E-001,4.692434072494507E-001,
1.911533333333334E+009,3.932033479213715E-002,-5.294891446828842E-002,8.786929845809937E-001,4.435141384601593E-001,3.932033479213715E-002,-5.294891446828842E-002,8.786929845809937E-001,4.435141384601593E-001,
1.919900000000000E+009,4.690652340650559E-002,-6.020676344633102E-002,8.931792378425598E-001,4.266803562641144E-001,4.690652340650559E-002,-6.020676344633102E-002,8.931792378425598E-001,4.266803562641144E-001,
1.928266666666667E+009,4.953021183609963E-002,-7.027003914117813E-002,8.913659453392029E-001,3.906195461750031E-001,4.953021183609963E-002,-7.027003914117813E-002,8.913659453392029E-001,3.906195461750031E-001,
1.936633333333334E+009,4.400576651096344E-002,-8.202636986970902E-002,9.108430743217468E-001,3.807307481765747E-001,4.400576651096344E-002,-8.202636986970902E-002,9.108430743217468E-001,3.807307481765747E-001,
1.945000000000000E+009,3.389169648289681E-002,-9.090883284807205E-002,9.180022478103638E-001,3.566542565822601E-001,3.389169648289681E-002,-9.090883284807205E-002,9.180022478103638E-001,3.566542565822601E-001,
1.953366666666667E+009,2.061072364449501E-002,-9.642168879508972E-002,9.233855605125427E-001,3.330062925815582E-001,2.061072364449501E-002,-9.642168879508972E-002,9.233855605125427E-001,3.330062925815582E-001,
1.961733333333334E+009,4.786336794495583E-003,-9.427047520875931E-002,9.381278157234192E-001,3.109315335750580E-001,4.786336794495583E-003,-9.427047520875931E-002,9.381278157234192E-001,3.109315335750580E-001,
1.970100000000000E+009,-6.852890830487013E-003,-8.818734437227249E-002,9.395148754119873E-001,2.871026098728180E-001,-6.852890830487013E-003,-8.818734437227249E-002,9.395148754119873E-001,2.871026098728180E-001,
1.978466666666667E+009,-1.121919509023428E-002,-7.642986625432968E-002,9.496968388557434E-001,2.592061460018158E-001,-1.121919509023428E-002,-7.642986625432968E-002,9.496968388557434E-001,2.592061460018158E-001,
1.986833333333334E+009,-8.011033758521080E-003,-6.500597298145294E-002,9.513100981712341E-001,2.404503971338272E-001,-8.011033758521080E-003,-6.500597298145294E-002,9.513100981712341E-001,2.404503971338272E-001,
1.995200000000000E+009,3.157553030177951E-003,-5.772650241851807E-002,9.578940272331238E-001,2.232403308153153E-001,3.157553030177951E-003,-5.772650241851807E-002,9.578940272331238E-001,2.232403308153153E-001,
2.003566666666667E+009,1.774622872471809E-002,-5.564154684543610E-002,9.605400562286377E-001,1.890338808298111E-001,1.774622872471809E-002,-5.564154684543610E-002,9.605400562286377E-001,1.890338808298111E-001,
2.011933333333334E+009,3.116601146757603E-002,-6.334932893514633E-002,9.731265902519226E-001,1.569154411554337E-001,3.116601146757603E-002,-6.334932893514633E-002,9.731265902519226E-001,1.569154411554337E-001,
2.020300000000000E+009,3.972935304045677E-002,-7.333443313837051E-002,9.743281006813049E-001,1.298819035291672E-001,3.972935304045677E-002,-7.333443313837051E-002,9.743281006813049E-001,1.298819035291672E-001,
2.028666666666667E+009,3.980341926217079E-002,-8.902342617511749E-002,9.785125851631165E-001,1.138346940279007E-001,3.980341926217079E-002,-8.902342617511749E-002,9.785125851631165E-001,1.138346940279007E-001,
2.037033333333334E+009,3.000424802303314E-002,-1.050564125180244E-001,9.817909598350525E-001,8.500353991985321E-002,3.000424802303314E-002,-1.050564125180244E-001,9.817909598350525E-001,8.500353991985321E-002,
2.045400000000000E+009,1.381066814064980E-002,-1.142605766654015E-001,9.802037477493286E-001,6.738277524709702E-002,1.381066814064980E-002,-1.142605766654015E-001,9.802037477493286E-001,6.738277524709702E-002,
2.053766666666667E+009,-6.524391938000917E-003,-1.141469776630402E-001,9.790374040603638E-001,3.975817933678627E-002,-6.524391938000917E-003,-1.141469776630402E-001,9.790374040603638E-001,3.975817933678627E-002,
2.062133333333334E+009,-2.330368943512440E-002,-1.084371134638786E-001,9.854691028594971E-001,1.492545008659363E-002,-2.330368943512440E-002,-1.084371134638786E-001,9.854691028594971E-001,1.492545008659363E-002,
2.070500000000000E+009,-3.201970830559731E-002,-9.328193962574005E-002,9.865036010742188E-001,-1.423440780490637E-002,-3.201970830559731E-002,-9.328193962574005E-002,9.865036010742188E-001,-1.423440780490637E-002,
2.078866666666667E+009,-3.145625442266464E-002,-7.740087062120438E-002,9.813596606254578E-001,-3.504196181893349E-002,-3.145625442266464E-002,-7.740087062120438E-002,9.813596606254578E-001,-3.504196181893349E-002,
2.087233333333334E+009,-2.030132710933685E-002,-6.875091791152954E-002,9.859139919281006E-001,-6.806904077529907E-002,-2.030132710933685E-002,-6.875091791152954E-002,9.859139919281006E-001,-6.806904077529907E-002,
2.095600000000000E+009,-3.874858608469367E-003,-6.452895700931549E-002,9.875418543815613E-001,-8.718174695968628E-002,-3.874858608469367E-003,-6.452895700931549E-002,9.875418543815613E-001,-8.718174695968628E-002,
2.103966666666667E+009,1.306863967329264E-002,-7.400120794773102E-002,9.881679415702820E-001,-1.171865463256836E-001,1.306863967329264E-002,-7.400120794773102E-002,9.881679415702820E-001,-1.171865463256836E-001,
2.112333333333334E+009,2.329541556537151E-002,-8.979452401399612E-002,9.759315252304077E-001,-1.377380937337875E-001,2.329541556537151E-002,-8.979452401399612E-002,9.759315252304077E-001,-1.377380937337875E-001,
2.120700000000000E+009,2.355378307402134E-002,-1.129883080720902E-001,9.712839722633362E-001,-1.691251546144486E-001,2.355378307402134E-002,-1.129883080720902E-001,9.712839722633362E-001,-1.691251546144486E-001,
2.129066666666667E+009,1.026529073715210E-002,-1.291325986385346E-001,9.760197401046753E-001,-1.980525106191635E-001,1.026529073715210E-002,-1.291325986385346E-001,9.760197401046753E-001,-1.980525106191635E-001,
2.137433333333334E+009,-1.260730996727943E-002,-1.396133005619049E-001,9.581928849220276E-001,-2.167950570583344E-001,-1.260730996727943E-002,-1.396133005619049E-001,9.581928849220276E-001,-2.167950570583344E-001,
2.145800000000000E+009,-4.100745916366577E-002,-1.382871866226196E-001,9.542087316513062E-001,-2.375966161489487E-001,-4.100745916366577E-002,-1.382871866226196E-001,9.542087316513062E-001,-2.375966161489487E-001,
2.154166666666667E+009,-6.378138810396195E-002,-1.255413293838501E-001,9.480459094047546E-001,-2.572413384914398E-001,-6.378138810396195E-002,-1.255413293838501E-001,9.480459094047546E-001,-2.572413384914398E-001,
2.162533333333334E+009,-7.676146179437637E-002,-1.031933352351189E-001,9.282493591308594E-001,-2.801543772220612E-001,-7.676146179437637E-002,-1.031933352351189E-001,9.282493591308594E-001,-2.801543772220612E-001,
2.170900000000000E+009,-7.657199352979660E-002,-8.044414222240448E-002,9.349059462547302E-001,-3.073779642581940E-001,-7.657199352979660E-002,-8.044414222240448E-002,9.349059462547302E-001,-3.073779642581940E-001,
2.179266666666667E+009,-6.323407590389252E-002,-6.502892822027206E-002,9.273701906204224E-001,-3.243602812290192E-001,-6.323407590389252E-002,-6.502892822027206E-002,9.273701906204224E-001,-3.243602812290192E-001,
2.187633333333334E+009,-4.352000355720520E-002,-5.944088101387024E-002,9.231646060943604E-001,-3.582160472869873E-001,-4.352000355720520E-002,-5.944088101387024E-002,9.231646060943604E-001,-3.582160472869873E-001,
2.196000000000000E+009,-2.127652615308762E-002,-6.834048032760620E-002,9.040973186492920E-001,-3.797278702259064E-001,-2.127652615308762E-002,-6.834048032760620E-002,9.040973186492920E-001,-3.797278702259064E-001,
2.204366666666667E+009,-7.440999150276184E-003,-8.970920741558075E-002,8.978669047355652E-001,-4.033008217811585E-001,-7.440999150276184E-003,-8.970920741558075E-002,8.978669047355652E-001,-4.033008217811585E-001,
2.212733333333334E+009,-7.803224492818117E-003,-1.149208918213844E-001,8.832157850265503E-001,-4.355161190032959E-001,-7.803224492818117E-003,-1.149208918213844E-001,8.832157850265503E-001,-4.355161190032959E-001,
2.221100000000000E+009,-2.271503023803234E-002,-1.351322978734970E-001,8.634096980094910E-001,-4.474443793296814E-001,-2.271503023803234E-002,-1.351322978734970E-001,8.634096980094910E-001,-4.474443793296814E-001,
2.229466666666667E+009,-4.687872156500816E-002,-1.461368650197983E-001,8.546497821807861E-001,-4.618025720119476E-001,-4.687872156500816E-002,-1.461368650197983E-001,8.546497821807861E-001,-4.618025720119476E-001,
2.237833333333334E+009,-7.729879021644592E-002,-1.402894109487534E-001,8.447328805923462E-001,-4.868731498718262E-001,-7.729879021644592E-002,-1.402894109487534E-001,8.447328805923462E-001,-4.868731498718262E-001,
2.246200000000000E+009,-1.034792587161064E-001,-1.225728169083595E-001,8.319227099418640E-001,-5.113241672515869E-001,-1.034792587161064E-001,-1.225728169083595E-001,8.319227099418640E-001,-5.113241672515869E-001,
2.254566666666667E+009,-1.147179529070854E-001,-9.507057815790176E-002,8.214356899261475E-001,-5.237432718276978E-001,-1.147179529070854E-001,-9.507057815790176E-002,8.214356899261475E-001,-5.237432718276978E-001,
2.262933333333334E+009,-1.146886050701141E-001,-6.902093440294266E-002,8.112727999687195E-001,-5.471580028533936E-001,-1.146886050701141E-001,-6.902093440294266E-002,8.112727999687195E-001,-5.471580028533936E-001,
2.271300000000000E+009,-1.006602495908737E-001,-4.883497953414917E-002,7.934543490409851E-001,-5.655867457389832E-001,-1.006602495908737E-001,-4.883497953414917E-002,7.934543490409851E-001,-5.655867457389832E-001,
2.279666666666667E+009,-7.737490534782410E-002,-4.492877423763275E-002,7.816368937492371E-001,-5.888698697090149E-001,-7.737490534782410E-002,-4.492877423763275E-002,7.816368937492371E-001,-5.888698697090149E-001,
2.288033333333334E+009,-5.752950161695480E-002,-5.524028837680817E-002,7.691252231597900E-001,-6.187352538108826E-001,-5.752950161695480E-002,-5.524028837680817E-002,7.691252231597900E-001,-6.187352538108826E-001,
2.296400000000000E+009,-4.611985012888908E-002,-7.796649634838104E-002,7.469056844711304E-001,-6.390672922134399E-001,-4.611985012888908E-002,-7.796649634838104E-002,7.469056844711304E-001,-6.390672922134399E-001,
2.304766666666667E+009,-4.945961385965347E-002,-1.038114726543427E-001,7.334597110748291E-001,-6.458454728126526E-001,-4.945961385965347E-002,-1.038114726543427E-001,7.334597110748291E-001,-6.458454728126526E-001,
2.313133333333334E+009,-6.938595324754715E-002,-1.216032654047012E-001,7.073739767074585E-001,-6.807750463485718E-001,-6.938595324754715E-002,-1.216032654047012E-001,7.073739767074585E-001,-6.807750463485718E-001,
2.321500000000000E+009,-9.401001781225205E-002,-1.255548149347305E-001,6.936741471290588E-001,-6.844476461410523E-001,-9.401001781225205E-002,-1.255548149347305E-001,6.936741471290588E-001,-6.844476461410523E-001,
2.329866666666667E+009,-1.199381276965141E-001,-1.134507656097412E-001,6.824432611465454E-001,-7.038158774375916E-001,-1.199381276965141E-001,-1.134507656097412E-001,6.824432611465454E-001,-7.038158774375916E-001,
2.338233333333334E+009,-1.400492489337921E-001,-9.005405753850937E-002,6.546587944030762E-001,-7.206817865371704E-001,-1.400492489337921E-001,-9.005405753850937E-002,6.546587944030762E-001,-7.206817865371704E-001,
2.346600000000000E+009,-1.437221020460129E-001,-5.769061669707298E-002,6.374143958091736E-001,-7.393560409545898E-001,-1.437221020460129E-001,-5.769061669707298E-002,6.374143958091736E-001,-7.393560409545898E-001,
2.354966666666667E+009,-1.310707330703735E-001,-3.137523308396339E-002,6.288393735885620E-001,-7.494755387306213E-001,-1.310707330703735E-001,-3.137523308396339E-002,6.288393735885620E-001,-7.494755387306213E-001,
2.363333333333334E+009,-1.092006340622902E-001,-1.908561028540134E-002,6.123542189598084E-001,-7.674949765205383E-001,-1.092006340622902E-001,-1.908561028540134E-002,6.123542189598084E-001,-7.674949765205383E-001,
2.371700000000000E+009,-8.115074038505554E-002,-2.260708436369896E-002,5.958895087242127E-001,-7.883703112602234E-001,-8.115074038505554E-002,-2.260708436369896E-002,5.958895087242127E-001,-7.883703112602234E-001,
2.380066666666667E+009,-6.297788023948669E-002,-4.529278725385666E-002,5.636565685272217E-001,-8.053612709045410E-001,-6.297788023948669E-002,-4.529278725385666E-002,5.636565685272217E-001,-8.053612709045410E-001,
2.388433333333334E+009,-6.117541342973709E-002,-7.729758322238922E-002,5.448945164680481E-001,-8.126592636108398E-001,-6.117541342973709E-002,-7.729758322238922E-002,5.448945164680481E-001,-8.126592636108398E-001,
2.396800000000000E+009,-7.683364301919937E-002,-1.085820123553276E-001,5.095267891883850E-001,-8.322243690490723E-001,-7.683364301919937E-002,-1.085820123553276E-001,5.095267891883850E-001,-8.322243690490723E-001,
2.405166666666667E+009,-1.082661151885986E-001,-1.285981833934784E-001,4.920816719532013E-001,-8.444630503654480E-001,-1.082661151885986E-001,-1.285981833934784E-001,4.920816719532013E-001,-8.444630503654480E-001,
2.413533333333334E+009,-1.484105139970779E-001,-1.274388581514359E-001,4.642154574394226E-001,-8.486584424972534E-001,-1.484105139970779E-001,-1.274388581514359E-001,4.642154574394226E-001,-8.486584424972534E-001,
2.421900000000000E+009,-1.852127313613892E-001,-1.063739359378815E-001,4.519835114479065E-001,-8.606088757514954E-001,-1.852127313613892E-001,-1.063739359378815E-001,4.519835114479065E-001,-8.606088757514954E-001,
2.430266666666667E+009,-2.052328437566757E-001,-7.022134214639664E-002,4.338923394680023E-001,-8.693922162055969E-001,-2.052328437566757E-001,-7.022134214639664E-002,4.338923394680023E-001,-8.693922162055969E-001,
2.438633333333334E+009,-2.101973295211792E-001,-2.518115006387234E-002,4.143975973129273E-001,-8.763050436973572E-001,-2.101973295211792E-001,-2.518115006387234E-002,4.143975973129273E-001,-8.763050436973572E-001,
2.447000000000000E+009,-1.935150623321533E-001,1.536450162529945E-002,3.937079906463623E-001,-8.918261528015137E-001,-1.935150623321533E-001,1.536450162529945E-002,3.937079906463623E-001,-8.918261528015137E-001,
2.455366666666667E+009,-1.618812382221222E-001,3.944212198257446E-002,3.734231889247894E-001,-8.971481323242188E-001,-1.618812382221222E-001,3.944212198257446E-002,3.734231889247894E-001,-8.971481323242188E-001,
2.463733333333334E+009,-1.267696768045425E-001,4.434955120086670E-002,3.541269302368164E-001,-9.141399264335632E-001,-1.267696768045425E-001,4.434955120086670E-002,3.541269302368164E-001,-9.141399264335632E-001,
2.472100000000000E+009,-9.922520071268082E-002,2.631390653550625E-002,3.281174898147583E-001,-9.260234236717224E-001,-9.922520071268082E-002,2.631390653550625E-002,3.281174898147583E-001,-9.260234236717224E-001,
2.480466666666667E+009,-8.707547932863236E-002,-3.647247329354286E-003,2.928037047386169E-001,-9.315386414527893E-001,-8.707547932863236E-002,-3.647247329354286E-003,2.928037047386169E-001,-9.315386414527893E-001,
2.488833333333334E+009,-9.579341858625412E-002,-3.595756366848946E-002,2.705677151679993E-001,-9.399271607398987E-001,-9.579341858625412E-002,-3.595756366848946E-002,2.705677151679993E-001,-9.399271607398987E-001,
2.497200000000000E+009,-1.192189827561379E-001,-5.735604092478752E-002,2.435209006071091E-001,-9.475203752517700E-001,-1.192189827561379E-001,-5.735604092478752E-002,2.435209006071091E-001,-9.475203752517700E-001,
2.505566666666667E+009,-1.554467976093292E-001,-6.016810238361359E-002,2.146492898464203E-001,-9.518111348152161E-001,-1.554467976093292E-001,-6.016810238361359E-002,2.146492898464203E-001,-9.518111348152161E-001,
2.513933333333334E+009,-1.844020187854767E-001,-4.220378398895264E-002,1.938061118125916E-001,-9.513933062553406E-001,-1.844020187854767E-001,-4.220378398895264E-002,1.938061118125916E-001,-9.513933062553406E-001,
2.522300000000000E+009,-2.015163898468018E-001,-1.177671365439892E-002,1.670304685831070E-001,-9.533373713493347E-001,-2.015163898468018E-001,-1.177671365439892E-002,1.670304685831070E-001,-9.533373713493347E-001,
2.530666666666667E+009,-1.991111934185028E-001,2.602075971662998E-002,1.441626697778702E-001,-9.597889780998230E-001,-1.991111934185028E-001,2.602075971662998E-002,1.441626697778702E-001,-9.597889780998230E-001,
2.539033333333334E+009,-1.803615689277649E-001,5.971021577715874E-002,1.274980902671814E-001,-9.610244631767273E-001,-1.803615689277649E-001,5.971021577715874E-002,1.274980902671814E-001,-9.610244631767273E-001,
2.547400000000000E+009,-1.490848213434219E-001,7.918050885200501E-002,1.098897680640221E-001,-9.734993577003479E-001,-1.490848213434219E-001,7.918050885200501E-002,1.098897680640221E-001,-9.734993577003479E-001,
2.555766666666667E+009,-1.138559207320213E-001,7.970546185970306E-002,8.196789026260376E-002,-9.811208844184876E-001,-1.138559207320213E-001,7.970546185970306E-002,8.196789026260376E-002,-9.811208844184876E-001,
2.564133333333334E+009,-9.034133702516556E-002,5.984565988183022E-002,5.678905919194222E-002,-9.749559164047241E-001,-9.034133702516556E-002,5.984565988183022E-002,5.678905919194222E-002,-9.749559164047241E-001,
2.572500000000000E+009,-8.425641804933548E-002,3.046385385096073E-002,2.758275903761387E-002,-9.782731533050537E-001,-8.425641804933548E-002,3.046385385096073E-002,2.758275903761387E-002,-9.782731533050537E-001,
2.580866666666667E+009,-9.805129468441010E-002,2.322970103705302E-004,-2.350474940612912E-003,-9.830383062362671E-001,-9.805129468441010E-002,2.322970103705302E-004,-2.350474940612912E-003,-9.830383062362671E-001,
2.589233333333334E+009,-1.286638528108597E-001,-1.644669286906719E-002,-3.488222509622574E-002,-9.746292829513550E-001,-1.286638528108597E-001,-1.644669286906719E-002,-3.488222509622574E-002,-9.746292829513550E-001,
2.597600000000000E+009,-1.638215035200119E-001,-1.676748506724834E-002,-6.515086442232132E-002,-9.719840288162231E-001,-1.638215035200119E-001,-1.676748506724834E-002,-6.515086442232132E-002,-9.719840288162231E-001,
2.605966666666667E+009,-1.941973119974136E-001,4.644634202122688E-003,-7.872913032770157E-002,-9.720058441162109E-001,-1.941973119974136E-001,4.644634202122688E-003,-7.872913032770157E-002,-9.720058441162109E-001,
2.614333333333334E+009,-2.086950242519379E-001,3.647570684552193E-002,-1.015690490603447E-001,-9.602509140968323E-001,-2.086950242519379E-001,3.647570684552193E-002,-1.015690490603447E-001,-9.602509140968323E-001,
2.622700000000000E+009,-2.041043490171433E-001,7.666950672864914E-002,-1.225033774971962E-001,-9.549197554588318E-001,-2.041043490171433E-001,7.666950672864914E-002,-1.225033774971962E-001,-9.549197554588318E-001,
2.631066666666667E+009,-1.813729554414749E-001,1.104877218604088E-001,-1.446823775768280E-001,-9.629282355308533E-001,-1.813729554414749E-001,1.104877218604088E-001,-1.446823775768280E-001,-9.629282355308533E-001,
2.639433333333334E+009,-1.460354775190353E-001,1.277994811534882E-001,-1.628855913877487E-001,-9.524985551834106E-001,-1.460354775190353E-001,1.277994811534882E-001,-1.628855913877487E-001,-9.524985551834106E-001,
2.647800000000000E+009,-1.085435599088669E-001,1.283724606037140E-001,-1.885044425725937E-001,-9.531813263893127E-001,-1.085435599088669E-001,1.283724606037140E-001,-1.885044425725937E-001,-9.531813263893127E-001,
2.656166666666667E+009,-8.268352597951889E-002,1.102858483791351E-001,-2.092174291610718E-001,-9.578656554222107E-001,-8.268352597951889E-002,1.102858483791351E-001,-2.092174291610718E-001,-9.578656554222107E-001,
2.664533333333334E+009,-7.453683763742447E-002,8.286224305629730E-002,-2.445442974567413E-001,-9.415602684020996E-001,-7.453683763742447E-002,8.286224305629730E-002,-2.445442974567413E-001,-9.415602684020996E-001,
2.672900000000000E+009,-8.494822680950165E-002,5.580444633960724E-002,-2.705197930335999E-001,-9.393340945243835E-001,-8.494822680950165E-002,5.580444633960724E-002,-2.705197930335999E-001,-9.393340945243835E-001,
2.681266666666667E+009,-1.123125851154327E-001,4.128222167491913E-002,-2.991794049739838E-001,-9.279199242591858E-001,-1.123125851154327E-001,4.128222167491913E-002,-2.991794049739838E-001,-9.279199242591858E-001,
2.689633333333334E+009,-1.467572897672653E-001,4.346506670117378E-002,-3.216848075389862E-001,-9.187729954719544E-001,-1.467572897672653E-001,4.346506670117378E-002,-3.216848075389862E-001,-9.187729954719544E-001,
2.698000000000000E+009,-1.735582202672958E-001,6.413394957780838E-002,-3.344540297985077E-001,-9.025468826293945E-001,-1.735582202672958E-001,6.413394957780838E-002,-3.344540297985077E-001,-9.025468826293945E-001,
2.706366666666667E+009,-1.844274401664734E-001,9.745822101831436E-002,-3.626838624477387E-001,-8.888415098190308E-001,-1.844274401664734E-001,9.745822101831436E-002,-3.626838624477387E-001,-8.888415098190308E-001,
2.714733333333334E+009,-1.778706461191177E-001,1.324335932731628E-001,-3.762213885784149E-001,-8.865718841552734E-001,-1.778706461191177E-001,1.324335932731628E-001,-3.762213885784149E-001,-8.865718841552734E-001,
2.723100000000000E+009,-1.506608426570892E-001,1.629706025123596E-001,-3.952117264270783E-001,-8.729417920112610E-001,-1.506608426570892E-001,1.629706025123596E-001,-3.952117264270783E-001,-8.729417920112610E-001,
2.731466666666667E+009,-1.120232641696930E-001,1.783152371644974E-001,-4.183917343616486E-001,-8.687573671340942E-001,-1.120232641696930E-001,1.783152371644974E-001,-4.183917343616486E-001,-8.687573671340942E-001,
2.739833333333334E+009,-7.330197095870972E-002,1.744558215141296E-001,-4.369836449623108E-001,-8.608331084251404E-001,-7.330197095870972E-002,1.744558215141296E-001,-4.369836449623108E-001,-8.608331084251404E-001,
2.748200000000000E+009,-4.406541958451271E-002,1.556529104709625E-001,-4.609420895576477E-001,-8.557662963867188E-001,-4.406541958451271E-002,1.556529104709625E-001,-4.609420895576477E-001,-8.557662963867188E-001,
2.756566666666667E+009,-3.245891630649567E-002,1.261489689350128E-001,-4.870631396770477E-001,-8.479509353637695E-001,-3.245891630649567E-002,1.261489689350128E-001,-4.870631396770477E-001,-8.479509353637695E-001,
2.764933333333334E+009,-4.003082215785980E-002,9.741509705781937E-002,-5.209660530090332E-001,-8.360983133316040E-001,-4.003082215785980E-002,9.741509705781937E-002,-5.209660530090332E-001,-8.360983133316040E-001,
2.773300000000000E+009,-6.437847763299942E-002,7.905270904302597E-002,-5.400205850601196E-001,-8.175575733184815E-001,-6.437847763299942E-002,7.905270904302597E-002,-5.400205850601196E-001,-8.175575733184815E-001,
2.781666666666667E+009,-9.814275801181793E-002,8.083671331405640E-002,-5.570291280746460E-001,-7.996164560317993E-001,-9.814275801181793E-002,8.083671331405640E-002,-5.570291280746460E-001,-7.996164560317993E-001,
2.790033333333334E+009,-1.256043463945389E-001,9.919840097427368E-002,-5.780336260795593E-001,-7.840831875801086E-001,-1.256043463945389E-001,9.919840097427368E-002,-5.780336260795593E-001,-7.840831875801086E-001,
2.798400000000000E+009,-1.401638090610504E-001,1.304625719785690E-001,-5.948045849800110E-001,-7.704612612724304E-001,-1.401638090610504E-001,1.304625719785690E-001,-5.948045849800110E-001,-7.704612612724304E-001,
2.806766666666667E+009,-1.314150542020798E-001,1.644824445247650E-001,-6.099651455879211E-001,-7.427228689193726E-001,-1.314150542020798E-001,1.644824445247650E-001,-6.099651455879211E-001,-7.427228689193726E-001,
2.815133333333334E+009,-1.082851290702820E-001,1.904467046260834E-001,-6.243088841438294E-001,-7.323939204216003E-001,-1.082851290702820E-001,1.904467046260834E-001,-6.243088841438294E-001,-7.323939204216003E-001,
2.823500000000000E+009,-7.083496451377869E-002,2.039929181337357E-001,-6.410494446754456E-001,-7.212538123130798E-001,-7.083496451377869E-002,2.039929181337357E-001,-6.410494446754456E-001,-7.212538123130798E-001,
2.831866666666667E+009,-3.194434568285942E-002,1.969881355762482E-001,-6.545706391334534E-001,-7.078583836555481E-001,-3.194434568285942E-002,1.969881355762482E-001,-6.545706391334534E-001,-7.078583836555481E-001,
2.840233333333334E+009,-8.475657086819410E-004,1.753917932510376E-001,-6.799744963645935E-001,-6.993470191955566E-001,-8.475657086819410E-004,1.753917932510376E-001,-6.799744963645935E-001,-6.993470191955566E-001,
2.848600000000000E+009,1.376863475888968E-002,1.446203142404556E-001,-6.961559653282166E-001,-6.783025860786438E-001,1.376863475888968E-002,1.446203142404556E-001,-6.961559653282166E-001,-6.783025860786438E-001,
2.856966666666667E+009,7.372683379799128E-003,1.151239946484566E-001,-7.176195383071899E-001,-6.624677777290344E-001,7.372683379799128E-003,1.151239946484566E-001,-7.176195383071899E-001,-6.624677777290344E-001,
2.865333333333334E+009,-1.678484678268433E-002,9.608308225870132E-002,-7.397128343582153E-001,-6.459309458732605E-001,-1.678484678268433E-002,9.608308225870132E-002,-7.397128343582153E-001,-6.459309458732605E-001,
2.873700000000000E+009,-5.056446418166161E-002,9.640261530876160E-002,-7.598659396171570E-001,-6.140252947807312E-001,-5.056446418166161E-002,9.640261530876160E-002,-7.598659396171570E-001,-6.140252947807312E-001,
2.882066666666667E+009,-7.931532710790634E-002,1.158374324440956E-001,-7.689962983131409E-001,-5.893603563308716E-001,-7.931532710790634E-002,1.158374324440956E-001,-7.689962983131409E-001,-5.893603563308716E-001,
2.890433333333334E+009,-9.426530450582504E-002,1.492311656475067E-001,-7.816353440284729E-001,-5.707440376281738E-001,-9.426530450582504E-002,1.492311656475067E-001,-7.816353440284729E-001,-5.707440376281738E-001,
2.898800000000000E+009,-8.784937113523483E-002,1.862872093915939E-001,-7.900936007499695E-001,-5.516604185104370E-001,-8.784937113523483E-002,1.862872093915939E-001,-7.900936007499695E-001,-5.516604185104370E-001,
2.907166666666667E+009,-6.292156875133514E-002,2.129388302564621E-001,-7.942886352539063E-001,-5.359474420547485E-001,-6.292156875133514E-002,2.129388302564621E-001,-7.942886352539063E-001,-5.359474420547485E-001,
2.915533333333334E+009,-2.294322475790978E-002,2.261575162410736E-001,-8.106455206871033E-001,-5.129895210266113E-001,-2.294322475790978E-002,2.261575162410736E-001,-8.106455206871033E-001,-5.129895210266113E-001,
2.923900000000000E+009,1.670324616134167E-002,2.177456915378571E-001,-8.194763064384460E-001,-5.006943941116333E-001,1.670324616134167E-002,2.177456915378571E-001,-8.194763064384460E-001,-5.006943941116333E-001,
2.932266666666667E+009,5.005775764584541E-002,1.933502852916718E-001,-8.319160938262940E-001,-4.847172200679779E-001,5.005775764584541E-002,1.933502852916718E-001,-8.319160938262940E-001,-4.847172200679779E-001,
2.940633333333334E+009,6.573168933391571E-002,1.575115919113159E-001,-8.472949862480164E-001,-4.670223593711853E-001,6.573168933391571E-002,1.575115919113159E-001,-8.472949862480164E-001,-4.670223593711853E-001,
2.949000000000000E+009,6.141961738467217E-002,1.200409159064293E-001,-8.715969324111939E-001,-4.374697506427765E-001,6.141961738467217E-002,1.200409159064293E-001,-8.715969324111939E-001,-4.374697506427765E-001,
2.957366666666667E+009,3.845212236046791E-002,9.719497710466385E-002,-8.846310377120972E-001,-4.222859740257263E-001,3.845212236046791E-002,9.719497710466385E-002,-8.846310377120972E-001,-4.222859740257263E-001,
2.965733333333334E+009,3.388333832845092E-003,9.415308386087418E-002,-9.011383652687073E-001,-3.900523781776428E-001,3.388333832845092E-003,9.415308386087418E-002,-9.011383652687073E-001,-3.900523781776428E-001,
2.974100000000000E+009,-2.663085423409939E-002,1.129194945096970E-001,-9.097464084625244E-001,-3.613810539245606E-001,-2.663085423409939E-002,1.129194945096970E-001,-9.097464084625244E-001,-3.613810539245606E-001,
2.982466666666667E+009,-4.208673536777496E-002,1.480763256549835E-001,-9.182162880897522E-001,-3.288617730140686E-001,-4.208673536777496E-002,1.480763256549835E-001,-9.182162880897522E-001,-3.288617730140686E-001,
2.990833333333334E+009,-3.694175556302071E-002,1.861702799797058E-001,-9.131767153739929E-001,-3.105511963367462E-001,-3.694175556302071E-002,1.861702799797058E-001,-9.131767153739929E-001,-3.105511963367462E-001,
2.999200000000000E+009,-1.191467978060246E-002,2.160761356353760E-001,-9.169963002204895E-001,-2.906047701835632E-001,-1.191467978060246E-002,2.160761356353760E-001,-9.169963002204895E-001,-2.906047701835632E-001,
3.007566666666667E+009,2.772325091063976E-002,2.299270778894424E-001,-9.247790575027466E-001,-2.671689689159393E-001,2.772325091063976E-002,2.299270778894424E-001,-9.247790575027466E-001,-2.671689689159393E-001,
3.015933333333334E+009,7.078903168439865E-002,2.183101326227188E-001,-9.234591722488403E-001,-2.554633319377899E-001,7.078903168439865E-002,2.183101326227188E-001,-9.234591722488403E-001,-2.554633319377899E-001,
3.024300000000000E+009,1.042869314551354E-001,1.904157251119614E-001,-9.315253496170044E-001,-2.375287264585495E-001,1.042869314551354E-001,1.904157251119614E-001,-9.315253496170044E-001,-2.375287264585495E-001,
3.032666666666667E+009,1.197746992111206E-001,1.474092304706574E-001,-9.436340332031250E-001,-2.155786007642746E-001,1.197746992111206E-001,1.474092304706574E-001,-9.436340332031250E-001,-2.155786007642746E-001,
3.041033333333334E+009,1.125158965587616E-001,1.057369112968445E-001,-9.544936418533325E-001,-1.948580443859100E-001,1.125158965587616E-001,1.057369112968445E-001,-9.544936418533325E-001,-1.948580443859100E-001,
3.049400000000000E+009,8.444273471832275E-002,7.855907082557678E-002,-9.634561538696289E-001,-1.586609035730362E-001,8.444273471832275E-002,7.855907082557678E-002,-9.634561538696289E-001,-1.586609035730362E-001,
3.057766666666667E+009,4.726441204547882E-002,7.286800444126129E-002,-9.732424020767212E-001,-1.411011219024658E-001,4.726441204547882E-002,7.286800444126129E-002,-9.732424020767212E-001,-1.411011219024658E-001,
3.066133333333334E+009,1.265128888189793E-002,9.269700944423676E-002,-9.716551899909973E-001,-1.012968197464943E-001,1.265128888189793E-002,9.269700944423676E-002,-9.716551899909973E-001,-1.012968197464943E-001,
3.074500000000000E+009,-3.829261753708124E-003,1.311525851488113E-001,-9.723504185676575E-001,-7.060781866312027E-002,-3.829261753708124E-003,1.311525851488113E-001,-9.723504185676575E-001,-7.060781866312027E-002,
3.082866666666667E+009,3.727677278220654E-003,1.740566641092300E-001,-9.675769209861755E-001,-4.729498550295830E-002,3.727677278220654E-003,1.740566641092300E-001,-9.675769209861755E-001,-4.729498550295830E-002,
3.091233333333334E+009,3.492692485451698E-002,2.091876268386841E-001,-9.617386460304260E-001,-2.025173977017403E-002,3.492692485451698E-002,2.091876268386841E-001,-9.617386460304260E-001,-2.025173977017403E-002,
3.099600000000000E+009,8.020394295454025E-002,2.224243730306625E-001,-9.523370862007141E-001,-6.468256469815970E-003,8.020394295454025E-002,2.224243730306625E-001,-9.523370862007141E-001,-6.468256469815970E-003,
3.107966666666667E+009,1.301534771919251E-001,2.086242586374283E-001,-9.540931582450867E-001,1.134437695145607E-002,1.301534771919251E-001,2.086242586374283E-001,-9.540931582450867E-001,1.134437695145607E-002,
3.116333333333334E+009,1.679125428199768E-001,1.726874262094498E-001,-9.534152746200562E-001,3.400425240397453E-002,1.679125428199768E-001,1.726874262094498E-001,-9.534152746200562E-001,3.400425240397453E-002,
3.124700000000000E+009,1.819976717233658E-001,1.225801184773445E-001,-9.625954627990723E-001,4.275216162204742E-002,1.819976717233658E-001,1.225801184773445E-001,-9.625954627990723E-001,4.275216162204742E-002,
3.133066666666667E+009,1.726418286561966E-001,7.255414873361588E-002,-9.698485136032105E-001,7.157979905605316E-002,1.726418286561966E-001,7.255414873361588E-002,-9.698485136032105E-001,7.157979905605316E-002,
3.141433333333334E+009,1.399744749069214E-001,3.459485992789269E-002,-9.751225113868713E-001,9.579055011272430E-002,1.399744749069214E-001,3.459485992789269E-002,-9.751225113868713E-001,9.579055011272430E-002,
3.149800000000000E+009,9.238612651824951E-002,2.314781025052071E-002,-9.776914119720459E-001,1.358267664909363E-001,9.238612651824951E-002,2.314781025052071E-002,-9.776914119720459E-001,1.358267664909363E-001,
3.158166666666667E+009,4.905668646097183E-002,4.217045009136200E-002,-9.673110246658325E-001,1.656558364629746E-001,4.905668646097183E-002,4.217045009136200E-002,-9.673110246658325E-001,1.656558364629746E-001,
3.166533333333334E+009,2.577408030629158E-002,8.252855390310288E-002,-9.622415900230408E-001,1.961456388235092E-001,2.577408030629158E-002,8.252855390310288E-002,-9.622415900230408E-001,1.961456388235092E-001,
3.174900000000000E+009,2.712068706750870E-002,1.316606253385544E-001,-9.488088488578796E-001,2.240701615810394E-001,2.712068706750870E-002,1.316606253385544E-001,-9.488088488578796E-001,2.240701615810394E-001,
3.183266666666667E+009,5.750737339258194E-002,1.733165085315704E-001,-9.331181645393372E-001,2.464555799961090E-001,5.750737339258194E-002,1.733165085315704E-001,-9.331181645393372E-001,2.464555799961090E-001,
3.191633333333334E+009,1.047435998916626E-001,1.895283907651901E-001,-9.170376062393189E-001,2.624455690383911E-001,1.047435998916626E-001,1.895283907651901E-001,-9.170376062393189E-001,2.624455690383911E-001,
3.200000000000000E+009,1.540503203868866E-001,1.772359609603882E-001,-9.122935533523560E-001,2.765266597270966E-001,1.540503203868866E-001,1.772359609603882E-001,-9.122935533523560E-001,2.765266597270966E-001,
