% Version 1.00
%
%freq[Hz],re:Trc1_S11,im:Trc1_S11,re:Trc2_S21,im:Trc2_S21,re:Trc3_S11,im:Trc3_S11,re:Trc4_S21,im:Trc4_S21,
6.900000000000000E+008,-1.576256379485130E-002,1.986769214272499E-002,-4.722626507282257E-001,-8.724805116653442E-001,-1.576256379485130E-002,1.986769214272499E-002,-4.722626507282257E-001,-8.724805116653442E-001,
6.983666666666666E+008,-8.372195996344090E-003,1.885752193629742E-002,-4.885924458503723E-001,-8.548005819320679E-001,-8.372195996344090E-003,1.885752193629742E-002,-4.885924458503723E-001,-8.548005819320679E-001,
7.067333333333334E+008,-2.690717810764909E-003,1.464969012886286E-002,-5.184136629104614E-001,-8.286272287368774E-001,-2.690717810764909E-003,1.464969012886286E-002,-5.184136629104614E-001,-8.286272287368774E-001,
7.151000000000000E+008,-3.669379279017448E-003,6.329622585326433E-003,-5.271342992782593E-001,-8.203001618385315E-001,-3.669379279017448E-003,6.329622585326433E-003,-5.271342992782593E-001,-8.203001618385315E-001,
7.234666666666666E+008,-3.852815134450793E-003,-5.191110540181398E-004,-5.659689903259277E-001,-8.102651834487915E-001,-3.852815134450793E-003,-5.191110540181398E-004,-5.659689903259277E-001,-8.102651834487915E-001,
7.318333333333334E+008,-1.114825624972582E-002,-4.832369275391102E-003,-5.714415907859802E-001,-8.052064180374146E-001,-1.114825624972582E-002,-4.832369275391102E-003,-5.714415907859802E-001,-8.052064180374146E-001,
7.402000000000000E+008,-1.904814317822456E-002,-4.380943719297648E-003,-6.021559238433838E-001,-7.847913503646851E-001,-1.904814317822456E-002,-4.380943719297648E-003,-6.021559238433838E-001,-7.847913503646851E-001,
7.485666666666666E+008,-2.404520846903324E-002,8.981387509265915E-005,-6.250986456871033E-001,-7.475201487541199E-001,-2.404520846903324E-002,8.981387509265915E-005,-6.250986456871033E-001,-7.475201487541199E-001,
7.569333333333334E+008,-2.564367465674877E-002,8.106318302452564E-003,-6.417464017868042E-001,-7.510493397712708E-001,-2.564367465674877E-002,8.106318302452564E-003,-6.417464017868042E-001,-7.510493397712708E-001,
7.653000000000000E+008,-2.271312475204468E-002,1.553425565361977E-002,-6.478607654571533E-001,-7.453267574310303E-001,-2.271312475204468E-002,1.553425565361977E-002,-6.478607654571533E-001,-7.453267574310303E-001,
7.736666666666666E+008,-1.543506141752005E-002,2.292165346443653E-002,-6.740384697914124E-001,-7.371651530265808E-001,-1.543506141752005E-002,2.292165346443653E-002,-6.740384697914124E-001,-7.371651530265808E-001,
7.820333333333334E+008,-9.772291406989098E-003,2.603442594408989E-002,-6.975408792495728E-001,-7.155340909957886E-001,-9.772291406989098E-003,2.603442594408989E-002,-6.975408792495728E-001,-7.155340909957886E-001,
7.904000000000000E+008,-6.005405448377132E-004,2.394590713083744E-002,-7.142483592033386E-001,-6.935493350028992E-001,-6.005405448377132E-004,2.394590713083744E-002,-7.142483592033386E-001,-6.935493350028992E-001,
7.987666666666666E+008,5.899292416870594E-003,1.825072802603245E-002,-7.272696495056152E-001,-6.719693541526794E-001,5.899292416870594E-003,1.825072802603245E-002,-7.272696495056152E-001,-6.719693541526794E-001,
8.071333333333334E+008,5.260088946670294E-003,1.320348400622606E-002,-7.381855249404907E-001,-6.620898246765137E-001,5.260088946670294E-003,1.320348400622606E-002,-7.381855249404907E-001,-6.620898246765137E-001,
8.155000000000000E+008,7.256725220941007E-004,5.601970478892326E-003,-7.501135468482971E-001,-6.166675686836243E-001,7.256725220941007E-004,5.601970478892326E-003,-7.501135468482971E-001,-6.166675686836243E-001,
8.238666666666666E+008,-4.539578687399626E-003,1.138526480644941E-003,-7.821504473686218E-001,-6.227287054061890E-001,-4.539578687399626E-003,1.138526480644941E-003,-7.821504473686218E-001,-6.227287054061890E-001,
8.322333333333334E+008,-1.340362243354321E-002,2.047206275165081E-003,-7.941241264343262E-001,-5.957840085029602E-001,-1.340362243354321E-002,2.047206275165081E-003,-7.941241264343262E-001,-5.957840085029602E-001,
8.406000000000000E+008,-1.882781088352203E-002,4.397509153932333E-003,-8.068562746047974E-001,-5.824636220932007E-001,-1.882781088352203E-002,4.397509153932333E-003,-8.068562746047974E-001,-5.824636220932007E-001,
8.489666666666668E+008,-1.993194967508316E-002,1.096995547413826E-002,-8.282209038734436E-001,-5.576852560043335E-001,-1.993194967508316E-002,1.096995547413826E-002,-8.282209038734436E-001,-5.576852560043335E-001,
8.573333333333334E+008,-1.791661046445370E-002,1.748191751539707E-002,-8.355445861816406E-001,-5.405220389366150E-001,-1.791661046445370E-002,1.748191751539707E-002,-8.355445861816406E-001,-5.405220389366150E-001,
8.657000000000000E+008,-1.249542739242315E-002,2.504178322851658E-002,-8.516538739204407E-001,-5.123403072357178E-001,-1.249542739242315E-002,2.504178322851658E-002,-8.516538739204407E-001,-5.123403072357178E-001,
8.740666666666668E+008,-5.308498162776232E-003,2.941723354160786E-002,-8.467873334884644E-001,-4.934634268283844E-001,-5.308498162776232E-003,2.941723354160786E-002,-8.467873334884644E-001,-4.934634268283844E-001,
8.824333333333334E+008,2.847001655027270E-003,2.766167744994164E-002,-8.803429603576660E-001,-4.629455506801605E-001,2.847001655027270E-003,2.766167744994164E-002,-8.803429603576660E-001,-4.629455506801605E-001,
8.908000000000000E+008,9.501090273261070E-003,2.700413577258587E-002,-8.920860886573792E-001,-4.600777626037598E-001,9.501090273261070E-003,2.700413577258587E-002,-8.920860886573792E-001,-4.600777626037598E-001,
8.991666666666668E+008,1.187616493552923E-002,1.987230591475964E-002,-9.032523036003113E-001,-4.303901791572571E-001,1.187616493552923E-002,1.987230591475964E-002,-9.032523036003113E-001,-4.303901791572571E-001,
9.075333333333334E+008,1.141048315912485E-002,1.504416763782501E-002,-8.956083655357361E-001,-4.064657390117645E-001,1.141048315912485E-002,1.504416763782501E-002,-8.956083655357361E-001,-4.064657390117645E-001,
9.159000000000000E+008,7.529360707849264E-003,8.707801811397076E-003,-9.113001823425293E-001,-3.968981802463532E-001,7.529360707849264E-003,8.707801811397076E-003,-9.113001823425293E-001,-3.968981802463532E-001,
9.242666666666668E+008,1.530649489723146E-003,3.495394717901945E-003,-9.226916432380676E-001,-3.719040453433991E-001,1.530649489723146E-003,3.495394717901945E-003,-9.226916432380676E-001,-3.719040453433991E-001,
9.326333333333334E+008,-4.121080506592989E-003,4.463197197765112E-003,-9.282662272453308E-001,-3.396367430686951E-001,-4.121080506592989E-003,4.463197197765112E-003,-9.282662272453308E-001,-3.396367430686951E-001,
9.410000000000000E+008,-1.037356443703175E-002,9.780758060514927E-003,-9.369171261787415E-001,-3.129041194915772E-001,-1.037356443703175E-002,9.780758060514927E-003,-9.369171261787415E-001,-3.129041194915772E-001,
9.493666666666668E+008,-1.296367496252060E-002,1.566334441304207E-002,-9.421344995498657E-001,-3.043425083160400E-001,-1.296367496252060E-002,1.566334441304207E-002,-9.421344995498657E-001,-3.043425083160400E-001,
9.577333333333334E+008,-9.657685644924641E-003,2.370791696012020E-002,-9.710711240768433E-001,-2.634409070014954E-001,-9.657685644924641E-003,2.370791696012020E-002,-9.710711240768433E-001,-2.634409070014954E-001,
9.661000000000000E+008,-3.368830075487495E-003,2.980807237327099E-002,-9.563540816307068E-001,-2.482988983392716E-001,-3.368830075487495E-003,2.980807237327099E-002,-9.563540816307068E-001,-2.482988983392716E-001,
9.744666666666668E+008,4.664531443268061E-003,3.398726508021355E-002,-9.702485799789429E-001,-2.148432135581970E-001,4.664531443268061E-003,3.398726508021355E-002,-9.702485799789429E-001,-2.148432135581970E-001,
9.828333333333334E+008,1.682633720338345E-002,3.244192525744438E-002,-9.674499630928040E-001,-1.907119005918503E-001,1.682633720338345E-002,3.244192525744438E-002,-9.674499630928040E-001,-1.907119005918503E-001,
9.912000000000000E+008,2.542770095169544E-002,2.915043383836746E-002,-9.777671098709106E-001,-1.810830682516098E-001,2.542770095169544E-002,2.915043383836746E-002,-9.777671098709106E-001,-1.810830682516098E-001,
9.995666666666668E+008,2.899281494319439E-002,2.031204290688038E-002,-9.820343852043152E-001,-1.445946842432022E-001,2.899281494319439E-002,2.031204290688038E-002,-9.820343852043152E-001,-1.445946842432022E-001,
1.007933333333333E+009,2.879940159618855E-002,1.140395924448967E-002,-9.857412576675415E-001,-1.259634345769882E-001,2.879940159618855E-002,1.140395924448967E-002,-9.857412576675415E-001,-1.259634345769882E-001,
1.016300000000000E+009,2.130605094134808E-002,2.066127955913544E-003,-9.862519502639771E-001,-1.000096946954727E-001,2.130605094134808E-002,2.066127955913544E-003,-9.862519502639771E-001,-1.000096946954727E-001,
1.024666666666667E+009,1.287332084029913E-002,5.469603347592056E-004,-9.892410039901733E-001,-8.096180856227875E-002,1.287332084029913E-002,5.469603347592056E-004,-9.892410039901733E-001,-8.096180856227875E-002,
1.033033333333333E+009,4.055559169501066E-003,2.518559922464192E-004,-9.693832397460938E-001,-4.049579054117203E-002,4.055559169501066E-003,2.518559922464192E-004,-9.693832397460938E-001,-4.049579054117203E-002,
1.041400000000000E+009,-1.916803070344031E-003,5.502420011907816E-003,-9.790238142013550E-001,-2.118047513067722E-002,-1.916803070344031E-003,5.502420011907816E-003,-9.790238142013550E-001,-2.118047513067722E-002,
1.049766666666667E+009,-4.283492919057608E-003,1.290637068450451E-002,-9.897459745407105E-001,-3.294979978818446E-004,-4.283492919057608E-003,1.290637068450451E-002,-9.897459745407105E-001,-3.294979978818446E-004,
1.058133333333333E+009,1.296688918955624E-003,2.214392833411694E-002,-9.856516122817993E-001,2.477802336215973E-002,1.296688918955624E-003,2.214392833411694E-002,-9.856516122817993E-001,2.477802336215973E-002,
1.066500000000000E+009,1.234074868261814E-002,2.692896313965321E-002,-9.724338650703430E-001,5.440119281411171E-002,1.234074868261814E-002,2.692896313965321E-002,-9.724338650703430E-001,5.440119281411171E-002,
1.074866666666667E+009,2.265555597841740E-002,2.436345443129540E-002,-9.836614727973938E-001,8.195991814136505E-002,2.265555597841740E-002,2.436345443129540E-002,-9.836614727973938E-001,8.195991814136505E-002,
1.083233333333334E+009,3.458389267325401E-002,2.069724537432194E-002,-9.802865386009216E-001,1.003876626491547E-001,3.458389267325401E-002,2.069724537432194E-002,-9.802865386009216E-001,1.003876626491547E-001,
1.091600000000000E+009,3.889275342226028E-002,9.020162746310234E-003,-9.745905399322510E-001,1.348709017038345E-001,3.889275342226028E-002,9.020162746310234E-003,-9.745905399322510E-001,1.348709017038345E-001,
1.099966666666667E+009,3.985772281885147E-002,-3.564681392163038E-003,-9.711359739303589E-001,1.494965702295303E-001,3.985772281885147E-002,-3.564681392163038E-003,-9.711359739303589E-001,1.494965702295303E-001,
1.108333333333334E+009,3.154519200325012E-002,-1.411609165370464E-002,-9.837287068367004E-001,1.710500568151474E-001,3.154519200325012E-002,-1.411609165370464E-002,-9.837287068367004E-001,1.710500568151474E-001,
1.116700000000000E+009,1.778894476592541E-002,-1.526912860572338E-002,-9.685988426208496E-001,2.025007456541061E-001,1.778894476592541E-002,-1.526912860572338E-002,-9.685988426208496E-001,2.025007456541061E-001,
1.125066666666667E+009,4.133048001676798E-003,-1.507344469428062E-002,-9.566330909729004E-001,2.241355627775192E-001,4.133048001676798E-003,-1.507344469428062E-002,-9.566330909729004E-001,2.241355627775192E-001,
1.133433333333334E+009,-8.980870246887207E-003,-3.714038291946054E-003,-9.539992213249207E-001,2.421804219484329E-001,-8.980870246887207E-003,-3.714038291946054E-003,-9.539992213249207E-001,2.421804219484329E-001,
1.141800000000000E+009,-1.114432420581579E-002,9.130985476076603E-003,-9.460863471031189E-001,2.674951255321503E-001,-1.114432420581579E-002,9.130985476076603E-003,-9.460863471031189E-001,2.674951255321503E-001,
1.150166666666667E+009,-7.015573792159557E-003,2.281970344483852E-002,-9.430393576622009E-001,2.985239028930664E-001,-7.015573792159557E-003,2.281970344483852E-002,-9.430393576622009E-001,2.985239028930664E-001,
1.158533333333334E+009,8.198505267500877E-003,3.052116371691227E-002,-9.343565106391907E-001,3.212897777557373E-001,8.198505267500877E-003,3.052116371691227E-002,-9.343565106391907E-001,3.212897777557373E-001,
1.166900000000000E+009,2.560235373675823E-002,3.142602741718292E-002,-9.279906749725342E-001,3.488155603408814E-001,2.560235373675823E-002,3.142602741718292E-002,-9.279906749725342E-001,3.488155603408814E-001,
1.175266666666667E+009,4.141734912991524E-002,2.318589203059673E-002,-9.102199673652649E-001,3.634764850139618E-001,4.141734912991524E-002,2.318589203059673E-002,-9.102199673652649E-001,3.634764850139618E-001,
1.183633333333334E+009,5.424591153860092E-002,9.106660261750221E-003,-9.053926467895508E-001,3.919290602207184E-001,5.424591153860092E-002,9.106660261750221E-003,-9.053926467895508E-001,3.919290602207184E-001,
1.192000000000000E+009,5.606733635067940E-002,-8.489402942359448E-003,-8.987327814102173E-001,4.179892838001251E-001,5.606733635067940E-002,-8.489402942359448E-003,-8.987327814102173E-001,4.179892838001251E-001,
1.200366666666667E+009,4.739632457494736E-002,-2.597681060433388E-002,-8.855400681495667E-001,4.352879822254181E-001,4.739632457494736E-002,-2.597681060433388E-002,-8.855400681495667E-001,4.352879822254181E-001,
1.208733333333334E+009,2.898939885199070E-002,-3.531244024634361E-002,-8.824797868728638E-001,4.640773832798004E-001,2.898939885199070E-002,-3.531244024634361E-002,-8.824797868728638E-001,4.640773832798004E-001,
1.217100000000000E+009,9.770496748387814E-003,-3.424849361181259E-002,-8.521493673324585E-001,4.786554276943207E-001,9.770496748387814E-003,-3.424849361181259E-002,-8.521493673324585E-001,4.786554276943207E-001,
1.225466666666667E+009,-4.847565200179815E-003,-2.438459917902947E-002,-8.569852113723755E-001,5.012577176094055E-001,-4.847565200179815E-003,-2.438459917902947E-002,-8.569852113723755E-001,5.012577176094055E-001,
1.233833333333334E+009,-1.007524318993092E-002,-8.679389953613281E-003,-8.391910791397095E-001,5.230156779289246E-001,-1.007524318993092E-002,-8.679389953613281E-003,-8.391910791397095E-001,5.230156779289246E-001,
1.242200000000000E+009,-7.184174377471209E-003,6.972194649279118E-003,-8.135139942169190E-001,5.407486557960510E-001,-7.184174377471209E-003,6.972194649279118E-003,-8.135139942169190E-001,5.407486557960510E-001,
1.250566666666667E+009,5.165747832506895E-003,1.866213232278824E-002,-8.200952410697937E-001,5.687049627304077E-001,5.165747832506895E-003,1.866213232278824E-002,-8.200952410697937E-001,5.687049627304077E-001,
1.258933333333334E+009,2.409283630549908E-002,2.121421322226524E-002,-8.007800579071045E-001,5.806571245193481E-001,2.409283630549908E-002,2.121421322226524E-002,-8.007800579071045E-001,5.806571245193481E-001,
1.267300000000000E+009,4.142645373940468E-002,1.112191565334797E-002,-7.768638134002686E-001,6.018260717391968E-001,4.142645373940468E-002,1.112191565334797E-002,-7.768638134002686E-001,6.018260717391968E-001,
1.275666666666667E+009,5.230433493852615E-002,-5.047000013291836E-003,-7.727186083793640E-001,6.077601909637451E-001,5.230433493852615E-002,-5.047000013291836E-003,-7.727186083793640E-001,6.077601909637451E-001,
1.284033333333334E+009,5.496881902217865E-002,-2.701198309659958E-002,-7.447834014892578E-001,6.606296896934509E-001,5.496881902217865E-002,-2.701198309659958E-002,-7.447834014892578E-001,6.606296896934509E-001,
1.292400000000000E+009,4.339017719030380E-002,-4.565563052892685E-002,-7.403621673583984E-001,6.579224467277527E-001,4.339017719030380E-002,-4.565563052892685E-002,-7.403621673583984E-001,6.579224467277527E-001,
1.300766666666667E+009,2.539792843163014E-002,-5.444826930761337E-002,-7.216672301292419E-001,6.751877069473267E-001,2.539792843163014E-002,-5.444826930761337E-002,-7.216672301292419E-001,6.751877069473267E-001,
1.309133333333334E+009,4.248214885592461E-003,-5.284572020173073E-002,-7.096076607704163E-001,7.025252580642700E-001,4.248214885592461E-003,-5.284572020173073E-002,-7.096076607704163E-001,7.025252580642700E-001,
1.317500000000000E+009,-1.299356576055288E-002,-4.117137193679810E-002,-6.826674938201904E-001,7.275736927986145E-001,-1.299356576055288E-002,-4.117137193679810E-002,-6.826674938201904E-001,7.275736927986145E-001,
1.325866666666667E+009,-2.115252241492271E-002,-2.443036809563637E-002,-6.657640337944031E-001,7.278819084167481E-001,-2.115252241492271E-002,-2.443036809563637E-002,-6.657640337944031E-001,7.278819084167481E-001,
1.334233333333334E+009,-1.774980872869492E-002,-4.463441669940949E-003,-6.457377076148987E-001,7.421706914901733E-001,-1.774980872869492E-002,-4.463441669940949E-003,-6.457377076148987E-001,7.421706914901733E-001,
1.342600000000000E+009,-3.626289311796427E-003,4.380017518997192E-003,-6.346127390861511E-001,7.617597579956055E-001,-3.626289311796427E-003,4.380017518997192E-003,-6.346127390861511E-001,7.617597579956055E-001,
1.350966666666667E+009,1.325906720012426E-002,5.444546230137348E-003,-6.052218675613403E-001,7.865055799484253E-001,1.325906720012426E-002,5.444546230137348E-003,-6.052218675613403E-001,7.865055799484253E-001,
1.359333333333334E+009,2.840392664074898E-002,-4.726313520222902E-003,-5.903069376945496E-001,7.939628958702087E-001,2.840392664074898E-002,-4.726313520222902E-003,-5.903069376945496E-001,7.939628958702087E-001,
1.367700000000000E+009,3.622092679142952E-002,-2.426997199654579E-002,-5.710770487785339E-001,8.066225647926331E-001,3.622092679142952E-002,-2.426997199654579E-002,-5.710770487785339E-001,8.066225647926331E-001,
1.376066666666667E+009,3.149814903736115E-002,-4.728300124406815E-002,-5.454354286193848E-001,8.201410174369812E-001,3.149814903736115E-002,-4.728300124406815E-002,-5.454354286193848E-001,8.201410174369812E-001,
1.384433333333334E+009,1.632845774292946E-002,-6.148969754576683E-002,-5.378244519233704E-001,8.297378420829773E-001,1.632845774292946E-002,-6.148969754576683E-002,-5.378244519233704E-001,8.297378420829773E-001,
1.392800000000000E+009,-7.738714106380940E-003,-6.586930900812149E-002,-5.130254030227661E-001,8.359220027923584E-001,-7.738714106380940E-003,-6.586930900812149E-002,-5.130254030227661E-001,8.359220027923584E-001,
1.401166666666667E+009,-2.749059908092022E-002,-5.872998014092445E-002,-4.835776388645172E-001,8.646808266639710E-001,-2.749059908092022E-002,-5.872998014092445E-002,-4.835776388645172E-001,8.646808266639710E-001,
1.409533333333334E+009,-4.184010252356529E-002,-3.882213309407234E-002,-4.645733833312988E-001,8.753552436828613E-001,-4.184010252356529E-002,-3.882213309407234E-002,-4.645733833312988E-001,8.753552436828613E-001,
1.417900000000000E+009,-4.711207002401352E-002,-1.648851484060288E-002,-4.255441129207611E-001,8.713779449462891E-001,-4.711207002401352E-002,-1.648851484060288E-002,-4.255441129207611E-001,8.713779449462891E-001,
1.426266666666667E+009,-3.993237763643265E-002,5.356196314096451E-003,-4.257520139217377E-001,9.010518193244934E-001,-3.993237763643265E-002,5.356196314096451E-003,-4.257520139217377E-001,9.010518193244934E-001,
1.434633333333334E+009,-2.284250222146511E-002,1.617193780839443E-002,-3.960879445075989E-001,8.976094126701355E-001,-2.284250222146511E-002,1.617193780839443E-002,-3.960879445075989E-001,8.976094126701355E-001,
1.443000000000000E+009,-6.055103149265051E-004,1.736407168209553E-002,-3.714575171470642E-001,9.138613939285278E-001,-6.055103149265051E-004,1.736407168209553E-002,-3.714575171470642E-001,9.138613939285278E-001,
1.451366666666667E+009,1.562516205012798E-002,3.743138629943132E-003,-3.518286943435669E-001,9.207292199134827E-001,1.562516205012798E-002,3.743138629943132E-003,-3.518286943435669E-001,9.207292199134827E-001,
1.459733333333334E+009,2.198629081249237E-002,-1.513979025185108E-002,-3.360625207424164E-001,9.257225990295410E-001,2.198629081249237E-002,-1.513979025185108E-002,-3.360625207424164E-001,9.257225990295410E-001,
1.468100000000000E+009,1.705079525709152E-002,-3.628893569111824E-002,-2.993302643299103E-001,9.356516003608704E-001,1.705079525709152E-002,-3.628893569111824E-002,-2.993302643299103E-001,9.356516003608704E-001,
1.476466666666667E+009,1.333729014731944E-003,-5.136032402515411E-002,-2.817519009113312E-001,9.510911107063294E-001,1.333729014731944E-003,-5.136032402515411E-002,-2.817519009113312E-001,9.510911107063294E-001,
1.484833333333334E+009,-2.143127657473087E-002,-5.560133606195450E-002,-2.480613440275192E-001,9.548193812370300E-001,-2.143127657473087E-002,-5.560133606195450E-002,-2.480613440275192E-001,9.548193812370300E-001,
1.493200000000000E+009,-4.053068161010742E-002,-4.697261378169060E-002,-2.326887547969818E-001,9.543507099151611E-001,-4.053068161010742E-002,-4.697261378169060E-002,-2.326887547969818E-001,9.543507099151611E-001,
1.501566666666667E+009,-5.388080328702927E-002,-2.766533009707928E-002,-2.050199657678604E-001,9.598758816719055E-001,-5.388080328702927E-002,-2.766533009707928E-002,-2.050199657678604E-001,9.598758816719055E-001,
1.509933333333334E+009,-5.708087235689163E-002,-3.331949003040791E-003,-1.917768269777298E-001,9.657840728759766E-001,-5.708087235689163E-002,-3.331949003040791E-003,-1.917768269777298E-001,9.657840728759766E-001,
1.518300000000000E+009,-4.425887018442154E-002,1.682828180491924E-002,-1.676067858934403E-001,9.752602577209473E-001,-4.425887018442154E-002,1.682828180491924E-002,-1.676067858934403E-001,9.752602577209473E-001,
1.526666666666667E+009,-2.521483227610588E-002,2.833474613726139E-002,-1.330813318490982E-001,9.735037684440613E-001,-2.521483227610588E-002,2.833474613726139E-002,-1.330813318490982E-001,9.735037684440613E-001,
1.535033333333334E+009,-4.734943620860577E-003,2.855843305587769E-002,-1.143353655934334E-001,9.859842658042908E-001,-4.734943620860577E-003,2.855843305587769E-002,-1.143353655934334E-001,9.859842658042908E-001,
1.543400000000000E+009,1.071307621896267E-002,1.589010842144489E-002,-9.157061576843262E-002,9.828839898109436E-001,1.071307621896267E-002,1.589010842144489E-002,-9.157061576843262E-002,9.828839898109436E-001,
1.551766666666667E+009,1.487592887133360E-002,-4.655927885323763E-003,-6.678947806358337E-002,9.800771474838257E-001,1.487592887133360E-002,-4.655927885323763E-003,-6.678947806358337E-002,9.800771474838257E-001,
1.560133333333334E+009,1.033502165228128E-002,-2.490169554948807E-002,-4.444334283471108E-002,9.868007302284241E-001,1.033502165228128E-002,-2.490169554948807E-002,-4.444334283471108E-002,9.868007302284241E-001,
1.568500000000000E+009,-5.001248791813850E-003,-3.824350982904434E-002,-2.667076699435711E-002,9.901153445243835E-001,-5.001248791813850E-003,-3.824350982904434E-002,-2.667076699435711E-002,9.901153445243835E-001,
1.576866666666667E+009,-2.535528875887394E-002,-3.968175873160362E-002,1.581799052655697E-002,9.826996326446533E-001,-2.535528875887394E-002,-3.968175873160362E-002,1.581799052655697E-002,9.826996326446533E-001,
1.585233333333334E+009,-4.104296118021011E-002,-3.124412335455418E-002,2.998931519687176E-002,9.817380309104919E-001,-4.104296118021011E-002,-3.124412335455418E-002,2.998931519687176E-002,9.817380309104919E-001,
1.593600000000000E+009,-5.116432160139084E-002,-1.551100704818964E-002,5.779646709561348E-002,9.792415499687195E-001,-5.116432160139084E-002,-1.551100704818964E-002,5.779646709561348E-002,9.792415499687195E-001,
1.601966666666667E+009,-5.137113481760025E-002,5.876206327229738E-003,7.692778855562210E-002,9.776131510734558E-001,-5.137113481760025E-002,5.876206327229738E-003,7.692778855562210E-002,9.776131510734558E-001,
1.610333333333334E+009,-4.096666350960732E-002,2.211561240255833E-002,1.067863926291466E-001,9.758358597755432E-001,-4.096666350960732E-002,2.211561240255833E-002,1.067863926291466E-001,9.758358597755432E-001,
1.618700000000000E+009,-2.356091700494289E-002,2.992317825555801E-002,1.312877535820007E-001,9.766050577163696E-001,-2.356091700494289E-002,2.992317825555801E-002,1.312877535820007E-001,9.766050577163696E-001,
1.627066666666667E+009,-6.643303204327822E-003,2.779946476221085E-002,1.542468965053558E-001,9.717481136322022E-001,-6.643303204327822E-003,2.779946476221085E-002,1.542468965053558E-001,9.717481136322022E-001,
1.635433333333334E+009,4.499049857258797E-003,1.779944263398647E-002,1.819396913051605E-001,9.754769206047058E-001,4.499049857258797E-003,1.779944263398647E-002,1.819396913051605E-001,9.754769206047058E-001,
1.643800000000000E+009,7.387141231447458E-003,5.500071565620601E-004,1.970500797033310E-001,9.656018018722534E-001,7.387141231447458E-003,5.500071565620601E-004,1.970500797033310E-001,9.656018018722534E-001,
1.652166666666667E+009,1.444693625671789E-004,-1.418084092438221E-002,2.324723601341248E-001,9.583837985992432E-001,1.444693625671789E-004,-1.418084092438221E-002,2.324723601341248E-001,9.583837985992432E-001,
1.660533333333334E+009,-1.366480998694897E-002,-2.280304208397865E-002,2.510173320770264E-001,9.536734223365784E-001,-1.366480998694897E-002,-2.280304208397865E-002,2.510173320770264E-001,9.536734223365784E-001,
1.668900000000000E+009,-3.040277399122715E-002,-2.128526195883751E-002,2.699576914310455E-001,9.429780840873718E-001,-3.040277399122715E-002,-2.128526195883751E-002,2.699576914310455E-001,9.429780840873718E-001,
1.677266666666667E+009,-4.440457373857498E-002,-1.211530435830355E-002,3.113903403282166E-001,9.364533424377441E-001,-4.440457373857498E-002,-1.211530435830355E-002,3.113903403282166E-001,9.364533424377441E-001,
1.685633333333334E+009,-4.909836500883102E-002,4.221030976623297E-003,3.262991309165955E-001,9.303128719329834E-001,-4.909836500883102E-002,4.221030976623297E-003,3.262991309165955E-001,9.303128719329834E-001,
1.694000000000000E+009,-4.731095954775810E-002,2.031694352626801E-002,3.425984680652618E-001,9.199263453483582E-001,-4.731095954775810E-002,2.031694352626801E-002,3.425984680652618E-001,9.199263453483582E-001,
1.702366666666667E+009,-3.549304604530335E-002,3.612022846937180E-002,3.644329905509949E-001,9.133379459381104E-001,-3.549304604530335E-002,3.612022846937180E-002,3.644329905509949E-001,9.133379459381104E-001,
1.710733333333334E+009,-1.858035102486610E-002,4.276956245303154E-002,3.852255046367645E-001,9.009462594985962E-001,-1.858035102486610E-002,4.276956245303154E-002,3.852255046367645E-001,9.009462594985962E-001,
1.719100000000000E+009,-1.377504901029170E-003,3.965091705322266E-002,4.132498502731323E-001,8.891736268997192E-001,-1.377504901029170E-003,3.965091705322266E-002,4.132498502731323E-001,8.891736268997192E-001,
1.727466666666667E+009,1.101793814450502E-002,2.940629981458187E-002,4.308871626853943E-001,8.844412565231323E-001,1.101793814450502E-002,2.940629981458187E-002,4.308871626853943E-001,8.844412565231323E-001,
1.735833333333334E+009,1.570799201726914E-002,1.450412441045046E-002,4.493359625339508E-001,8.719202876091003E-001,1.570799201726914E-002,1.450412441045046E-002,4.493359625339508E-001,8.719202876091003E-001,
1.744200000000000E+009,1.055884175002575E-002,-2.749950159341097E-003,4.820834994316101E-001,8.515565395355225E-001,1.055884175002575E-002,-2.749950159341097E-003,4.820834994316101E-001,8.515565395355225E-001,
1.752566666666667E+009,-7.542700768681243E-005,-1.373244635760784E-002,5.104842782020569E-001,8.470577597618103E-001,-7.542700768681243E-005,-1.373244635760784E-002,5.104842782020569E-001,8.470577597618103E-001,
1.760933333333334E+009,-1.521119195967913E-002,-1.878572627902031E-002,5.217773914337158E-001,8.351277709007263E-001,-1.521119195967913E-002,-1.878572627902031E-002,5.217773914337158E-001,8.351277709007263E-001,
1.769300000000000E+009,-2.976639382541180E-002,-1.538187172263861E-002,5.443708896636963E-001,8.249772787094116E-001,-2.976639382541180E-002,-1.538187172263861E-002,5.443708896636963E-001,8.249772787094116E-001,
1.777666666666667E+009,-3.913559392094612E-002,-4.293052013963461E-003,5.579770803451538E-001,8.164302706718445E-001,-3.913559392094612E-002,-4.293052013963461E-003,5.579770803451538E-001,8.164302706718445E-001,
1.786033333333334E+009,-4.182019457221031E-002,8.071205578744412E-003,5.755392313003540E-001,7.890783548355103E-001,-4.182019457221031E-002,8.071205578744412E-003,5.755392313003540E-001,7.890783548355103E-001,
1.794400000000000E+009,-3.620181605219841E-002,2.352518215775490E-002,5.988569259643555E-001,7.771074771881104E-001,-3.620181605219841E-002,2.352518215775490E-002,5.988569259643555E-001,7.771074771881104E-001,
1.802766666666667E+009,-2.803565934300423E-002,3.317773714661598E-002,6.182746887207031E-001,7.612677812576294E-001,-2.803565934300423E-002,3.317773714661598E-002,6.182746887207031E-001,7.612677812576294E-001,
1.811133333333334E+009,-1.606095954775810E-002,3.688983619213104E-002,6.440201401710510E-001,7.461915016174316E-001,-1.606095954775810E-002,3.688983619213104E-002,6.440201401710510E-001,7.461915016174316E-001,
1.819500000000000E+009,-5.127995740622282E-003,3.654962778091431E-002,6.584773063659668E-001,7.226892709732056E-001,-5.127995740622282E-003,3.654962778091431E-002,6.584773063659668E-001,7.226892709732056E-001,
1.827866666666667E+009,2.923514926806092E-003,3.006799705326557E-002,6.802685260772705E-001,7.138571143150330E-001,2.923514926806092E-003,3.006799705326557E-002,6.802685260772705E-001,7.138571143150330E-001,
1.836233333333334E+009,3.679396118968725E-003,2.034231834113598E-002,6.928449869155884E-001,6.975405812263489E-001,3.679396118968725E-003,2.034231834113598E-002,6.928449869155884E-001,6.975405812263489E-001,
1.844600000000000E+009,-1.315223053097725E-003,1.260363403707743E-002,7.119045853614807E-001,6.923887729644775E-001,-1.315223053097725E-003,1.260363403707743E-002,7.119045853614807E-001,6.923887729644775E-001,
1.852966666666667E+009,-8.750146254897118E-003,7.638746872544289E-003,7.241427302360535E-001,6.593691706657410E-001,-8.750146254897118E-003,7.638746872544289E-003,7.241427302360535E-001,6.593691706657410E-001,
1.861333333333334E+009,-1.648718863725662E-002,6.291544064879417E-003,7.470374107360840E-001,6.425012946128845E-001,-1.648718863725662E-002,6.291544064879417E-003,7.470374107360840E-001,6.425012946128845E-001,
1.869700000000000E+009,-2.364866435527802E-002,1.275104563683271E-002,7.636217474937439E-001,6.250324845314026E-001,-2.364866435527802E-002,1.275104563683271E-002,7.636217474937439E-001,6.250324845314026E-001,
1.878066666666667E+009,-2.592328004539013E-002,2.043183520436287E-002,7.765639424324036E-001,6.112709641456604E-001,-2.592328004539013E-002,2.043183520436287E-002,7.765639424324036E-001,6.112709641456604E-001,
1.886433333333334E+009,-2.377080358564854E-002,3.051802329719067E-002,7.966842651367188E-001,5.883759260177612E-001,-2.377080358564854E-002,3.051802329719067E-002,7.966842651367188E-001,5.883759260177612E-001,
1.894800000000000E+009,-1.424639578908682E-002,3.867772221565247E-002,8.094232678413391E-001,5.711450576782227E-001,-1.424639578908682E-002,3.867772221565247E-002,8.094232678413391E-001,5.711450576782227E-001,
1.903166666666667E+009,-3.621092298999429E-003,4.494605213403702E-002,8.227095603942871E-001,5.434123277664185E-001,-3.621092298999429E-003,4.494605213403702E-002,8.227095603942871E-001,5.434123277664185E-001,
1.911533333333334E+009,8.291970938444138E-003,4.354228824377060E-002,8.339534997940064E-001,5.177614688873291E-001,8.291970938444138E-003,4.354228824377060E-002,8.339534997940064E-001,5.177614688873291E-001,
1.919900000000000E+009,1.908266544342041E-002,3.809539601206780E-002,8.504075407981873E-001,5.062930583953857E-001,1.908266544342041E-002,3.809539601206780E-002,8.504075407981873E-001,5.062930583953857E-001,
1.928266666666667E+009,2.429510280489922E-002,2.921847626566887E-002,8.529190421104431E-001,4.697427451610565E-001,2.429510280489922E-002,2.921847626566887E-002,8.529190421104431E-001,4.697427451610565E-001,
1.936633333333334E+009,2.251638099551201E-002,1.793827489018440E-002,8.725652694702148E-001,4.622741937637329E-001,2.251638099551201E-002,1.793827489018440E-002,8.725652694702148E-001,4.622741937637329E-001,
1.945000000000000E+009,1.557942200452089E-002,8.877882733941078E-003,8.860207796096802E-001,4.385599493980408E-001,1.557942200452089E-002,8.877882733941078E-003,8.860207796096802E-001,4.385599493980408E-001,
1.953366666666667E+009,5.900173913687468E-003,2.594829536974430E-003,8.912706375122070E-001,4.163416028022766E-001,5.900173913687468E-003,2.594829536974430E-003,8.912706375122070E-001,4.163416028022766E-001,
1.961733333333334E+009,-7.386787328869104E-003,4.695759154856205E-003,9.089646339416504E-001,3.940898776054382E-001,-7.386787328869104E-003,4.695759154856205E-003,9.089646339416504E-001,3.940898776054382E-001,
1.970100000000000E+009,-1.754920929670334E-002,9.985292330384255E-003,9.098498225212097E-001,3.712384104728699E-001,-1.754920929670334E-002,9.985292330384255E-003,9.098498225212097E-001,3.712384104728699E-001,
1.978466666666667E+009,-2.098037488758564E-002,2.282626554369927E-002,9.233940839767456E-001,3.414062857627869E-001,-2.098037488758564E-002,2.282626554369927E-002,9.233940839767456E-001,3.414062857627869E-001,
1.986833333333334E+009,-1.738727092742920E-002,3.509897738695145E-002,9.260951876640320E-001,3.250840008258820E-001,-1.738727092742920E-002,3.509897738695145E-002,9.260951876640320E-001,3.250840008258820E-001,
1.995200000000000E+009,-4.488627426326275E-003,4.529929161071777E-002,9.295391440391541E-001,3.085695505142212E-001,-4.488627426326275E-003,4.529929161071777E-002,9.295391440391541E-001,3.085695505142212E-001,
2.003566666666667E+009,1.251908019185066E-002,4.977970197796822E-002,9.409670829772949E-001,2.756919264793396E-001,1.251908019185066E-002,4.977970197796822E-002,9.409670829772949E-001,2.756919264793396E-001,
2.011933333333334E+009,2.945708110928536E-002,4.534888640046120E-002,9.532262086868286E-001,2.513191103935242E-001,2.945708110928536E-002,4.534888640046120E-002,9.532262086868286E-001,2.513191103935242E-001,
2.020300000000000E+009,4.156316444277763E-002,3.627404943108559E-002,9.591892361640930E-001,2.213089168071747E-001,4.156316444277763E-002,3.627404943108559E-002,9.591892361640930E-001,2.213089168071747E-001,
2.028666666666667E+009,4.625959694385529E-002,2.139454521238804E-002,9.646776318550110E-001,2.059255540370941E-001,4.625959694385529E-002,2.139454521238804E-002,9.646776318550110E-001,2.059255540370941E-001,
2.037033333333334E+009,4.202010482549667E-002,4.902889486402273E-003,9.721031785011292E-001,1.801666617393494E-001,4.202010482549667E-002,4.902889486402273E-003,9.721031785011292E-001,1.801666617393494E-001,
2.045400000000000E+009,2.948148176074028E-002,-6.427260115742683E-003,9.726237654685974E-001,1.598585397005081E-001,2.948148176074028E-002,-6.427260115742683E-003,9.726237654685974E-001,1.598585397005081E-001,
2.053766666666667E+009,1.184298377484083E-002,-9.244469925761223E-003,9.775704145431519E-001,1.338304728269577E-001,1.184298377484083E-002,-9.244469925761223E-003,9.775704145431519E-001,1.338304728269577E-001,
2.062133333333334E+009,-3.347274847328663E-003,-4.259694833308458E-003,9.837478399276733E-001,1.072332859039307E-001,-3.347274847328663E-003,-4.259694833308458E-003,9.837478399276733E-001,1.072332859039307E-001,
2.070500000000000E+009,-1.141086779534817E-002,9.704562835395336E-003,9.851585030555725E-001,8.008637279272080E-002,-1.141086779534817E-002,9.704562835395336E-003,9.851585030555725E-001,8.008637279272080E-002,
2.078866666666667E+009,-1.033647358417511E-002,2.586804144084454E-002,9.818888902664185E-001,5.987897515296936E-002,-1.033647358417511E-002,2.586804144084454E-002,9.818888902664185E-001,5.987897515296936E-002,
2.087233333333334E+009,2.243631053715944E-003,3.553034365177155E-002,9.849722981452942E-001,2.728994004428387E-002,2.243631053715944E-003,3.553034365177155E-002,9.849722981452942E-001,2.728994004428387E-002,
2.095600000000000E+009,2.109524235129356E-002,4.248603805899620E-002,9.899417161941528E-001,8.810676634311676E-003,2.109524235129356E-002,4.248603805899620E-002,9.899417161941528E-001,8.810676634311676E-003,
2.103966666666667E+009,4.242600128054619E-002,3.631609305739403E-002,9.918638467788696E-001,-1.588058285415173E-002,4.242600128054619E-002,3.631609305739403E-002,9.918638467788696E-001,-1.588058285415173E-002,
2.112333333333334E+009,5.832643061876297E-002,2.140646614134312E-002,9.837000966072083E-001,-3.679379448294640E-002,5.832643061876297E-002,2.140646614134312E-002,9.837000966072083E-001,-3.679379448294640E-002,
2.120700000000000E+009,6.502032279968262E-002,-1.603774959221482E-003,9.861968755722046E-001,-6.875889748334885E-002,6.502032279968262E-002,-1.603774959221482E-003,9.861968755722046E-001,-6.875889748334885E-002,
2.129066666666667E+009,5.806938186287880E-002,-2.015087008476257E-002,9.946825504302979E-001,-9.518124163150787E-002,5.806938186287880E-002,-2.015087008476257E-002,9.946825504302979E-001,-9.518124163150787E-002,
2.137433333333334E+009,3.971795737743378E-002,-3.513371944427490E-002,9.802700877189636E-001,-1.173680946230888E-001,3.971795737743378E-002,-3.513371944427490E-002,9.802700877189636E-001,-1.173680946230888E-001,
2.145800000000000E+009,1.312548853456974E-002,-3.851347789168358E-002,9.803513884544373E-001,-1.411915570497513E-001,1.312548853456974E-002,-3.851347789168358E-002,9.803513884544373E-001,-1.411915570497513E-001,
2.154166666666667E+009,-9.268698282539845E-003,-2.965665981173515E-002,9.740275740623474E-001,-1.635934859514237E-001,-9.268698282539845E-003,-2.965665981173515E-002,9.740275740623474E-001,-1.635934859514237E-001,
2.162533333333334E+009,-2.263075858354569E-002,-1.005610171705484E-002,9.562773704528809E-001,-1.911691576242447E-001,-2.263075858354569E-002,-1.005610171705484E-002,9.562773704528809E-001,-1.911691576242447E-001,
2.170900000000000E+009,-2.413165196776390E-002,1.323586702346802E-002,9.646641612052918E-001,-2.167002707719803E-001,-2.413165196776390E-002,1.323586702346802E-002,9.646641612052918E-001,-2.167002707719803E-001,
2.179266666666667E+009,-9.914454072713852E-003,3.003948740661144E-002,9.530314207077026E-001,-2.327581048011780E-001,-9.914454072713852E-003,3.003948740661144E-002,9.530314207077026E-001,-2.327581048011780E-001,
2.187633333333334E+009,1.210474781692028E-002,3.804368525743485E-002,9.527392983436585E-001,-2.625810503959656E-001,1.210474781692028E-002,3.804368525743485E-002,9.527392983436585E-001,-2.625810503959656E-001,
2.196000000000000E+009,3.882592171430588E-002,3.147320449352264E-002,9.381070137023926E-001,-2.834394574165344E-001,3.882592171430588E-002,3.147320449352264E-002,9.381070137023926E-001,-2.834394574165344E-001,
2.204366666666667E+009,5.849542841315270E-002,1.239089388400316E-002,9.342168569564819E-001,-3.049309253692627E-001,5.849542841315270E-002,1.239089388400316E-002,9.342168569564819E-001,-3.049309253692627E-001,
2.212733333333334E+009,6.628926098346710E-002,-1.463947724550962E-002,9.270538091659546E-001,-3.399952054023743E-001,6.628926098346710E-002,-1.463947724550962E-002,9.270538091659546E-001,-3.399952054023743E-001,
2.221100000000000E+009,5.842573568224907E-002,-3.910734131932259E-002,9.121951460838318E-001,-3.530493080615997E-001,5.842573568224907E-002,-3.910734131932259E-002,9.121951460838318E-001,-3.530493080615997E-001,
2.229466666666667E+009,3.811220079660416E-002,-5.596083775162697E-002,9.052612781524658E-001,-3.696334958076477E-001,3.811220079660416E-002,-5.596083775162697E-002,9.052612781524658E-001,-3.696334958076477E-001,
2.237833333333334E+009,9.356781840324402E-003,-5.650304257869721E-002,9.007770419120789E-001,-3.994780480861664E-001,9.356781840324402E-003,-5.650304257869721E-002,9.007770419120789E-001,-3.994780480861664E-001,
2.246200000000000E+009,-1.762495562434197E-002,-4.445849731564522E-002,8.882160782814026E-001,-4.231289625167847E-001,-1.762495562434197E-002,-4.445849731564522E-002,8.882160782814026E-001,-4.231289625167847E-001,
2.254566666666667E+009,-3.188681602478027E-002,-1.937576569616795E-002,8.799181580543518E-001,-4.436240494251251E-001,-3.188681602478027E-002,-1.937576569616795E-002,8.799181580543518E-001,-4.436240494251251E-001,
2.262933333333334E+009,-3.364138677716255E-002,5.773657467216253E-003,8.662487864494324E-001,-4.644805788993835E-001,-3.364138677716255E-002,5.773657467216253E-003,8.662487864494324E-001,-4.644805788993835E-001,
2.271300000000000E+009,-1.972098462283611E-002,2.817188203334808E-002,8.500238656997681E-001,-4.842125773429871E-001,-1.972098462283611E-002,2.817188203334808E-002,8.500238656997681E-001,-4.842125773429871E-001,
2.279666666666667E+009,4.735962487757206E-003,3.393968939781189E-002,8.419183492660523E-001,-5.039044618606567E-001,4.735962487757206E-003,3.393968939781189E-002,8.419183492660523E-001,-5.039044618606567E-001,
2.288033333333334E+009,2.955751493573189E-002,2.547401562333107E-002,8.305130004882813E-001,-5.327217578887940E-001,2.955751493573189E-002,2.547401562333107E-002,8.305130004882813E-001,-5.327217578887940E-001,
2.296400000000000E+009,4.837740585207939E-002,2.304263878613710E-003,8.129312992095947E-001,-5.523686408996582E-001,4.837740585207939E-002,2.304263878613710E-003,8.129312992095947E-001,-5.523686408996582E-001,
2.304766666666667E+009,5.195515975356102E-002,-2.632826566696167E-002,8.034723997116089E-001,-5.613772273063660E-001,5.195515975356102E-002,-2.632826566696167E-002,8.034723997116089E-001,-5.613772273063660E-001,
2.313133333333334E+009,3.871918097138405E-002,-5.023399740457535E-002,7.856609225273132E-001,-5.966285467147827E-001,3.871918097138405E-002,-5.023399740457535E-002,7.856609225273132E-001,-5.966285467147827E-001,
2.321500000000000E+009,1.652716659009457E-002,-6.174371764063835E-002,7.729192972183228E-001,-6.079092025756836E-001,1.652716659009457E-002,-6.174371764063835E-002,7.729192972183228E-001,-6.079092025756836E-001,
2.329866666666667E+009,-9.833876974880695E-003,-5.687356367707253E-002,7.628509998321533E-001,-6.299407482147217E-001,-9.833876974880695E-003,-5.687356367707253E-002,7.628509998321533E-001,-6.299407482147217E-001,
2.338233333333334E+009,-3.203823789954186E-002,-3.794525563716888E-002,7.357958555221558E-001,-6.513196229934692E-001,-3.203823789954186E-002,-3.794525563716888E-002,7.357958555221558E-001,-6.513196229934692E-001,
2.346600000000000E+009,-4.018861800432205E-002,-6.523001939058304E-003,7.178953289985657E-001,-6.715636849403381E-001,-4.018861800432205E-002,-6.523001939058304E-003,7.178953289985657E-001,-6.715636849403381E-001,
2.354966666666667E+009,-3.040544502437115E-002,2.080109901726246E-002,7.097096443176270E-001,-6.838383078575134E-001,-3.040544502437115E-002,2.080109901726246E-002,7.097096443176270E-001,-6.838383078575134E-001,
2.363333333333334E+009,-8.229156956076622E-003,3.615636751055718E-002,6.937354803085327E-001,-6.989412307739258E-001,-8.229156956076622E-003,3.615636751055718E-002,6.937354803085327E-001,-6.989412307739258E-001,
2.371700000000000E+009,2.268037572503090E-002,3.528163209557533E-002,6.788619160652161E-001,-7.179104685783386E-001,2.268037572503090E-002,3.528163209557533E-002,6.788619160652161E-001,-7.179104685783386E-001,
2.380066666666667E+009,4.830635339021683E-002,1.335881184786558E-002,6.516305208206177E-001,-7.352488636970520E-001,4.830635339021683E-002,1.335881184786558E-002,6.516305208206177E-001,-7.352488636970520E-001,
2.388433333333334E+009,5.944401770830154E-002,-2.073811925947666E-002,6.367339491844177E-001,-7.435349822044373E-001,5.944401770830154E-002,-2.073811925947666E-002,6.367339491844177E-001,-7.435349822044373E-001,
2.396800000000000E+009,5.215949192643166E-002,-5.963801220059395E-002,6.090092062950134E-001,-7.678247094154358E-001,5.215949192643166E-002,-5.963801220059395E-002,6.090092062950134E-001,-7.678247094154358E-001,
2.405166666666667E+009,2.740804105997086E-002,-9.004787355661392E-002,5.944779515266419E-001,-7.834193706512451E-001,2.740804105997086E-002,-9.004787355661392E-002,5.944779515266419E-001,-7.834193706512451E-001,
2.413533333333334E+009,-1.126557122915983E-002,-1.020748838782311E-001,5.721516013145447E-001,-7.970252633094788E-001,-1.126557122915983E-002,-1.020748838782311E-001,5.721516013145447E-001,-7.970252633094788E-001,
2.421900000000000E+009,-5.169257894158363E-002,-9.218095242977142E-002,5.591216683387756E-001,-8.112828731536865E-001,-5.169257894158363E-002,-9.218095242977142E-002,5.591216683387756E-001,-8.112828731536865E-001,
2.430266666666667E+009,-7.950854301452637E-002,-6.080023944377899E-002,5.378003716468811E-001,-8.274288773536682E-001,-7.950854301452637E-002,-6.080023944377899E-002,5.378003716468811E-001,-8.274288773536682E-001,
2.438633333333334E+009,-9.172611683607101E-002,-1.761012524366379E-002,5.154917836189270E-001,-8.389129042625427E-001,-9.172611683607101E-002,-1.761012524366379E-002,5.154917836189270E-001,-8.389129042625427E-001,
2.447000000000000E+009,-8.077949285507202E-002,2.500403672456741E-002,4.925691187381744E-001,-8.545841574668884E-001,-8.077949285507202E-002,2.500403672456741E-002,4.925691187381744E-001,-8.545841574668884E-001,
2.455366666666667E+009,-5.206588655710220E-002,5.383906140923500E-002,4.720450043678284E-001,-8.618927001953125E-001,-5.206588655710220E-002,5.383906140923500E-002,4.720450043678284E-001,-8.618927001953125E-001,
2.463733333333334E+009,-1.534788683056831E-002,6.305502355098724E-002,4.513440132141113E-001,-8.764897584915161E-001,-1.534788683056831E-002,6.305502355098724E-002,4.513440132141113E-001,-8.764897584915161E-001,
2.472100000000000E+009,1.771941781044006E-002,4.815302416682243E-002,4.283360540866852E-001,-8.852669596672058E-001,1.771941781044006E-002,4.815302416682243E-002,4.283360540866852E-001,-8.852669596672058E-001,
2.480466666666667E+009,3.731885179877281E-002,1.683251932263374E-002,4.001061916351318E-001,-8.920194506645203E-001,3.731885179877281E-002,1.683251932263374E-002,4.001061916351318E-001,-8.920194506645203E-001,
2.488833333333334E+009,3.608658164739609E-002,-2.166819758713245E-002,3.849219679832459E-001,-9.030350446701050E-001,3.608658164739609E-002,-2.166819758713245E-002,3.849219679832459E-001,-9.030350446701050E-001,
2.497200000000000E+009,1.795435138046742E-002,-5.225795879960060E-002,3.594508767127991E-001,-9.162478446960449E-001,1.795435138046742E-002,-5.225795879960060E-002,3.594508767127991E-001,-9.162478446960449E-001,
2.505566666666667E+009,-1.604910567402840E-002,-6.935799866914749E-002,3.347661495208740E-001,-9.289538860321045E-001,-1.604910567402840E-002,-6.935799866914749E-002,3.347661495208740E-001,-9.289538860321045E-001,
2.513933333333334E+009,-4.859789088368416E-002,-6.165140494704247E-002,3.151265382766724E-001,-9.331220388412476E-001,-4.859789088368416E-002,-6.165140494704247E-002,3.151265382766724E-001,-9.331220388412476E-001,
2.522300000000000E+009,-7.228929549455643E-002,-3.681066632270813E-002,2.852634787559509E-001,-9.421584010124207E-001,-7.228929549455643E-002,-3.681066632270813E-002,2.852634787559509E-001,-9.421584010124207E-001,
2.530666666666667E+009,-7.787313312292099E-002,3.849471104331315E-004,2.611882984638214E-001,-9.540334343910217E-001,-7.787313312292099E-002,3.849471104331315E-004,2.611882984638214E-001,-9.540334343910217E-001,
2.539033333333334E+009,-6.451386958360672E-002,3.582503646612167E-002,2.400800436735153E-001,-9.533638358116150E-001,-6.451386958360672E-002,3.582503646612167E-002,2.400800436735153E-001,-9.533638358116150E-001,
2.547400000000000E+009,-3.529292717576027E-002,5.982054397463799E-002,2.208571881055832E-001,-9.640526771545410E-001,-3.529292717576027E-002,5.982054397463799E-002,2.208571881055832E-001,-9.640526771545410E-001,
2.555766666666667E+009,1.532431924715638E-003,6.435056775808334E-002,1.938327848911285E-001,-9.722406268119812E-001,1.532431924715638E-003,6.435056775808334E-002,1.938327848911285E-001,-9.722406268119812E-001,
2.564133333333334E+009,2.966353856027126E-002,4.629279300570488E-002,1.683270633220673E-001,-9.688958525657654E-001,2.966353856027126E-002,4.629279300570488E-002,1.683270633220673E-001,-9.688958525657654E-001,
2.572500000000000E+009,4.278412461280823E-002,1.418954227119684E-002,1.442278772592545E-001,-9.708640575408936E-001,4.278412461280823E-002,1.418954227119684E-002,1.442278772592545E-001,-9.708640575408936E-001,
2.580866666666667E+009,3.534959629178047E-002,-2.340637519955635E-002,1.208809837698937E-001,-9.794024229049683E-001,3.534959629178047E-002,-2.340637519955635E-002,1.208809837698937E-001,-9.794024229049683E-001,
2.589233333333334E+009,8.352446369826794E-003,-5.235695093870163E-002,9.214463084936142E-002,-9.798367619514465E-001,8.352446369826794E-003,-5.235695093870163E-002,9.214463084936142E-002,-9.798367619514465E-001,
2.597600000000000E+009,-2.766047418117523E-002,-6.578164547681809E-002,6.353551894426346E-002,-9.825613498687744E-001,-2.766047418117523E-002,-6.578164547681809E-002,6.353551894426346E-002,-9.825613498687744E-001,
2.605966666666667E+009,-6.369430571794510E-002,-5.558450147509575E-002,4.958427697420120E-002,-9.893047809600830E-001,-6.369430571794510E-002,-5.558450147509575E-002,4.958427697420120E-002,-9.893047809600830E-001,
2.614333333333334E+009,-8.676455169916153E-002,-2.946903370320797E-002,2.145572751760483E-002,-9.840934276580811E-001,-8.676455169916153E-002,-2.946903370320797E-002,2.145572751760483E-002,-9.840934276580811E-001,
2.622700000000000E+009,-9.124317020177841E-002,8.983591571450234E-003,-1.765833585523069E-003,-9.808895587921143E-001,-9.124317020177841E-002,8.983591571450234E-003,-1.765833585523069E-003,-9.808895587921143E-001,
2.631066666666667E+009,-7.548352330923080E-002,4.575184360146523E-002,-2.840331010520458E-002,-9.923022985458374E-001,-7.548352330923080E-002,4.575184360146523E-002,-2.840331010520458E-002,-9.923022985458374E-001,
2.639433333333334E+009,-4.293310642242432E-002,6.916312873363495E-002,-5.199043452739716E-002,-9.803988337516785E-001,-4.293310642242432E-002,6.916312873363495E-002,-5.199043452739716E-002,-9.803988337516785E-001,
2.647800000000000E+009,-3.820379031822085E-003,7.432576268911362E-002,-7.768738269805908E-002,-9.801275134086609E-001,-3.820379031822085E-003,7.432576268911362E-002,-7.768738269805908E-002,-9.801275134086609E-001,
2.656166666666667E+009,2.657839469611645E-002,5.848727375268936E-002,-9.846241027116776E-002,-9.825305938720703E-001,2.657839469611645E-002,5.848727375268936E-002,-9.846241027116776E-002,-9.825305938720703E-001,
2.664533333333334E+009,4.016109183430672E-002,2.876864187419415E-002,-1.299847066402435E-001,-9.713921546936035E-001,4.016109183430672E-002,2.876864187419415E-002,-1.299847066402435E-001,-9.713921546936035E-001,
2.672900000000000E+009,3.386776894330978E-002,-4.856886342167854E-003,-1.487278193235397E-001,-9.715512394905090E-001,3.386776894330978E-002,-4.856886342167854E-003,-1.487278193235397E-001,-9.715512394905090E-001,
2.681266666666667E+009,8.311282843351364E-003,-3.071836940944195E-002,-1.764187067747116E-001,-9.662634134292603E-001,8.311282843351364E-003,-3.071836940944195E-002,-1.764187067747116E-001,-9.662634134292603E-001,
2.689633333333334E+009,-2.895339764654636E-002,-4.105080291628838E-002,-1.995956897735596E-001,-9.647276401519775E-001,-2.895339764654636E-002,-4.105080291628838E-002,-1.995956897735596E-001,-9.647276401519775E-001,
2.698000000000000E+009,-6.330665946006775E-002,-3.149540349841118E-002,-2.162058949470520E-001,-9.562473893165588E-001,-6.330665946006775E-002,-3.149540349841118E-002,-2.162058949470520E-001,-9.562473893165588E-001,
2.706366666666667E+009,-8.531906455755234E-002,-4.568536300212145E-003,-2.473628222942352E-001,-9.475328922271729E-001,-8.531906455755234E-002,-4.568536300212145E-003,-2.473628222942352E-001,-9.475328922271729E-001,
2.714733333333334E+009,-8.811695128679276E-002,3.020090982317925E-002,-2.662227153778076E-001,-9.471783041954041E-001,-8.811695128679276E-002,3.020090982317925E-002,-2.662227153778076E-001,-9.471783041954041E-001,
2.723100000000000E+009,-6.904534995555878E-002,6.398290395736694E-002,-2.896832227706909E-001,-9.358091950416565E-001,-6.904534995555878E-002,6.398290395736694E-002,-2.896832227706909E-001,-9.358091950416565E-001,
2.731466666666667E+009,-3.315170481801033E-002,8.639191091060638E-002,-3.151375651359558E-001,-9.319086670875549E-001,-3.315170481801033E-002,8.639191091060638E-002,-3.151375651359558E-001,-9.319086670875549E-001,
2.739833333333334E+009,7.023938465863466E-003,8.808943629264832E-002,-3.374874889850617E-001,-9.194612503051758E-001,7.023938465863466E-003,8.808943629264832E-002,-3.374874889850617E-001,-9.194612503051758E-001,
2.748200000000000E+009,4.061874747276306E-002,7.245053350925446E-002,-3.593246936798096E-001,-9.122170805931091E-001,4.061874747276306E-002,7.245053350925446E-002,-3.593246936798096E-001,-9.122170805931091E-001,
2.756566666666667E+009,5.820472538471222E-002,4.204977676272392E-002,-3.823895752429962E-001,-9.063265919685364E-001,5.820472538471222E-002,4.204977676272392E-002,-3.823895752429962E-001,-9.063265919685364E-001,
2.764933333333334E+009,5.462999641895294E-002,8.147762157022953E-003,-4.118281602859497E-001,-9.008182287216187E-001,5.462999641895294E-002,8.147762157022953E-003,-4.118281602859497E-001,-9.008182287216187E-001,
2.773300000000000E+009,3.180862963199616E-002,-1.987529359757900E-002,-4.288751482963562E-001,-8.843310475349426E-001,3.180862963199616E-002,-1.987529359757900E-002,-4.288751482963562E-001,-8.843310475349426E-001,
2.781666666666667E+009,-5.421441514045000E-003,-3.024535812437534E-002,-4.481883347034454E-001,-8.740407824516296E-001,-5.421441514045000E-003,-3.024535812437534E-002,-4.481883347034454E-001,-8.740407824516296E-001,
2.790033333333334E+009,-4.196971282362938E-002,-2.262178994715214E-002,-4.733008444309235E-001,-8.651856780052185E-001,-4.196971282362938E-002,-2.262178994715214E-002,-4.733008444309235E-001,-8.651856780052185E-001,
2.798400000000000E+009,-6.801772862672806E-002,2.261152490973473E-003,-4.953018724918366E-001,-8.550890088081360E-001,-6.801772862672806E-002,2.261152490973473E-003,-4.953018724918366E-001,-8.550890088081360E-001,
2.806766666666667E+009,-7.195970416069031E-002,3.569046407938004E-002,-5.153107643127441E-001,-8.353637456893921E-001,-7.195970416069031E-002,3.569046407938004E-002,-5.153107643127441E-001,-8.353637456893921E-001,
2.815133333333334E+009,-5.713991075754166E-002,6.565250456333160E-002,-5.351443290710449E-001,-8.266413807868958E-001,-5.713991075754166E-002,6.565250456333160E-002,-5.351443290710449E-001,-8.266413807868958E-001,
2.823500000000000E+009,-2.254812046885490E-002,8.538689464330673E-002,-5.567798614501953E-001,-8.135046362876892E-001,-2.254812046885490E-002,8.538689464330673E-002,-5.567798614501953E-001,-8.135046362876892E-001,
2.831866666666667E+009,1.772392354905605E-002,8.529128879308701E-002,-5.740652084350586E-001,-7.972976565361023E-001,1.772392354905605E-002,8.529128879308701E-002,-5.740652084350586E-001,-7.972976565361023E-001,
2.840233333333334E+009,5.330245941877365E-002,6.728862226009369E-002,-5.997688770294190E-001,-7.848243713378906E-001,5.330245941877365E-002,6.728862226009369E-002,-5.997688770294190E-001,-7.848243713378906E-001,
2.848600000000000E+009,7.266104966402054E-002,3.681968525052071E-002,-6.122568845748901E-001,-7.654209733009338E-001,7.266104966402054E-002,3.681968525052071E-002,-6.122568845748901E-001,-7.654209733009338E-001,
2.856966666666667E+009,7.091173529624939E-002,2.645517932251096E-003,-6.315495967864990E-001,-7.525758743286133E-001,7.091173529624939E-002,2.645517932251096E-003,-6.315495967864990E-001,-7.525758743286133E-001,
2.865333333333334E+009,4.755631461739540E-002,-2.538314461708069E-002,-6.501860022544861E-001,-7.409524917602539E-001,4.755631461739540E-002,-2.538314461708069E-002,-6.501860022544861E-001,-7.409524917602539E-001,
2.873700000000000E+009,9.708343073725700E-003,-3.532321378588677E-002,-6.721046566963196E-001,-7.164670825004578E-001,9.708343073725700E-003,-3.532321378588677E-002,-6.721046566963196E-001,-7.164670825004578E-001,
2.882066666666667E+009,-2.895263582468033E-002,-2.555045858025551E-002,-6.854323744773865E-001,-6.963188648223877E-001,-2.895263582468033E-002,-2.555045858025551E-002,-6.854323744773865E-001,-6.963188648223877E-001,
2.890433333333334E+009,-5.817930772900581E-002,1.784382970072329E-003,-7.041637897491455E-001,-6.828034520149231E-001,-5.817930772900581E-002,1.784382970072329E-003,-7.041637897491455E-001,-6.828034520149231E-001,
2.898800000000000E+009,-6.640951335430145E-002,3.867340460419655E-002,-7.198148369789124E-001,-6.680387258529663E-001,-6.640951335430145E-002,3.867340460419655E-002,-7.198148369789124E-001,-6.680387258529663E-001,
2.907166666666667E+009,-5.237334221601486E-002,7.076943665742874E-002,-7.311564087867737E-001,-6.533877253532410E-001,-5.237334221601486E-002,7.076943665742874E-002,-7.311564087867737E-001,-6.533877253532410E-001,
2.915533333333334E+009,-1.758245751261711E-002,9.076596796512604E-002,-7.543972134590149E-001,-6.280877590179443E-001,-1.758245751261711E-002,9.076596796512604E-002,-7.543972134590149E-001,-6.280877590179443E-001,
2.923900000000000E+009,2.328572422266007E-002,9.062982350587845E-002,-7.671828866004944E-001,-6.154593825340271E-001,2.328572422266007E-002,9.062982350587845E-002,-7.671828866004944E-001,-6.154593825340271E-001,
2.932266666666667E+009,6.208929046988487E-002,7.094668596982956E-002,-7.807672023773193E-001,-5.974481701850891E-001,6.208929046988487E-002,7.094668596982956E-002,-7.807672023773193E-001,-5.974481701850891E-001,
2.940633333333334E+009,8.443869650363922E-002,3.536111488938332E-002,-7.950676679611206E-001,-5.732936859130859E-001,8.443869650363922E-002,3.536111488938332E-002,-7.950676679611206E-001,-5.732936859130859E-001,
2.949000000000000E+009,8.538498729467392E-002,-5.092623177915812E-003,-8.153166770935059E-001,-5.473637580871582E-001,8.538498729467392E-002,-5.092623177915812E-003,-8.153166770935059E-001,-5.473637580871582E-001,
2.957366666666667E+009,6.439172476530075E-002,-3.554563224315643E-002,-8.267012238502502E-001,-5.357421636581421E-001,6.439172476530075E-002,-3.554563224315643E-002,-8.267012238502502E-001,-5.357421636581421E-001,
2.965733333333334E+009,2.639188244938850E-002,-4.765755683183670E-002,-8.412638902664185E-001,-5.146201848983765E-001,2.639188244938850E-002,-4.765755683183670E-002,-8.412638902664185E-001,-5.146201848983765E-001,
2.974100000000000E+009,-1.362094748765230E-002,-3.795307129621506E-002,-8.564704656600952E-001,-4.873830974102020E-001,-1.362094748765230E-002,-3.795307129621506E-002,-8.564704656600952E-001,-4.873830974102020E-001,
2.982466666666667E+009,-4.457131400704384E-002,-7.303517311811447E-003,-8.686486482620239E-001,-4.631281197071075E-001,-4.457131400704384E-002,-7.303517311811447E-003,-8.686486482620239E-001,-4.631281197071075E-001,
2.990833333333334E+009,-5.580355226993561E-002,3.156761452555656E-002,-8.728089332580566E-001,-4.477596580982208E-001,-5.580355226993561E-002,3.156761452555656E-002,-8.728089332580566E-001,-4.477596580982208E-001,
2.999200000000000E+009,-4.340268298983574E-002,6.859084218740463E-002,-8.854271769523621E-001,-4.261213541030884E-001,-4.340268298983574E-002,6.859084218740463E-002,-8.854271769523621E-001,-4.261213541030884E-001,
3.007566666666667E+009,-1.109351124614477E-002,9.135774523019791E-002,-8.979953527450562E-001,-4.012741744518280E-001,-1.109351124614477E-002,9.135774523019791E-002,-8.979953527450562E-001,-4.012741744518280E-001,
3.015933333333334E+009,3.262908011674881E-002,9.013541787862778E-002,-9.046986699104309E-001,-3.822944164276123E-001,3.262908011674881E-002,9.013541787862778E-002,-9.046986699104309E-001,-3.822944164276123E-001,
3.024300000000000E+009,7.119160145521164E-002,6.669880449771881E-002,-9.152072668075562E-001,-3.620073795318604E-001,7.119160145521164E-002,6.669880449771881E-002,-9.152072668075562E-001,-3.620073795318604E-001,
3.032666666666667E+009,9.474930912256241E-002,2.478702925145626E-002,-9.241777658462524E-001,-3.378022313117981E-001,9.474930912256241E-002,2.478702925145626E-002,-9.241777658462524E-001,-3.378022313117981E-001,
3.041033333333334E+009,9.411571174860001E-002,-2.066627703607082E-002,-9.313454627990723E-001,-3.143383860588074E-001,9.411571174860001E-002,-2.066627703607082E-002,-9.313454627990723E-001,-3.143383860588074E-001,
3.049400000000000E+009,6.975378096103668E-002,-5.597449094057083E-002,-9.407753944396973E-001,-2.838787436485291E-001,6.975378096103668E-002,-5.597449094057083E-002,-9.407753944396973E-001,-2.838787436485291E-001,
3.057766666666667E+009,3.011352941393852E-002,-7.026622444391251E-002,-9.485107064247131E-001,-2.762416601181030E-001,3.011352941393852E-002,-7.026622444391251E-002,-9.485107064247131E-001,-2.762416601181030E-001,
3.066133333333334E+009,-1.394606102257967E-002,-5.876415595412254E-002,-9.513748884201050E-001,-2.398388832807541E-001,-1.394606102257967E-002,-5.876415595412254E-002,-9.513748884201050E-001,-2.398388832807541E-001,
3.074500000000000E+009,-4.646277055144310E-002,-2.413442544639111E-002,-9.607672691345215E-001,-2.160572558641434E-001,-4.646277055144310E-002,-2.413442544639111E-002,-9.607672691345215E-001,-2.160572558641434E-001,
3.082866666666667E+009,-5.726039409637451E-002,2.365078963339329E-002,-9.643720388412476E-001,-1.940939277410507E-001,-5.726039409637451E-002,2.365078963339329E-002,-9.643720388412476E-001,-1.940939277410507E-001,
3.091233333333334E+009,-4.127504304051399E-002,6.923038512468338E-002,-9.676331877708435E-001,-1.658007502555847E-001,-4.127504304051399E-002,6.923038512468338E-002,-9.676331877708435E-001,-1.658007502555847E-001,
3.099600000000000E+009,-3.764636814594269E-003,9.605054557323456E-002,-9.680674672126770E-001,-1.464980691671372E-001,-3.764636814594269E-003,9.605054557323456E-002,-9.680674672126770E-001,-1.464980691671372E-001,
3.107966666666667E+009,4.540903121232987E-002,9.544418007135391E-002,-9.746404886245728E-001,-1.264311522245407E-001,4.540903121232987E-002,9.544418007135391E-002,-9.746404886245728E-001,-1.264311522245407E-001,
3.116333333333334E+009,9.005510061979294E-002,6.711427122354507E-002,-9.770122170448303E-001,-9.985919296741486E-002,9.005510061979294E-002,6.711427122354507E-002,-9.770122170448303E-001,-9.985919296741486E-002,
3.124700000000000E+009,1.134936362504959E-001,1.799481362104416E-002,-9.808485507965088E-001,-7.924246788024902E-002,1.134936362504959E-001,1.799481362104416E-002,-9.808485507965088E-001,-7.924246788024902E-002,
3.133066666666667E+009,1.130249500274658E-001,-3.735010325908661E-002,-9.846091866493225E-001,-4.916970431804657E-002,1.130249500274658E-001,-3.735010325908661E-002,-9.846091866493225E-001,-4.916970431804657E-002,
3.141433333333334E+009,8.489752560853958E-002,-8.303059637546539E-002,-9.843278527259827E-001,-2.708931826055050E-002,8.489752560853958E-002,-8.303059637546539E-002,-9.843278527259827E-001,-2.708931826055050E-002,
3.149800000000000E+009,3.677889704704285E-002,-1.044283658266068E-001,-9.875653386116028E-001,2.780888462439179E-003,3.677889704704285E-002,-1.044283658266068E-001,-9.875653386116028E-001,2.780888462439179E-003,
3.158166666666667E+009,-1.406802143901587E-002,-9.518270939588547E-002,-9.827023744583130E-001,2.929392457008362E-002,-1.406802143901587E-002,-9.518270939588547E-002,-9.827023744583130E-001,2.929392457008362E-002,
3.166533333333334E+009,-5.220525711774826E-002,-5.921300128102303E-002,-9.832920432090759E-001,5.128157883882523E-002,-5.220525711774826E-002,-5.921300128102303E-002,-9.832920432090759E-001,5.128157883882523E-002,
3.174900000000000E+009,-6.941326707601547E-002,-6.716903764754534E-003,-9.803638458251953E-001,7.494560629129410E-002,-6.941326707601547E-002,-6.716903764754534E-003,-9.803638458251953E-001,7.494560629129410E-002,
3.183266666666667E+009,-5.482160300016403E-002,4.629915952682495E-002,-9.748758673667908E-001,9.985347092151642E-002,-5.482160300016403E-002,4.629915952682495E-002,-9.748758673667908E-001,9.985347092151642E-002,
3.191633333333334E+009,-1.716802269220352E-002,7.837282866239548E-002,-9.687987565994263E-001,1.220662072300911E-001,-1.716802269220352E-002,7.837282866239548E-002,-9.687987565994263E-001,1.220662072300911E-001,
3.200000000000000E+009,3.139521181583405E-002,8.271840959787369E-002,-9.695351123809815E-001,1.430364400148392E-001,3.139521181583405E-002,8.271840959787369E-002,-9.695351123809815E-001,1.430364400148392E-001,
