% Version 1.00
%
%freq[Hz],re:Trc1_S11,im:Trc1_S11,re:Trc2_S21,im:Trc2_S21,re:Trc3_S11,im:Trc3_S11,re:Trc4_S21,im:Trc4_S21,
6.900000000000000E+008,-4.569340497255325E-002,3.644901886582375E-002,-5.004288554191589E-001,-8.439537286758423E-001,-4.569340497255325E-002,3.644901886582375E-002,-5.004288554191589E-001,-8.439537286758423E-001,
6.983666666666666E+008,-3.824927657842636E-002,3.675239533185959E-002,-5.168999433517456E-001,-8.277621865272522E-001,-3.824927657842636E-002,3.675239533185959E-002,-5.168999433517456E-001,-8.277621865272522E-001,
7.067333333333334E+008,-3.253660723567009E-002,3.359679505228996E-002,-5.455225110054016E-001,-8.006902337074280E-001,-3.253660723567009E-002,3.359679505228996E-002,-5.455225110054016E-001,-8.006902337074280E-001,
7.151000000000000E+008,-3.340139985084534E-002,2.549861930310726E-002,-5.546692013740540E-001,-7.931866049766541E-001,-3.340139985084534E-002,2.549861930310726E-002,-5.546692013740540E-001,-7.931866049766541E-001,
7.234666666666666E+008,-3.355193138122559E-002,2.000285871326923E-002,-5.928261876106262E-001,-7.811015844345093E-001,-3.355193138122559E-002,2.000285871326923E-002,-5.928261876106262E-001,-7.811015844345093E-001,
7.318333333333334E+008,-4.107402265071869E-002,1.698298379778862E-002,-5.992097258567810E-001,-7.762294411659241E-001,-4.107402265071869E-002,1.698298379778862E-002,-5.992097258567810E-001,-7.762294411659241E-001,
7.402000000000000E+008,-4.851705580949783E-002,1.887628249824047E-002,-6.291263103485107E-001,-7.525290250778198E-001,-4.851705580949783E-002,1.887628249824047E-002,-6.291263103485107E-001,-7.525290250778198E-001,
7.485666666666666E+008,-5.333236604928970E-002,2.425183914601803E-002,-6.497249007225037E-001,-7.151121497154236E-001,-5.333236604928970E-002,2.425183914601803E-002,-6.497249007225037E-001,-7.151121497154236E-001,
7.569333333333334E+008,-5.399897694587708E-002,3.341531381011009E-002,-6.653361916542053E-001,-7.168534398078919E-001,-5.399897694587708E-002,3.341531381011009E-002,-6.653361916542053E-001,-7.168534398078919E-001,
7.653000000000000E+008,-5.047520250082016E-002,4.210227727890015E-002,-6.733651757240295E-001,-7.098937034606934E-001,-5.047520250082016E-002,4.210227727890015E-002,-6.733651757240295E-001,-7.098937034606934E-001,
7.736666666666666E+008,-4.249582812190056E-002,5.069114267826080E-002,-6.979100704193115E-001,-7.018426060676575E-001,-4.249582812190056E-002,5.069114267826080E-002,-6.979100704193115E-001,-7.018426060676575E-001,
7.820333333333334E+008,-3.608771786093712E-002,5.450959131121635E-002,-7.206140160560608E-001,-6.791288256645203E-001,-3.608771786093712E-002,5.450959131121635E-002,-7.206140160560608E-001,-6.791288256645203E-001,
7.904000000000000E+008,-2.658277750015259E-002,5.300119891762734E-002,-7.351514101028442E-001,-6.559628248214722E-001,-2.658277750015259E-002,5.300119891762734E-002,-7.351514101028442E-001,-6.559628248214722E-001,
7.987666666666666E+008,-1.941897533833981E-002,4.859316349029541E-002,-7.483563423156738E-001,-6.355264186859131E-001,-1.941897533833981E-002,4.859316349029541E-002,-7.483563423156738E-001,-6.355264186859131E-001,
8.071333333333334E+008,-1.965232193470001E-002,4.427179694175720E-002,-7.608187794685364E-001,-6.227545738220215E-001,-1.965232193470001E-002,4.427179694175720E-002,-7.608187794685364E-001,-6.227545738220215E-001,
8.155000000000000E+008,-2.380972728133202E-002,3.728625550866127E-002,-7.708510160446167E-001,-5.776258111000061E-001,-2.380972728133202E-002,3.728625550866127E-002,-7.708510160446167E-001,-5.776258111000061E-001,
8.238666666666666E+008,-2.864528261125088E-002,3.447239845991135E-002,-8.023576140403748E-001,-5.816403031349182E-001,-2.864528261125088E-002,3.447239845991135E-002,-8.023576140403748E-001,-5.816403031349182E-001,
8.322333333333334E+008,-3.688738867640495E-002,3.630604222416878E-002,-8.143047094345093E-001,-5.531420707702637E-001,-3.688738867640495E-002,3.630604222416878E-002,-8.143047094345093E-001,-5.531420707702637E-001,
8.406000000000000E+008,-4.155514016747475E-002,3.961111232638359E-002,-8.255080580711365E-001,-5.387985110282898E-001,-4.155514016747475E-002,3.961111232638359E-002,-8.255080580711365E-001,-5.387985110282898E-001,
8.489666666666668E+008,-4.198173433542252E-002,4.750097543001175E-002,-8.456315994262695E-001,-5.125848054885864E-001,-4.198173433542252E-002,4.750097543001175E-002,-8.456315994262695E-001,-5.125848054885864E-001,
8.573333333333334E+008,-3.863690420985222E-002,5.501460283994675E-002,-8.505479693412781E-001,-4.953697919845581E-001,-3.863690420985222E-002,5.501460283994675E-002,-8.505479693412781E-001,-4.953697919845581E-001,
8.657000000000000E+008,-3.185513243079186E-002,6.359864026308060E-002,-8.665426373481751E-001,-4.668014645576477E-001,-3.185513243079186E-002,6.359864026308060E-002,-8.665426373481751E-001,-4.668014645576477E-001,
8.740666666666668E+008,-2.338368445634842E-002,6.849017739295960E-002,-8.605975508689880E-001,-4.485258162021637E-001,-2.338368445634842E-002,6.849017739295960E-002,-8.605975508689880E-001,-4.485258162021637E-001,
8.824333333333334E+008,-1.414192467927933E-002,6.742961704730988E-002,-8.919976949691773E-001,-4.168215990066528E-001,-1.414192467927933E-002,6.742961704730988E-002,-8.919976949691773E-001,-4.168215990066528E-001,
8.908000000000000E+008,-6.696868222206831E-003,6.767096370458603E-002,-9.032380580902100E-001,-4.134234786033630E-001,-6.696868222206831E-003,6.767096370458603E-002,-9.032380580902100E-001,-4.134234786033630E-001,
8.991666666666668E+008,-4.045764449983835E-003,6.089012697339058E-002,-9.143451452255249E-001,-3.837765455245972E-001,-4.045764449983835E-003,6.089012697339058E-002,-9.143451452255249E-001,-3.837765455245972E-001,
9.075333333333334E+008,-4.060350824147463E-003,5.640293285250664E-002,-9.063109159469605E-001,-3.588198423385620E-001,-4.060350824147463E-003,5.640293285250664E-002,-9.063109159469605E-001,-3.588198423385620E-001,
9.159000000000000E+008,-6.858659442514181E-003,5.163374170660973E-002,-9.212474226951599E-001,-3.481833934783936E-001,-6.858659442514181E-003,5.163374170660973E-002,-9.212474226951599E-001,-3.481833934783936E-001,
9.242666666666668E+008,-1.203297171741724E-002,4.732856899499893E-002,-9.322003722190857E-001,-3.226445019245148E-001,-1.203297171741724E-002,4.732856899499893E-002,-9.322003722190857E-001,-3.226445019245148E-001,
9.326333333333334E+008,-1.660408824682236E-002,4.947166144847870E-002,-9.361239075660706E-001,-2.887166142463684E-001,-1.660408824682236E-002,4.947166144847870E-002,-9.361239075660706E-001,-2.887166142463684E-001,
9.410000000000000E+008,-2.181011997163296E-002,5.556225031614304E-002,-9.420316815376282E-001,-2.612582147121429E-001,-2.181011997163296E-002,5.556225031614304E-002,-9.420316815376282E-001,-2.612582147121429E-001,
9.493666666666668E+008,-2.259644493460655E-002,6.253803521394730E-002,-9.473201036453247E-001,-2.517313957214356E-001,-2.259644493460655E-002,6.253803521394730E-002,-9.473201036453247E-001,-2.517313957214356E-001,
9.577333333333334E+008,-1.763393916189671E-002,7.075449824333191E-002,-9.723838567733765E-001,-2.096145153045654E-001,-1.763393916189671E-002,7.075449824333191E-002,-9.723838567733765E-001,-2.096145153045654E-001,
9.661000000000000E+008,-9.153769351541996E-003,7.765503972768784E-002,-9.577707648277283E-001,-1.954197585582733E-001,-9.153769351541996E-003,7.765503972768784E-002,-9.577707648277283E-001,-1.954197585582733E-001,
9.744666666666668E+008,3.702394606079906E-004,8.200232684612274E-002,-9.675431847572327E-001,-1.637665033340454E-001,3.702394606079906E-004,8.200232684612274E-002,-9.675431847572327E-001,-1.637665033340454E-001,
9.828333333333334E+008,1.402866281569004E-002,8.001457899808884E-002,-9.639950394630432E-001,-1.383021026849747E-001,1.402866281569004E-002,8.001457899808884E-002,-9.639950394630432E-001,-1.383021026849747E-001,
9.912000000000000E+008,2.363914996385574E-002,7.703002542257309E-002,-9.748520851135254E-001,-1.288908720016480E-001,2.363914996385574E-002,7.703002542257309E-002,-9.748520851135254E-001,-1.288908720016480E-001,
9.995666666666668E+008,2.799525856971741E-002,6.801775842905045E-002,-9.786158800125122E-001,-9.350844472646713E-002,2.799525856971741E-002,6.801775842905045E-002,-9.786158800125122E-001,-9.350844472646713E-002,
1.007933333333333E+009,2.813444286584854E-002,5.988761037588120E-002,-9.822735786437988E-001,-7.333911955356598E-002,2.813444286584854E-002,5.988761037588120E-002,-9.822735786437988E-001,-7.333911955356598E-002,
1.016300000000000E+009,2.188777551054955E-002,5.115950852632523E-002,-9.817870855331421E-001,-4.699138924479485E-002,2.188777551054955E-002,5.115950852632523E-002,-9.817870855331421E-001,-4.699138924479485E-002,
1.024666666666667E+009,1.372542884200811E-002,5.042795836925507E-002,-9.829475283622742E-001,-2.607706375420094E-002,1.372542884200811E-002,5.042795836925507E-002,-9.829475283622742E-001,-2.607706375420094E-002,
1.033033333333333E+009,6.486812606453896E-003,5.141681805253029E-002,-9.615510702133179E-001,1.239356677979231E-002,6.486812606453896E-003,5.141681805253029E-002,-9.615510702133179E-001,1.239356677979231E-002,
1.041400000000000E+009,2.459617098793387E-003,5.754483118653297E-002,-9.684869050979614E-001,3.284183517098427E-002,2.459617098793387E-003,5.754483118653297E-002,-9.684869050979614E-001,3.284183517098427E-002,
1.049766666666667E+009,1.903408789075911E-003,6.583189964294434E-002,-9.771075844764710E-001,5.525095760822296E-002,1.903408789075911E-003,6.583189964294434E-002,-9.771075844764710E-001,5.525095760822296E-002,
1.058133333333333E+009,1.008681766688824E-002,7.453417778015137E-002,-9.717948436737061E-001,8.009390532970429E-002,1.008681766688824E-002,7.453417778015137E-002,-9.717948436737061E-001,8.009390532970429E-002,
1.066500000000000E+009,2.307435870170593E-002,7.912138104438782E-002,-9.560851454734802E-001,1.072149649262428E-001,2.307435870170593E-002,7.912138104438782E-002,-9.560851454734802E-001,1.072149649262428E-001,
1.074866666666667E+009,3.533508628606796E-002,7.576035708189011E-002,-9.665812253952026E-001,1.367766708135605E-001,3.533508628606796E-002,7.576035708189011E-002,-9.665812253952026E-001,1.367766708135605E-001,
1.083233333333334E+009,4.812942817807198E-002,7.156362384557724E-002,-9.618850946426392E-001,1.523633301258087E-001,4.812942817807198E-002,7.156362384557724E-002,-9.618850946426392E-001,1.523633301258087E-001,
1.091600000000000E+009,5.287546664476395E-002,5.960824340581894E-002,-9.552379846572876E-001,1.869734078645706E-001,5.287546664476395E-002,5.960824340581894E-002,-9.552379846572876E-001,1.869734078645706E-001,
1.099966666666667E+009,5.449596419930458E-002,4.721068590879440E-002,-9.509479999542236E-001,2.034806460142136E-001,5.449596419930458E-002,4.721068590879440E-002,-9.509479999542236E-001,2.034806460142136E-001,
1.108333333333334E+009,4.641041159629822E-002,3.747339174151421E-002,-9.628189802169800E-001,2.262197285890579E-001,4.641041159629822E-002,3.747339174151421E-002,-9.628189802169800E-001,2.262197285890579E-001,
1.116700000000000E+009,3.441775962710381E-002,3.770651668310165E-002,-9.483246207237244E-001,2.582249343395233E-001,3.441775962710381E-002,3.770651668310165E-002,-9.483246207237244E-001,2.582249343395233E-001,
1.125066666666667E+009,2.237304113805294E-002,3.883582726120949E-002,-9.327633380889893E-001,2.795061767101288E-001,2.237304113805294E-002,3.883582726120949E-002,-9.327633380889893E-001,2.795061767101288E-001,
1.133433333333334E+009,1.196977030485869E-002,5.044445767998695E-002,-9.280723929405212E-001,2.974983453750610E-001,1.196977030485869E-002,5.044445767998695E-002,-9.280723929405212E-001,2.974983453750610E-001,
1.141800000000000E+009,1.290750782936811E-002,6.298213452100754E-002,-9.167412519454956E-001,3.221480250358582E-001,1.290750782936811E-002,6.298213452100754E-002,-9.167412519454956E-001,3.221480250358582E-001,
1.150166666666667E+009,1.966351456940174E-002,7.514283806085587E-002,-9.104511141777039E-001,3.523594439029694E-001,1.966351456940174E-002,7.514283806085587E-002,-9.104511141777039E-001,3.523594439029694E-001,
1.158533333333334E+009,3.777788951992989E-002,8.204949647188187E-002,-9.000387191772461E-001,3.742540776729584E-001,3.777788951992989E-002,8.204949647188187E-002,-9.000387191772461E-001,3.742540776729584E-001,
1.166900000000000E+009,5.737290903925896E-002,8.056554198265076E-002,-8.912128806114197E-001,4.003623127937317E-001,5.737290903925896E-002,8.056554198265076E-002,-8.912128806114197E-001,4.003623127937317E-001,
1.175266666666667E+009,7.333190739154816E-002,7.050257921218872E-002,-8.731699585914612E-001,4.133025407791138E-001,7.333190739154816E-002,7.050257921218872E-002,-8.731699585914612E-001,4.133025407791138E-001,
1.183633333333334E+009,8.634052425622940E-002,5.551858991384506E-002,-8.680665493011475E-001,4.405445158481598E-001,8.634052425622940E-002,5.551858991384506E-002,-8.680665493011475E-001,4.405445158481598E-001,
1.192000000000000E+009,8.793779462575913E-002,3.827288001775742E-002,-8.616334199905396E-001,4.664557874202728E-001,8.793779462575913E-002,3.827288001775742E-002,-8.616334199905396E-001,4.664557874202728E-001,
1.200366666666667E+009,7.859412580728531E-002,2.114382386207581E-002,-8.481945395469666E-001,4.848753511905670E-001,7.859412580728531E-002,2.114382386207581E-002,-8.481945395469666E-001,4.848753511905670E-001,
1.208733333333334E+009,6.129764020442963E-002,1.268662046641111E-002,-8.432252407073975E-001,5.141431689262390E-001,6.129764020442963E-002,1.268662046641111E-002,-8.432252407073975E-001,5.141431689262390E-001,
1.217100000000000E+009,4.315209016203880E-002,1.482566911727190E-002,-8.112513422966003E-001,5.277029871940613E-001,4.315209016203880E-002,1.482566911727190E-002,-8.112513422966003E-001,5.277029871940613E-001,
1.225466666666667E+009,3.170169144868851E-002,2.615334838628769E-002,-8.138197064399719E-001,5.525920391082764E-001,3.170169144868851E-002,2.615334838628769E-002,-8.138197064399719E-001,5.525920391082764E-001,
1.233833333333334E+009,2.979690581560135E-002,4.097744822502136E-002,-7.934156060218811E-001,5.730813145637512E-001,2.979690581560135E-002,4.097744822502136E-002,-7.934156060218811E-001,5.730813145637512E-001,
1.242200000000000E+009,3.557379171252251E-002,5.496310442686081E-002,-7.654294371604919E-001,5.894988775253296E-001,3.557379171252251E-002,5.496310442686081E-002,-7.654294371604919E-001,5.894988775253296E-001,
1.250566666666667E+009,5.083452165126801E-002,6.410827487707138E-002,-7.690880894660950E-001,6.158816814422607E-001,5.083452165126801E-002,6.410827487707138E-002,-7.690880894660950E-001,6.158816814422607E-001,
1.258933333333334E+009,7.154580205678940E-002,6.422054767608643E-002,-7.479541301727295E-001,6.263437271118164E-001,7.154580205678940E-002,6.422054767608643E-002,-7.479541301727295E-001,6.263437271118164E-001,
1.267300000000000E+009,8.961629867553711E-002,5.145797133445740E-002,-7.244661450386047E-001,6.435791254043579E-001,8.961629867553711E-002,5.145797133445740E-002,-7.244661450386047E-001,6.435791254043579E-001,
1.275666666666667E+009,1.006664484739304E-001,3.408380597829819E-002,-7.213683724403381E-001,6.483737826347351E-001,1.006664484739304E-001,3.408380597829819E-002,-7.213683724403381E-001,6.483737826347351E-001,
1.284033333333334E+009,1.024734228849411E-001,1.163894403725863E-002,-6.901072859764099E-001,6.990318894386292E-001,1.024734228849411E-001,1.163894403725863E-002,-6.901072859764099E-001,6.990318894386292E-001,
1.292400000000000E+009,9.097449481487274E-002,-6.082597654312849E-003,-6.869142055511475E-001,6.990048885345459E-001,9.097449481487274E-002,-6.082597654312849E-003,-6.869142055511475E-001,6.990048885345459E-001,
1.300766666666667E+009,7.322332262992859E-002,-1.362758036702871E-002,-6.689181327819824E-001,7.161418199539185E-001,7.322332262992859E-002,-1.362758036702871E-002,-6.689181327819824E-001,7.161418199539185E-001,
1.309133333333334E+009,5.366614833474159E-002,-1.109717879444361E-002,-6.534405350685120E-001,7.441266179084778E-001,5.366614833474159E-002,-1.109717879444361E-002,-6.534405350685120E-001,7.441266179084778E-001,
1.317500000000000E+009,3.916348889470100E-002,1.000405405648053E-003,-6.232729554176331E-001,7.687703371047974E-001,3.916348889470100E-002,1.000405405648053E-003,-6.232729554176331E-001,7.687703371047974E-001,
1.325866666666667E+009,3.430179506540299E-002,1.694292947649956E-002,-6.049603819847107E-001,7.676703929901123E-001,3.430179506540299E-002,1.694292947649956E-002,-6.049603819847107E-001,7.676703929901123E-001,
1.334233333333334E+009,4.106523469090462E-002,3.481224179267883E-002,-5.828453302383423E-001,7.797296047210693E-001,4.106523469090462E-002,3.481224179267883E-002,-5.828453302383423E-001,7.797296047210693E-001,
1.342600000000000E+009,5.774337425827980E-002,3.997922688722611E-002,-5.693360567092896E-001,7.976917028427124E-001,5.774337425827980E-002,3.997922688722611E-002,-5.693360567092896E-001,7.976917028427124E-001,
1.350966666666667E+009,7.548731565475464E-002,3.769787773489952E-002,-5.398500561714172E-001,8.163347840309143E-001,7.548731565475464E-002,3.769787773489952E-002,-5.398500561714172E-001,8.163347840309143E-001,
1.359333333333334E+009,9.133208543062210E-002,2.470038458704948E-002,-5.229614377021790E-001,8.233066797256470E-001,9.133208543062210E-002,2.470038458704948E-002,-5.229614377021790E-001,8.233066797256470E-001,
1.367700000000000E+009,9.830591827630997E-002,3.253170289099217E-003,-5.051278471946716E-001,8.341233730316162E-001,9.830591827630997E-002,3.253170289099217E-003,-5.051278471946716E-001,8.341233730316162E-001,
1.376066666666667E+009,9.303922951221466E-002,-1.997363753616810E-002,-4.795525074005127E-001,8.459568023681641E-001,9.303922951221466E-002,-1.997363753616810E-002,-4.795525074005127E-001,8.459568023681641E-001,
1.384433333333334E+009,7.820180058479309E-002,-3.348043188452721E-002,-4.717711508274078E-001,8.576280474662781E-001,7.820180058479309E-002,-3.348043188452721E-002,-4.717711508274078E-001,8.576280474662781E-001,
1.392800000000000E+009,5.515072122216225E-002,-3.693193197250366E-002,-4.472440779209137E-001,8.645683526992798E-001,5.515072122216225E-002,-3.693193197250366E-002,-4.472440779209137E-001,8.645683526992798E-001,
1.401166666666667E+009,3.802486509084702E-002,-2.862013503909111E-002,-4.155930280685425E-001,8.917396664619446E-001,3.802486509084702E-002,-2.862013503909111E-002,-4.155930280685425E-001,8.917396664619446E-001,
1.409533333333334E+009,2.583258040249348E-002,-8.782865479588509E-003,-3.925999402999878E-001,9.013162255287170E-001,2.583258040249348E-002,-8.782865479588509E-003,-3.925999402999878E-001,9.013162255287170E-001,
1.417900000000000E+009,2.452847547829151E-002,1.225334219634533E-002,-3.530043959617615E-001,8.949517607688904E-001,2.452847547829151E-002,1.225334219634533E-002,-3.530043959617615E-001,8.949517607688904E-001,
1.426266666666667E+009,3.520679101347923E-002,3.043879196047783E-002,-3.481798470020294E-001,9.231415987014771E-001,3.520679101347923E-002,3.043879196047783E-002,-3.481798470020294E-001,9.231415987014771E-001,
1.434633333333334E+009,5.374161899089813E-002,3.682563081383705E-002,-3.182368576526642E-001,9.156588912010193E-001,5.374161899089813E-002,3.682563081383705E-002,-3.182368576526642E-001,9.156588912010193E-001,
1.443000000000000E+009,7.590306550264359E-002,3.345130011439323E-002,-2.924696505069733E-001,9.277080893516541E-001,7.590306550264359E-002,3.345130011439323E-002,-2.924696505069733E-001,9.277080893516541E-001,
1.451366666666667E+009,9.113527834415436E-002,1.651291921734810E-002,-2.739050388336182E-001,9.327946305274963E-001,9.113527834415436E-002,1.651291921734810E-002,-2.739050388336182E-001,9.327946305274963E-001,
1.459733333333334E+009,9.708621352910996E-002,-5.102030932903290E-003,-2.592691481113434E-001,9.368132948875427E-001,9.708621352910996E-002,-5.102030932903290E-003,-2.592691481113434E-001,9.368132948875427E-001,
1.468100000000000E+009,9.132399410009384E-002,-2.684136293828487E-002,-2.238043397665024E-001,9.440893530845642E-001,9.132399410009384E-002,-2.684136293828487E-002,-2.238043397665024E-001,9.440893530845642E-001,
1.476466666666667E+009,7.541073858737946E-002,-4.158929362893105E-002,-2.052462548017502E-001,9.596295952796936E-001,7.541073858737946E-002,-4.158929362893105E-002,-2.052462548017502E-001,9.596295952796936E-001,
1.484833333333334E+009,5.410618707537651E-002,-4.500496387481690E-002,-1.721160560846329E-001,9.625243544578552E-001,5.410618707537651E-002,-4.500496387481690E-002,-1.721160560846329E-001,9.625243544578552E-001,
1.493200000000000E+009,3.762311115860939E-002,-3.585225716233254E-002,-1.548179835081101E-001,9.636918902397156E-001,3.762311115860939E-002,-3.585225716233254E-002,-1.548179835081101E-001,9.636918902397156E-001,
1.501566666666667E+009,2.776676416397095E-002,-1.707313582301140E-002,-1.252783983945847E-001,9.662710428237915E-001,2.776676416397095E-002,-1.707313582301140E-002,-1.252783983945847E-001,9.662710428237915E-001,
1.509933333333334E+009,2.791781909763813E-002,4.717032425105572E-003,-1.092680320143700E-001,9.712125062942505E-001,2.791781909763813E-002,4.717032425105572E-003,-1.092680320143700E-001,9.712125062942505E-001,
1.518300000000000E+009,4.249857738614082E-002,2.063954062759876E-002,-8.247171342372894E-002,9.768583774566650E-001,4.249857738614082E-002,2.063954062759876E-002,-8.247171342372894E-002,9.768583774566650E-001,
1.526666666666667E+009,6.216704100370407E-002,2.667427435517311E-002,-4.919821396470070E-002,9.702001810073853E-001,6.216704100370407E-002,2.667427435517311E-002,-4.919821396470070E-002,9.702001810073853E-001,
1.535033333333334E+009,8.214915543794632E-002,2.220709249377251E-002,-2.855552546679974E-002,9.795447587966919E-001,8.214915543794632E-002,2.220709249377251E-002,-2.855552546679974E-002,9.795447587966919E-001,
1.543400000000000E+009,9.517653286457062E-002,5.438632331788540E-003,-8.359295316040516E-003,9.721245765686035E-001,9.517653286457062E-002,5.438632331788540E-003,-8.359295316040516E-003,9.721245765686035E-001,
1.551766666666667E+009,9.679970890283585E-002,-1.778195798397064E-002,1.446788012981415E-002,9.676935076713562E-001,9.679970890283585E-002,-1.778195798397064E-002,1.446788012981415E-002,9.676935076713562E-001,
1.560133333333334E+009,9.022632986307144E-002,-3.879760205745697E-002,3.616787865757942E-002,9.735789895057678E-001,9.022632986307144E-002,-3.879760205745697E-002,3.616787865757942E-002,9.735789895057678E-001,
1.568500000000000E+009,7.540227472782135E-002,-5.212149769067764E-002,5.352634564042091E-002,9.765385985374451E-001,7.540227472782135E-002,-5.212149769067764E-002,5.352634564042091E-002,9.765385985374451E-001,
1.576866666666667E+009,5.536730214953423E-002,-5.385827645659447E-002,9.461452811956406E-002,9.677675962448120E-001,5.536730214953423E-002,-5.385827645659447E-002,9.461452811956406E-002,9.677675962448120E-001,
1.585233333333334E+009,4.187269881367683E-002,-4.584199562668800E-002,1.100229024887085E-001,9.678121209144592E-001,4.187269881367683E-002,-4.584199562668800E-002,1.100229024887085E-001,9.678121209144592E-001,
1.593600000000000E+009,3.432624414563179E-002,-3.113699704408646E-002,1.389684677124023E-001,9.631803035736084E-001,3.432624414563179E-002,-3.113699704408646E-002,1.389684677124023E-001,9.631803035736084E-001,
1.601966666666667E+009,3.671458363533020E-002,-1.275534275919199E-002,1.606267541646957E-001,9.611085057258606E-001,3.671458363533020E-002,-1.275534275919199E-002,1.606267541646957E-001,9.611085057258606E-001,
1.610333333333334E+009,4.865726456046104E-002,-5.157034611329436E-004,1.908092945814133E-001,9.534293413162231E-001,4.865726456046104E-002,-5.157034611329436E-004,1.908092945814133E-001,9.534293413162231E-001,
1.618700000000000E+009,6.646020710468292E-002,2.803171752020717E-003,2.161146253347397E-001,9.493833780288696E-001,6.646020710468292E-002,2.803171752020717E-003,2.161146253347397E-001,9.493833780288696E-001,
1.627066666666667E+009,8.140065521001816E-002,-3.867501858621836E-003,2.372223585844040E-001,9.408913254737854E-001,8.140065521001816E-002,-3.867501858621836E-003,2.372223585844040E-001,9.408913254737854E-001,
1.635433333333334E+009,8.975435793399811E-002,-1.665395125746727E-002,2.639529109001160E-001,9.413191080093384E-001,8.975435793399811E-002,-1.665395125746727E-002,2.639529109001160E-001,9.413191080093384E-001,
1.643800000000000E+009,9.015581011772156E-002,-3.568470850586891E-002,2.766396403312683E-001,9.304301142692566E-001,9.015581011772156E-002,-3.568470850586891E-002,2.766396403312683E-001,9.304301142692566E-001,
1.652166666666667E+009,8.067695796489716E-002,-5.177385732531548E-002,3.100192248821259E-001,9.209527373313904E-001,8.067695796489716E-002,-5.177385732531548E-002,3.100192248821259E-001,9.209527373313904E-001,
1.660533333333334E+009,6.597959250211716E-002,-6.056596338748932E-002,3.274935185909271E-001,9.163214564323425E-001,6.597959250211716E-002,-6.056596338748932E-002,3.274935185909271E-001,9.163214564323425E-001,
1.668900000000000E+009,5.013321712613106E-002,-5.975863337516785E-002,3.496440052986145E-001,9.053659439086914E-001,5.013321712613106E-002,-5.975863337516785E-002,3.496440052986145E-001,9.053659439086914E-001,
1.677266666666667E+009,3.742438927292824E-002,-5.240022391080856E-002,3.889329135417938E-001,8.965646624565125E-001,3.742438927292824E-002,-5.240022391080856E-002,3.889329135417938E-001,8.965646624565125E-001,
1.685633333333334E+009,3.443522006273270E-002,-3.823333978652954E-002,4.050571322441101E-001,8.892777562141419E-001,3.443522006273270E-002,-3.823333978652954E-002,4.050571322441101E-001,8.892777562141419E-001,
1.694000000000000E+009,3.824649378657341E-002,-2.582926675677300E-002,4.214119911193848E-001,8.760787248611450E-001,3.824649378657341E-002,-2.582926675677300E-002,4.214119911193848E-001,8.760787248611450E-001,
1.702366666666667E+009,5.023801326751709E-002,-1.503597572445869E-002,4.444534480571747E-001,8.669591546058655E-001,5.023801326751709E-002,-1.503597572445869E-002,4.444534480571747E-001,8.669591546058655E-001,
1.710733333333334E+009,6.676124036312103E-002,-1.250800210982561E-002,4.629246890544891E-001,8.494934439659119E-001,6.676124036312103E-002,-1.250800210982561E-002,4.629246890544891E-001,8.494934439659119E-001,
1.719100000000000E+009,8.154039084911346E-002,-2.027040347456932E-002,4.896853566169739E-001,8.341241478919983E-001,8.154039084911346E-002,-2.027040347456932E-002,4.896853566169739E-001,8.341241478919983E-001,
1.727466666666667E+009,9.086247533559799E-002,-3.366033732891083E-002,5.070872902870178E-001,8.273305892944336E-001,9.086247533559799E-002,-3.366033732891083E-002,5.070872902870178E-001,8.273305892944336E-001,
1.735833333333334E+009,9.174986183643341E-002,-5.050893127918243E-002,5.226292610168457E-001,8.122205734252930E-001,9.174986183643341E-002,-5.050893127918243E-002,5.226292610168457E-001,8.122205734252930E-001,
1.744200000000000E+009,8.333434909582138E-002,-6.826348602771759E-002,5.508047938346863E-001,7.902386188507080E-001,8.333434909582138E-002,-6.826348602771759E-002,5.508047938346863E-001,7.902386188507080E-001,
1.752566666666667E+009,7.032896578311920E-002,-7.976921647787094E-002,5.782768130302429E-001,7.845411896705627E-001,7.032896578311920E-002,-7.976921647787094E-002,5.782768130302429E-001,7.845411896705627E-001,
1.760933333333334E+009,5.436509847640991E-002,-8.526909351348877E-002,5.873554944992065E-001,7.721600532531738E-001,5.436509847640991E-002,-8.526909351348877E-002,5.873554944992065E-001,7.721600532531738E-001,
1.769300000000000E+009,3.919022902846336E-002,-8.303876221179962E-002,6.120274662971497E-001,7.630828619003296E-001,3.919022902846336E-002,-8.303876221179962E-002,6.120274662971497E-001,7.630828619003296E-001,
1.777666666666667E+009,2.974971011281014E-002,-7.291869074106216E-002,6.258149743080139E-001,7.530321478843689E-001,2.974971011281014E-002,-7.291869074106216E-002,6.258149743080139E-001,7.530321478843689E-001,
1.786033333333334E+009,2.764127403497696E-002,-6.333090364933014E-002,6.411583423614502E-001,7.229298353195190E-001,2.764127403497696E-002,-6.333090364933014E-002,6.411583423614502E-001,7.229298353195190E-001,
1.794400000000000E+009,3.339484706521034E-002,-5.123640596866608E-002,6.644480228424072E-001,7.082030177116394E-001,3.339484706521034E-002,-5.123640596866608E-002,6.644480228424072E-001,7.082030177116394E-001,
1.802766666666667E+009,4.071158170700073E-002,-4.579735919833183E-002,6.822953224182129E-001,6.889515519142151E-001,4.071158170700073E-002,-4.579735919833183E-002,6.822953224182129E-001,6.889515519142151E-001,
1.811133333333334E+009,5.084877461194992E-002,-4.455778375267983E-002,7.069025039672852E-001,6.707131862640381E-001,5.084877461194992E-002,-4.455778375267983E-002,7.069025039672852E-001,6.707131862640381E-001,
1.819500000000000E+009,6.026598066091538E-002,-4.869759827852249E-002,7.176653742790222E-001,6.450590491294861E-001,6.026598066091538E-002,-4.869759827852249E-002,7.176653742790222E-001,6.450590491294861E-001,
1.827866666666667E+009,6.579321622848511E-002,-5.752107873558998E-002,7.376096248626709E-001,6.344580054283142E-001,6.579321622848511E-002,-5.752107873558998E-002,7.376096248626709E-001,6.344580054283142E-001,
1.836233333333334E+009,6.322500109672546E-002,-6.852658838033676E-002,7.500160336494446E-001,6.175042390823364E-001,6.322500109672546E-002,-6.852658838033676E-002,7.500160336494446E-001,6.175042390823364E-001,
1.844600000000000E+009,5.573811382055283E-002,-7.731321454048157E-002,7.654122710227966E-001,6.099312305450440E-001,5.573811382055283E-002,-7.731321454048157E-002,7.654122710227966E-001,6.099312305450440E-001,
1.852966666666667E+009,4.635933414101601E-002,-8.249436318874359E-002,7.743640542030335E-001,5.761247277259827E-001,4.635933414101601E-002,-8.249436318874359E-002,7.743640542030335E-001,5.761247277259827E-001,
1.861333333333334E+009,3.604552149772644E-002,-8.543194085359573E-002,7.974025011062622E-001,5.576832890510559E-001,3.604552149772644E-002,-8.543194085359573E-002,7.974025011062622E-001,5.576832890510559E-001,
1.869700000000000E+009,2.830402180552483E-002,-8.020880818367004E-002,8.124730587005615E-001,5.385325551033020E-001,2.830402180552483E-002,-8.020880818367004E-002,8.124730587005615E-001,5.385325551033020E-001,
1.878066666666667E+009,2.421123720705509E-002,-7.525667548179627E-002,8.260267376899719E-001,5.233530402183533E-001,2.421123720705509E-002,-7.525667548179627E-002,8.260267376899719E-001,5.233530402183533E-001,
1.886433333333334E+009,2.518050745129585E-002,-6.766717880964279E-002,8.439626097679138E-001,4.976626932621002E-001,2.518050745129585E-002,-6.766717880964279E-002,8.439626097679138E-001,4.976626932621002E-001,
1.894800000000000E+009,3.293753042817116E-002,-6.280102580785751E-002,8.548429012298584E-001,4.783758521080017E-001,3.293753042817116E-002,-6.280102580785751E-002,8.548429012298584E-001,4.783758521080017E-001,
1.903166666666667E+009,4.141426831483841E-002,-5.993766710162163E-002,8.664297461509705E-001,4.479775130748749E-001,4.141426831483841E-002,-5.993766710162163E-002,8.664297461509705E-001,4.479775130748749E-001,
1.911533333333334E+009,5.032878741621971E-002,-6.484711170196533E-002,8.732519745826721E-001,4.211016595363617E-001,5.032878741621971E-002,-6.484711170196533E-002,8.732519745826721E-001,4.211016595363617E-001,
1.919900000000000E+009,5.680020526051521E-002,-7.311046123504639E-002,8.879877924919128E-001,4.070033431053162E-001,5.680020526051521E-002,-7.311046123504639E-002,8.879877924919128E-001,4.070033431053162E-001,
1.928266666666667E+009,5.909020453691483E-002,-8.341452479362488E-002,8.843429088592529E-001,3.702463805675507E-001,5.909020453691483E-002,-8.341452479362488E-002,8.843429088592529E-001,3.702463805675507E-001,
1.936633333333334E+009,5.334040522575378E-002,-9.540798515081406E-002,9.036250710487366E-001,3.599452376365662E-001,5.334040522575378E-002,-9.540798515081406E-002,9.036250710487366E-001,3.599452376365662E-001,
1.945000000000000E+009,4.298765584826469E-002,-1.039454862475395E-001,9.137427210807800E-001,3.346182107925415E-001,4.298765584826469E-002,-1.039454862475395E-001,9.137427210807800E-001,3.346182107925415E-001,
1.953366666666667E+009,3.052766062319279E-002,-1.098216623067856E-001,9.154902696609497E-001,3.141303360462189E-001,3.052766062319279E-002,-1.098216623067856E-001,9.154902696609497E-001,3.141303360462189E-001,
1.961733333333334E+009,1.505282334983349E-002,-1.068148836493492E-001,9.310017824172974E-001,2.919911742210388E-001,1.505282334983349E-002,-1.068148836493492E-001,9.310017824172974E-001,2.919911742210388E-001,
1.970100000000000E+009,3.300625598058105E-003,-1.010284423828125E-001,9.317426085472107E-001,2.686614394187927E-001,3.300625598058105E-003,-1.010284423828125E-001,9.317426085472107E-001,2.686614394187927E-001,
1.978466666666667E+009,-1.119482214562595E-003,-8.946119248867035E-002,9.420756697654724E-001,2.394361346960068E-001,-1.119482214562595E-003,-8.946119248867035E-002,9.420756697654724E-001,2.394361346960068E-001,
1.986833333333334E+009,1.486370689235628E-003,-7.924030721187592E-002,9.454529285430908E-001,2.207973897457123E-001,1.486370689235628E-003,-7.924030721187592E-002,9.454529285430908E-001,2.207973897457123E-001,
1.995200000000000E+009,1.248090900480747E-002,-7.268776744604111E-002,9.483066797256470E-001,2.036422938108444E-001,1.248090900480747E-002,-7.268776744604111E-002,9.483066797256470E-001,2.036422938108444E-001,
2.003566666666667E+009,2.586747147142887E-002,-7.190793752670288E-002,9.543806314468384E-001,1.694359332323074E-001,2.586747147142887E-002,-7.190793752670288E-002,9.543806314468384E-001,1.694359332323074E-001,
2.011933333333334E+009,3.804519772529602E-002,-8.032851666212082E-002,9.641003012657166E-001,1.418093442916870E-001,3.804519772529602E-002,-8.032851666212082E-002,9.641003012657166E-001,1.418093442916870E-001,
2.020300000000000E+009,4.569278284907341E-002,-9.137886762619019E-002,9.650194644927979E-001,1.101260408759117E-001,4.569278284907341E-002,-9.137886762619019E-002,9.650194644927979E-001,1.101260408759117E-001,
2.028666666666667E+009,4.463763907551765E-002,-1.070566177368164E-001,9.664551615715027E-001,9.479761123657227E-002,4.463763907551765E-002,-1.070566177368164E-001,9.664551615715027E-001,9.479761123657227E-002,
2.037033333333334E+009,3.484474122524262E-002,-1.230971068143845E-001,9.696317911148071E-001,6.813634932041168E-002,3.484474122524262E-002,-1.230971068143845E-001,9.696317911148071E-001,6.813634932041168E-002,
2.045400000000000E+009,1.848717406392098E-002,-1.315998882055283E-001,9.658625125885010E-001,4.996157810091972E-002,1.848717406392098E-002,-1.315998882055283E-001,9.658625125885010E-001,4.996157810091972E-002,
2.053766666666667E+009,-1.346402103081346E-003,-1.315577179193497E-001,9.678717255592346E-001,2.408852241933346E-002,-1.346402103081346E-003,-1.315577179193497E-001,9.678717255592346E-001,2.408852241933346E-002,
2.062133333333334E+009,-1.693025790154934E-002,-1.252488642930985E-001,9.726818799972534E-001,-2.158165676519275E-003,-1.693025790154934E-002,-1.252488642930985E-001,9.726818799972534E-001,-2.158165676519275E-003,
2.070500000000000E+009,-2.584043145179749E-002,-1.100172623991966E-001,9.728046059608460E-001,-2.878400124609470E-002,-2.584043145179749E-002,-1.100172623991966E-001,9.728046059608460E-001,-2.878400124609470E-002,
2.078866666666667E+009,-2.500125952064991E-002,-9.503092616796494E-002,9.696033596992493E-001,-4.979519918560982E-002,-2.500125952064991E-002,-9.503092616796494E-002,9.696033596992493E-001,-4.979519918560982E-002,
2.087233333333334E+009,-1.502856798470020E-002,-8.695396035909653E-002,9.701150059700012E-001,-8.428710699081421E-002,-1.502856798470020E-002,-8.695396035909653E-002,9.701150059700012E-001,-8.428710699081421E-002,
2.095600000000000E+009,1.913548039738089E-004,-8.358933031558991E-002,9.728809595108032E-001,-1.044852733612061E-001,1.913548039738089E-004,-8.358933031558991E-002,9.728809595108032E-001,-1.044852733612061E-001,
2.103966666666667E+009,1.506057009100914E-002,-9.350482374429703E-002,9.702619910240173E-001,-1.320412456989288E-001,1.506057009100914E-002,-9.350482374429703E-002,9.702619910240173E-001,-1.320412456989288E-001,
2.112333333333334E+009,2.362132258713245E-002,-1.096104979515076E-001,9.578807950019836E-001,-1.521618366241455E-001,2.362132258713245E-002,-1.096104979515076E-001,9.578807950019836E-001,-1.521618366241455E-001,
2.120700000000000E+009,2.256406284868717E-002,-1.326883882284164E-001,9.535318613052368E-001,-1.832113116979599E-001,2.256406284868717E-002,-1.326883882284164E-001,9.535318613052368E-001,-1.832113116979599E-001,
2.129066666666667E+009,8.906933479011059E-003,-1.492909044027329E-001,9.569943547248840E-001,-2.107762545347214E-001,8.906933479011059E-003,-1.492909044027329E-001,9.569943547248840E-001,-2.107762545347214E-001,
2.137433333333334E+009,-1.387543696910143E-002,-1.596204489469528E-001,9.393572211265564E-001,-2.290130406618118E-001,-1.387543696910143E-002,-1.596204489469528E-001,9.393572211265564E-001,-2.290130406618118E-001,
2.145800000000000E+009,-4.181395098567009E-002,-1.577980667352676E-001,9.370241761207581E-001,-2.515764534473419E-001,-4.181395098567009E-002,-1.577980667352676E-001,9.370241761207581E-001,-2.515764534473419E-001,
2.154166666666667E+009,-6.330536305904388E-002,-1.445272117853165E-001,9.289892911911011E-001,-2.687451541423798E-001,-6.330536305904388E-002,-1.445272117853165E-001,9.289892911911011E-001,-2.687451541423798E-001,
2.162533333333334E+009,-7.573072612285614E-002,-1.223527938127518E-001,9.107105135917664E-001,-2.931465506553650E-001,-7.573072612285614E-002,-1.223527938127518E-001,9.107105135917664E-001,-2.931465506553650E-001,
2.170900000000000E+009,-7.487529516220093E-002,-1.001701876521111E-001,9.184365272521973E-001,-3.212556838989258E-001,-7.487529516220093E-002,-1.001701876521111E-001,9.184365272521973E-001,-3.212556838989258E-001,
2.179266666666667E+009,-6.214017048478127E-002,-8.526605367660523E-002,9.073975682258606E-001,-3.378894031047821E-001,-6.214017048478127E-002,-8.526605367660523E-002,9.073975682258606E-001,-3.378894031047821E-001,
2.187633333333334E+009,-4.366618022322655E-002,-8.047308027744293E-002,9.039795994758606E-001,-3.701363801956177E-001,-4.366618022322655E-002,-8.047308027744293E-002,9.039795994758606E-001,-3.701363801956177E-001,
2.196000000000000E+009,-2.368587628006935E-002,-9.014354646205902E-002,8.847127556800842E-001,-3.919401168823242E-001,-2.368587628006935E-002,-9.014354646205902E-002,8.847127556800842E-001,-3.919401168823242E-001,
2.204366666666667E+009,-1.232060324400663E-002,-1.113219857215881E-001,8.765105605125427E-001,-4.149833619594574E-001,-1.232060324400663E-002,-1.113219857215881E-001,8.765105605125427E-001,-4.149833619594574E-001,
2.212733333333334E+009,-1.388913486152887E-002,-1.362287104129791E-001,8.614394664764404E-001,-4.466212987899780E-001,-1.388913486152887E-002,-1.362287104129791E-001,8.614394664764404E-001,-4.466212987899780E-001,
2.221100000000000E+009,-2.998376823961735E-002,-1.555785834789276E-001,8.411934971809387E-001,-4.583459496498108E-001,-2.998376823961735E-002,-1.555785834789276E-001,8.411934971809387E-001,-4.583459496498108E-001,
2.229466666666667E+009,-5.396146327257156E-002,-1.664157062768936E-001,8.330926895141602E-001,-4.701415002346039E-001,-5.396146327257156E-002,-1.664157062768936E-001,8.330926895141602E-001,-4.701415002346039E-001,
2.237833333333334E+009,-8.387907594442368E-002,-1.606426984071732E-001,8.241599202156067E-001,-4.960296750068665E-001,-8.387907594442368E-002,-1.606426984071732E-001,8.241599202156067E-001,-4.960296750068665E-001,
2.246200000000000E+009,-1.087751016020775E-001,-1.433483064174652E-001,8.113692402839661E-001,-5.156018733978272E-001,-1.087751016020775E-001,-1.433483064174652E-001,8.113692402839661E-001,-5.156018733978272E-001,
2.254566666666667E+009,-1.194510608911514E-001,-1.158918663859367E-001,8.021972179412842E-001,-5.329474806785584E-001,-1.194510608911514E-001,-1.158918663859367E-001,8.021972179412842E-001,-5.329474806785584E-001,
2.262933333333334E+009,-1.187992021441460E-001,-9.100714325904846E-002,7.892929911613464E-001,-5.542420744895935E-001,-1.187992021441460E-001,-9.100714325904846E-002,7.892929911613464E-001,-5.542420744895935E-001,
2.271300000000000E+009,-1.048585325479507E-001,-7.100102305412293E-002,7.724956274032593E-001,-5.733229517936707E-001,-1.048585325479507E-001,-7.100102305412293E-002,7.724956274032593E-001,-5.733229517936707E-001,
2.279666666666667E+009,-8.305694162845612E-002,-6.747496128082275E-002,7.622005939483643E-001,-5.945630669593811E-001,-8.305694162845612E-002,-6.747496128082275E-002,7.622005939483643E-001,-5.945630669593811E-001,
2.288033333333334E+009,-6.462620943784714E-002,-7.803375273942947E-002,7.457898259162903E-001,-6.248366832733154E-001,-6.462620943784714E-002,-7.803375273942947E-002,7.457898259162903E-001,-6.248366832733154E-001,
2.296400000000000E+009,-5.495581775903702E-002,-1.003433614969254E-001,7.236819267272949E-001,-6.439319252967835E-001,-5.495581775903702E-002,-1.003433614969254E-001,7.236819267272949E-001,-6.439319252967835E-001,
2.304766666666667E+009,-6.103616207838059E-002,-1.251021474599838E-001,7.088969945907593E-001,-6.508543491363525E-001,-6.103616207838059E-002,-1.251021474599838E-001,7.088969945907593E-001,-6.508543491363525E-001,
2.313133333333334E+009,-8.198309689760208E-002,-1.413057893514633E-001,6.841211318969727E-001,-6.822251081466675E-001,-8.198309689760208E-002,-1.413057893514633E-001,6.841211318969727E-001,-6.822251081466675E-001,
2.321500000000000E+009,-1.066979765892029E-001,-1.445372253656387E-001,6.694500446319580E-001,-6.885828375816345E-001,-1.066979765892029E-001,-1.445372253656387E-001,6.694500446319580E-001,-6.885828375816345E-001,
2.329866666666667E+009,-1.325125545263290E-001,-1.329601109027863E-001,6.586480140686035E-001,-7.054584026336670E-001,-1.325125545263290E-001,-1.329601109027863E-001,6.586480140686035E-001,-7.054584026336670E-001,
2.338233333333334E+009,-1.508112996816635E-001,-1.102240160107613E-001,6.322813630104065E-001,-7.214531898498535E-001,-1.508112996816635E-001,-1.102240160107613E-001,6.322813630104065E-001,-7.214531898498535E-001,
2.346600000000000E+009,-1.544498950242996E-001,-7.856974750757217E-002,6.149450540542603E-001,-7.396211624145508E-001,-1.544498950242996E-001,-7.856974750757217E-002,6.149450540542603E-001,-7.396211624145508E-001,
2.354966666666667E+009,-1.417461186647415E-001,-5.412985384464264E-002,6.073617935180664E-001,-7.513710260391235E-001,-1.417461186647415E-001,-5.412985384464264E-002,6.073617935180664E-001,-7.513710260391235E-001,
2.363333333333334E+009,-1.201194599270821E-001,-4.265227168798447E-002,5.913589000701904E-001,-7.683856487274170E-001,-1.201194599270821E-001,-4.265227168798447E-002,5.913589000701904E-001,-7.683856487274170E-001,
2.371700000000000E+009,-9.318830817937851E-002,-4.597295820713043E-002,5.711747407913208E-001,-7.896450161933899E-001,-9.318830817937851E-002,-4.597295820713043E-002,5.711747407913208E-001,-7.896450161933899E-001,
2.380066666666667E+009,-7.683818787336350E-002,-6.805459409952164E-002,5.402883291244507E-001,-8.048046827316284E-001,-7.683818787336350E-002,-6.805459409952164E-002,5.402883291244507E-001,-8.048046827316284E-001,
2.388433333333334E+009,-7.670257240533829E-002,-9.731880575418472E-002,5.181815624237061E-001,-8.107745647430420E-001,-7.670257240533829E-002,-9.731880575418472E-002,5.181815624237061E-001,-8.107745647430420E-001,
2.396800000000000E+009,-9.448609501123428E-002,-1.270246952772141E-001,4.851437509059906E-001,-8.301004767417908E-001,-9.448609501123428E-002,-1.270246952772141E-001,4.851437509059906E-001,-8.301004767417908E-001,
2.405166666666667E+009,-1.260196417570114E-001,-1.456256806850433E-001,4.663105905056000E-001,-8.399162292480469E-001,-1.260196417570114E-001,-1.456256806850433E-001,4.663105905056000E-001,-8.399162292480469E-001,
2.413533333333334E+009,-1.655917167663574E-001,-1.422309726476669E-001,4.421954154968262E-001,-8.441228866577148E-001,-1.655917167663574E-001,-1.422309726476669E-001,4.421954154968262E-001,-8.441228866577148E-001,
2.421900000000000E+009,-2.020283639431000E-001,-1.214164420962334E-001,4.301343262195587E-001,-8.538816571235657E-001,-2.020283639431000E-001,-1.214164420962334E-001,4.301343262195587E-001,-8.538816571235657E-001,
2.430266666666667E+009,-2.212461084127426E-001,-8.637100458145142E-002,4.107216298580170E-001,-8.638352155685425E-001,-2.212461084127426E-001,-8.637100458145142E-002,4.107216298580170E-001,-8.638352155685425E-001,
2.438633333333334E+009,-2.258054912090302E-001,-4.314390197396278E-002,3.923309743404388E-001,-8.720425963401794E-001,-2.258054912090302E-001,-4.314390197396278E-002,3.923309743404388E-001,-8.720425963401794E-001,
2.447000000000000E+009,-2.085394561290741E-001,-4.227456636726856E-003,3.719831109046936E-001,-8.868114352226257E-001,-2.085394561290741E-001,-4.227456636726856E-003,3.719831109046936E-001,-8.868114352226257E-001,
2.455366666666667E+009,-1.770997792482376E-001,1.814398355782032E-002,3.532209098339081E-001,-8.942981958389282E-001,-1.770997792482376E-001,1.814398355782032E-002,3.532209098339081E-001,-8.942981958389282E-001,
2.463733333333334E+009,-1.429724693298340E-001,2.170444279909134E-002,3.308929204940796E-001,-9.115039706230164E-001,-1.429724693298340E-001,2.170444279909134E-002,3.308929204940796E-001,-9.115039706230164E-001,
2.472100000000000E+009,-1.167099252343178E-001,4.488087259232998E-003,3.045379817485809E-001,-9.215796589851379E-001,-1.167099252343178E-001,4.488087259232998E-003,3.045379817485809E-001,-9.215796589851379E-001,
2.480466666666667E+009,-1.063595414161682E-001,-2.444564923644066E-002,2.709999382495880E-001,-9.248256683349609E-001,-1.063595414161682E-001,-2.444564923644066E-002,2.709999382495880E-001,-9.248256683349609E-001,
2.488833333333334E+009,-1.163805127143860E-001,-5.451123788952828E-002,2.490494549274445E-001,-9.318258762359619E-001,-1.163805127143860E-001,-5.451123788952828E-002,2.490494549274445E-001,-9.318258762359619E-001,
2.497200000000000E+009,-1.405033916234970E-001,-7.279096543788910E-002,2.189205735921860E-001,-9.391958713531494E-001,-1.405033916234970E-001,-7.279096543788910E-002,2.189205735921860E-001,-9.391958713531494E-001,
2.505566666666667E+009,-1.768972724676132E-001,-7.453691959381104E-002,1.906807422637940E-001,-9.443007111549377E-001,-1.768972724676132E-001,-7.453691959381104E-002,1.906807422637940E-001,-9.443007111549377E-001,
2.513933333333334E+009,-2.056870162487030E-001,-5.573008581995964E-002,1.724702715873718E-001,-9.418741464614868E-001,-2.056870162487030E-001,-5.573008581995964E-002,1.724702715873718E-001,-9.418741464614868E-001,
2.522300000000000E+009,-2.225088030099869E-001,-2.621142379939556E-002,1.464145183563232E-001,-9.442655444145203E-001,-2.225088030099869E-001,-2.621142379939556E-002,1.464145183563232E-001,-9.442655444145203E-001,
2.530666666666667E+009,-2.201214134693146E-001,1.092070806771517E-002,1.232448294758797E-001,-9.523578286170960E-001,-2.201214134693146E-001,1.092070806771517E-002,1.232448294758797E-001,-9.523578286170960E-001,
2.539033333333334E+009,-2.017478793859482E-001,4.199677333235741E-002,1.062885448336601E-001,-9.520814418792725E-001,-2.017478793859482E-001,4.199677333235741E-002,1.062885448336601E-001,-9.520814418792725E-001,
2.547400000000000E+009,-1.717419475317001E-001,6.018760800361633E-002,8.896638453006744E-002,-9.643795490264893E-001,-1.717419475317001E-001,6.018760800361633E-002,8.896638453006744E-002,-9.643795490264893E-001,
2.555766666666667E+009,-1.379538178443909E-001,5.969242006540299E-002,6.153307855129242E-002,-9.710040688514710E-001,-1.379538178443909E-001,5.969242006540299E-002,6.153307855129242E-002,-9.710040688514710E-001,
2.564133333333334E+009,-1.157061532139778E-001,3.952085226774216E-002,3.401073813438416E-002,-9.679644703865051E-001,-1.157061532139778E-001,3.952085226774216E-002,3.401073813438416E-002,-9.679644703865051E-001,
2.572500000000000E+009,-1.104692295193672E-001,1.119990926235914E-002,5.785563960671425E-003,-9.679961204528809E-001,-1.104692295193672E-001,1.119990926235914E-002,5.785563960671425E-003,-9.679961204528809E-001,
2.580866666666667E+009,-1.241602301597595E-001,-1.595491357147694E-002,-2.309066988527775E-002,-9.692931771278381E-001,-1.241602301597595E-001,-1.595491357147694E-002,-2.309066988527775E-002,-9.692931771278381E-001,
2.589233333333334E+009,-1.546005755662918E-001,-3.097369335591793E-002,-5.386007577180862E-002,-9.616860747337341E-001,-1.546005755662918E-001,-3.097369335591793E-002,-5.386007577180862E-002,-9.616860747337341E-001,
2.597600000000000E+009,-1.888533532619476E-001,-2.916161902248859E-002,-8.117482066154480E-002,-9.574027061462402E-001,-1.888533532619476E-001,-2.916161902248859E-002,-8.117482066154480E-002,-9.574027061462402E-001,
2.605966666666667E+009,-2.183428406715393E-001,-6.858922075480223E-003,-9.484279900789261E-002,-9.572057723999023E-001,-2.183428406715393E-001,-6.858922075480223E-003,-9.484279900789261E-002,-9.572057723999023E-001,
2.614333333333334E+009,-2.328183799982071E-001,2.519473247230053E-002,-1.182326748967171E-001,-9.457587599754334E-001,-2.328183799982071E-001,2.519473247230053E-002,-1.182326748967171E-001,-9.457587599754334E-001,
2.622700000000000E+009,-2.283199131488800E-001,6.477753818035126E-002,-1.380332112312317E-001,-9.396342039108276E-001,-2.283199131488800E-001,6.477753818035126E-002,-1.380332112312317E-001,-9.396342039108276E-001,
2.631066666666667E+009,-2.076429277658463E-001,9.672250598669052E-002,-1.596456915140152E-001,-9.498720765113831E-001,-2.076429277658463E-001,9.672250598669052E-002,-1.596456915140152E-001,-9.498720765113831E-001,
2.639433333333334E+009,-1.739169210195541E-001,1.129967495799065E-001,-1.806618869304657E-001,-9.393394589424133E-001,-1.739169210195541E-001,1.129967495799065E-001,-1.806618869304657E-001,-9.393394589424133E-001,
2.647800000000000E+009,-1.382731646299362E-001,1.120848804712296E-001,-2.055970728397369E-001,-9.402561783790588E-001,-1.382731646299362E-001,1.120848804712296E-001,-2.055970728397369E-001,-9.402561783790588E-001,
2.656166666666667E+009,-1.142269670963287E-001,9.352020919322968E-002,-2.280915528535843E-001,-9.439228773117065E-001,-1.142269670963287E-001,9.352020919322968E-002,-2.280915528535843E-001,-9.439228773117065E-001,
2.664533333333334E+009,-1.065979078412056E-001,6.668454408645630E-002,-2.632999420166016E-001,-9.273872971534729E-001,-1.065979078412056E-001,6.668454408645630E-002,-2.632999420166016E-001,-9.273872971534729E-001,
2.672900000000000E+009,-1.178903207182884E-001,4.074189811944962E-002,-2.848861217498779E-001,-9.233967661857605E-001,-1.178903207182884E-001,4.074189811944962E-002,-2.848861217498779E-001,-9.233967661857605E-001,
2.681266666666667E+009,-1.441781073808670E-001,2.777689136564732E-002,-3.128313124179840E-001,-9.106172919273377E-001,-1.441781073808670E-001,2.777689136564732E-002,-3.128313124179840E-001,-9.106172919273377E-001,
2.689633333333334E+009,-1.769981235265732E-001,3.202635794878006E-002,-3.348362147808075E-001,-9.013272523880005E-001,-1.769981235265732E-001,3.202635794878006E-002,-3.348362147808075E-001,-9.013272523880005E-001,
2.698000000000000E+009,-2.022570222616196E-001,5.372197180986404E-002,-3.492952585220337E-001,-8.860538601875305E-001,-2.022570222616196E-001,5.372197180986404E-002,-3.492952585220337E-001,-8.860538601875305E-001,
2.706366666666667E+009,-2.129420936107636E-001,8.776561170816422E-002,-3.742308914661408E-001,-8.716914057731628E-001,-2.129420936107636E-001,8.776561170816422E-002,-3.742308914661408E-001,-8.716914057731628E-001,
2.714733333333334E+009,-2.070560306310654E-001,1.222175806760788E-001,-3.871040940284729E-001,-8.704785108566284E-001,-2.070560306310654E-001,1.222175806760788E-001,-3.871040940284729E-001,-8.704785108566284E-001,
2.723100000000000E+009,-1.823890507221222E-001,1.522686928510666E-001,-4.066764712333679E-001,-8.580638170242310E-001,-1.823890507221222E-001,1.522686928510666E-001,-4.066764712333679E-001,-8.580638170242310E-001,
2.731466666666667E+009,-1.458025872707367E-001,1.676716208457947E-001,-4.313587844371796E-001,-8.541899919509888E-001,-1.458025872707367E-001,1.676716208457947E-001,-4.313587844371796E-001,-8.541899919509888E-001,
2.739833333333334E+009,-1.094445735216141E-001,1.631842255592346E-001,-4.516311883926392E-001,-8.436416387557983E-001,-1.094445735216141E-001,1.631842255592346E-001,-4.516311883926392E-001,-8.436416387557983E-001,
2.748200000000000E+009,-8.283960819244385E-002,1.439115554094315E-001,-4.749326705932617E-001,-8.369911313056946E-001,-8.283960819244385E-002,1.439115554094315E-001,-4.749326705932617E-001,-8.369911313056946E-001,
2.756566666666667E+009,-7.288333773612976E-002,1.149129942059517E-001,-5.008758306503296E-001,-8.290114998817444E-001,-7.288333773612976E-002,1.149129942059517E-001,-5.008758306503296E-001,-8.290114998817444E-001,
2.764933333333334E+009,-8.121714740991592E-002,8.732274919748306E-002,-5.339872241020203E-001,-8.182814717292786E-001,-8.121714740991592E-002,8.732274919748306E-002,-5.339872241020203E-001,-8.182814717292786E-001,
2.773300000000000E+009,-1.042557209730148E-001,6.928873807191849E-002,-5.505371093750000E-001,-7.948271036148071E-001,-1.042557209730148E-001,6.928873807191849E-002,-5.505371093750000E-001,-7.948271036148071E-001,
2.781666666666667E+009,-1.366651505231857E-001,7.320010662078857E-002,-5.691801309585571E-001,-7.756438851356506E-001,-1.366651505231857E-001,7.320010662078857E-002,-5.691801309585571E-001,-7.756438851356506E-001,
2.790033333333334E+009,-1.624059230089188E-001,9.141667932271957E-002,-5.868847966194153E-001,-7.614909410476685E-001,-1.624059230089188E-001,9.141667932271957E-002,-5.868847966194153E-001,-7.614909410476685E-001,
2.798400000000000E+009,-1.753838956356049E-001,1.235035955905914E-001,-6.026340723037720E-001,-7.474001646041870E-001,-1.753838956356049E-001,1.235035955905914E-001,-6.026340723037720E-001,-7.474001646041870E-001,
2.806766666666667E+009,-1.672036796808243E-001,1.587804108858109E-001,-6.161092519760132E-001,-7.232475876808167E-001,-1.672036796808243E-001,1.587804108858109E-001,-6.161092519760132E-001,-7.232475876808167E-001,
2.815133333333334E+009,-1.449422389268875E-001,1.851721853017807E-001,-6.312277913093567E-001,-7.126176953315735E-001,-1.449422389268875E-001,1.851721853017807E-001,-6.312277913093567E-001,-7.126176953315735E-001,
2.823500000000000E+009,-1.100124195218086E-001,1.989189982414246E-001,-6.479663848876953E-001,-7.026488780975342E-001,-1.100124195218086E-001,1.989189982414246E-001,-6.479663848876953E-001,-7.026488780975342E-001,
2.831866666666667E+009,-7.424778491258621E-002,1.925290822982788E-001,-6.622754335403442E-001,-6.899190545082092E-001,-7.424778491258621E-002,1.925290822982788E-001,-6.622754335403442E-001,-6.899190545082092E-001,
2.840233333333334E+009,-4.593990370631218E-002,1.719509810209274E-001,-6.890116930007935E-001,-6.769248247146606E-001,-4.593990370631218E-002,1.719509810209274E-001,-6.890116930007935E-001,-6.769248247146606E-001,
2.848600000000000E+009,-3.417605161666870E-002,1.421957761049271E-001,-7.056388854980469E-001,-6.563728451728821E-001,-3.417605161666870E-002,1.421957761049271E-001,-7.056388854980469E-001,-6.563728451728821E-001,
2.856966666666667E+009,-4.230478405952454E-002,1.137040331959724E-001,-7.264921069145203E-001,-6.399622559547424E-001,-4.230478405952454E-002,1.137040331959724E-001,-7.264921069145203E-001,-6.399622559547424E-001,
2.865333333333334E+009,-6.701303273439407E-002,9.559831768274307E-002,-7.470183372497559E-001,-6.219945549964905E-001,-6.701303273439407E-002,9.559831768274307E-002,-7.470183372497559E-001,-6.219945549964905E-001,
2.873700000000000E+009,-9.869600832462311E-002,9.623239189386368E-002,-7.651341557502747E-001,-5.885136127471924E-001,-9.869600832462311E-002,9.623239189386368E-002,-7.651341557502747E-001,-5.885136127471924E-001,
2.882066666666667E+009,-1.248490437865257E-001,1.154046580195427E-001,-7.731436491012573E-001,-5.608863830566406E-001,-1.248490437865257E-001,1.154046580195427E-001,-7.731436491012573E-001,-5.608863830566406E-001,
2.890433333333334E+009,-1.382664889097214E-001,1.488278955221176E-001,-7.834308147430420E-001,-5.441468358039856E-001,-1.382664889097214E-001,1.488278955221176E-001,-7.834308147430420E-001,-5.441468358039856E-001,
2.898800000000000E+009,-1.308563798666000E-001,1.861617565155029E-001,-7.905135750770569E-001,-5.283448100090027E-001,-1.308563798666000E-001,1.861617565155029E-001,-7.905135750770569E-001,-5.283448100090027E-001,
2.907166666666667E+009,-1.058130115270615E-001,2.144217193126679E-001,-7.956059575080872E-001,-5.138773918151856E-001,-1.058130115270615E-001,2.144217193126679E-001,-7.956059575080872E-001,-5.138773918151856E-001,
2.915533333333334E+009,-6.745485961437225E-002,2.291780859231949E-001,-8.102782368659973E-001,-4.916518330574036E-001,-6.745485961437225E-002,2.291780859231949E-001,-8.102782368659973E-001,-4.916518330574036E-001,
2.923900000000000E+009,-2.947770059108734E-002,2.234635055065155E-001,-8.221758604049683E-001,-4.808561503887177E-001,-2.947770059108734E-002,2.234635055065155E-001,-8.221758604049683E-001,-4.808561503887177E-001,
2.932266666666667E+009,1.042401185259223E-003,2.016225904226303E-001,-8.358427882194519E-001,-4.673670232295990E-001,1.042401185259223E-003,2.016225904226303E-001,-8.358427882194519E-001,-4.673670232295990E-001,
2.940633333333334E+009,1.470791548490524E-002,1.675559729337692E-001,-8.528857827186585E-001,-4.431969225406647E-001,1.470791548490524E-002,1.675559729337692E-001,-8.528857827186585E-001,-4.431969225406647E-001,
2.949000000000000E+009,8.190848864614964E-003,1.321904063224793E-001,-8.744392395019531E-001,-4.131634533405304E-001,8.190848864614964E-003,1.321904063224793E-001,-8.744392395019531E-001,-4.131634533405304E-001,
2.957366666666667E+009,-1.640829443931580E-002,1.103478744626045E-001,-8.870790004730225E-001,-3.961557745933533E-001,-1.640829443931580E-002,1.103478744626045E-001,-8.870790004730225E-001,-3.961557745933533E-001,
2.965733333333334E+009,-5.106311663985252E-002,1.077587977051735E-001,-9.001656174659729E-001,-3.638190329074860E-001,-5.106311663985252E-002,1.077587977051735E-001,-9.001656174659729E-001,-3.638190329074860E-001,
2.974100000000000E+009,-7.903809845447540E-002,1.266793459653854E-001,-9.068349599838257E-001,-3.290270566940308E-001,-7.903809845447540E-002,1.266793459653854E-001,-9.068349599838257E-001,-3.290270566940308E-001,
2.982466666666667E+009,-9.272730350494385E-002,1.602786481380463E-001,-9.110569953918457E-001,-3.035970926284790E-001,-9.272730350494385E-002,1.602786481380463E-001,-9.110569953918457E-001,-3.035970926284790E-001,
2.990833333333334E+009,-8.646754920482636E-002,1.974411755800247E-001,-9.068736433982849E-001,-2.872437834739685E-001,-8.646754920482636E-002,1.974411755800247E-001,-9.068736433982849E-001,-2.872437834739685E-001,
2.999200000000000E+009,-5.994276329874992E-002,2.278010249137878E-001,-9.106150865554810E-001,-2.669561505317688E-001,-5.994276329874992E-002,2.278010249137878E-001,-9.106150865554810E-001,-2.669561505317688E-001,
3.007566666666667E+009,-2.022824063897133E-002,2.425037324428558E-001,-9.157086014747620E-001,-2.457050383090973E-001,-2.022824063897133E-002,2.425037324428558E-001,-9.157086014747620E-001,-2.457050383090973E-001,
3.015933333333334E+009,2.231912314891815E-002,2.342377603054047E-001,-9.183388948440552E-001,-2.344955801963806E-001,2.231912314891815E-002,2.342377603054047E-001,-9.183388948440552E-001,-2.344955801963806E-001,
3.024300000000000E+009,5.429559573531151E-002,2.097065895795822E-001,-9.297549724578857E-001,-2.160274386405945E-001,5.429559573531151E-002,2.097065895795822E-001,-9.297549724578857E-001,-2.160274386405945E-001,
3.032666666666667E+009,6.869427114725113E-002,1.705275326967239E-001,-9.404577016830444E-001,-1.922349929809570E-001,6.869427114725113E-002,1.705275326967239E-001,-9.404577016830444E-001,-1.922349929809570E-001,
3.041033333333334E+009,5.908696353435516E-002,1.321800649166107E-001,-9.505637884140015E-001,-1.684090048074722E-001,5.908696353435516E-002,1.321800649166107E-001,-9.505637884140015E-001,-1.684090048074722E-001,
3.049400000000000E+009,2.979001030325890E-002,1.073375120759010E-001,-9.587116837501526E-001,-1.308010518550873E-001,2.979001030325890E-002,1.073375120759010E-001,-9.587116837501526E-001,-1.308010518550873E-001,
3.057766666666667E+009,-7.586705498397350E-003,1.039059758186340E-001,-9.669442176818848E-001,-1.133317798376083E-001,-7.586705498397350E-003,1.039059758186340E-001,-9.669442176818848E-001,-1.133317798376083E-001,
3.066133333333334E+009,-4.244557768106461E-002,1.235199868679047E-001,-9.604607224464417E-001,-7.426883280277252E-002,-4.244557768106461E-002,1.235199868679047E-001,-9.604607224464417E-001,-7.426883280277252E-002,
3.074500000000000E+009,-5.818092077970505E-002,1.610641479492188E-001,-9.614518284797669E-001,-4.429769888520241E-002,-5.818092077970505E-002,1.610641479492188E-001,-9.614518284797669E-001,-4.429769888520241E-002,
3.082866666666667E+009,-4.890181124210358E-002,2.026790976524353E-001,-9.550477862358093E-001,-2.364772185683250E-002,-4.890181124210358E-002,2.026790976524353E-001,-9.550477862358093E-001,-2.364772185683250E-002,
3.091233333333334E+009,-1.763911359012127E-002,2.371093034744263E-001,-9.478724598884583E-001,-1.636258675716817E-003,-1.763911359012127E-002,2.371093034744263E-001,-9.478724598884583E-001,-1.636258675716817E-003,
3.099600000000000E+009,2.939954213798046E-002,2.506172060966492E-001,-9.411102533340454E-001,1.469782460480928E-002,2.939954213798046E-002,2.506172060966492E-001,-9.411102533340454E-001,1.469782460480928E-002,
3.107966666666667E+009,7.996000349521637E-002,2.392139583826065E-001,-9.440336823463440E-001,2.772656641900539E-002,7.996000349521637E-002,2.392139583826065E-001,-9.440336823463440E-001,2.772656641900539E-002,
3.116333333333334E+009,1.192942932248116E-001,2.069429755210877E-001,-9.469449520111084E-001,4.924093186855316E-002,1.192942932248116E-001,2.069429755210877E-001,-9.469449520111084E-001,4.924093186855316E-002,
3.124700000000000E+009,1.346271485090256E-001,1.596359908580780E-001,-9.544309377670288E-001,6.613253802061081E-002,1.346271485090256E-001,1.596359908580780E-001,-9.544309377670288E-001,6.613253802061081E-002,
3.133066666666667E+009,1.246880888938904E-001,1.127642765641213E-001,-9.624186754226685E-001,9.577653557062149E-002,1.246880888938904E-001,1.127642765641213E-001,-9.624186754226685E-001,9.577653557062149E-002,
3.141433333333334E+009,9.208884835243225E-002,7.816697657108307E-002,-9.647536277770996E-001,1.222839280962944E-001,9.208884835243225E-002,7.816697657108307E-002,-9.647536277770996E-001,1.222839280962944E-001,
3.149800000000000E+009,4.409283027052879E-002,7.012946903705597E-002,-9.641267657279968E-001,1.608880907297134E-001,4.409283027052879E-002,7.012946903705597E-002,-9.641267657279968E-001,1.608880907297134E-001,
3.158166666666667E+009,7.757470593787730E-004,9.046343713998795E-002,-9.506918191909790E-001,1.941325664520264E-001,7.757470593787730E-004,9.046343713998795E-002,-9.506918191909790E-001,1.941325664520264E-001,
3.166533333333334E+009,-2.224156819283962E-002,1.313768178224564E-001,-9.421494007110596E-001,2.216531932353973E-001,-2.224156819283962E-002,1.313768178224564E-001,-9.421494007110596E-001,2.216531932353973E-001,
3.174900000000000E+009,-1.968163065612316E-002,1.794646382331848E-001,-9.267703294754028E-001,2.460075765848160E-001,-1.968163065612316E-002,1.794646382331848E-001,-9.267703294754028E-001,2.460075765848160E-001,
3.183266666666667E+009,1.166973914951086E-002,2.191543877124786E-001,-9.105260968208313E-001,2.649517655372620E-001,1.166973914951086E-002,2.191543877124786E-001,-9.105260968208313E-001,2.649517655372620E-001,
3.191633333333334E+009,5.964865162968636E-002,2.352174669504166E-001,-8.970808386802673E-001,2.794159054756165E-001,5.964865162968636E-002,2.352174669504166E-001,-8.970808386802673E-001,2.794159054756165E-001,
3.200000000000000E+009,1.110513731837273E-001,2.238167375326157E-001,-8.948807120323181E-001,2.903239428997040E-001,1.110513731837273E-001,2.238167375326157E-001,-8.948807120323181E-001,2.903239428997040E-001,
