% Version 1.00
%
%freq[Hz],re:Trc1_S11,im:Trc1_S11,re:Trc2_S21,im:Trc2_S21,re:Trc3_S11,im:Trc3_S11,re:Trc4_S21,im:Trc4_S21,
6.900000000000000E+008,-5.676023289561272E-002,5.168879777193070E-002,-5.127360820770264E-001,-8.429645299911499E-001,-5.676023289561272E-002,5.168879777193070E-002,-5.127360820770264E-001,-8.429645299911499E-001,
6.983666666666666E+008,-4.891752451658249E-002,5.228682234883308E-002,-5.297309160232544E-001,-8.255190253257752E-001,-4.891752451658249E-002,5.228682234883308E-002,-5.297309160232544E-001,-8.255190253257752E-001,
7.067333333333334E+008,-4.281482845544815E-002,4.954035580158234E-002,-5.588181614875794E-001,-7.987872958183289E-001,-4.281482845544815E-002,4.954035580158234E-002,-5.588181614875794E-001,-7.987872958183289E-001,
7.151000000000000E+008,-4.366899281740189E-002,4.122750088572502E-002,-5.672540664672852E-001,-7.908139228820801E-001,-4.366899281740189E-002,4.122750088572502E-002,-5.672540664672852E-001,-7.908139228820801E-001,
7.234666666666666E+008,-4.360745847225189E-002,3.621184453368187E-002,-6.064475178718567E-001,-7.778803110122681E-001,-4.360745847225189E-002,3.621184453368187E-002,-6.064475178718567E-001,-7.778803110122681E-001,
7.318333333333334E+008,-5.112935230135918E-002,3.363635763525963E-002,-6.125154495239258E-001,-7.723265290260315E-001,-5.112935230135918E-002,3.363635763525963E-002,-6.125154495239258E-001,-7.723265290260315E-001,
7.402000000000000E+008,-5.821833387017250E-002,3.608530759811401E-002,-6.423190236091614E-001,-7.483868002891541E-001,-5.821833387017250E-002,3.608530759811401E-002,-6.423190236091614E-001,-7.483868002891541E-001,
7.485666666666666E+008,-6.304626166820526E-002,4.215703159570694E-002,-6.634921431541443E-001,-7.104134559631348E-001,-6.304626166820526E-002,4.215703159570694E-002,-6.634921431541443E-001,-7.104134559631348E-001,
7.569333333333334E+008,-6.308767944574356E-002,5.155722424387932E-002,-6.786747574806213E-001,-7.119503021240234E-001,-6.308767944574356E-002,5.155722424387932E-002,-6.786747574806213E-001,-7.119503021240234E-001,
7.653000000000000E+008,-5.902439355850220E-002,6.087184324860573E-002,-6.856997609138489E-001,-7.047148942947388E-001,-5.902439355850220E-002,6.087184324860573E-002,-6.856997609138489E-001,-7.047148942947388E-001,
7.736666666666666E+008,-5.055299028754234E-002,7.000206410884857E-002,-7.109120488166809E-001,-6.962333917617798E-001,-5.055299028754234E-002,7.000206410884857E-002,-7.109120488166809E-001,-6.962333917617798E-001,
7.820333333333334E+008,-4.361671581864357E-002,7.396723330020905E-002,-7.338632941246033E-001,-6.726075410842896E-001,-4.361671581864357E-002,7.396723330020905E-002,-7.338632941246033E-001,-6.726075410842896E-001,
7.904000000000000E+008,-3.384747356176376E-002,7.258716225624085E-002,-7.483596205711365E-001,-6.497818827629089E-001,-3.384747356176376E-002,7.258716225624085E-002,-7.483596205711365E-001,-6.497818827629089E-001,
7.987666666666666E+008,-2.618219144642353E-002,6.826511025428772E-002,-7.601365447044373E-001,-6.289600729942322E-001,-2.618219144642353E-002,6.826511025428772E-002,-7.601365447044373E-001,-6.289600729942322E-001,
8.071333333333334E+008,-2.620242163538933E-002,6.409491598606110E-002,-7.740947604179382E-001,-6.154521107673645E-001,-2.620242163538933E-002,6.409491598606110E-002,-7.740947604179382E-001,-6.154521107673645E-001,
8.155000000000000E+008,-3.017503023147583E-002,5.705127120018005E-002,-7.831828594207764E-001,-5.697264671325684E-001,-3.017503023147583E-002,5.705127120018005E-002,-7.831828594207764E-001,-5.697264671325684E-001,
8.238666666666666E+008,-3.468415886163712E-002,5.481516942381859E-002,-8.148121833801270E-001,-5.733452439308167E-001,-3.468415886163712E-002,5.481516942381859E-002,-8.148121833801270E-001,-5.733452439308167E-001,
8.322333333333334E+008,-4.281212016940117E-002,5.725175142288208E-002,-8.262795209884644E-001,-5.443826913833618E-001,-4.281212016940117E-002,5.725175142288208E-002,-8.262795209884644E-001,-5.443826913833618E-001,
8.406000000000000E+008,-4.690639674663544E-002,6.119496375322342E-002,-8.382095098495483E-001,-5.293444395065308E-001,-4.690639674663544E-002,6.119496375322342E-002,-8.382095098495483E-001,-5.293444395065308E-001,
8.489666666666668E+008,-4.682771116495132E-002,6.963813304901123E-002,-8.580517172813416E-001,-5.024402141571045E-001,-4.682771116495132E-002,6.963813304901123E-002,-8.580517172813416E-001,-5.024402141571045E-001,
8.573333333333334E+008,-4.269208014011383E-002,7.737199217081070E-002,-8.622894287109375E-001,-4.846367835998535E-001,-4.269208014011383E-002,7.737199217081070E-002,-8.622894287109375E-001,-4.846367835998535E-001,
8.657000000000000E+008,-3.507405146956444E-002,8.621087670326233E-002,-8.786582350730896E-001,-4.557389914989471E-001,-3.507405146956444E-002,8.621087670326233E-002,-8.786582350730896E-001,-4.557389914989471E-001,
8.740666666666668E+008,-2.583721280097961E-002,9.126455336809158E-002,-8.722062110900879E-001,-4.371461868286133E-001,-2.583721280097961E-002,9.126455336809158E-002,-8.722062110900879E-001,-4.371461868286133E-001,
8.824333333333334E+008,-1.603481918573380E-002,9.009192138910294E-002,-9.030342698097229E-001,-4.050051867961884E-001,-1.603481918573380E-002,9.009192138910294E-002,-9.030342698097229E-001,-4.050051867961884E-001,
8.908000000000000E+008,-8.075884543359280E-003,9.018050134181976E-002,-9.140952229499817E-001,-4.018204510211945E-001,-8.075884543359280E-003,9.018050134181976E-002,-9.140952229499817E-001,-4.018204510211945E-001,
8.991666666666668E+008,-5.220706108957529E-003,8.337448537349701E-002,-9.247831702232361E-001,-3.712608814239502E-001,-5.220706108957529E-003,8.337448537349701E-002,-9.247831702232361E-001,-3.712608814239502E-001,
9.075333333333334E+008,-5.090315360575914E-003,7.907085865736008E-002,-9.168520569801331E-001,-3.463824689388275E-001,-5.090315360575914E-003,7.907085865736008E-002,-9.168520569801331E-001,-3.463824689388275E-001,
9.159000000000000E+008,-7.261871360242367E-003,7.457233965396881E-002,-9.318019151687622E-001,-3.352285623550415E-001,-7.261871360242367E-003,7.457233965396881E-002,-9.318019151687622E-001,-3.352285623550415E-001,
9.242666666666668E+008,-1.207780372351408E-002,7.046580314636231E-002,-9.417828917503357E-001,-3.092747032642365E-001,-1.207780372351408E-002,7.046580314636231E-002,-9.417828917503357E-001,-3.092747032642365E-001,
9.326333333333334E+008,-1.618990302085877E-002,7.294460386037827E-002,-9.461595416069031E-001,-2.746364772319794E-001,-1.618990302085877E-002,7.294460386037827E-002,-9.461595416069031E-001,-2.746364772319794E-001,
9.410000000000000E+008,-2.083858661353588E-002,7.945870608091354E-002,-9.509699344635010E-001,-2.465486079454422E-001,-2.083858661353588E-002,7.945870608091354E-002,-9.509699344635010E-001,-2.465486079454422E-001,
9.493666666666668E+008,-2.066190354526043E-002,8.707793056964874E-002,-9.570586085319519E-001,-2.369487136602402E-001,-2.066190354526043E-002,8.707793056964874E-002,-9.570586085319519E-001,-2.369487136602402E-001,
9.577333333333334E+008,-1.502844039350748E-002,9.484398365020752E-002,-9.809914827346802E-001,-1.942524760961533E-001,-1.502844039350748E-002,9.484398365020752E-002,-9.809914827346802E-001,-1.942524760961533E-001,
9.661000000000000E+008,-5.439901258796454E-003,1.017701923847199E-001,-9.657590985298157E-001,-1.799725443124771E-001,-5.439901258796454E-003,1.017701923847199E-001,-9.657590985298157E-001,-1.799725443124771E-001,
9.744666666666668E+008,4.949625581502914E-003,1.059741750359535E-001,-9.756450653076172E-001,-1.478268057107925E-001,4.949625581502914E-003,1.059741750359535E-001,-9.756450653076172E-001,-1.478268057107925E-001,
9.828333333333334E+008,1.923117972910404E-002,1.037901937961578E-001,-9.713012576103210E-001,-1.227379143238068E-001,1.923117972910404E-002,1.037901937961578E-001,-9.713012576103210E-001,-1.227379143238068E-001,
9.912000000000000E+008,2.919916436076164E-002,1.002972424030304E-001,-9.819604754447937E-001,-1.127397343516350E-001,2.919916436076164E-002,1.002972424030304E-001,-9.819604754447937E-001,-1.127397343516350E-001,
9.995666666666668E+008,3.397057577967644E-002,9.078030288219452E-002,-9.851850271224976E-001,-7.614330202341080E-002,3.397057577967644E-002,9.078030288219452E-002,-9.851850271224976E-001,-7.614330202341080E-002,
1.007933333333333E+009,3.412452340126038E-002,8.278539031744003E-002,-9.884945154190064E-001,-5.622528120875359E-002,3.412452340126038E-002,8.278539031744003E-002,-9.884945154190064E-001,-5.622528120875359E-002,
1.016300000000000E+009,2.850227802991867E-002,7.409211993217468E-002,-9.871264696121216E-001,-2.948756515979767E-002,2.850227802991867E-002,7.409211993217468E-002,-9.871264696121216E-001,-2.948756515979767E-002,
1.024666666666667E+009,2.047801017761231E-002,7.360426336526871E-002,-9.882552027702332E-001,-8.102609775960445E-003,2.047801017761231E-002,7.360426336526871E-002,-9.882552027702332E-001,-8.102609775960445E-003,
1.033033333333333E+009,1.392661966383457E-002,7.497067004442215E-002,-9.656206369400024E-001,3.060786053538322E-002,1.392661966383457E-002,7.497067004442215E-002,-9.656206369400024E-001,3.060786053538322E-002,
1.041400000000000E+009,1.072005275636911E-002,8.143761008977890E-002,-9.727029204368591E-001,5.187357589602470E-002,1.072005275636911E-002,8.143761008977890E-002,-9.727029204368591E-001,5.187357589602470E-002,
1.049766666666667E+009,1.102571655064821E-002,9.001509845256805E-002,-9.803104400634766E-001,7.405729591846466E-002,1.102571655064821E-002,9.001509845256805E-002,-9.803104400634766E-001,7.405729591846466E-002,
1.058133333333333E+009,2.039417065680027E-002,9.827166050672531E-002,-9.748199582099915E-001,9.931894391775131E-002,2.039417065680027E-002,9.827166050672531E-002,-9.748199582099915E-001,9.931894391775131E-002,
1.066500000000000E+009,3.413965180516243E-002,1.023581400513649E-001,-9.581574201583862E-001,1.260555535554886E-001,3.413965180516243E-002,1.023581400513649E-001,-9.581574201583862E-001,1.260555535554886E-001,
1.074866666666667E+009,4.725344851613045E-002,9.829130768775940E-002,-9.674894809722900E-001,1.552587747573853E-001,4.725344851613045E-002,9.829130768775940E-002,-9.674894809722900E-001,1.552587747573853E-001,
1.083233333333334E+009,6.043738871812820E-002,9.337580204010010E-002,-9.627023339271545E-001,1.716315299272537E-001,6.043738871812820E-002,9.337580204010010E-002,-9.627023339271545E-001,1.716315299272537E-001,
1.091600000000000E+009,6.531392782926559E-002,8.079059422016144E-002,-9.556348919868469E-001,2.056550681591034E-001,6.531392782926559E-002,8.079059422016144E-002,-9.556348919868469E-001,2.056550681591034E-001,
1.099966666666667E+009,6.706646829843521E-002,6.791620701551437E-002,-9.512421488761902E-001,2.219080030918121E-001,6.706646829843521E-002,6.791620701551437E-002,-9.512421488761902E-001,2.219080030918121E-001,
1.108333333333334E+009,5.894966796040535E-002,5.820132046937943E-002,-9.630452990531921E-001,2.450207620859146E-001,5.894966796040535E-002,5.820132046937943E-002,-9.630452990531921E-001,2.450207620859146E-001,
1.116700000000000E+009,4.771722853183746E-002,5.872078612446785E-002,-9.477621912956238E-001,2.777074277400971E-001,4.771722853183746E-002,5.872078612446785E-002,-9.477621912956238E-001,2.777074277400971E-001,
1.125066666666667E+009,3.620232641696930E-002,6.023056805133820E-002,-9.317494630813599E-001,2.989441752433777E-001,3.620232641696930E-002,6.023056805133820E-002,-9.317494630813599E-001,2.989441752433777E-001,
1.133433333333334E+009,2.668490447103977E-002,7.213629037141800E-002,-9.267271757125855E-001,3.177126348018646E-001,2.668490447103977E-002,7.213629037141800E-002,-9.267271757125855E-001,3.177126348018646E-001,
1.141800000000000E+009,2.887859009206295E-002,8.467010408639908E-002,-9.139676690101624E-001,3.423772454261780E-001,2.887859009206295E-002,8.467010408639908E-002,-9.139676690101624E-001,3.423772454261780E-001,
1.150166666666667E+009,3.642445802688599E-002,9.623479843139648E-002,-9.077376127243042E-001,3.727204799652100E-001,3.642445802688599E-002,9.623479843139648E-002,-9.077376127243042E-001,3.727204799652100E-001,
1.158533333333334E+009,5.573888868093491E-002,1.026523485779762E-001,-8.962661027908325E-001,3.945270776748657E-001,5.573888868093491E-002,1.026523485779762E-001,-8.962661027908325E-001,3.945270776748657E-001,
1.166900000000000E+009,7.628966122865677E-002,9.990687668323517E-002,-8.867236375808716E-001,4.202410578727722E-001,7.628966122865677E-002,9.990687668323517E-002,-8.867236375808716E-001,4.202410578727722E-001,
1.175266666666667E+009,9.226882457733154E-002,8.886205404996872E-002,-8.677724599838257E-001,4.323757588863373E-001,9.226882457733154E-002,8.886205404996872E-002,-8.677724599838257E-001,4.323757588863373E-001,
1.183633333333334E+009,1.052786707878113E-001,7.282306253910065E-002,-8.625332713127136E-001,4.594655334949493E-001,1.052786707878113E-001,7.282306253910065E-002,-8.625332713127136E-001,4.594655334949493E-001,
1.192000000000000E+009,1.066170930862427E-001,5.496576055884361E-002,-8.558777570724487E-001,4.853051602840424E-001,1.066170930862427E-001,5.496576055884361E-002,-8.558777570724487E-001,4.853051602840424E-001,
1.200366666666667E+009,9.690458327531815E-002,3.751498088240624E-002,-8.420715928077698E-001,5.036004185676575E-001,9.690458327531815E-002,3.751498088240624E-002,-8.420715928077698E-001,5.036004185676575E-001,
1.208733333333334E+009,7.990229129791260E-002,2.908493205904961E-002,-8.364533782005310E-001,5.330416560173035E-001,7.990229129791260E-002,2.908493205904961E-002,-8.364533782005310E-001,5.330416560173035E-001,
1.217100000000000E+009,6.207929179072380E-002,3.142178431153297E-002,-8.038386106491089E-001,5.462558269500732E-001,6.207929179072380E-002,3.142178431153297E-002,-8.038386106491089E-001,5.462558269500732E-001,
1.225466666666667E+009,5.167178809642792E-002,4.319182038307190E-002,-8.060814738273621E-001,5.722079277038574E-001,5.167178809642792E-002,4.319182038307190E-002,-8.060814738273621E-001,5.722079277038574E-001,
1.233833333333334E+009,5.105513706803322E-002,5.788687616586685E-002,-7.850819230079651E-001,5.927056074142456E-001,5.105513706803322E-002,5.788687616586685E-002,-7.850819230079651E-001,5.927056074142456E-001,
1.242200000000000E+009,5.810523778200150E-002,7.143354415893555E-002,-7.562659382820129E-001,6.086602807044983E-001,5.810523778200150E-002,7.143354415893555E-002,-7.562659382820129E-001,6.086602807044983E-001,
1.250566666666667E+009,7.446496933698654E-002,7.957992702722549E-002,-7.596274614334106E-001,6.359842419624329E-001,7.446496933698654E-002,7.957992702722549E-002,-7.596274614334106E-001,6.359842419624329E-001,
1.258933333333334E+009,9.581234306097031E-002,7.826199382543564E-002,-7.374224662780762E-001,6.453937888145447E-001,9.581234306097031E-002,7.826199382543564E-002,-7.374224662780762E-001,6.453937888145447E-001,
1.267300000000000E+009,1.137160658836365E-001,6.369847804307938E-002,-7.132480144500732E-001,6.622626781463623E-001,1.137160658836365E-001,6.369847804307938E-002,-7.132480144500732E-001,6.622626781463623E-001,
1.275666666666667E+009,1.247464194893837E-001,4.516525566577911E-002,-7.102275490760803E-001,6.666153073310852E-001,1.247464194893837E-001,4.516525566577911E-002,-7.102275490760803E-001,6.666153073310852E-001,
1.284033333333334E+009,1.257078349590302E-001,2.193528413772583E-002,-6.782760620117188E-001,7.167361974716187E-001,1.257078349590302E-001,2.193528413772583E-002,-6.782760620117188E-001,7.167361974716187E-001,
1.292400000000000E+009,1.134260073304176E-001,3.745474852621555E-003,-6.750618219375610E-001,7.161223292350769E-001,1.134260073304176E-001,3.745474852621555E-003,-6.750618219375610E-001,7.161223292350769E-001,
1.300766666666667E+009,9.526178240776062E-002,-3.773039206862450E-003,-6.567637920379639E-001,7.331205010414124E-001,9.526178240776062E-002,-3.773039206862450E-003,-6.567637920379639E-001,7.331205010414124E-001,
1.309133333333334E+009,7.610359042882919E-002,-1.007040496915579E-003,-6.406318545341492E-001,7.612160444259644E-001,7.610359042882919E-002,-1.007040496915579E-003,-6.406318545341492E-001,7.612160444259644E-001,
1.317500000000000E+009,6.254351884126663E-002,1.139901764690876E-002,-6.091791987419128E-001,7.856656908988953E-001,6.254351884126663E-002,1.139901764690876E-002,-6.091791987419128E-001,7.856656908988953E-001,
1.325866666666667E+009,5.896084755659103E-002,2.722449600696564E-002,-5.905220508575440E-001,7.849965095520020E-001,5.896084755659103E-002,2.722449600696564E-002,-5.905220508575440E-001,7.849965095520020E-001,
1.334233333333334E+009,6.708801537752152E-002,4.468097165226936E-002,-5.676683187484741E-001,7.970012426376343E-001,6.708801537752152E-002,4.468097165226936E-002,-5.676683187484741E-001,7.970012426376343E-001,
1.342600000000000E+009,8.478040248155594E-002,4.851552844047546E-002,-5.536449551582336E-001,8.145228624343872E-001,8.478040248155594E-002,4.851552844047546E-002,-5.536449551582336E-001,8.145228624343872E-001,
1.350966666666667E+009,1.030044034123421E-001,4.509956017136574E-002,-5.232848525047302E-001,8.330796957015991E-001,1.030044034123421E-001,4.509956017136574E-002,-5.232848525047302E-001,8.330796957015991E-001,
1.359333333333334E+009,1.189592853188515E-001,3.050202317535877E-002,-5.053622722625732E-001,8.390654325485230E-001,1.189592853188515E-001,3.050202317535877E-002,-5.053622722625732E-001,8.390654325485230E-001,
1.367700000000000E+009,1.249349117279053E-001,7.674364838749170E-003,-4.878467321395874E-001,8.489657640457153E-001,1.249349117279053E-001,7.674364838749170E-003,-4.878467321395874E-001,8.489657640457153E-001,
1.376066666666667E+009,1.184401586651802E-001,-1.623727940022945E-002,-4.623186886310577E-001,8.597010374069214E-001,1.184401586651802E-001,-1.623727940022945E-002,-4.623186886310577E-001,8.597010374069214E-001,
1.384433333333334E+009,1.027602702379227E-001,-3.008088283240795E-002,-4.540750384330750E-001,8.706316947937012E-001,1.027602702379227E-001,-3.008088283240795E-002,-4.540750384330750E-001,8.706316947937012E-001,
1.392800000000000E+009,7.944855093955994E-002,-3.339236974716187E-002,-4.301652312278748E-001,8.780311942100525E-001,7.944855093955994E-002,-3.339236974716187E-002,-4.301652312278748E-001,8.780311942100525E-001,
1.401166666666667E+009,6.286265701055527E-002,-2.492963708937168E-002,-3.972657918930054E-001,9.054526686668396E-001,6.286265701055527E-002,-2.492963708937168E-002,-3.972657918930054E-001,9.054526686668396E-001,
1.409533333333334E+009,5.142865702509880E-002,-4.945973865687847E-003,-3.735768198966980E-001,9.145524501800537E-001,5.142865702509880E-002,-4.945973865687847E-003,-3.735768198966980E-001,9.145524501800537E-001,
1.417900000000000E+009,5.181476846337318E-002,1.583206094801426E-002,-3.336079418659210E-001,9.078840017318726E-001,5.181476846337318E-002,1.583206094801426E-002,-3.336079418659210E-001,9.078840017318726E-001,
1.426266666666667E+009,6.413570791482925E-002,3.301726281642914E-002,-3.270444571971893E-001,9.367368221282959E-001,6.413570791482925E-002,3.301726281642914E-002,-3.270444571971893E-001,9.367368221282959E-001,
1.434633333333334E+009,8.356837928295136E-002,3.797113150358200E-002,-2.968358695507050E-001,9.285170435905457E-001,8.356837928295136E-002,3.797113150358200E-002,-2.968358695507050E-001,9.285170435905457E-001,
1.443000000000000E+009,1.061073541641235E-001,3.292250633239746E-002,-2.698985934257507E-001,9.395104646682739E-001,1.061073541641235E-001,3.292250633239746E-002,-2.698985934257507E-001,9.395104646682739E-001,
1.451366666666667E+009,1.206999793648720E-001,1.441687531769276E-002,-2.515550255775452E-001,9.438978433609009E-001,1.206999793648720E-001,1.441687531769276E-002,-2.515550255775452E-001,9.438978433609009E-001,
1.459733333333334E+009,1.259047985076904E-001,-8.806795813143253E-003,-2.371786385774612E-001,9.470014572143555E-001,1.259047985076904E-001,-8.806795813143253E-003,-2.371786385774612E-001,9.470014572143555E-001,
1.468100000000000E+009,1.188585311174393E-001,-3.122201561927795E-002,-2.014372050762177E-001,9.530790448188782E-001,1.188585311174393E-001,-3.122201561927795E-002,-2.014372050762177E-001,9.530790448188782E-001,
1.476466666666667E+009,1.017239615321159E-001,-4.613327607512474E-002,-1.824982464313507E-001,9.678595066070557E-001,1.017239615321159E-001,-4.613327607512474E-002,-1.824982464313507E-001,9.678595066070557E-001,
1.484833333333334E+009,7.962468266487122E-002,-4.930020123720169E-002,-1.493138521909714E-001,9.701719284057617E-001,7.962468266487122E-002,-4.930020123720169E-002,-1.493138521909714E-001,9.701719284057617E-001,
1.493200000000000E+009,6.337846815586090E-002,-3.986552357673645E-002,-1.325516402721405E-001,9.713086485862732E-001,6.337846815586090E-002,-3.986552357673645E-002,-1.325516402721405E-001,9.713086485862732E-001,
1.501566666666667E+009,5.444506928324699E-002,-2.124204859137535E-002,-1.014515161514282E-001,9.743789434432983E-001,5.444506928324699E-002,-2.124204859137535E-002,-1.014515161514282E-001,9.743789434432983E-001,
1.509933333333334E+009,5.592320486903191E-002,2.861296889022924E-005,-8.476573973894119E-002,9.793008565902710E-001,5.592320486903191E-002,2.861296889022924E-005,-8.476573973894119E-002,9.793008565902710E-001,
1.518300000000000E+009,7.173382490873337E-002,1.473180111497641E-002,-5.684432759881020E-002,9.848840236663818E-001,7.173382490873337E-002,1.473180111497641E-002,-5.684432759881020E-002,9.848840236663818E-001,
1.526666666666667E+009,9.178224951028824E-002,1.882773451507092E-002,-2.383060567080975E-002,9.760001301765442E-001,9.178224951028824E-002,1.882773451507092E-002,-2.383060567080975E-002,9.760001301765442E-001,
1.535033333333334E+009,1.120413020253182E-001,1.238566730171442E-002,-1.639048452489078E-003,9.846986532211304E-001,1.120413020253182E-001,1.238566730171442E-002,-1.639048452489078E-003,9.846986532211304E-001,
1.543400000000000E+009,1.243528798222542E-001,-6.228672340512276E-003,1.890089921653271E-002,9.765942096710205E-001,1.243528798222542E-001,-6.228672340512276E-003,1.890089921653271E-002,9.765942096710205E-001,
1.551766666666667E+009,1.245216429233551E-001,-3.072900697588921E-002,4.150456562638283E-002,9.706163406372070E-001,1.245216429233551E-001,-3.072900697588921E-002,4.150456562638283E-002,9.706163406372070E-001,
1.560133333333334E+009,1.162478625774384E-001,-5.220496281981468E-002,6.227814406156540E-002,9.760271310806274E-001,1.162478625774384E-001,-5.220496281981468E-002,6.227814406156540E-002,9.760271310806274E-001,
1.568500000000000E+009,1.002979502081871E-001,-6.549353152513504E-002,7.940901070833206E-002,9.782161712646484E-001,1.002979502081871E-001,-6.549353152513504E-002,7.940901070833206E-002,9.782161712646484E-001,
1.576866666666667E+009,7.935488969087601E-002,-6.691372394561768E-002,1.206584647297859E-001,9.687953591346741E-001,7.935488969087601E-002,-6.691372394561768E-002,1.206584647297859E-001,9.687953591346741E-001,
1.585233333333334E+009,6.597787141799927E-002,-5.867174640297890E-002,1.361960619688034E-001,9.688382744789124E-001,6.597787141799927E-002,-5.867174640297890E-002,1.361960619688034E-001,9.688382744789124E-001,
1.593600000000000E+009,5.865655839443207E-002,-4.397778213024139E-002,1.648712158203125E-001,9.637404084205627E-001,5.865655839443207E-002,-4.397778213024139E-002,1.648712158203125E-001,9.637404084205627E-001,
1.601966666666667E+009,6.192899122834206E-002,-2.637726068496704E-002,1.874311119318008E-001,9.615784883499146E-001,6.192899122834206E-002,-2.637726068496704E-002,1.874311119318008E-001,9.615784883499146E-001,
1.610333333333334E+009,7.453286647796631E-002,-1.546016708016396E-002,2.188370972871780E-001,9.525572061538696E-001,7.453286647796631E-002,-1.546016708016396E-002,2.188370972871780E-001,9.525572061538696E-001,
1.618700000000000E+009,9.280992299318314E-002,-1.382361724972725E-002,2.449119836091995E-001,9.478551745414734E-001,9.280992299318314E-002,-1.382361724972725E-002,2.449119836091995E-001,9.478551745414734E-001,
1.627066666666667E+009,1.071473434567452E-001,-2.257522009313107E-002,2.659922838211060E-001,9.383937120437622E-001,1.071473434567452E-001,-2.257522009313107E-002,2.659922838211060E-001,9.383937120437622E-001,
1.635433333333334E+009,1.145134270191193E-001,-3.696851059794426E-002,2.935611903667450E-001,9.368907809257507E-001,1.145134270191193E-001,-3.696851059794426E-002,2.935611903667450E-001,9.368907809257507E-001,
1.643800000000000E+009,1.134050562977791E-001,-5.716354772448540E-002,3.052997589111328E-001,9.255313873291016E-001,1.134050562977791E-001,-5.716354772448540E-002,3.052997589111328E-001,9.255313873291016E-001,
1.652166666666667E+009,1.024366840720177E-001,-7.393217831850052E-002,3.383555114269257E-001,9.152216911315918E-001,1.024366840720177E-001,-7.393217831850052E-002,3.383555114269257E-001,9.152216911315918E-001,
1.660533333333334E+009,8.648252487182617E-002,-8.263775706291199E-002,3.552592992782593E-001,9.110881686210632E-001,8.648252487182617E-002,-8.263775706291199E-002,3.552592992782593E-001,9.110881686210632E-001,
1.668900000000000E+009,6.986790895462036E-002,-8.139771968126297E-002,3.764778077602387E-001,8.982990980148315E-001,6.986790895462036E-002,-8.139771968126297E-002,3.764778077602387E-001,8.982990980148315E-001,
1.677266666666667E+009,5.695562437176704E-002,-7.375126332044601E-002,4.157942235469818E-001,8.888447880744934E-001,5.695562437176704E-002,-7.375126332044601E-002,4.157942235469818E-001,8.888447880744934E-001,
1.685633333333334E+009,5.426175519824028E-002,-5.948037281632423E-002,4.318536818027496E-001,8.813672661781311E-001,5.426175519824028E-002,-5.948037281632423E-002,4.318536818027496E-001,8.813672661781311E-001,
1.694000000000000E+009,5.866125971078873E-002,-4.758378118276596E-002,4.488267600536346E-001,8.683009743690491E-001,5.866125971078873E-002,-4.758378118276596E-002,4.488267600536346E-001,8.683009743690491E-001,
1.702366666666667E+009,7.069880515336990E-002,-3.799054771661758E-002,4.728391468524933E-001,8.583844304084778E-001,7.069880515336990E-002,-3.799054771661758E-002,4.728391468524933E-001,8.583844304084778E-001,
1.710733333333334E+009,8.713516592979431E-002,-3.678612038493156E-002,4.914765357971191E-001,8.391045331954956E-001,8.713516592979431E-002,-3.678612038493156E-002,4.914765357971191E-001,8.391045331954956E-001,
1.719100000000000E+009,1.009330153465271E-001,-4.654940590262413E-002,5.179713368415833E-001,8.229116201400757E-001,1.009330153465271E-001,-4.654940590262413E-002,5.179713368415833E-001,8.229116201400757E-001,
1.727466666666667E+009,1.088279634714127E-001,-6.151175871491432E-002,5.352033376693726E-001,8.147760033607483E-001,1.088279634714127E-001,-6.151175871491432E-002,5.352033376693726E-001,8.147760033607483E-001,
1.735833333333334E+009,1.076728627085686E-001,-7.936485111713409E-002,5.501351356506348E-001,7.983191609382629E-001,1.076728627085686E-001,-7.936485111713409E-002,5.501351356506348E-001,7.983191609382629E-001,
1.744200000000000E+009,9.760265797376633E-002,-9.772403538227081E-002,5.774634480476379E-001,7.757280468940735E-001,9.760265797376633E-002,-9.772403538227081E-002,5.774634480476379E-001,7.757280468940735E-001,
1.752566666666667E+009,8.292002230882645E-002,-1.094339042901993E-001,6.045465469360352E-001,7.690018415451050E-001,8.292002230882645E-002,-1.094339042901993E-001,6.045465469360352E-001,7.690018415451050E-001,
1.760933333333334E+009,6.560998409986496E-002,-1.144521981477737E-001,6.122400164604187E-001,7.561622858047485E-001,6.560998409986496E-002,-1.144521981477737E-001,6.122400164604187E-001,7.561622858047485E-001,
1.769300000000000E+009,4.970596358180046E-002,-1.116905584931374E-001,6.362884640693665E-001,7.465565800666809E-001,4.970596358180046E-002,-1.116905584931374E-001,6.362884640693665E-001,7.465565800666809E-001,
1.777666666666667E+009,4.026707634329796E-002,-1.011640056967735E-001,6.506612300872803E-001,7.368052005767822E-001,4.026707634329796E-002,-1.011640056967735E-001,6.506612300872803E-001,7.368052005767822E-001,
1.786033333333334E+009,3.835519775748253E-002,-9.147750586271286E-002,6.651113033294678E-001,7.061060070991516E-001,3.835519775748253E-002,-9.147750586271286E-002,6.651113033294678E-001,7.061060070991516E-001,
1.794400000000000E+009,4.419788718223572E-002,-7.970263808965683E-002,6.889774203300476E-001,6.901196241378784E-001,4.419788718223572E-002,-7.970263808965683E-002,6.889774203300476E-001,6.901196241378784E-001,
1.802766666666667E+009,5.136822909116745E-002,-7.510499656200409E-002,7.075294256210327E-001,6.714507937431335E-001,5.136822909116745E-002,-7.510499656200409E-002,7.075294256210327E-001,6.714507937431335E-001,
1.811133333333334E+009,6.097946688532829E-002,-7.444749772548676E-002,7.319012284278870E-001,6.515914797782898E-001,6.097946688532829E-002,-7.444749772548676E-002,7.319012284278870E-001,6.515914797782898E-001,
1.819500000000000E+009,6.947501748800278E-002,-7.985884696245194E-002,7.418488860130310E-001,6.247621178627014E-001,6.947501748800278E-002,-7.985884696245194E-002,7.418488860130310E-001,6.247621178627014E-001,
1.827866666666667E+009,7.342445850372315E-002,-8.954169601202011E-002,7.618515491485596E-001,6.129041910171509E-001,7.342445850372315E-002,-8.954169601202011E-002,7.618515491485596E-001,6.129041910171509E-001,
1.836233333333334E+009,6.864230334758759E-002,-1.009633988142014E-001,7.728080153465271E-001,5.949411988258362E-001,6.864230334758759E-002,-1.009633988142014E-001,7.728080153465271E-001,5.949411988258362E-001,
1.844600000000000E+009,5.944912508130074E-002,-1.100408807396889E-001,7.886085510253906E-001,5.869806408882141E-001,5.944912508130074E-002,-1.100408807396889E-001,7.886085510253906E-001,5.869806408882141E-001,
1.852966666666667E+009,4.892852529883385E-002,-1.150739490985870E-001,7.959607839584351E-001,5.528215169906616E-001,4.892852529883385E-002,-1.150739490985870E-001,7.959607839584351E-001,5.528215169906616E-001,
1.861333333333334E+009,3.720570728182793E-002,-1.179419904947281E-001,8.184949159622192E-001,5.331416130065918E-001,3.720570728182793E-002,-1.179419904947281E-001,8.184949159622192E-001,5.331416130065918E-001,
1.869700000000000E+009,2.901125140488148E-002,-1.122448295354843E-001,8.326273560523987E-001,5.139429569244385E-001,2.901125140488148E-002,-1.122448295354843E-001,8.326273560523987E-001,5.139429569244385E-001,
1.878066666666667E+009,2.459861896932125E-002,-1.073676794767380E-001,8.460815548896790E-001,4.988641142845154E-001,2.459861896932125E-002,-1.073676794767380E-001,8.460815548896790E-001,4.988641142845154E-001,
1.886433333333334E+009,2.582213841378689E-002,-9.995885938405991E-002,8.635566830635071E-001,4.722747206687927E-001,2.582213841378689E-002,-9.995885938405991E-002,8.635566830635071E-001,4.722747206687927E-001,
1.894800000000000E+009,3.340065479278565E-002,-9.543932229280472E-002,8.743821382522583E-001,4.522986412048340E-001,3.340065479278565E-002,-9.543932229280472E-002,8.743821382522583E-001,4.522986412048340E-001,
1.903166666666667E+009,4.136903584003449E-002,-9.295905381441116E-002,8.851251006126404E-001,4.208728075027466E-001,4.136903584003449E-002,-9.295905381441116E-002,8.851251006126404E-001,4.208728075027466E-001,
1.911533333333334E+009,4.918529465794563E-002,-9.852539747953415E-002,8.915835022926331E-001,3.931013345718384E-001,4.918529465794563E-002,-9.852539747953415E-002,8.915835022926331E-001,3.931013345718384E-001,
1.919900000000000E+009,5.382608249783516E-002,-1.071449518203735E-001,9.060792326927185E-001,3.777754604816437E-001,5.382608249783516E-002,-1.071449518203735E-001,9.060792326927185E-001,3.777754604816437E-001,
1.928266666666667E+009,5.439385771751404E-002,-1.177509799599648E-001,9.010663032531738E-001,3.403221964836121E-001,5.439385771751404E-002,-1.177509799599648E-001,9.010663032531738E-001,3.403221964836121E-001,
1.936633333333334E+009,4.616996645927429E-002,-1.296151578426361E-001,9.196364283561707E-001,3.291155695915222E-001,4.616996645927429E-002,-1.296151578426361E-001,9.196364283561707E-001,3.291155695915222E-001,
1.945000000000000E+009,3.350514173507690E-002,-1.375136971473694E-001,9.284895062446594E-001,3.036377429962158E-001,3.350514173507690E-002,-1.375136971473694E-001,9.284895062446594E-001,3.036377429962158E-001,
1.953366666666667E+009,1.925599575042725E-002,-1.426391303539276E-001,9.290404915809631E-001,2.831299304962158E-001,1.925599575042725E-002,-1.426391303539276E-001,9.290404915809631E-001,2.831299304962158E-001,
1.961733333333334E+009,2.700127428397536E-003,-1.385657787322998E-001,9.434235692024231E-001,2.608857452869415E-001,2.700127428397536E-003,-1.385657787322998E-001,9.434235692024231E-001,2.608857452869415E-001,
1.970100000000000E+009,-9.288596920669079E-003,-1.319586634635925E-001,9.429377317428589E-001,2.380883991718292E-001,-9.288596920669079E-003,-1.319586634635925E-001,9.429377317428589E-001,2.380883991718292E-001,
1.978466666666667E+009,-1.366664841771126E-002,-1.201226040720940E-001,9.530972838401794E-001,2.080461233854294E-001,-1.366664841771126E-002,-1.201226040720940E-001,9.530972838401794E-001,2.080461233854294E-001,
1.986833333333334E+009,-1.059466600418091E-002,-1.100016534328461E-001,9.566069841384888E-001,1.893846839666367E-001,-1.059466600418091E-002,-1.100016534328461E-001,9.566069841384888E-001,1.893846839666367E-001,
1.995200000000000E+009,5.580397555604577E-004,-1.040261611342430E-001,9.596011638641357E-001,1.712553352117539E-001,5.580397555604577E-004,-1.040261611342430E-001,9.596011638641357E-001,1.712553352117539E-001,
2.003566666666667E+009,1.369803771376610E-002,-1.038431152701378E-001,9.653277397155762E-001,1.355164051055908E-001,1.369803771376610E-002,-1.038431152701378E-001,9.653277397155762E-001,1.355164051055908E-001,
2.011933333333334E+009,2.476229518651962E-002,-1.128388494253159E-001,9.737876653671265E-001,1.067046821117401E-001,2.476229518651962E-002,-1.128388494253159E-001,9.737876653671265E-001,1.067046821117401E-001,
2.020300000000000E+009,3.082906641066074E-002,-1.240569278597832E-001,9.737116694450378E-001,7.454020529985428E-002,3.082906641066074E-002,-1.240569278597832E-001,9.737116694450378E-001,7.454020529985428E-002,
2.028666666666667E+009,2.721477672457695E-002,-1.392661333084106E-001,9.741542339324951E-001,5.890835076570511E-002,2.721477672457695E-002,-1.392661333084106E-001,9.741542339324951E-001,5.890835076570511E-002,
2.037033333333334E+009,1.438929699361324E-002,-1.542342454195023E-001,9.753741621971130E-001,3.210518881678581E-002,1.438929699361324E-002,-1.542342454195023E-001,9.753741621971130E-001,3.210518881678581E-002,
2.045400000000000E+009,-4.287075717002153E-003,-1.612043380737305E-001,9.703216552734375E-001,1.350203435868025E-002,-4.287075717002153E-003,-1.612043380737305E-001,9.703216552734375E-001,1.350203435868025E-002,
2.053766666666667E+009,-2.595689520239830E-002,-1.593864262104034E-001,9.708584547042847E-001,-1.259404886513948E-002,-2.595689520239830E-002,-1.593864262104034E-001,9.708584547042847E-001,-1.259404886513948E-002,
2.062133333333334E+009,-4.234018176794052E-002,-1.519523411989212E-001,9.745737314224243E-001,-3.808999061584473E-002,-4.234018176794052E-002,-1.519523411989212E-001,9.745737314224243E-001,-3.808999061584473E-002,
2.070500000000000E+009,-5.119178071618080E-002,-1.356284767389298E-001,9.744219183921814E-001,-6.392679363489151E-002,-5.119178071618080E-002,-1.356284767389298E-001,9.744219183921814E-001,-6.392679363489151E-002,
2.078866666666667E+009,-4.984277859330177E-002,-1.206550225615501E-001,9.700140357017517E-001,-8.556868135929108E-002,-4.984277859330177E-002,-1.206550225615501E-001,9.700140357017517E-001,-8.556868135929108E-002,
2.087233333333334E+009,-3.933987393975258E-002,-1.129083111882210E-001,9.704236984252930E-001,-1.199240311980248E-001,-3.933987393975258E-002,-1.129083111882210E-001,9.704236984252930E-001,-1.199240311980248E-001,
2.095600000000000E+009,-2.402703836560249E-002,-1.105253845453262E-001,9.731699228286743E-001,-1.412267535924912E-001,-2.402703836560249E-002,-1.105253845453262E-001,9.731699228286743E-001,-1.412267535924912E-001,
2.103966666666667E+009,-1.028044242411852E-002,-1.212748885154724E-001,9.695509672164917E-001,-1.704631298780441E-001,-1.028044242411852E-002,-1.212748885154724E-001,9.695509672164917E-001,-1.704631298780441E-001,
2.112333333333334E+009,-3.112817648798227E-003,-1.374731659889221E-001,9.566771388053894E-001,-1.912695020437241E-001,-3.112817648798227E-003,-1.374731659889221E-001,9.566771388053894E-001,-1.912695020437241E-001,
2.120700000000000E+009,-6.614397279918194E-003,-1.597462892532349E-001,9.500626921653748E-001,-2.229835242033005E-001,-6.614397279918194E-003,-1.597462892532349E-001,9.500626921653748E-001,-2.229835242033005E-001,
2.129066666666667E+009,-2.337333373725414E-002,-1.739307940006256E-001,9.515162706375122E-001,-2.505720257759094E-001,-2.337333373725414E-002,-1.739307940006256E-001,9.515162706375122E-001,-2.505720257759094E-001,
2.137433333333334E+009,-4.861867427825928E-002,-1.810135543346405E-001,9.317598938941956E-001,-2.674198448657990E-001,-4.861867427825928E-002,-1.810135543346405E-001,9.317598938941956E-001,-2.674198448657990E-001,
2.145800000000000E+009,-7.782806456089020E-002,-1.761681586503983E-001,9.278022646903992E-001,-2.889621257781982E-001,-7.782806456089020E-002,-1.761681586503983E-001,9.278022646903992E-001,-2.889621257781982E-001,
2.154166666666667E+009,-9.971192479133606E-002,-1.603207141160965E-001,9.190117716789246E-001,-3.056234121322632E-001,-9.971192479133606E-002,-1.603207141160965E-001,9.190117716789246E-001,-3.056234121322632E-001,
2.162533333333334E+009,-1.116954386234283E-001,-1.361832469701767E-001,8.999440073966980E-001,-3.278750479221344E-001,-1.116954386234283E-001,-1.361832469701767E-001,8.999440073966980E-001,-3.278750479221344E-001,
2.170900000000000E+009,-1.099513694643974E-001,-1.139419451355934E-001,9.074218273162842E-001,-3.564821183681488E-001,-1.099513694643974E-001,-1.139419451355934E-001,9.074218273162842E-001,-3.564821183681488E-001,
2.179266666666667E+009,-9.640475362539291E-002,-9.965280443429947E-002,8.966161012649536E-001,-3.726221024990082E-001,-9.640475362539291E-002,-9.965280443429947E-002,8.966161012649536E-001,-3.726221024990082E-001,
2.187633333333334E+009,-7.757657021284103E-002,-9.627726674079895E-002,8.930363059043884E-001,-4.062635898590088E-001,-7.757657021284103E-002,-9.627726674079895E-002,8.930363059043884E-001,-4.062635898590088E-001,
2.196000000000000E+009,-5.817046388983727E-002,-1.072983443737030E-001,8.731085062026978E-001,-4.286216497421265E-001,-5.817046388983727E-002,-1.072983443737030E-001,8.731085062026978E-001,-4.286216497421265E-001,
2.204366666666667E+009,-4.821319133043289E-002,-1.292522847652435E-001,8.639194965362549E-001,-4.525146782398224E-001,-4.821319133043289E-002,-1.292522847652435E-001,8.639194965362549E-001,-4.525146782398224E-001,
2.212733333333334E+009,-5.194779112935066E-002,-1.533868908882141E-001,8.470655083656311E-001,-4.847244620323181E-001,-5.194779112935066E-002,-1.533868908882141E-001,8.470655083656311E-001,-4.847244620323181E-001,
2.221100000000000E+009,-7.050205022096634E-002,-1.698383092880249E-001,8.242132663726807E-001,-4.951961934566498E-001,-7.050205022096634E-002,-1.698383092880249E-001,8.242132663726807E-001,-4.951961934566498E-001,
2.229466666666667E+009,-9.634320437908173E-002,-1.767431497573853E-001,8.146090507507324E-001,-5.065092444419861E-001,-9.634320437908173E-002,-1.767431497573853E-001,8.146090507507324E-001,-5.065092444419861E-001,
2.237833333333334E+009,-1.274240016937256E-001,-1.662108302116394E-001,8.038367629051209E-001,-5.312381386756897E-001,-1.274240016937256E-001,-1.662108302116394E-001,8.038367629051209E-001,-5.312381386756897E-001,
2.246200000000000E+009,-1.518921256065369E-001,-1.451167464256287E-001,7.896916270256043E-001,-5.485735535621643E-001,-1.518921256065369E-001,-1.451167464256287E-001,7.896916270256043E-001,-5.485735535621643E-001,
2.254566666666667E+009,-1.614663898944855E-001,-1.151520386338234E-001,7.802644371986389E-001,-5.644570589065552E-001,-1.614663898944855E-001,-1.151520386338234E-001,7.802644371986389E-001,-5.644570589065552E-001,
2.262933333333334E+009,-1.596752554178238E-001,-8.923228085041046E-002,7.671819329261780E-001,-5.854113101959229E-001,-1.596752554178238E-001,-8.923228085041046E-002,7.671819329261780E-001,-5.854113101959229E-001,
2.271300000000000E+009,-1.449782252311707E-001,-7.006058096885681E-002,7.511125206947327E-001,-6.039955615997315E-001,-1.449782252311707E-001,-7.006058096885681E-002,7.511125206947327E-001,-6.039955615997315E-001,
2.279666666666667E+009,-1.227147430181503E-001,-6.815054267644882E-002,7.398614883422852E-001,-6.261785030364990E-001,-1.227147430181503E-001,-6.815054267644882E-002,7.398614883422852E-001,-6.261785030364990E-001,
2.288033333333334E+009,-1.051929071545601E-001,-8.049687743186951E-002,7.228439450263977E-001,-6.571380496025085E-001,-1.051929071545601E-001,-8.049687743186951E-002,7.228439450263977E-001,-6.571380496025085E-001,
2.296400000000000E+009,-9.710352867841721E-002,-1.034818068146706E-001,6.993311047554016E-001,-6.768224239349365E-001,-9.710352867841721E-002,-1.034818068146706E-001,6.993311047554016E-001,-6.768224239349365E-001,
2.304766666666667E+009,-1.052478104829788E-001,-1.275065839290619E-001,6.831294894218445E-001,-6.835895776748657E-001,-1.052478104829788E-001,-1.275065839290619E-001,6.831294894218445E-001,-6.835895776748657E-001,
2.313133333333334E+009,-1.277175396680832E-001,-1.408032625913620E-001,6.555781960487366E-001,-7.134940028190613E-001,-1.277175396680832E-001,-1.408032625913620E-001,6.555781960487366E-001,-7.134940028190613E-001,
2.321500000000000E+009,-1.526780426502228E-001,-1.398984491825104E-001,6.394597887992859E-001,-7.187520265579224E-001,-1.526780426502228E-001,-1.398984491825104E-001,6.394597887992859E-001,-7.187520265579224E-001,
2.329866666666667E+009,-1.778763979673386E-001,-1.234765425324440E-001,6.275656819343567E-001,-7.336209416389465E-001,-1.778763979673386E-001,-1.234765425324440E-001,6.275656819343567E-001,-7.336209416389465E-001,
2.338233333333334E+009,-1.947716176509857E-001,-9.683454781770706E-002,6.008478999137878E-001,-7.471541762351990E-001,-1.947716176509857E-001,-9.683454781770706E-002,6.008478999137878E-001,-7.471541762351990E-001,
2.346600000000000E+009,-1.964374482631683E-001,-6.281302869319916E-002,5.828649997711182E-001,-7.633726000785828E-001,-1.964374482631683E-001,-6.281302869319916E-002,5.828649997711182E-001,-7.633726000785828E-001,
2.354966666666667E+009,-1.823287606239319E-001,-3.792033717036247E-002,5.765140056610107E-001,-7.748324275016785E-001,-1.823287606239319E-001,-3.792033717036247E-002,5.765140056610107E-001,-7.748324275016785E-001,
2.363333333333334E+009,-1.603162437677383E-001,-2.724123187363148E-002,5.605462789535523E-001,-7.923598885536194E-001,-1.603162437677383E-001,-2.724123187363148E-002,5.605462789535523E-001,-7.923598885536194E-001,
2.371700000000000E+009,-1.337915211915970E-001,-3.242099285125732E-002,5.397899746894836E-001,-8.144637346267700E-001,-1.337915211915970E-001,-3.242099285125732E-002,5.397899746894836E-001,-8.144637346267700E-001,
2.380066666666667E+009,-1.196184754371643E-001,-5.665274709463120E-002,5.082582831382752E-001,-8.301823139190674E-001,-1.196184754371643E-001,-5.665274709463120E-002,5.082582831382752E-001,-8.301823139190674E-001,
2.388433333333334E+009,-1.224673911929131E-001,-8.670476078987122E-002,4.849060177803040E-001,-8.369153141975403E-001,-1.224673911929131E-001,-8.670476078987122E-002,4.849060177803040E-001,-8.369153141975403E-001,
2.396800000000000E+009,-1.431362479925156E-001,-1.145066693425179E-001,4.484041035175324E-001,-8.550044298171997E-001,-1.431362479925156E-001,-1.145066693425179E-001,4.484041035175324E-001,-8.550044298171997E-001,
2.405166666666667E+009,-1.765527874231339E-001,-1.292684078216553E-001,4.276266098022461E-001,-8.633176088333130E-001,-1.765527874231339E-001,-1.292684078216553E-001,4.276266098022461E-001,-8.633176088333130E-001,
2.413533333333334E+009,-2.151289880275726E-001,-1.201389059424400E-001,4.020664393901825E-001,-8.643911480903626E-001,-2.151289880275726E-001,-1.201389059424400E-001,4.020664393901825E-001,-8.643911480903626E-001,
2.421900000000000E+009,-2.486094832420349E-001,-9.354537725448608E-002,3.888085186481476E-001,-8.717584013938904E-001,-2.486094832420349E-001,-9.354537725448608E-002,3.888085186481476E-001,-8.717584013938904E-001,
2.430266666666667E+009,-2.638576924800873E-001,-5.439301580190659E-002,3.702531456947327E-001,-8.788272142410278E-001,-2.638576924800873E-001,-5.439301580190659E-002,3.702531456947327E-001,-8.788272142410278E-001,
2.438633333333334E+009,-2.640005052089691E-001,-8.091246709227562E-003,3.531014025211334E-001,-8.848765492439270E-001,-2.640005052089691E-001,-8.091246709227562E-003,3.531014025211334E-001,-8.848765492439270E-001,
2.447000000000000E+009,-2.430204600095749E-001,3.148330748081207E-002,3.338478803634644E-001,-8.982185125350952E-001,-2.430204600095749E-001,3.148330748081207E-002,3.338478803634644E-001,-8.982185125350952E-001,
2.455366666666667E+009,-2.097816914319992E-001,5.260195955634117E-002,3.162292540073395E-001,-9.060113430023193E-001,-2.097816914319992E-001,5.260195955634117E-002,3.162292540073395E-001,-9.060113430023193E-001,
2.463733333333334E+009,-1.758748590946198E-001,5.439827218651772E-002,2.946406006813049E-001,-9.236770272254944E-001,-1.758748590946198E-001,5.439827218651772E-002,2.946406006813049E-001,-9.236770272254944E-001,
2.472100000000000E+009,-1.515949070453644E-001,3.513141348958015E-002,2.668619751930237E-001,-9.353036284446716E-001,-1.515949070453644E-001,3.513141348958015E-002,2.668619751930237E-001,-9.353036284446716E-001,
2.480466666666667E+009,-1.444751173257828E-001,4.544266965240240E-003,2.323332726955414E-001,-9.387030005455017E-001,-1.444751173257828E-001,4.544266965240240E-003,2.323332726955414E-001,-9.387030005455017E-001,
2.488833333333334E+009,-1.574378162622452E-001,-2.527111396193504E-002,2.077452689409256E-001,-9.455705881118774E-001,-1.574378162622452E-001,-2.527111396193504E-002,2.077452689409256E-001,-9.455705881118774E-001,
2.497200000000000E+009,-1.834498196840286E-001,-4.117476940155029E-002,1.758504062891007E-001,-9.510604739189148E-001,-1.834498196840286E-001,-4.117476940155029E-002,1.758504062891007E-001,-9.510604739189148E-001,
2.505566666666667E+009,-2.192440778017044E-001,-3.813420981168747E-002,1.467272490262985E-001,-9.534165859222412E-001,-2.192440778017044E-001,-3.813420981168747E-002,1.467272490262985E-001,-9.534165859222412E-001,
2.513933333333334E+009,-2.449203580617905E-001,-1.471908390522003E-002,1.277679055929184E-001,-9.478574991226196E-001,-2.449203580617905E-001,-1.471908390522003E-002,1.277679055929184E-001,-9.478574991226196E-001,
2.522300000000000E+009,-2.569738924503326E-001,1.850265637040138E-002,1.020050942897797E-001,-9.471898078918457E-001,-2.569738924503326E-001,1.850265637040138E-002,1.020050942897797E-001,-9.471898078918457E-001,
2.530666666666667E+009,-2.489851713180542E-001,5.759983137249947E-002,8.067607879638672E-002,-9.527722597122192E-001,-2.489851713180542E-001,5.759983137249947E-002,8.067607879638672E-002,-9.527722597122192E-001,
2.539033333333334E+009,-2.263784557580948E-001,8.948282152414322E-002,6.573844701051712E-002,-9.526402950286865E-001,-2.263784557580948E-001,8.948282152414322E-002,6.573844701051712E-002,-9.526402950286865E-001,
2.547400000000000E+009,-1.937257796525955E-001,1.070655360817909E-001,4.806156828999519E-002,-9.644191265106201E-001,-1.937257796525955E-001,1.070655360817909E-001,4.806156828999519E-002,-9.644191265106201E-001,
2.555766666666667E+009,-1.595616042613983E-001,1.053833216428757E-001,1.997124031186104E-002,-9.711835980415344E-001,-1.595616042613983E-001,1.053833216428757E-001,1.997124031186104E-002,-9.711835980415344E-001,
2.564133333333334E+009,-1.396469026803970E-001,8.411401510238648E-002,-7.329811807721853E-003,-9.690083861351013E-001,-1.396469026803970E-001,8.411401510238648E-002,-7.329811807721853E-003,-9.690083861351013E-001,
2.572500000000000E+009,-1.384291052818298E-001,5.545055493712425E-002,-3.726458922028542E-002,-9.694179296493530E-001,-1.384291052818298E-001,5.545055493712425E-002,-3.726458922028542E-002,-9.694179296493530E-001,
2.580866666666667E+009,-1.556944251060486E-001,2.943474985659123E-002,-6.805081665515900E-002,-9.701700210571289E-001,-1.556944251060486E-001,2.943474985659123E-002,-6.805081665515900E-002,-9.701700210571289E-001,
2.589233333333334E+009,-1.882050782442093E-001,1.741777919232845E-002,-1.015130653977394E-001,-9.597052931785584E-001,-1.882050782442093E-001,1.741777919232845E-002,-1.015130653977394E-001,-9.597052931785584E-001,
2.597600000000000E+009,-2.221343219280243E-001,2.334548532962799E-002,-1.300043910741806E-001,-9.523114562034607E-001,-2.221343219280243E-001,2.334548532962799E-002,-1.300043910741806E-001,-9.523114562034607E-001,
2.605966666666667E+009,-2.481539249420166E-001,4.920091107487679E-002,-1.427287310361862E-001,-9.494096636772156E-001,-2.481539249420166E-001,4.920091107487679E-002,-1.427287310361862E-001,-9.494096636772156E-001,
2.614333333333334E+009,-2.571178674697876E-001,8.339608460664749E-002,-1.628789454698563E-001,-9.356861710548401E-001,-2.571178674697876E-001,8.339608460664749E-002,-1.628789454698563E-001,-9.356861710548401E-001,
2.622700000000000E+009,-2.453851103782654E-001,1.239355802536011E-001,-1.808211803436279E-001,-9.275392293930054E-001,-2.453851103782654E-001,1.239355802536011E-001,-1.808211803436279E-001,-9.275392293930054E-001,
2.631066666666667E+009,-2.185381501913071E-001,1.556799113750458E-001,-2.023331075906754E-001,-9.361261129379273E-001,-2.185381501913071E-001,1.556799113750458E-001,-2.023331075906754E-001,-9.361261129379273E-001,
2.639433333333334E+009,-1.807690113782883E-001,1.704820096492767E-001,-2.210934907197952E-001,-9.262217879295349E-001,-1.807690113782883E-001,1.704820096492767E-001,-2.210934907197952E-001,-9.262217879295349E-001,
2.647800000000000E+009,-1.436530649662018E-001,1.681303828954697E-001,-2.451726645231247E-001,-9.275521039962769E-001,-1.436530649662018E-001,1.681303828954697E-001,-2.451726645231247E-001,-9.275521039962769E-001,
2.656166666666667E+009,-1.205499395728111E-001,1.491399705410004E-001,-2.693059742450714E-001,-9.315376281738281E-001,-1.205499395728111E-001,1.491399705410004E-001,-2.693059742450714E-001,-9.315376281738281E-001,
2.664533333333334E+009,-1.156993955373764E-001,1.227957680821419E-001,-3.044977784156799E-001,-9.148905277252197E-001,-1.156993955373764E-001,1.227957680821419E-001,-3.044977784156799E-001,-9.148905277252197E-001,
2.672900000000000E+009,-1.308075040578842E-001,9.892556071281433E-002,-3.279023766517639E-001,-9.102229475975037E-001,-1.308075040578842E-001,9.892556071281433E-002,-3.279023766517639E-001,-9.102229475975037E-001,
2.681266666666667E+009,-1.593843698501587E-001,8.950031548738480E-002,-3.571562469005585E-001,-8.950044512748718E-001,-1.593843698501587E-001,8.950031548738480E-002,-3.571562469005585E-001,-8.950044512748718E-001,
2.689633333333334E+009,-1.921101808547974E-001,9.742315858602524E-002,-3.801376521587372E-001,-8.829021453857422E-001,-1.921101808547974E-001,9.742315858602524E-002,-3.801376521587372E-001,-8.829021453857422E-001,
2.698000000000000E+009,-2.145000100135803E-001,1.215889528393745E-001,-3.925825059413910E-001,-8.653132319450378E-001,-2.145000100135803E-001,1.215889528393745E-001,-3.925825059413910E-001,-8.653132319450378E-001,
2.706366666666667E+009,-2.194694876670837E-001,1.566105186939240E-001,-4.152716100215912E-001,-8.484715223312378E-001,-2.194694876670837E-001,1.566105186939240E-001,-4.152716100215912E-001,-8.484715223312378E-001,
2.714733333333334E+009,-2.072356641292572E-001,1.902788281440735E-001,-4.270614385604858E-001,-8.451503515243530E-001,-2.072356641292572E-001,1.902788281440735E-001,-4.270614385604858E-001,-8.451503515243530E-001,
2.723100000000000E+009,-1.759142577648163E-001,2.176968306303024E-001,-4.433029294013977E-001,-8.326037526130676E-001,-1.759142577648163E-001,2.176968306303024E-001,-4.433029294013977E-001,-8.326037526130676E-001,
2.731466666666667E+009,-1.344947069883347E-001,2.296639978885651E-001,-4.646217226982117E-001,-8.292968273162842E-001,-1.344947069883347E-001,2.296639978885651E-001,-4.646217226982117E-001,-8.292968273162842E-001,
2.739833333333334E+009,-9.544393420219421E-002,2.225950956344605E-001,-4.842995107173920E-001,-8.196310997009277E-001,-9.544393420219421E-002,2.225950956344605E-001,-4.842995107173920E-001,-8.196310997009277E-001,
2.748200000000000E+009,-6.864204257726669E-002,2.021687924861908E-001,-5.086613297462463E-001,-8.128543496131897E-001,-6.864204257726669E-002,2.021687924861908E-001,-5.086613297462463E-001,-8.128543496131897E-001,
2.756566666666667E+009,-6.050424650311470E-002,1.739278286695480E-001,-5.361719727516174E-001,-8.043555617332459E-001,-6.050424650311470E-002,1.739278286695480E-001,-5.361719727516174E-001,-8.043555617332459E-001,
2.764933333333334E+009,-7.181925326585770E-002,1.489817500114441E-001,-5.707992315292358E-001,-7.926730513572693E-001,-7.181925326585770E-002,1.489817500114441E-001,-5.707992315292358E-001,-7.926730513572693E-001,
2.773300000000000E+009,-9.802341461181641E-002,1.347725689411163E-001,-5.872094631195068E-001,-7.689048051834106E-001,-9.802341461181641E-002,1.347725689411163E-001,-5.872094631195068E-001,-7.689048051834106E-001,
2.781666666666667E+009,-1.304649263620377E-001,1.436654031276703E-001,-6.066203117370606E-001,-7.464364767074585E-001,-1.304649263620377E-001,1.436654031276703E-001,-6.066203117370606E-001,-7.464364767074585E-001,
2.790033333333334E+009,-1.539824008941650E-001,1.652202457189560E-001,-6.245663166046143E-001,-7.285208702087402E-001,-1.539824008941650E-001,1.652202457189560E-001,-6.245663166046143E-001,-7.285208702087402E-001,
2.798400000000000E+009,-1.625490188598633E-001,1.977854073047638E-001,-6.380961537361145E-001,-7.130547165870667E-001,-1.625490188598633E-001,1.977854073047638E-001,-6.380961537361145E-001,-7.130547165870667E-001,
2.806766666666667E+009,-1.482261866331101E-001,2.306017726659775E-001,-6.476072669029236E-001,-6.880670785903931E-001,-1.482261866331101E-001,2.306017726659775E-001,-6.476072669029236E-001,-6.880670785903931E-001,
2.815133333333334E+009,-1.198180019855499E-001,2.522378563880920E-001,-6.602717041969299E-001,-6.763916611671448E-001,-1.198180019855499E-001,2.522378563880920E-001,-6.602717041969299E-001,-6.763916611671448E-001,
2.823500000000000E+009,-7.974421232938767E-002,2.611809074878693E-001,-6.762517094612122E-001,-6.660637259483337E-001,-7.974421232938767E-002,2.611809074878693E-001,-6.762517094612122E-001,-6.660637259483337E-001,
2.831866666666667E+009,-4.112955927848816E-002,2.498460859060288E-001,-6.884765625000000E-001,-6.545683145523071E-001,-4.112955927848816E-002,2.498460859060288E-001,-6.884765625000000E-001,-6.545683145523071E-001,
2.840233333333334E+009,-1.195456832647324E-002,2.264101952314377E-001,-7.140533328056335E-001,-6.437839269638062E-001,-1.195456832647324E-002,2.264101952314377E-001,-7.140533328056335E-001,-6.437839269638062E-001,
2.848600000000000E+009,-3.896689449902624E-004,1.961849480867386E-001,-7.316853404045105E-001,-6.225952506065369E-001,-3.896689449902624E-004,1.961849480867386E-001,-7.316853404045105E-001,-6.225952506065369E-001,
2.856966666666667E+009,-9.561599232256413E-003,1.706921607255936E-001,-7.547308802604675E-001,-6.050718426704407E-001,-9.561599232256413E-003,1.706921607255936E-001,-7.547308802604675E-001,-6.050718426704407E-001,
2.865333333333334E+009,-3.590944036841393E-002,1.579685807228088E-001,-7.755689024925232E-001,-5.864546895027161E-001,-3.590944036841393E-002,1.579685807228088E-001,-7.755689024925232E-001,-5.864546895027161E-001,
2.873700000000000E+009,-6.817477941513062E-002,1.641871482133865E-001,-7.928541898727417E-001,-5.519286990165710E-001,-6.817477941513062E-002,1.641871482133865E-001,-7.928541898727417E-001,-5.519286990165710E-001,
2.882066666666667E+009,-9.244643151760101E-002,1.879370659589768E-001,-8.000455498695374E-001,-5.213673114776611E-001,-9.244643151760101E-002,1.879370659589768E-001,-8.000455498695374E-001,-5.213673114776611E-001,
2.890433333333334E+009,-1.012669727206230E-001,2.234221994876862E-001,-8.093501329421997E-001,-5.002116560935974E-001,-1.012669727206230E-001,2.234221994876862E-001,-8.093501329421997E-001,-5.002116560935974E-001,
2.898800000000000E+009,-8.922415971755981E-002,2.580425739288330E-001,-8.131711483001709E-001,-4.836305379867554E-001,-8.922415971755981E-002,2.580425739288330E-001,-8.131711483001709E-001,-4.836305379867554E-001,
2.907166666666667E+009,-5.947894603013992E-002,2.799532711505890E-001,-8.145543932914734E-001,-4.698618352413178E-001,-5.947894603013992E-002,2.799532711505890E-001,-8.145543932914734E-001,-4.698618352413178E-001,
2.915533333333334E+009,-1.716140098869801E-002,2.870566248893738E-001,-8.272932767868042E-001,-4.472741782665253E-001,-1.716140098869801E-002,2.870566248893738E-001,-8.272932767868042E-001,-4.472741782665253E-001,
2.923900000000000E+009,2.251542918384075E-002,2.731533944606781E-001,-8.380252718925476E-001,-4.379285573959351E-001,2.251542918384075E-002,2.731533944606781E-001,-8.380252718925476E-001,-4.379285573959351E-001,
2.932266666666667E+009,5.334143713116646E-002,2.455858886241913E-001,-8.511118292808533E-001,-4.255732893943787E-001,5.334143713116646E-002,2.455858886241913E-001,-8.511118292808533E-001,-4.255732893943787E-001,
2.940633333333334E+009,6.631679087877274E-002,2.087412774562836E-001,-8.677313923835754E-001,-4.031499028205872E-001,6.631679087877274E-002,2.087412774562836E-001,-8.677313923835754E-001,-4.031499028205872E-001,
2.949000000000000E+009,5.895593017339706E-002,1.742120087146759E-001,-8.897444009780884E-001,-3.725841343402863E-001,5.895593017339706E-002,1.742120087146759E-001,-8.897444009780884E-001,-3.725841343402863E-001,
2.957366666666667E+009,3.469526767730713E-002,1.567792296409607E-001,-9.040092229843140E-001,-3.527502119541168E-001,3.469526767730713E-002,1.567792296409607E-001,-9.040092229843140E-001,-3.527502119541168E-001,
2.965733333333334E+009,8.928641327656806E-004,1.607293635606766E-001,-9.165571928024292E-001,-3.211036622524262E-001,8.928641327656806E-004,1.607293635606766E-001,-9.165571928024292E-001,-3.211036622524262E-001,
2.974100000000000E+009,-2.325570955872536E-002,1.852790862321854E-001,-9.217104911804199E-001,-2.840628027915955E-001,-2.325570955872536E-002,1.852790862321854E-001,-9.217104911804199E-001,-2.840628027915955E-001,
2.982466666666667E+009,-3.255805745720863E-002,2.217234671115875E-001,-9.241939187049866E-001,-2.558813989162445E-001,-3.255805745720863E-002,2.217234671115875E-001,-9.241939187049866E-001,-2.558813989162445E-001,
2.990833333333334E+009,-2.195625007152557E-002,2.581080794334412E-001,-9.172341227531433E-001,-2.393972873687744E-001,-2.195625007152557E-002,2.581080794334412E-001,-9.172341227531433E-001,-2.393972873687744E-001,
2.999200000000000E+009,8.108750917017460E-003,2.832261025905609E-001,-9.181062579154968E-001,-2.182602137327194E-001,8.108750917017460E-003,2.832261025905609E-001,-9.181062579154968E-001,-2.182602137327194E-001,
3.007566666666667E+009,4.892200231552124E-002,2.894023954868317E-001,-9.198907613754273E-001,-1.993461549282074E-001,4.892200231552124E-002,2.894023954868317E-001,-9.198907613754273E-001,-1.993461549282074E-001,
3.015933333333334E+009,9.096346795558929E-002,2.718274891376495E-001,-9.219313263893127E-001,-1.862985938787460E-001,9.096346795558929E-002,2.718274891376495E-001,-9.219313263893127E-001,-1.862985938787460E-001,
3.024300000000000E+009,1.208601891994476E-001,2.394551187753677E-001,-9.311445951461792E-001,-1.704630255699158E-001,1.208601891994476E-001,2.394551187753677E-001,-9.311445951461792E-001,-1.704630255699158E-001,
3.032666666666667E+009,1.328949779272080E-001,1.955435425043106E-001,-9.424364566802979E-001,-1.484903395175934E-001,1.328949779272080E-001,1.955435425043106E-001,-9.424364566802979E-001,-1.484903395175934E-001,
3.041033333333334E+009,1.217090487480164E-001,1.559608131647110E-001,-9.540778398513794E-001,-1.247842162847519E-001,1.217090487480164E-001,1.559608131647110E-001,-9.540778398513794E-001,-1.247842162847519E-001,
3.049400000000000E+009,9.269232302904129E-002,1.341220140457153E-001,-9.624751806259155E-001,-8.869674056768417E-002,9.269232302904129E-002,1.341220140457153E-001,-9.624751806259155E-001,-8.869674056768417E-002,
3.057766666666667E+009,5.818969756364822E-002,1.362738609313965E-001,-9.717763662338257E-001,-7.006518542766571E-002,5.818969756364822E-002,1.362738609313965E-001,-9.717763662338257E-001,-7.006518542766571E-002,
3.066133333333334E+009,2.913638763129711E-002,1.617636829614639E-001,-9.642617702484131E-001,-2.669464424252510E-002,2.913638763129711E-002,1.617636829614639E-001,-9.642617702484131E-001,-2.669464424252510E-002,
3.074500000000000E+009,2.102586999535561E-002,2.027667909860611E-001,-9.623862504959106E-001,5.995007231831551E-003,2.102586999535561E-002,2.027667909860611E-001,-9.623862504959106E-001,5.995007231831551E-003,
3.082866666666667E+009,3.612831979990006E-002,2.428421080112457E-001,-9.511907100677490E-001,2.749062143266201E-002,3.612831979990006E-002,2.428421080112457E-001,-9.511907100677490E-001,2.749062143266201E-002,
3.091233333333334E+009,7.256932556629181E-002,2.725400626659393E-001,-9.407238960266113E-001,5.273522064089775E-002,7.256932556629181E-002,2.725400626659393E-001,-9.407238960266113E-001,5.273522064089775E-002,
3.099600000000000E+009,1.185897961258888E-001,2.773127555847168E-001,-9.325881600379944E-001,6.103997305035591E-002,1.185897961258888E-001,2.773127555847168E-001,-9.325881600379944E-001,6.103997305035591E-002,
3.107966666666667E+009,1.656501144170761E-001,2.558241486549377E-001,-9.342323541641235E-001,7.223250716924667E-002,1.656501144170761E-001,2.558241486549377E-001,-9.342323541641235E-001,7.223250716924667E-002,
3.116333333333334E+009,1.987425535917282E-001,2.148136049509049E-001,-9.359625577926636E-001,9.270255267620087E-002,1.987425535917282E-001,2.148136049509049E-001,-9.359625577926636E-001,9.270255267620087E-002,
3.124700000000000E+009,2.067826837301254E-001,1.624063700437546E-001,-9.443036317825317E-001,1.049210801720619E-001,2.067826837301254E-001,1.624063700437546E-001,-9.443036317825317E-001,1.049210801720619E-001,
3.133066666666667E+009,1.919556558132172E-001,1.140412762761116E-001,-9.527920484542847E-001,1.367941647768021E-001,1.919556558132172E-001,1.140412762761116E-001,-9.527920484542847E-001,1.367941647768021E-001,
3.141433333333334E+009,1.570537835359573E-001,8.127157390117645E-002,-9.558417797088623E-001,1.655090302228928E-001,1.570537835359573E-001,8.127157390117645E-002,-9.558417797088623E-001,1.655090302228928E-001,
3.149800000000000E+009,1.111487224698067E-001,7.811179757118225E-002,-9.562174081802368E-001,2.051620334386826E-001,1.111487224698067E-001,7.811179757118225E-002,-9.562174081802368E-001,2.051620334386826E-001,
3.158166666666667E+009,7.398529350757599E-002,1.036954671144486E-001,-9.425182938575745E-001,2.401736676692963E-001,7.398529350757599E-002,1.036954671144486E-001,-9.425182938575745E-001,2.401736676692963E-001,
3.166533333333334E+009,5.976516008377075E-002,1.481147259473801E-001,-9.318856000900269E-001,2.695805430412293E-001,5.976516008377075E-002,1.481147259473801E-001,-9.318856000900269E-001,2.695805430412293E-001,
3.174900000000000E+009,7.104884833097458E-002,1.951723396778107E-001,-9.133937358856201E-001,2.936021089553833E-001,7.104884833097458E-002,1.951723396778107E-001,-9.133937358856201E-001,2.936021089553833E-001,
3.183266666666667E+009,1.077896058559418E-001,2.296060174703598E-001,-8.947734832763672E-001,3.116739988327026E-001,1.077896058559418E-001,2.296060174703598E-001,-8.947734832763672E-001,3.116739988327026E-001,
3.191633333333334E+009,1.562013924121857E-001,2.376073747873306E-001,-8.782522082328796E-001,3.240316510200501E-001,1.562013924121857E-001,2.376073747873306E-001,-8.782522082328796E-001,3.240316510200501E-001,
3.200000000000000E+009,2.024026215076447E-001,2.165712118148804E-001,-8.731330633163452E-001,3.338232338428497E-001,2.024026215076447E-001,2.165712118148804E-001,-8.731330633163452E-001,3.338232338428497E-001,
