% Version 1.00
%
%freq[Hz],re:Trc1_S11,im:Trc1_S11,re:Trc2_S21,im:Trc2_S21,re:Trc3_S11,im:Trc3_S11,re:Trc4_S21,im:Trc4_S21,
6.900000000000000E+008,-4.474551603198052E-002,3.912179544568062E-002,-4.980492293834686E-001,-8.544399142265320E-001,-4.474551603198052E-002,3.912179544568062E-002,-4.980492293834686E-001,-8.544399142265320E-001,
6.983666666666666E+008,-3.695482760667801E-002,3.944145888090134E-002,-5.148010253906250E-001,-8.369700908660889E-001,-3.695482760667801E-002,3.944145888090134E-002,-5.148010253906250E-001,-8.369700908660889E-001,
7.067333333333334E+008,-3.075692988932133E-002,3.627617284655571E-002,-5.438344478607178E-001,-8.105932474136353E-001,-3.075692988932133E-002,3.627617284655571E-002,-5.438344478607178E-001,-8.105932474136353E-001,
7.151000000000000E+008,-3.134774416685104E-002,2.790190465748310E-002,-5.525764226913452E-001,-8.029893040657044E-001,-3.134774416685104E-002,2.790190465748310E-002,-5.525764226913452E-001,-8.029893040657044E-001,
7.234666666666666E+008,-3.122111968696117E-002,2.201990410685539E-002,-5.911602973937988E-001,-7.911451458930969E-001,-3.122111968696117E-002,2.201990410685539E-002,-5.911602973937988E-001,-7.911451458930969E-001,
7.318333333333334E+008,-3.865860775113106E-002,1.852912828326225E-002,-5.971134901046753E-001,-7.862244248390198E-001,-3.865860775113106E-002,1.852912828326225E-002,-5.971134901046753E-001,-7.862244248390198E-001,
7.402000000000000E+008,-4.619183763861656E-002,2.007219940423966E-002,-6.273080110549927E-001,-7.629414200782776E-001,-4.619183763861656E-002,2.007219940423966E-002,-6.273080110549927E-001,-7.629414200782776E-001,
7.485666666666666E+008,-5.132200941443443E-002,2.547940425574780E-002,-6.494160294532776E-001,-7.254102230072022E-001,-5.132200941443443E-002,2.547940425574780E-002,-6.494160294532776E-001,-7.254102230072022E-001,
7.569333333333334E+008,-5.217535421252251E-002,3.454430028796196E-002,-6.647338271141052E-001,-7.277453541755676E-001,-5.217535421252251E-002,3.454430028796196E-002,-6.647338271141052E-001,-7.277453541755676E-001,
7.653000000000000E+008,-4.877724125981331E-002,4.345083609223366E-002,-6.723287105560303E-001,-7.205862402915955E-001,-4.877724125981331E-002,4.345083609223366E-002,-6.723287105560303E-001,-7.205862402915955E-001,
7.736666666666666E+008,-4.083945974707604E-002,5.233916640281677E-002,-6.976843476295471E-001,-7.125803828239441E-001,-4.083945974707604E-002,5.233916640281677E-002,-6.976843476295471E-001,-7.125803828239441E-001,
7.820333333333334E+008,-3.424751758575440E-002,5.641490966081619E-002,-7.208852767944336E-001,-6.897140741348267E-001,-3.424751758575440E-002,5.641490966081619E-002,-7.208852767944336E-001,-6.897140741348267E-001,
7.904000000000000E+008,-2.457582019269466E-002,5.501744896173477E-002,-7.356330156326294E-001,-6.669659018516541E-001,-2.457582019269466E-002,5.501744896173477E-002,-7.356330156326294E-001,-6.669659018516541E-001,
7.987666666666666E+008,-1.712526939809322E-002,5.047845095396042E-002,-7.483610510826111E-001,-6.466599106788635E-001,-1.712526939809322E-002,5.047845095396042E-002,-7.483610510826111E-001,-6.466599106788635E-001,
8.071333333333334E+008,-1.712266355752945E-002,4.589654505252838E-002,-7.614402770996094E-001,-6.337828636169434E-001,-1.712266355752945E-002,4.589654505252838E-002,-7.614402770996094E-001,-6.337828636169434E-001,
8.155000000000000E+008,-2.113218232989311E-002,3.849621489644051E-002,-7.716062664985657E-001,-5.880206823348999E-001,-2.113218232989311E-002,3.849621489644051E-002,-7.716062664985657E-001,-5.880206823348999E-001,
8.238666666666666E+008,-2.593342028558254E-002,3.528006747364998E-002,-8.031319379806519E-001,-5.928891897201538E-001,-2.593342028558254E-002,3.528006747364998E-002,-8.031319379806519E-001,-5.928891897201538E-001,
8.322333333333334E+008,-3.439138084650040E-002,3.695715218782425E-002,-8.152467012405396E-001,-5.647119283676148E-001,-3.439138084650040E-002,3.695715218782425E-002,-8.152467012405396E-001,-5.647119283676148E-001,
8.406000000000000E+008,-3.919178992509842E-002,4.026156663894653E-002,-8.273716568946838E-001,-5.498909354209900E-001,-3.919178992509842E-002,4.026156663894653E-002,-8.273716568946838E-001,-5.498909354209900E-001,
8.489666666666668E+008,-3.972209990024567E-002,4.815593361854553E-002,-8.476811647415161E-001,-5.237156748771668E-001,-3.972209990024567E-002,4.815593361854553E-002,-8.476811647415161E-001,-5.237156748771668E-001,
8.573333333333334E+008,-3.641337901353836E-002,5.567347258329392E-002,-8.529607653617859E-001,-5.064644217491150E-001,-3.641337901353836E-002,5.567347258329392E-002,-8.529607653617859E-001,-5.064644217491150E-001,
8.657000000000000E+008,-2.951718680560589E-002,6.450077146291733E-002,-8.690643906593323E-001,-4.780169427394867E-001,-2.951718680560589E-002,6.450077146291733E-002,-8.690643906593323E-001,-4.780169427394867E-001,
8.740666666666668E+008,-2.088431455194950E-002,6.963504105806351E-002,-8.636779189109802E-001,-4.587441682815552E-001,-2.088431455194950E-002,6.963504105806351E-002,-8.636779189109802E-001,-4.587441682815552E-001,
8.824333333333334E+008,-1.142388768494129E-002,6.854413449764252E-002,-8.954221606254578E-001,-4.272748529911041E-001,-1.142388768494129E-002,6.854413449764252E-002,-8.954221606254578E-001,-4.272748529911041E-001,
8.908000000000000E+008,-3.750141942873597E-003,6.849560141563416E-002,-9.061688184738159E-001,-4.240857660770416E-001,-3.750141942873597E-003,6.849560141563416E-002,-9.061688184738159E-001,-4.240857660770416E-001,
8.991666666666668E+008,-9.227786795236170E-004,6.155602261424065E-002,-9.175457954406738E-001,-3.946726024150848E-001,-9.227786795236170E-004,6.155602261424065E-002,-9.175457954406738E-001,-3.946726024150848E-001,
9.075333333333334E+008,-9.012180380523205E-004,5.692898854613304E-002,-9.095388650894165E-001,-3.693357110023499E-001,-9.012180380523205E-004,5.692898854613304E-002,-9.095388650894165E-001,-3.693357110023499E-001,
9.159000000000000E+008,-3.724825335666537E-003,5.168042331933975E-002,-9.248136281967163E-001,-3.588934540748596E-001,-3.724825335666537E-003,5.168042331933975E-002,-9.248136281967163E-001,-3.588934540748596E-001,
9.242666666666668E+008,-9.060301817953587E-003,4.710362479090691E-002,-9.356933832168579E-001,-3.334481418132782E-001,-9.060301817953587E-003,4.710362479090691E-002,-9.356933832168579E-001,-3.334481418132782E-001,
9.326333333333334E+008,-1.383825391530991E-002,4.898740723729134E-002,-9.402230978012085E-001,-2.996326684951782E-001,-1.383825391530991E-002,4.898740723729134E-002,-9.402230978012085E-001,-2.996326684951782E-001,
9.410000000000000E+008,-1.920512504875660E-002,5.515640601515770E-002,-9.467732906341553E-001,-2.718833684921265E-001,-1.920512504875660E-002,5.515640601515770E-002,-9.467732906341553E-001,-2.718833684921265E-001,
9.493666666666668E+008,-2.004487439990044E-002,6.224595382809639E-002,-9.525437355041504E-001,-2.621585130691528E-001,-2.004487439990044E-002,6.224595382809639E-002,-9.525437355041504E-001,-2.621585130691528E-001,
9.577333333333334E+008,-1.513701397925615E-002,7.041715085506439E-002,-9.781251549720764E-001,-2.204761654138565E-001,-1.513701397925615E-002,7.041715085506439E-002,-9.781251549720764E-001,-2.204761654138565E-001,
9.661000000000000E+008,-6.553285755217075E-003,7.727990299463272E-002,-9.633958935737610E-001,-2.057800143957138E-001,-6.553285755217075E-003,7.727990299463272E-002,-9.633958935737610E-001,-2.057800143957138E-001,
9.744666666666668E+008,3.256721422076225E-003,8.183388411998749E-002,-9.744335412979126E-001,-1.737255901098251E-001,3.256721422076225E-003,8.183388411998749E-002,-9.744335412979126E-001,-1.737255901098251E-001,
9.828333333333334E+008,1.705312542617321E-002,7.988288998603821E-002,-9.704266786575317E-001,-1.481488049030304E-001,1.705312542617321E-002,7.988288998603821E-002,-9.704266786575317E-001,-1.481488049030304E-001,
9.912000000000000E+008,2.680050581693649E-002,7.663970440626144E-002,-9.811379313468933E-001,-1.387006640434265E-001,2.680050581693649E-002,7.663970440626144E-002,-9.811379313468933E-001,-1.387006640434265E-001,
9.995666666666668E+008,3.131302073597908E-002,6.728573143482208E-002,-9.845930933952332E-001,-1.025473251938820E-001,3.131302073597908E-002,6.728573143482208E-002,-9.845930933952332E-001,-1.025473251938820E-001,
1.007933333333333E+009,3.144387155771256E-002,5.899932608008385E-002,-9.885466098785400E-001,-8.314207941293716E-002,3.144387155771256E-002,5.899932608008385E-002,-9.885466098785400E-001,-8.314207941293716E-002,
1.016300000000000E+009,2.517823316156864E-002,4.998859763145447E-002,-9.880992174148560E-001,-5.613393336534500E-002,2.517823316156864E-002,4.998859763145447E-002,-9.880992174148560E-001,-5.613393336534500E-002,
1.024666666666667E+009,1.690663769841194E-002,4.905947670340538E-002,-9.895353317260742E-001,-3.554916009306908E-002,1.690663769841194E-002,4.905947670340538E-002,-9.895353317260742E-001,-3.554916009306908E-002,
1.033033333333333E+009,9.500885382294655E-003,4.974762722849846E-002,-9.679844379425049E-001,3.547522937878966E-003,9.500885382294655E-003,4.974762722849846E-002,-9.679844379425049E-001,3.547522937878966E-003,
1.041400000000000E+009,5.296123679727316E-003,5.578551068902016E-002,-9.754449129104614E-001,2.433042228221893E-002,5.296123679727316E-003,5.578551068902016E-002,-9.754449129104614E-001,2.433042228221893E-002,
1.049766666666667E+009,4.612204618752003E-003,6.409212946891785E-002,-9.846057295799255E-001,4.611789435148239E-002,4.612204618752003E-003,6.409212946891785E-002,-9.846057295799255E-001,4.611789435148239E-002,
1.058133333333333E+009,1.274134218692780E-002,7.285753637552261E-002,-9.798622131347656E-001,7.126782834529877E-002,1.274134218692780E-002,7.285753637552261E-002,-9.798622131347656E-001,7.126782834529877E-002,
1.066500000000000E+009,2.577015198767185E-002,7.737047225236893E-002,-9.640635848045349E-001,9.898472577333450E-002,2.577015198767185E-002,7.737047225236893E-002,-9.640635848045349E-001,9.898472577333450E-002,
1.074866666666667E+009,3.813447803258896E-002,7.404012978076935E-002,-9.742509126663208E-001,1.283560097217560E-001,3.813447803258896E-002,7.404012978076935E-002,-9.742509126663208E-001,1.283560097217560E-001,
1.083233333333334E+009,5.116070806980133E-002,6.979236006736755E-002,-9.699444770812988E-001,1.445655822753906E-001,5.116070806980133E-002,6.979236006736755E-002,-9.699444770812988E-001,1.445655822753906E-001,
1.091600000000000E+009,5.598847940564156E-002,5.758373066782951E-002,-9.631668925285339E-001,1.784805506467819E-001,5.598847940564156E-002,5.758373066782951E-002,-9.631668925285339E-001,1.784805506467819E-001,
1.099966666666667E+009,5.769959464669228E-002,4.481693357229233E-002,-9.591939449310303E-001,1.948347389698029E-001,5.769959464669228E-002,4.481693357229233E-002,-9.591939449310303E-001,1.948347389698029E-001,
1.108333333333334E+009,4.959313943982124E-002,3.469533473253250E-002,-9.714404344558716E-001,2.171865999698639E-001,4.959313943982124E-002,3.469533473253250E-002,-9.714404344558716E-001,2.171865999698639E-001,
1.116700000000000E+009,3.745497763156891E-002,3.453039005398750E-002,-9.571010470390320E-001,2.494726777076721E-001,3.745497763156891E-002,3.453039005398750E-002,-9.571010470390320E-001,2.494726777076721E-001,
1.125066666666667E+009,2.518477104604244E-002,3.532694652676582E-002,-9.419468641281128E-001,2.711670398712158E-001,2.518477104604244E-002,3.532694652676582E-002,-9.419468641281128E-001,2.711670398712158E-001,
1.133433333333334E+009,1.432842109352350E-002,4.687914997339249E-002,-9.377977848052979E-001,2.895459532737732E-001,1.432842109352350E-002,4.687914997339249E-002,-9.377977848052979E-001,2.895459532737732E-001,
1.141800000000000E+009,1.493516564369202E-002,5.959963053464890E-002,-9.265462756156921E-001,3.149037957191467E-001,1.493516564369202E-002,5.959963053464890E-002,-9.265462756156921E-001,3.149037957191467E-001,
1.150166666666667E+009,2.134560607373714E-002,7.192617654800415E-002,-9.213367104530335E-001,3.452203273773193E-001,2.134560607373714E-002,7.192617654800415E-002,-9.213367104530335E-001,3.452203273773193E-001,
1.158533333333334E+009,3.934164345264435E-002,7.904288917779923E-002,-9.110761284828186E-001,3.679237067699432E-001,3.934164345264435E-002,7.904288917779923E-002,-9.110761284828186E-001,3.679237067699432E-001,
1.166900000000000E+009,5.900901928544045E-002,7.782655954360962E-002,-9.022964835166931E-001,3.940884768962860E-001,5.900901928544045E-002,7.782655954360962E-002,-9.022964835166931E-001,3.940884768962860E-001,
1.175266666666667E+009,7.534105330705643E-002,6.793113052845001E-002,-8.834745287895203E-001,4.075570404529572E-001,7.534105330705643E-002,6.793113052845001E-002,-8.834745287895203E-001,4.075570404529572E-001,
1.183633333333334E+009,8.859030902385712E-002,5.277745798230171E-002,-8.788973093032837E-001,4.344699382781982E-001,8.859030902385712E-002,5.277745798230171E-002,-8.788973093032837E-001,4.344699382781982E-001,
1.192000000000000E+009,9.040564298629761E-002,3.499102219939232E-002,-8.721264600753784E-001,4.606274366378784E-001,9.040564298629761E-002,3.499102219939232E-002,-8.721264600753784E-001,4.606274366378784E-001,
1.200366666666667E+009,8.117771893739700E-002,1.744659245014191E-002,-8.586332201957703E-001,4.782994985580444E-001,8.117771893739700E-002,1.744659245014191E-002,-8.586332201957703E-001,4.782994985580444E-001,
1.208733333333334E+009,6.378427892923355E-002,8.479792624711990E-003,-8.541404604911804E-001,5.076604485511780E-001,6.378427892923355E-002,8.479792624711990E-003,-8.541404604911804E-001,5.076604485511780E-001,
1.217100000000000E+009,4.531058669090271E-002,1.011286955326796E-002,-8.222675919532776E-001,5.209188461303711E-001,4.531058669090271E-002,1.011286955326796E-002,-8.222675919532776E-001,5.209188461303711E-001,
1.225466666666667E+009,3.327027335762978E-002,2.095497958362103E-002,-8.255950808525085E-001,5.461806654930115E-001,3.327027335762978E-002,2.095497958362103E-002,-8.255950808525085E-001,5.461806654930115E-001,
1.233833333333334E+009,3.079876676201820E-002,3.583047166466713E-002,-8.059794902801514E-001,5.670337080955505E-001,3.079876676201820E-002,3.583047166466713E-002,-8.059794902801514E-001,5.670337080955505E-001,
1.242200000000000E+009,3.623138740658760E-002,5.011765658855438E-002,-7.779528498649597E-001,5.840607285499573E-001,3.623138740658760E-002,5.011765658855438E-002,-7.779528498649597E-001,5.840607285499573E-001,
1.250566666666667E+009,5.124966800212860E-002,5.960717052221298E-002,-7.825261950492859E-001,6.123840212821960E-001,5.124966800212860E-002,5.960717052221298E-002,-7.825261950492859E-001,6.123840212821960E-001,
1.258933333333334E+009,7.202921062707901E-002,5.982065200805664E-002,-7.609410285949707E-001,6.227434873580933E-001,7.202921062707901E-002,5.982065200805664E-002,-7.609410285949707E-001,6.227434873580933E-001,
1.267300000000000E+009,9.015493094921112E-002,4.703467711806297E-002,-7.372626066207886E-001,6.404900550842285E-001,9.015493094921112E-002,4.703467711806297E-002,-7.372626066207886E-001,6.404900550842285E-001,
1.275666666666667E+009,1.016376540064812E-001,2.944401465356350E-002,-7.337598800659180E-001,6.454719305038452E-001,1.016376540064812E-001,2.944401465356350E-002,-7.337598800659180E-001,6.454719305038452E-001,
1.284033333333334E+009,1.035631075501442E-001,6.669041234999895E-003,-7.027919292449951E-001,6.964151263237000E-001,1.035631075501442E-001,6.669041234999895E-003,-7.027919292449951E-001,6.964151263237000E-001,
1.292400000000000E+009,9.178169816732407E-002,-1.172741688787937E-002,-6.992207169532776E-001,6.949529647827148E-001,9.178169816732407E-002,-1.172741688787937E-002,-6.992207169532776E-001,6.949529647827148E-001,
1.300766666666667E+009,7.378825545310974E-002,-1.990445144474506E-002,-6.815953254699707E-001,7.120684981346130E-001,7.378825545310974E-002,-1.990445144474506E-002,-6.815953254699707E-001,7.120684981346130E-001,
1.309133333333334E+009,5.376081913709641E-002,-1.770073920488358E-002,-6.671967506408691E-001,7.396247982978821E-001,5.376081913709641E-002,-1.770073920488358E-002,-6.671967506408691E-001,7.396247982978821E-001,
1.317500000000000E+009,3.859755396842957E-002,-5.714659113436937E-003,-6.374956965446472E-001,7.644171714782715E-001,3.859755396842957E-002,-5.714659113436937E-003,-6.374956965446472E-001,7.644171714782715E-001,
1.325866666666667E+009,3.302529081702232E-002,1.040636748075485E-002,-6.192722916603088E-001,7.646690607070923E-001,3.302529081702232E-002,1.040636748075485E-002,-6.192722916603088E-001,7.646690607070923E-001,
1.334233333333334E+009,3.924752026796341E-002,2.874285914003849E-002,-5.973362326622009E-001,7.777745127677918E-001,3.924752026796341E-002,2.874285914003849E-002,-5.973362326622009E-001,7.777745127677918E-001,
1.342600000000000E+009,5.563862994313240E-002,3.440330550074577E-002,-5.841874480247498E-001,7.963399291038513E-001,5.563862994313240E-002,3.440330550074577E-002,-5.841874480247498E-001,7.963399291038513E-001,
1.350966666666667E+009,7.358791679143906E-002,3.258931264281273E-002,-5.542291998863220E-001,8.167883753776550E-001,7.358791679143906E-002,3.258931264281273E-002,-5.542291998863220E-001,8.167883753776550E-001,
1.359333333333334E+009,8.976333588361740E-002,1.963687874376774E-002,-5.364196896553040E-001,8.230609893798828E-001,8.976333588361740E-002,1.963687874376774E-002,-5.364196896553040E-001,8.230609893798828E-001,
1.367700000000000E+009,9.693462401628494E-002,-2.181550953537226E-003,-5.189455151557922E-001,8.339628577232361E-001,9.693462401628494E-002,-2.181550953537226E-003,-5.189455151557922E-001,8.339628577232361E-001,
1.376066666666667E+009,9.165287017822266E-002,-2.596404962241650E-002,-4.935233592987061E-001,8.456788063049316E-001,9.165287017822266E-002,-2.596404962241650E-002,-4.935233592987061E-001,8.456788063049316E-001,
1.384433333333334E+009,7.654535025358200E-002,-4.017835482954979E-002,-4.851000010967255E-001,8.564120531082153E-001,7.654535025358200E-002,-4.017835482954979E-002,-4.851000010967255E-001,8.564120531082153E-001,
1.392800000000000E+009,5.311593413352966E-002,-4.412110522389412E-002,-4.614824354648590E-001,8.634052276611328E-001,5.311593413352966E-002,-4.412110522389412E-002,-4.614824354648590E-001,8.634052276611328E-001,
1.401166666666667E+009,3.531220182776451E-002,-3.623541817069054E-002,-4.303509593009949E-001,8.908399343490601E-001,3.531220182776451E-002,-3.623541817069054E-002,-4.303509593009949E-001,8.908399343490601E-001,
1.409533333333334E+009,2.239522151648998E-002,-1.630049012601376E-002,-4.079873859882355E-001,9.009575247764587E-001,2.239522151648998E-002,-1.630049012601376E-002,-4.079873859882355E-001,9.009575247764587E-001,
1.417900000000000E+009,2.033718675374985E-002,5.132060497999191E-003,-3.682905435562134E-001,8.956565260887146E-001,2.033718675374985E-002,5.132060497999191E-003,-3.682905435562134E-001,8.956565260887146E-001,
1.426266666666667E+009,3.046338073909283E-002,2.411804161965847E-002,-3.638098537921906E-001,9.245305061340332E-001,3.046338073909283E-002,2.411804161965847E-002,-3.638098537921906E-001,9.245305061340332E-001,
1.434633333333334E+009,4.890089482069016E-002,3.139331191778183E-002,-3.334286808967590E-001,9.185355901718140E-001,4.890089482069016E-002,3.139331191778183E-002,-3.334286808967590E-001,9.185355901718140E-001,
1.443000000000000E+009,7.129693776369095E-002,2.860856615006924E-002,-3.069517016410828E-001,9.313442707061768E-001,7.129693776369095E-002,2.860856615006924E-002,-3.069517016410828E-001,9.313442707061768E-001,
1.451366666666667E+009,8.678190410137177E-002,1.177008170634508E-002,-2.878160178661346E-001,9.366648197174072E-001,8.678190410137177E-002,1.177008170634508E-002,-2.878160178661346E-001,9.366648197174072E-001,
1.459733333333334E+009,9.291505813598633E-002,-1.015364751219750E-002,-2.735279500484467E-001,9.398257136344910E-001,9.291505813598633E-002,-1.015364751219750E-002,-2.735279500484467E-001,9.398257136344910E-001,
1.468100000000000E+009,8.721138536930084E-002,-3.256038948893547E-002,-2.372879087924957E-001,9.478428363800049E-001,8.721138536930084E-002,-3.256038948893547E-002,-2.372879087924957E-001,9.478428363800049E-001,
1.476466666666667E+009,7.101310044527054E-002,-4.791481420397759E-002,-2.190740257501602E-001,9.624146819114685E-001,7.101310044527054E-002,-4.791481420397759E-002,-2.190740257501602E-001,9.624146819114685E-001,
1.484833333333334E+009,4.889196902513504E-002,-5.186727270483971E-002,-1.863877177238464E-001,9.649335145950317E-001,4.889196902513504E-002,-5.186727270483971E-002,-1.863877177238464E-001,9.649335145950317E-001,
1.493200000000000E+009,3.173494711518288E-002,-4.283547028899193E-002,-1.703550666570664E-001,9.664542675018311E-001,3.173494711518288E-002,-4.283547028899193E-002,-1.703550666570664E-001,9.664542675018311E-001,
1.501566666666667E+009,2.101225592195988E-002,-2.385536767542362E-002,-1.404436081647873E-001,9.702566266059876E-001,2.101225592195988E-002,-2.385536767542362E-002,-1.404436081647873E-001,9.702566266059876E-001,
1.509933333333334E+009,2.050760388374329E-002,-1.285576960071921E-003,-1.249289214611054E-001,9.755617976188660E-001,2.050760388374329E-002,-1.285576960071921E-003,-1.249289214611054E-001,9.755617976188660E-001,
1.518300000000000E+009,3.477250784635544E-002,1.576570048928261E-002,-9.798141568899155E-002,9.830744266510010E-001,3.477250784635544E-002,1.576570048928261E-002,-9.798141568899155E-002,9.830744266510010E-001,
1.526666666666667E+009,5.432076007127762E-002,2.280867472290993E-002,-6.428922712802887E-002,9.767034053802490E-001,5.432076007127762E-002,2.280867472290993E-002,-6.428922712802887E-002,9.767034053802490E-001,
1.535033333333334E+009,7.462704926729202E-002,1.901329867541790E-002,-4.276940226554871E-002,9.870410561561585E-001,7.462704926729202E-002,1.901329867541790E-002,-4.276940226554871E-002,9.870410561561585E-001,
1.543400000000000E+009,8.816648274660111E-002,2.433270681649447E-003,-2.151668258011341E-002,9.801719784736633E-001,8.816648274660111E-002,2.433270681649447E-003,-2.151668258011341E-002,9.801719784736633E-001,
1.551766666666667E+009,8.998215943574905E-002,-2.104456909000874E-002,2.088863169774413E-003,9.751574397087097E-001,8.998215943574905E-002,-2.104456909000874E-002,2.088863169774413E-003,9.751574397087097E-001,
1.560133333333334E+009,8.329053968191147E-002,-4.261300712823868E-002,2.356975153088570E-002,9.812678694725037E-001,8.329053968191147E-002,-4.261300712823868E-002,2.356975153088570E-002,9.812678694725037E-001,
1.568500000000000E+009,6.798017024993897E-002,-5.658144503831863E-002,4.066974297165871E-002,9.838878512382507E-001,6.798017024993897E-002,-5.658144503831863E-002,4.066974297165871E-002,9.838878512382507E-001,
1.576866666666667E+009,4.750088229775429E-002,-5.857568606734276E-002,8.200256526470184E-002,9.749299287796021E-001,4.750088229775429E-002,-5.857568606734276E-002,8.200256526470184E-002,9.749299287796021E-001,
1.585233333333334E+009,3.332634270191193E-002,-5.063930526375771E-002,9.661194682121277E-002,9.751636981964111E-001,3.332634270191193E-002,-5.063930526375771E-002,9.661194682121277E-002,9.751636981964111E-001,
1.593600000000000E+009,2.501201070845127E-002,-3.563055396080017E-002,1.245904490351677E-001,9.710212349891663E-001,2.501201070845127E-002,-3.563055396080017E-002,1.245904490351677E-001,9.710212349891663E-001,
1.601966666666667E+009,2.697740867733955E-002,-1.649752818048000E-002,1.461899876594544E-001,9.696636199951172E-001,2.697740867733955E-002,-1.649752818048000E-002,1.461899876594544E-001,9.696636199951172E-001,
1.610333333333334E+009,3.875603526830673E-002,-3.286476945504546E-003,1.775505691766739E-001,9.631488919258118E-001,3.875603526830673E-002,-3.286476945504546E-003,1.775505691766739E-001,9.631488919258118E-001,
1.618700000000000E+009,5.662260577082634E-002,9.623751393519342E-004,2.033939212560654E-001,9.597998261451721E-001,5.662260577082634E-002,9.623751393519342E-004,2.033939212560654E-001,9.597998261451721E-001,
1.627066666666667E+009,7.182113081216812E-002,-5.122272297739983E-003,2.249728292226791E-001,9.521483778953552E-001,7.182113081216812E-002,-5.122272297739983E-003,2.249728292226791E-001,9.521483778953552E-001,
1.635433333333334E+009,8.042609691619873E-002,-1.775663904845715E-002,2.526921927928925E-001,9.520796537399292E-001,8.042609691619873E-002,-1.775663904845715E-002,2.526921927928925E-001,9.520796537399292E-001,
1.643800000000000E+009,8.069670200347900E-002,-3.700332716107369E-002,2.655996382236481E-001,9.414447546005249E-001,8.069670200347900E-002,-3.700332716107369E-002,2.655996382236481E-001,9.414447546005249E-001,
1.652166666666667E+009,7.097963988780975E-002,-5.354883149266243E-002,2.996639013290405E-001,9.324186444282532E-001,7.097963988780975E-002,-5.354883149266243E-002,2.996639013290405E-001,9.324186444282532E-001,
1.660533333333334E+009,5.571986362338066E-002,-6.271189451217651E-002,3.165580332279205E-001,9.278512001037598E-001,5.571986362338066E-002,-6.271189451217651E-002,3.165580332279205E-001,9.278512001037598E-001,
1.668900000000000E+009,3.901477903127670E-002,-6.201227381825447E-002,3.380963802337647E-001,9.161716103553772E-001,3.901477903127670E-002,-6.201227381825447E-002,3.380963802337647E-001,9.161716103553772E-001,
1.677266666666667E+009,2.570109628140926E-002,-5.442802980542183E-002,3.775002360343933E-001,9.080516099929810E-001,2.570109628140926E-002,-5.442802980542183E-002,3.775002360343933E-001,9.080516099929810E-001,
1.685633333333334E+009,2.231004275381565E-002,-3.963046893477440E-002,3.931574821472168E-001,9.015112519264221E-001,2.231004275381565E-002,-3.963046893477440E-002,3.931574821472168E-001,9.015112519264221E-001,
1.694000000000000E+009,2.596091665327549E-002,-2.623733133077622E-002,4.099900424480438E-001,8.892021775245667E-001,2.596091665327549E-002,-2.623733133077622E-002,4.099900424480438E-001,8.892021775245667E-001,
1.702366666666667E+009,3.806960955262184E-002,-1.418129354715347E-002,4.332825541496277E-001,8.810928463935852E-001,3.806960955262184E-002,-1.418129354715347E-002,4.332825541496277E-001,8.810928463935852E-001,
1.710733333333334E+009,5.491903051733971E-002,-1.065976638346911E-002,4.529049694538117E-001,8.638476133346558E-001,5.491903051733971E-002,-1.065976638346911E-002,4.529049694538117E-001,8.638476133346558E-001,
1.719100000000000E+009,7.021340727806091E-002,-1.760437339544296E-002,4.803164005279541E-001,8.491024374961853E-001,7.021340727806091E-002,-1.760437339544296E-002,4.803164005279541E-001,8.491024374961853E-001,
1.727466666666667E+009,7.984850555658341E-002,-3.060570918023586E-002,4.982278943061829E-001,8.422660231590271E-001,7.984850555658341E-002,-3.060570918023586E-002,4.982278943061829E-001,8.422660231590271E-001,
1.735833333333334E+009,8.077563345432282E-002,-4.727016016840935E-002,5.146796703338623E-001,8.268715739250183E-001,8.077563345432282E-002,-4.727016016840935E-002,5.146796703338623E-001,8.268715739250183E-001,
1.744200000000000E+009,7.231291383504868E-002,-6.542799621820450E-002,5.430941581726074E-001,8.052201271057129E-001,7.231291383504868E-002,-6.542799621820450E-002,5.430941581726074E-001,8.052201271057129E-001,
1.752566666666667E+009,5.888309702277184E-002,-7.713671773672104E-002,5.708668231964111E-001,7.992693185806274E-001,5.888309702277184E-002,-7.713671773672104E-002,5.708668231964111E-001,7.992693185806274E-001,
1.760933333333334E+009,4.212217777967453E-002,-8.277316391468048E-002,5.793523192405701E-001,7.864155769348145E-001,4.212217777967453E-002,-8.277316391468048E-002,5.793523192405701E-001,7.864155769348145E-001,
1.769300000000000E+009,2.642483077943325E-002,-8.037905395030975E-002,6.033562421798706E-001,7.779619097709656E-001,2.642483077943325E-002,-8.037905395030975E-002,6.033562421798706E-001,7.779619097709656E-001,
1.777666666666667E+009,1.674301922321320E-002,-7.008008658885956E-002,6.176348328590393E-001,7.682335972785950E-001,1.674301922321320E-002,-7.008008658885956E-002,6.176348328590393E-001,7.682335972785950E-001,
1.786033333333334E+009,1.457754708826542E-002,-5.987084284424782E-002,6.331090927124023E-001,7.385601997375488E-001,1.457754708826542E-002,-5.987084284424782E-002,6.331090927124023E-001,7.385601997375488E-001,
1.794400000000000E+009,2.046067826449871E-002,-4.694643616676331E-002,6.569649577140808E-001,7.243874073028565E-001,2.046067826449871E-002,-4.694643616676331E-002,6.569649577140808E-001,7.243874073028565E-001,
1.802766666666667E+009,2.818792872130871E-002,-4.048817977309227E-002,6.756256818771362E-001,7.064514160156250E-001,2.818792872130871E-002,-4.048817977309227E-002,6.756256818771362E-001,7.064514160156250E-001,
1.811133333333334E+009,3.894777223467827E-002,-3.838190436363220E-002,7.007278800010681E-001,6.884937882423401E-001,3.894777223467827E-002,-3.838190436363220E-002,7.007278800010681E-001,6.884937882423401E-001,
1.819500000000000E+009,4.864747822284699E-002,-4.170818626880646E-002,7.127516269683838E-001,6.626959443092346E-001,4.864747822284699E-002,-4.170818626880646E-002,7.127516269683838E-001,6.626959443092346E-001,
1.827866666666667E+009,5.421983823180199E-002,-4.991934448480606E-002,7.334118485450745E-001,6.520627140998840E-001,5.421983823180199E-002,-4.991934448480606E-002,7.334118485450745E-001,6.520627140998840E-001,
1.836233333333334E+009,5.147286504507065E-002,-6.040666997432709E-002,7.455607056617737E-001,6.348760724067688E-001,5.147286504507065E-002,-6.040666997432709E-002,7.455607056617737E-001,6.348760724067688E-001,
1.844600000000000E+009,4.371321201324463E-002,-6.899470090866089E-002,7.619453668594360E-001,6.277030706405640E-001,4.371321201324463E-002,-6.899470090866089E-002,7.619453668594360E-001,6.277030706405640E-001,
1.852966666666667E+009,3.411566838622093E-002,-7.417798787355423E-002,7.712092995643616E-001,5.936038494110107E-001,3.411566838622093E-002,-7.417798787355423E-002,7.712092995643616E-001,5.936038494110107E-001,
1.861333333333334E+009,2.359000407159329E-002,-7.683070749044418E-002,7.942264676094055E-001,5.750851035118103E-001,2.359000407159329E-002,-7.683070749044418E-002,7.942264676094055E-001,5.750851035118103E-001,
1.869700000000000E+009,1.554445922374725E-002,-7.127991318702698E-002,8.091275095939636E-001,5.567278265953064E-001,1.554445922374725E-002,-7.127991318702698E-002,8.091275095939636E-001,5.567278265953064E-001,
1.878066666666667E+009,1.169548835605383E-002,-6.597232073545456E-002,8.229622244834900E-001,5.418241620063782E-001,1.169548835605383E-002,-6.597232073545456E-002,8.229622244834900E-001,5.418241620063782E-001,
1.886433333333334E+009,1.314424537122250E-002,-5.808132514357567E-002,8.415430784225464E-001,5.166859626770020E-001,1.314424537122250E-002,-5.808132514357567E-002,8.415430784225464E-001,5.166859626770020E-001,
1.894800000000000E+009,2.156672067940235E-002,-5.254163220524788E-002,8.530906438827515E-001,4.976259469985962E-001,2.156672067940235E-002,-5.254163220524788E-002,8.530906438827515E-001,4.976259469985962E-001,
1.903166666666667E+009,3.079489618539810E-002,-4.882587119936943E-002,8.650141954421997E-001,4.676781594753265E-001,3.079489618539810E-002,-4.882587119936943E-002,8.650141954421997E-001,4.676781594753265E-001,
1.911533333333334E+009,4.040271788835526E-002,-5.295269936323166E-002,8.731786012649536E-001,4.404560029506683E-001,4.040271788835526E-002,-5.295269936323166E-002,8.731786012649536E-001,4.404560029506683E-001,
1.919900000000000E+009,4.760007932782173E-002,-6.038719788193703E-002,8.888839483261108E-001,4.261130988597870E-001,4.760007932782173E-002,-6.038719788193703E-002,8.888839483261108E-001,4.261130988597870E-001,
1.928266666666667E+009,5.020262300968170E-002,-7.016810774803162E-002,8.861131072044373E-001,3.889899253845215E-001,5.020262300968170E-002,-7.016810774803162E-002,8.861131072044373E-001,3.889899253845215E-001,
1.936633333333334E+009,4.442412778735161E-002,-8.166076987981796E-002,9.058108329772949E-001,3.785593509674072E-001,4.442412778735161E-002,-8.166076987981796E-002,9.058108329772949E-001,3.785593509674072E-001,
1.945000000000000E+009,3.380051255226135E-002,-9.006084501743317E-002,9.160046577453613E-001,3.533737361431122E-001,3.380051255226135E-002,-9.006084501743317E-002,9.160046577453613E-001,3.533737361431122E-001,
1.953366666666667E+009,2.101160213351250E-002,-9.574545919895172E-002,9.181130528450012E-001,3.326669335365295E-001,2.101160213351250E-002,-9.574545919895172E-002,9.181130528450012E-001,3.326669335365295E-001,
1.961733333333334E+009,5.184965673834086E-003,-9.273621439933777E-002,9.335310459136963E-001,3.105297386646271E-001,5.184965673834086E-003,-9.273621439933777E-002,9.335310459136963E-001,3.105297386646271E-001,
1.970100000000000E+009,-6.552636157721281E-003,-8.686096221208572E-002,9.341309070587158E-001,2.875053584575653E-001,-6.552636157721281E-003,-8.686096221208572E-002,9.341309070587158E-001,2.875053584575653E-001,
1.978466666666667E+009,-1.096978131681681E-002,-7.512335479259491E-002,9.452224969863892E-001,2.585991322994232E-001,-1.096978131681681E-002,-7.512335479259491E-002,9.452224969863892E-001,2.585991322994232E-001,
1.986833333333334E+009,-7.973328232765198E-003,-6.462163478136063E-002,9.486890435218811E-001,2.405820637941361E-001,-7.973328232765198E-003,-6.462163478136063E-002,9.486890435218811E-001,2.405820637941361E-001,
1.995200000000000E+009,3.804337931796908E-003,-5.744181945919991E-002,9.522207975387573E-001,2.232422977685928E-001,3.804337931796908E-003,-5.744181945919991E-002,9.522207975387573E-001,2.232422977685928E-001,
2.003566666666667E+009,1.843677274882793E-002,-5.599262565374374E-002,9.595855474472046E-001,1.884923577308655E-001,1.843677274882793E-002,-5.599262565374374E-002,9.595855474472046E-001,1.884923577308655E-001,
2.011933333333334E+009,3.199834004044533E-002,-6.355102360248566E-002,9.702124595642090E-001,1.605559289455414E-001,3.199834004044533E-002,-6.355102360248566E-002,9.702124595642090E-001,1.605559289455414E-001,
2.020300000000000E+009,4.077397286891937E-002,-7.403118908405304E-002,9.723973870277405E-001,1.287852078676224E-001,4.077397286891937E-002,-7.403118908405304E-002,9.723973870277405E-001,1.287852078676224E-001,
2.028666666666667E+009,4.038867726922035E-002,-8.913519978523254E-002,9.746066927909851E-001,1.131199970841408E-001,4.038867726922035E-002,-8.913519978523254E-002,9.746066927909851E-001,1.131199970841408E-001,
2.037033333333334E+009,3.081164881587029E-002,-1.048413589596748E-001,9.779548645019531E-001,8.647350966930389E-002,3.081164881587029E-002,-1.048413589596748E-001,9.779548645019531E-001,8.647350966930389E-002,
2.045400000000000E+009,1.425239630043507E-002,-1.135173961520195E-001,9.745151400566101E-001,6.770418584346771E-002,1.425239630043507E-002,-1.135173961520195E-001,9.745151400566101E-001,6.770418584346771E-002,
2.053766666666667E+009,-6.120176054537296E-003,-1.135162040591240E-001,9.767050147056580E-001,4.162134975194931E-002,-6.120176054537296E-003,-1.135162040591240E-001,9.767050147056580E-001,4.162134975194931E-002,
2.062133333333334E+009,-2.256788499653339E-002,-1.071577444672585E-001,9.813460111618042E-001,1.552104391157627E-002,-2.256788499653339E-002,-1.071577444672585E-001,9.813460111618042E-001,1.552104391157627E-002,
2.070500000000000E+009,-3.177792578935623E-002,-9.181033819913864E-002,9.816181659698486E-001,-1.070322655141354E-002,-3.177792578935623E-002,-9.181033819913864E-002,9.816181659698486E-001,-1.070322655141354E-002,
2.078866666666667E+009,-3.098052740097046E-002,-7.672010362148285E-002,9.787734150886536E-001,-3.207553550601006E-002,-3.098052740097046E-002,-7.672010362148285E-002,9.787734150886536E-001,-3.207553550601006E-002,
2.087233333333334E+009,-2.025136351585388E-002,-6.855791807174683E-002,9.798715114593506E-001,-6.583382189273834E-002,-2.025136351585388E-002,-6.855791807174683E-002,9.798715114593506E-001,-6.583382189273834E-002,
2.095600000000000E+009,-3.737169783562422E-003,-6.481967866420746E-002,9.836799502372742E-001,-8.618453145027161E-002,-3.737169783562422E-003,-6.481967866420746E-002,9.836799502372742E-001,-8.618453145027161E-002,
2.103966666666667E+009,1.287010312080383E-002,-7.438874989748001E-002,9.820747971534729E-001,-1.144576668739319E-001,1.287010312080383E-002,-7.438874989748001E-002,9.820747971534729E-001,-1.144576668739319E-001,
2.112333333333334E+009,2.340140007436276E-002,-9.047890454530716E-002,9.709585309028626E-001,-1.354940086603165E-001,2.340140007436276E-002,-9.047890454530716E-002,9.709585309028626E-001,-1.354940086603165E-001,
2.120700000000000E+009,2.389163337647915E-002,-1.134565919637680E-001,9.672943353652954E-001,-1.676034927368164E-001,2.389163337647915E-002,-1.134565919637680E-001,9.672943353652954E-001,-1.676034927368164E-001,
2.129066666666667E+009,1.098804455250502E-002,-1.295529752969742E-001,9.714663028717041E-001,-1.954884082078934E-001,1.098804455250502E-002,-1.295529752969742E-001,9.714663028717041E-001,-1.954884082078934E-001,
2.137433333333334E+009,-1.190416887402535E-002,-1.396221667528153E-001,9.531717300415039E-001,-2.144315391778946E-001,-1.190416887402535E-002,-1.396221667528153E-001,9.531717300415039E-001,-2.144315391778946E-001,
2.145800000000000E+009,-4.055954143404961E-002,-1.378890872001648E-001,9.510118961334229E-001,-2.375606596469879E-001,-4.055954143404961E-002,-1.378890872001648E-001,9.510118961334229E-001,-2.375606596469879E-001,
2.154166666666667E+009,-6.306687742471695E-002,-1.245777755975723E-001,9.426034688949585E-001,-2.551804780960083E-001,-6.306687742471695E-002,-1.245777755975723E-001,9.426034688949585E-001,-2.551804780960083E-001,
2.162533333333334E+009,-7.626532018184662E-002,-1.020220965147018E-001,9.240852594375610E-001,-2.792866826057434E-001,-7.626532018184662E-002,-1.020220965147018E-001,9.240852594375610E-001,-2.792866826057434E-001,
2.170900000000000E+009,-7.621835917234421E-002,-7.929320633411408E-002,9.324622154235840E-001,-3.068782687187195E-001,-7.621835917234421E-002,-7.929320633411408E-002,9.324622154235840E-001,-3.068782687187195E-001,
2.179266666666667E+009,-6.313209980726242E-002,-6.410347670316696E-002,9.214658737182617E-001,-3.228323459625244E-001,-6.313209980726242E-002,-6.410347670316696E-002,9.214658737182617E-001,-3.228323459625244E-001,
2.187633333333334E+009,-4.357928037643433E-002,-5.919927358627319E-002,9.195810556411743E-001,-3.554027080535889E-001,-4.357928037643433E-002,-5.919927358627319E-002,9.195810556411743E-001,-3.554027080535889E-001,
2.196000000000000E+009,-2.170497179031372E-002,-6.901704519987106E-002,9.015575647354126E-001,-3.776196837425232E-001,-2.170497179031372E-002,-6.901704519987106E-002,9.015575647354126E-001,-3.776196837425232E-001,
2.204366666666667E+009,-8.152353577315807E-003,-9.046935290098190E-002,8.943866491317749E-001,-4.010368287563324E-001,-8.152353577315807E-003,-9.046935290098190E-002,8.943866491317749E-001,-4.010368287563324E-001,
2.212733333333334E+009,-7.688233628869057E-003,-1.161530986428261E-001,8.804125785827637E-001,-4.344421327114105E-001,-7.688233628869057E-003,-1.161530986428261E-001,8.804125785827637E-001,-4.344421327114105E-001,
2.221100000000000E+009,-2.232685312628746E-002,-1.360842883586884E-001,8.601235151290894E-001,-4.467554390430450E-001,-2.232685312628746E-002,-1.360842883586884E-001,8.601235151290894E-001,-4.467554390430450E-001,
2.229466666666667E+009,-4.610129445791245E-002,-1.467136740684509E-001,8.517308831214905E-001,-4.597890973091126E-001,-4.610129445791245E-002,-1.467136740684509E-001,8.517308831214905E-001,-4.597890973091126E-001,
2.237833333333334E+009,-7.644057273864746E-002,-1.403898745775223E-001,8.427405357360840E-001,-4.861562848091126E-001,-7.644057273864746E-002,-1.403898745775223E-001,8.427405357360840E-001,-4.861562848091126E-001,
2.246200000000000E+009,-1.022380441427231E-001,-1.223594397306442E-001,8.286921381950378E-001,-5.063713788986206E-001,-1.022380441427231E-001,-1.223594397306442E-001,8.286921381950378E-001,-5.063713788986206E-001,
2.254566666666667E+009,-1.138185337185860E-001,-9.397941827774048E-002,8.194285035133362E-001,-5.233626961708069E-001,-1.138185337185860E-001,-9.397941827774048E-002,8.194285035133362E-001,-5.233626961708069E-001,
2.262933333333334E+009,-1.137857437133789E-001,-6.807778775691986E-002,8.066950440406799E-001,-5.445928573608398E-001,-1.137857437133789E-001,-6.807778775691986E-002,8.066950440406799E-001,-5.445928573608398E-001,
2.271300000000000E+009,-9.996493905782700E-002,-4.749945923686028E-002,7.904533743858337E-001,-5.634302496910095E-001,-9.996493905782700E-002,-4.749945923686028E-002,7.904533743858337E-001,-5.634302496910095E-001,
2.279666666666667E+009,-7.752647250890732E-002,-4.403273761272430E-002,7.804953455924988E-001,-5.849091410636902E-001,-7.752647250890732E-002,-4.403273761272430E-002,7.804953455924988E-001,-5.849091410636902E-001,
2.288033333333334E+009,-5.787767842411995E-002,-5.516295880079269E-002,7.659050226211548E-001,-6.155396103858948E-001,-5.787767842411995E-002,-5.516295880079269E-002,7.659050226211548E-001,-6.155396103858948E-001,
2.296400000000000E+009,-4.629129916429520E-002,-7.852125912904739E-002,7.443904876708984E-001,-6.356220245361328E-001,-4.629129916429520E-002,-7.852125912904739E-002,7.443904876708984E-001,-6.356220245361328E-001,
2.304766666666667E+009,-5.061457306146622E-002,-1.047772243618965E-001,7.298930883407593E-001,-6.436115503311157E-001,-5.061457306146622E-002,-1.047772243618965E-001,7.298930883407593E-001,-6.436115503311157E-001,
2.313133333333334E+009,-7.013393193483353E-002,-1.224902570247650E-001,7.054600119590759E-001,-6.760789155960083E-001,-7.013393193483353E-002,-1.224902570247650E-001,7.054600119590759E-001,-6.760789155960083E-001,
2.321500000000000E+009,-9.416012465953827E-002,-1.262339949607849E-001,6.903381943702698E-001,-6.829287409782410E-001,-9.416012465953827E-002,-1.262339949607849E-001,6.903381943702698E-001,-6.829287409782410E-001,
2.329866666666667E+009,-1.198968812823296E-001,-1.140221282839775E-001,6.791385412216187E-001,-6.999558210372925E-001,-1.198968812823296E-001,-1.140221282839775E-001,6.791385412216187E-001,-6.999558210372925E-001,
2.338233333333334E+009,-1.386891901493073E-001,-8.993254601955414E-002,6.521847248077393E-001,-7.162885665893555E-001,-1.386891901493073E-001,-8.993254601955414E-002,6.521847248077393E-001,-7.162885665893555E-001,
2.346600000000000E+009,-1.427765339612961E-001,-5.657740309834480E-002,6.342194676399231E-001,-7.339512109756470E-001,-1.427765339612961E-001,-5.657740309834480E-002,6.342194676399231E-001,-7.339512109756470E-001,
2.354966666666667E+009,-1.302673518657684E-001,-3.052006289362907E-002,6.273322105407715E-001,-7.455411553382874E-001,-1.302673518657684E-001,-3.052006289362907E-002,6.273322105407715E-001,-7.455411553382874E-001,
2.363333333333334E+009,-1.083953604102135E-001,-1.779353059828281E-002,6.116323471069336E-001,-7.623542547225952E-001,-1.083953604102135E-001,-1.779353059828281E-002,6.116323471069336E-001,-7.623542547225952E-001,
2.371700000000000E+009,-8.073649555444717E-002,-2.119016088545322E-002,5.933741331100464E-001,-7.840782999992371E-001,-8.073649555444717E-002,-2.119016088545322E-002,5.933741331100464E-001,-7.840782999992371E-001,
2.380066666666667E+009,-6.315657496452332E-002,-4.452225565910339E-002,5.633450746536255E-001,-8.006042242050171E-001,-6.315657496452332E-002,-4.452225565910339E-002,5.633450746536255E-001,-8.006042242050171E-001,
2.388433333333334E+009,-6.179679185152054E-002,-7.620917260646820E-002,5.420883893966675E-001,-8.086851835250855E-001,-6.179679185152054E-002,-7.620917260646820E-002,5.420883893966675E-001,-8.086851835250855E-001,
2.396800000000000E+009,-7.863423973321915E-002,-1.082592681050301E-001,5.086468458175659E-001,-8.295300006866455E-001,-7.863423973321915E-002,-1.082592681050301E-001,5.086468458175659E-001,-8.295300006866455E-001,
2.405166666666667E+009,-1.097774952650070E-001,-1.290191859006882E-001,4.899148941040039E-001,-8.408151268959045E-001,-1.097774952650070E-001,-1.290191859006882E-001,4.899148941040039E-001,-8.408151268959045E-001,
2.413533333333334E+009,-1.494978368282318E-001,-1.276295185089111E-001,4.644577801227570E-001,-8.461577892303467E-001,-1.494978368282318E-001,-1.276295185089111E-001,4.644577801227570E-001,-8.461577892303467E-001,
2.421900000000000E+009,-1.856209784746170E-001,-1.068496406078339E-001,4.508904516696930E-001,-8.558713197708130E-001,-1.856209784746170E-001,-1.068496406078339E-001,4.508904516696930E-001,-8.558713197708130E-001,
2.430266666666667E+009,-2.050864845514298E-001,-7.037101686000824E-002,4.319020509719849E-001,-8.656050562858582E-001,-2.050864845514298E-001,-7.037101686000824E-002,4.319020509719849E-001,-8.656050562858582E-001,
2.438633333333334E+009,-2.094428688287735E-001,-2.485245466232300E-002,4.132810831069946E-001,-8.732172250747681E-001,-2.094428688287735E-001,-2.485245466232300E-002,4.132810831069946E-001,-8.732172250747681E-001,
2.447000000000000E+009,-1.918106973171234E-001,1.647178642451763E-002,3.924419879913330E-001,-8.871805667877197E-001,-1.918106973171234E-001,1.647178642451763E-002,3.924419879913330E-001,-8.871805667877197E-001,
2.455366666666667E+009,-1.598117202520371E-001,4.076410457491875E-002,3.737491667270660E-001,-8.947761058807373E-001,-1.598117202520371E-001,4.076410457491875E-002,3.737491667270660E-001,-8.947761058807373E-001,
2.463733333333334E+009,-1.250189840793610E-001,4.572980850934982E-002,3.529609143733978E-001,-9.120506048202515E-001,-1.250189840793610E-001,4.572980850934982E-002,3.529609143733978E-001,-9.120506048202515E-001,
2.472100000000000E+009,-9.779782593250275E-002,2.838418632745743E-002,3.270566165447235E-001,-9.230279326438904E-001,-9.779782593250275E-002,2.838418632745743E-002,3.270566165447235E-001,-9.230279326438904E-001,
2.480466666666667E+009,-8.686627447605133E-002,-2.249782672151923E-003,2.943670153617859E-001,-9.281072020530701E-001,-8.686627447605133E-002,-2.249782672151923E-003,2.943670153617859E-001,-9.281072020530701E-001,
2.488833333333334E+009,-9.660208225250244E-002,-3.517367690801621E-002,2.727990746498108E-001,-9.366166591644287E-001,-9.660208225250244E-002,-3.517367690801621E-002,2.727990746498108E-001,-9.366166591644287E-001,
2.497200000000000E+009,-1.208863556385040E-001,-5.625053495168686E-002,2.424750924110413E-001,-9.455050230026245E-001,-1.208863556385040E-001,-5.625053495168686E-002,2.424750924110413E-001,-9.455050230026245E-001,
2.505566666666667E+009,-1.571127623319626E-001,-6.017676368355751E-002,2.137025147676468E-001,-9.509646892547607E-001,-1.571127623319626E-001,-6.017676368355751E-002,2.137025147676468E-001,-9.509646892547607E-001,
2.513933333333334E+009,-1.859824359416962E-001,-4.259441047906876E-002,1.945234239101410E-001,-9.487240314483643E-001,-1.859824359416962E-001,-4.259441047906876E-002,1.945234239101410E-001,-9.487240314483643E-001,
2.522300000000000E+009,-2.020573019981384E-001,-1.239203382283449E-002,1.674622744321823E-001,-9.509726166725159E-001,-2.020573019981384E-001,-1.239203382283449E-002,1.674622744321823E-001,-9.509726166725159E-001,
2.530666666666667E+009,-1.985717564821243E-001,2.630169875919819E-002,1.444540619850159E-001,-9.585830569267273E-001,-1.985717564821243E-001,2.630169875919819E-002,1.444540619850159E-001,-9.585830569267273E-001,
2.539033333333334E+009,-1.785599440336227E-001,5.970241129398346E-002,1.269004642963409E-001,-9.580515027046204E-001,-1.785599440336227E-001,5.970241129398346E-002,1.269004642963409E-001,-9.580515027046204E-001,
2.547400000000000E+009,-1.466608494520187E-001,7.980675250291824E-002,1.094199120998383E-001,-9.693192243576050E-001,-1.466608494520187E-001,7.980675250291824E-002,1.094199120998383E-001,-9.693192243576050E-001,
2.555766666666667E+009,-1.113935187458992E-001,8.066173642873764E-002,8.247686177492142E-002,-9.767820239067078E-001,-1.113935187458992E-001,8.066173642873764E-002,8.247686177492142E-002,-9.767820239067078E-001,
2.564133333333334E+009,-8.854422718286514E-002,6.106185168027878E-002,5.597072839736939E-002,-9.747465848922730E-001,-8.854422718286514E-002,6.106185168027878E-002,5.597072839736939E-002,-9.747465848922730E-001,
2.572500000000000E+009,-8.334078639745712E-002,3.185495361685753E-002,2.779159881174564E-002,-9.763436317443848E-001,-8.334078639745712E-002,3.185495361685753E-002,2.779159881174564E-002,-9.763436317443848E-001,
2.580866666666667E+009,-9.782148897647858E-002,2.415349474176765E-003,-2.054011914879084E-003,-9.796592593193054E-001,-9.782148897647858E-002,2.415349474176765E-003,-2.054011914879084E-003,-9.796592593193054E-001,
2.589233333333334E+009,-1.296023577451706E-001,-1.502663269639015E-002,-3.430134430527687E-002,-9.735789895057678E-001,-1.296023577451706E-001,-1.502663269639015E-002,-3.430134430527687E-002,-9.735789895057678E-001,
2.597600000000000E+009,-1.653771996498108E-001,-1.524893660098314E-002,-6.263897567987442E-002,-9.698603749275208E-001,-1.653771996498108E-001,-1.524893660098314E-002,-6.263897567987442E-002,-9.698603749275208E-001,
2.605966666666667E+009,-1.958109736442566E-001,5.444113630801439E-003,-7.630620896816254E-002,-9.701557159423828E-001,-1.958109736442566E-001,5.444113630801439E-003,-7.630620896816254E-002,-9.701557159423828E-001,
2.614333333333334E+009,-2.101285010576248E-001,3.683037310838699E-002,-1.003989800810814E-001,-9.585199356079102E-001,-2.101285010576248E-001,3.683037310838699E-002,-1.003989800810814E-001,-9.585199356079102E-001,
2.622700000000000E+009,-2.040267139673233E-001,7.668317854404450E-002,-1.204944476485252E-001,-9.518682956695557E-001,-2.040267139673233E-001,7.668317854404450E-002,-1.204944476485252E-001,-9.518682956695557E-001,
2.631066666666667E+009,-1.805038303136826E-001,1.099544689059258E-001,-1.426479667425156E-001,-9.613232612609863E-001,-1.805038303136826E-001,1.099544689059258E-001,-1.426479667425156E-001,-9.613232612609863E-001,
2.639433333333334E+009,-1.439280211925507E-001,1.276237964630127E-001,-1.630204766988754E-001,-9.508361220359802E-001,-1.439280211925507E-001,1.276237964630127E-001,-1.630204766988754E-001,-9.508361220359802E-001,
2.647800000000000E+009,-1.053534895181656E-001,1.278355717658997E-001,-1.878367364406586E-001,-9.512788653373718E-001,-1.053534895181656E-001,1.278355717658997E-001,-1.878367364406586E-001,-9.512788653373718E-001,
2.656166666666667E+009,-7.944948226213455E-002,1.102119758725166E-001,-2.099388092756271E-001,-9.554205536842346E-001,-7.944948226213455E-002,1.102119758725166E-001,-2.099388092756271E-001,-9.554205536842346E-001,
2.664533333333334E+009,-7.122824341058731E-002,8.348478376865387E-002,-2.452874630689621E-001,-9.402393698692322E-001,-7.122824341058731E-002,8.348478376865387E-002,-2.452874630689621E-001,-9.402393698692322E-001,
2.672900000000000E+009,-8.332547545433044E-002,5.727156251668930E-002,-2.674653232097626E-001,-9.377880692481995E-001,-8.332547545433044E-002,5.727156251668930E-002,-2.674653232097626E-001,-9.377880692481995E-001,
2.681266666666667E+009,-1.114251762628555E-001,4.325237125158310E-002,-2.959329187870026E-001,-9.267001152038574E-001,-1.114251762628555E-001,4.325237125158310E-002,-2.959329187870026E-001,-9.267001152038574E-001,
2.689633333333334E+009,-1.463673710823059E-001,4.605386778712273E-002,-3.191587924957275E-001,-9.185725450515747E-001,-1.463673710823059E-001,4.605386778712273E-002,-3.191587924957275E-001,-9.185725450515747E-001,
2.698000000000000E+009,-1.735883951187134E-001,6.646411865949631E-002,-3.342013061046600E-001,-9.032896757125855E-001,-1.735883951187134E-001,6.646411865949631E-002,-3.342013061046600E-001,-9.032896757125855E-001,
2.706366666666667E+009,-1.850123852491379E-001,9.929623454809189E-002,-3.599858582019806E-001,-8.887277245521545E-001,-1.850123852491379E-001,9.929623454809189E-002,-3.599858582019806E-001,-8.887277245521545E-001,
2.714733333333334E+009,-1.781255602836609E-001,1.332166641950607E-001,-3.740500807762146E-001,-8.862478733062744E-001,-1.781255602836609E-001,1.332166641950607E-001,-3.740500807762146E-001,-8.862478733062744E-001,
2.723100000000000E+009,-1.507862806320190E-001,1.624268144369125E-001,-3.926813006401062E-001,-8.733840584754944E-001,-1.507862806320190E-001,1.624268144369125E-001,-3.926813006401062E-001,-8.733840584754944E-001,
2.731466666666667E+009,-1.108992323279381E-001,1.774756908416748E-001,-4.160641431808472E-001,-8.694505095481873E-001,-1.108992323279381E-001,1.774756908416748E-001,-4.160641431808472E-001,-8.694505095481873E-001,
2.739833333333334E+009,-7.078772783279419E-002,1.727111935615540E-001,-4.365399181842804E-001,-8.585475683212280E-001,-7.078772783279419E-002,1.727111935615540E-001,-4.365399181842804E-001,-8.585475683212280E-001,
2.748200000000000E+009,-4.120415821671486E-002,1.535096615552902E-001,-4.592327475547791E-001,-8.522069454193115E-001,-4.120415821671486E-002,1.535096615552902E-001,-4.592327475547791E-001,-8.522069454193115E-001,
2.756566666666667E+009,-2.924627996981144E-002,1.247377321124077E-001,-4.845634698867798E-001,-8.455507159233093E-001,-2.924627996981144E-002,1.247377321124077E-001,-4.845634698867798E-001,-8.455507159233093E-001,
2.764933333333334E+009,-3.725074231624603E-002,9.742812812328339E-002,-5.178062915802002E-001,-8.373425602912903E-001,-3.725074231624603E-002,9.742812812328339E-002,-5.178062915802002E-001,-8.373425602912903E-001,
2.773300000000000E+009,-6.189778074622154E-002,7.948917150497437E-002,-5.349144935607910E-001,-8.159926533699036E-001,-6.189778074622154E-002,7.948917150497437E-002,-5.349144935607910E-001,-8.159926533699036E-001,
2.781666666666667E+009,-9.626826643943787E-002,8.310952037572861E-002,-5.557631850242615E-001,-7.971347570419312E-001,-9.626826643943787E-002,8.310952037572861E-002,-5.557631850242615E-001,-7.971347570419312E-001,
2.790033333333334E+009,-1.244551092386246E-001,1.013811007142067E-001,-5.765022039413452E-001,-7.818078398704529E-001,-1.244551092386246E-001,1.013811007142067E-001,-5.765022039413452E-001,-7.818078398704529E-001,
2.798400000000000E+009,-1.393558979034424E-001,1.325630098581314E-001,-5.929140448570252E-001,-7.683247923851013E-001,-1.393558979034424E-001,1.325630098581314E-001,-5.929140448570252E-001,-7.683247923851013E-001,
2.806766666666667E+009,-1.316393762826920E-001,1.664353311061859E-001,-6.067392826080322E-001,-7.440279126167297E-001,-1.316393762826920E-001,1.664353311061859E-001,-6.067392826080322E-001,-7.440279126167297E-001,
2.815133333333334E+009,-1.081076189875603E-001,1.909141689538956E-001,-6.216756105422974E-001,-7.326816320419312E-001,-1.081076189875603E-001,1.909141689538956E-001,-6.216756105422974E-001,-7.326816320419312E-001,
2.823500000000000E+009,-7.006712257862091E-002,2.027823179960251E-001,-6.385599374771118E-001,-7.218332290649414E-001,-7.006712257862091E-002,2.027823179960251E-001,-6.385599374771118E-001,-7.218332290649414E-001,
2.831866666666667E+009,-3.076313994824886E-002,1.944392174482346E-001,-6.520593166351318E-001,-7.085475325584412E-001,-3.076313994824886E-002,1.944392174482346E-001,-6.520593166351318E-001,-7.085475325584412E-001,
2.840233333333334E+009,1.012619351968169E-003,1.720114797353745E-001,-6.772373318672180E-001,-6.970671415328980E-001,1.012619351968169E-003,1.720114797353745E-001,-6.772373318672180E-001,-6.970671415328980E-001,
2.848600000000000E+009,1.594413444399834E-002,1.411342769861221E-001,-6.935296058654785E-001,-6.771142482757568E-001,1.594413444399834E-002,1.411342769861221E-001,-6.935296058654785E-001,-6.771142482757568E-001,
2.856966666666667E+009,1.029539387673140E-002,1.125946044921875E-001,-7.156752347946167E-001,-6.619020700454712E-001,1.029539387673140E-002,1.125946044921875E-001,-7.156752347946167E-001,-6.619020700454712E-001,
2.865333333333334E+009,-1.401517633348703E-002,9.499272704124451E-002,-7.359874248504639E-001,-6.472635865211487E-001,-1.401517633348703E-002,9.499272704124451E-002,-7.359874248504639E-001,-6.472635865211487E-001,
2.873700000000000E+009,-4.698830842971802E-002,9.668264538049698E-002,-7.563993334770203E-001,-6.158285737037659E-001,-4.698830842971802E-002,9.668264538049698E-002,-7.563993334770203E-001,-6.158285737037659E-001,
2.882066666666667E+009,-7.539818435907364E-002,1.169952526688576E-001,-7.668517231941223E-001,-5.882088541984558E-001,-7.539818435907364E-002,1.169952526688576E-001,-7.668517231941223E-001,-5.882088541984558E-001,
2.890433333333334E+009,-9.095406532287598E-002,1.511110365390778E-001,-7.795038819313049E-001,-5.695736408233643E-001,-9.095406532287598E-002,1.511110365390778E-001,-7.795038819313049E-001,-5.695736408233643E-001,
2.898800000000000E+009,-8.554897457361221E-002,1.878557354211807E-001,-7.876698970794678E-001,-5.518447756767273E-001,-8.554897457361221E-002,1.878557354211807E-001,-7.876698970794678E-001,-5.518447756767273E-001,
2.907166666666667E+009,-6.154824048280716E-002,2.139094471931458E-001,-7.927299141883850E-001,-5.361249446868897E-001,-6.154824048280716E-002,2.139094471931458E-001,-7.927299141883850E-001,-5.361249446868897E-001,
2.915533333333334E+009,-2.272933907806873E-002,2.252367436885834E-001,-8.073412179946899E-001,-5.129960775375366E-001,-2.272933907806873E-002,2.252367436885834E-001,-8.073412179946899E-001,-5.129960775375366E-001,
2.923900000000000E+009,1.642865687608719E-002,2.155156135559082E-001,-8.182040452957153E-001,-5.022971034049988E-001,1.642865687608719E-002,2.155156135559082E-001,-8.182040452957153E-001,-5.022971034049988E-001,
2.932266666666667E+009,4.912747442722321E-002,1.899050027132034E-001,-8.310908079147339E-001,-4.881052374839783E-001,4.912747442722321E-002,1.899050027132034E-001,-8.310908079147339E-001,-4.881052374839783E-001,
2.940633333333334E+009,6.510357558727264E-002,1.526749283075333E-001,-8.468607664108276E-001,-4.662692546844482E-001,6.510357558727264E-002,1.526749283075333E-001,-8.468607664108276E-001,-4.662692546844482E-001,
2.949000000000000E+009,6.112901866436005E-002,1.155855730175972E-001,-8.686860799789429E-001,-4.388405680656433E-001,6.112901866436005E-002,1.155855730175972E-001,-8.686860799789429E-001,-4.388405680656433E-001,
2.957366666666667E+009,3.904055804014206E-002,9.313590079545975E-002,-8.830727338790894E-001,-4.221769273281097E-001,3.904055804014206E-002,9.313590079545975E-002,-8.830727338790894E-001,-4.221769273281097E-001,
2.965733333333334E+009,5.434254650026560E-003,9.134389460086823E-002,-8.980398774147034E-001,-3.921815454959869E-001,5.434254650026560E-003,9.134389460086823E-002,-8.980398774147034E-001,-3.921815454959869E-001,
2.974100000000000E+009,-2.285059913992882E-002,1.113359257578850E-001,-9.072958230972290E-001,-3.584537506103516E-001,-2.285059913992882E-002,1.113359257578850E-001,-9.072958230972290E-001,-3.584537506103516E-001,
2.982466666666667E+009,-3.804472461342812E-002,1.467741876840591E-001,-9.140530824661255E-001,-3.313952982425690E-001,-3.804472461342812E-002,1.467741876840591E-001,-9.140530824661255E-001,-3.313952982425690E-001,
2.990833333333334E+009,-3.347883746027947E-002,1.856186687946320E-001,-9.108172655105591E-001,-3.130208849906921E-001,-3.347883746027947E-002,1.856186687946320E-001,-9.108172655105591E-001,-3.130208849906921E-001,
2.999200000000000E+009,-8.990940637886524E-003,2.160187065601349E-001,-9.152302145957947E-001,-2.909213006496429E-001,-8.990940637886524E-003,2.160187065601349E-001,-9.152302145957947E-001,-2.909213006496429E-001,
3.007566666666667E+009,2.891846373677254E-002,2.287333905696869E-001,-9.191064834594727E-001,-2.695302665233612E-001,2.891846373677254E-002,2.287333905696869E-001,-9.191064834594727E-001,-2.695302665233612E-001,
3.015933333333334E+009,7.046461850404739E-002,2.170277535915375E-001,-9.208976626396179E-001,-2.545863091945648E-001,7.046461850404739E-002,2.170277535915375E-001,-9.208976626396179E-001,-2.545863091945648E-001,
3.024300000000000E+009,1.019072979688644E-001,1.881114989519119E-001,-9.297550916671753E-001,-2.387367486953735E-001,1.019072979688644E-001,1.881114989519119E-001,-9.297550916671753E-001,-2.387367486953735E-001,
3.032666666666667E+009,1.168965399265289E-001,1.444438993930817E-001,-9.407287836074829E-001,-2.168185859918594E-001,1.168965399265289E-001,1.444438993930817E-001,-9.407287836074829E-001,-2.168185859918594E-001,
3.041033333333334E+009,1.090016290545464E-001,1.022679060697556E-001,-9.514293670654297E-001,-1.943738162517548E-001,1.090016290545464E-001,1.022679060697556E-001,-9.514293670654297E-001,-1.943738162517548E-001,
3.049400000000000E+009,8.197395503520966E-002,7.486622035503388E-002,-9.605174064636231E-001,-1.594925820827484E-001,8.197395503520966E-002,7.486622035503388E-002,-9.605174064636231E-001,-1.594925820827484E-001,
3.057766666666667E+009,4.676340520381928E-002,6.968788057565689E-002,-9.709923267364502E-001,-1.426752358675003E-001,4.676340520381928E-002,6.968788057565689E-002,-9.709923267364502E-001,-1.426752358675003E-001,
3.066133333333334E+009,1.382877212017775E-002,8.912112563848496E-002,-9.685040116310120E-001,-1.013996973633766E-001,1.382877212017775E-002,8.912112563848496E-002,-9.685040116310120E-001,-1.013996973633766E-001,
3.074500000000000E+009,-1.446778187528253E-003,1.274165660142899E-001,-9.720528721809387E-001,-7.293913513422012E-002,-1.446778187528253E-003,1.274165660142899E-001,-9.720528721809387E-001,-7.293913513422012E-002,
3.082866666666667E+009,6.800518371164799E-003,1.703435927629471E-001,-9.666229486465454E-001,-5.036823078989983E-002,6.800518371164799E-003,1.703435927629471E-001,-9.666229486465454E-001,-5.036823078989983E-002,
3.091233333333334E+009,3.772652894258499E-002,2.063309252262116E-001,-9.602219462394714E-001,-2.234725840389729E-002,3.772652894258499E-002,2.063309252262116E-001,-9.602219462394714E-001,-2.234725840389729E-002,
3.099600000000000E+009,8.144149184226990E-002,2.195625156164169E-001,-9.523733258247376E-001,-9.508361108601093E-003,8.144149184226990E-002,2.195625156164169E-001,-9.523733258247376E-001,-9.508361108601093E-003,
3.107966666666667E+009,1.292823702096939E-001,2.063659131526947E-001,-9.533695578575134E-001,7.884404622018337E-003,1.292823702096939E-001,2.063659131526947E-001,-9.533695578575134E-001,7.884404622018337E-003,
3.116333333333334E+009,1.652567386627197E-001,1.713221371173859E-001,-9.531280994415283E-001,2.956794761121273E-002,1.652567386627197E-001,1.713221371173859E-001,-9.531280994415283E-001,2.956794761121273E-002,
3.124700000000000E+009,1.777623593807221E-001,1.213113144040108E-001,-9.595837593078613E-001,4.186313971877098E-002,1.777623593807221E-001,1.213113144040108E-001,-9.595837593078613E-001,4.186313971877098E-002,
3.133066666666667E+009,1.673025190830231E-001,7.107251137495041E-002,-9.676221013069153E-001,7.093326747417450E-002,1.673025190830231E-001,7.107251137495041E-002,-9.676221013069153E-001,7.093326747417450E-002,
3.141433333333334E+009,1.351927667856216E-001,3.324835002422333E-002,-9.715452194213867E-001,9.409090131521225E-002,1.351927667856216E-001,3.324835002422333E-002,-9.715452194213867E-001,9.409090131521225E-002,
3.149800000000000E+009,8.904127776622772E-002,2.197145670652390E-002,-9.757285118103027E-001,1.296086609363556E-001,8.904127776622772E-002,2.197145670652390E-002,-9.757285118103027E-001,1.296086609363556E-001,
3.158166666666667E+009,4.751151427626610E-002,3.962987288832665E-002,-9.667410254478455E-001,1.634342819452286E-001,4.751151427626610E-002,3.962987288832665E-002,-9.667410254478455E-001,1.634342819452286E-001,
3.166533333333334E+009,2.512583695352078E-002,7.946571707725525E-002,-9.611544609069824E-001,1.922082006931305E-001,2.512583695352078E-002,7.946571707725525E-002,-9.611544609069824E-001,1.922082006931305E-001,
3.174900000000000E+009,2.749768085777760E-002,1.276588290929794E-001,-9.475963115692139E-001,2.204050272703171E-001,2.749768085777760E-002,1.276588290929794E-001,-9.475963115692139E-001,2.204050272703171E-001,
3.183266666666667E+009,5.782892554998398E-002,1.688261330127716E-001,-9.321218729019165E-001,2.428152710199356E-001,5.782892554998398E-002,1.688261330127716E-001,-9.321218729019165E-001,2.428152710199356E-001,
3.191633333333334E+009,1.039866209030151E-001,1.861400008201599E-001,-9.163861870765686E-001,2.603452503681183E-001,1.039866209030151E-001,1.861400008201599E-001,-9.163861870765686E-001,2.603452503681183E-001,
3.200000000000000E+009,1.520143002271652E-001,1.752752512693405E-001,-9.110903739929199E-001,2.731653749942780E-001,1.520143002271652E-001,1.752752512693405E-001,-9.110903739929199E-001,2.731653749942780E-001,
