% Version 1.00
%
%freq[Hz],re:Trc1_S11,im:Trc1_S11,re:Trc2_S21,im:Trc2_S21,re:Trc3_S11,im:Trc3_S11,re:Trc4_S21,im:Trc4_S21,
6.900000000000000E+008,-4.066656902432442E-002,2.789703384041786E-002,-4.939859211444855E-001,-8.433268070220947E-001,-4.066656902432442E-002,2.789703384041786E-002,-4.939859211444855E-001,-8.433268070220947E-001,
6.983666666666666E+008,-3.356055542826653E-002,2.729492820799351E-002,-5.102836489677429E-001,-8.264445066452026E-001,-3.356055542826653E-002,2.729492820799351E-002,-5.102836489677429E-001,-8.264445066452026E-001,
7.067333333333334E+008,-2.803094126284123E-002,2.408244460821152E-002,-5.393303632736206E-001,-8.002257943153381E-001,-2.803094126284123E-002,2.408244460821152E-002,-5.393303632736206E-001,-8.002257943153381E-001,
7.151000000000000E+008,-2.909558638930321E-002,1.618701778352261E-002,-5.482469797134399E-001,-7.926964163780212E-001,-2.909558638930321E-002,1.618701778352261E-002,-5.482469797134399E-001,-7.926964163780212E-001,
7.234666666666666E+008,-2.960044890642166E-002,1.049204822629690E-002,-5.868778824806213E-001,-7.815026044845581E-001,-2.960044890642166E-002,1.049204822629690E-002,-5.868778824806213E-001,-7.815026044845581E-001,
7.318333333333334E+008,-3.721907734870911E-002,7.237778045237064E-003,-5.923659801483154E-001,-7.763255238533020E-001,-3.721907734870911E-002,7.237778045237064E-003,-5.923659801483154E-001,-7.763255238533020E-001,
7.402000000000000E+008,-4.489628970623016E-002,8.849641308188438E-003,-6.220723986625671E-001,-7.527400851249695E-001,-4.489628970623016E-002,8.849641308188438E-003,-6.220723986625671E-001,-7.527400851249695E-001,
7.485666666666666E+008,-4.996353387832642E-002,1.417749002575874E-002,-6.434381008148193E-001,-7.158009409904480E-001,-4.996353387832642E-002,1.417749002575874E-002,-6.434381008148193E-001,-7.158009409904480E-001,
7.569333333333334E+008,-5.091607943177223E-002,2.313859201967716E-002,-6.589285731315613E-001,-7.182700634002686E-001,-5.091607943177223E-002,2.313859201967716E-002,-6.589285731315613E-001,-7.182700634002686E-001,
7.653000000000000E+008,-4.775208607316017E-002,3.160266950726509E-002,-6.665309071540833E-001,-7.113893032073975E-001,-4.775208607316017E-002,3.160266950726509E-002,-6.665309071540833E-001,-7.113893032073975E-001,
7.736666666666666E+008,-4.012431204319000E-002,4.001462087035179E-002,-6.914550662040710E-001,-7.030101418495178E-001,-4.012431204319000E-002,4.001462087035179E-002,-6.914550662040710E-001,-7.030101418495178E-001,
7.820333333333334E+008,-3.402137383818626E-002,4.379725083708763E-002,-7.141073346138001E-001,-6.806629300117493E-001,-3.402137383818626E-002,4.379725083708763E-002,-7.141073346138001E-001,-6.806629300117493E-001,
7.904000000000000E+008,-2.476813644170761E-002,4.236323758959770E-002,-7.286706566810608E-001,-6.578510999679565E-001,-2.476813644170761E-002,4.236323758959770E-002,-7.286706566810608E-001,-6.578510999679565E-001,
7.987666666666666E+008,-1.812414824962616E-002,3.783458471298218E-002,-7.415317893028259E-001,-6.383490562438965E-001,-1.812414824962616E-002,3.783458471298218E-002,-7.415317893028259E-001,-6.383490562438965E-001,
8.071333333333334E+008,-1.864188537001610E-002,3.357655927538872E-002,-7.543013095855713E-001,-6.255248188972473E-001,-1.864188537001610E-002,3.357655927538872E-002,-7.543013095855713E-001,-6.255248188972473E-001,
8.155000000000000E+008,-2.292210981249809E-002,2.654813602566719E-002,-7.643565535545349E-001,-5.798789858818054E-001,-2.292210981249809E-002,2.654813602566719E-002,-7.643565535545349E-001,-5.798789858818054E-001,
8.238666666666666E+008,-2.814777009189129E-002,2.351533621549606E-002,-7.958301305770874E-001,-5.843282938003540E-001,-2.814777009189129E-002,2.351533621549606E-002,-7.958301305770874E-001,-5.843282938003540E-001,
8.322333333333334E+008,-3.667170554399490E-002,2.530207112431526E-002,-8.071286678314209E-001,-5.565717220306397E-001,-3.667170554399490E-002,2.530207112431526E-002,-8.071286678314209E-001,-5.565717220306397E-001,
8.406000000000000E+008,-4.156447947025299E-002,2.840088121592999E-002,-8.193734884262085E-001,-5.420725345611572E-001,-4.156447947025299E-002,2.840088121592999E-002,-8.193734884262085E-001,-5.420725345611572E-001,
8.489666666666668E+008,-4.237280040979385E-002,3.602930530905724E-002,-8.395355343818665E-001,-5.161659121513367E-001,-4.237280040979385E-002,3.602930530905724E-002,-8.395355343818665E-001,-5.161659121513367E-001,
8.573333333333334E+008,-3.937944024801254E-002,4.385443031787872E-002,-8.450670838356018E-001,-4.988980889320374E-001,-3.937944024801254E-002,4.385443031787872E-002,-8.450670838356018E-001,-4.988980889320374E-001,
8.657000000000000E+008,-3.292809426784515E-002,5.246846005320549E-002,-8.606643080711365E-001,-4.707061052322388E-001,-3.292809426784515E-002,5.246846005320549E-002,-8.606643080711365E-001,-4.707061052322388E-001,
8.740666666666668E+008,-2.487721480429173E-002,5.737552419304848E-002,-8.559151291847229E-001,-4.521931111812592E-001,-2.487721480429173E-002,5.737552419304848E-002,-8.559151291847229E-001,-4.521931111812592E-001,
8.824333333333334E+008,-1.603006199002266E-002,5.631310492753983E-002,-8.874292969703674E-001,-4.211285710334778E-001,-1.603006199002266E-002,5.631310492753983E-002,-8.874292969703674E-001,-4.211285710334778E-001,
8.908000000000000E+008,-8.951271884143353E-003,5.651396512985230E-002,-8.980453610420227E-001,-4.177252650260925E-001,-8.951271884143353E-003,5.651396512985230E-002,-8.980453610420227E-001,-4.177252650260925E-001,
8.991666666666668E+008,-6.486031692475081E-003,4.974127560853958E-002,-9.091650247573853E-001,-3.887121677398682E-001,-6.486031692475081E-003,4.974127560853958E-002,-9.091650247573853E-001,-3.887121677398682E-001,
9.075333333333334E+008,-6.760444026440382E-003,4.542984440922737E-002,-9.015568494796753E-001,-3.630240857601166E-001,-6.760444026440382E-003,4.542984440922737E-002,-9.015568494796753E-001,-3.630240857601166E-001,
9.159000000000000E+008,-1.009687408804894E-002,4.039060324430466E-002,-9.164482951164246E-001,-3.526383936405182E-001,-1.009687408804894E-002,4.039060324430466E-002,-9.164482951164246E-001,-3.526383936405182E-001,
9.242666666666668E+008,-1.557242870330811E-002,3.615805506706238E-002,-9.275825619697571E-001,-3.274749517440796E-001,-1.557242870330811E-002,3.615805506706238E-002,-9.275825619697571E-001,-3.274749517440796E-001,
9.326333333333334E+008,-2.048766240477562E-002,3.826974704861641E-002,-9.317639470100403E-001,-2.939108014106751E-001,-2.048766240477562E-002,3.826974704861641E-002,-9.317639470100403E-001,-2.939108014106751E-001,
9.410000000000000E+008,-2.609213069081307E-002,4.431475326418877E-002,-9.378344416618347E-001,-2.665759325027466E-001,-2.609213069081307E-002,4.431475326418877E-002,-9.378344416618347E-001,-2.665759325027466E-001,
9.493666666666668E+008,-2.742229215800762E-002,5.127822235226631E-002,-9.432885050773621E-001,-2.570191919803619E-001,-2.742229215800762E-002,5.127822235226631E-002,-9.432885050773621E-001,-2.570191919803619E-001,
9.577333333333334E+008,-2.280677482485771E-002,5.953824147582054E-002,-9.685449004173279E-001,-2.155098617076874E-001,-2.280677482485771E-002,5.953824147582054E-002,-9.685449004173279E-001,-2.155098617076874E-001,
9.661000000000000E+008,-1.496449206024408E-002,6.637933850288391E-002,-9.535559415817261E-001,-2.012452185153961E-001,-1.496449206024408E-002,6.637933850288391E-002,-9.535559415817261E-001,-2.012452185153961E-001,
9.744666666666668E+008,-5.867495667189360E-003,7.090643048286438E-002,-9.648867845535278E-001,-1.697532534599304E-001,-5.867495667189360E-003,7.090643048286438E-002,-9.648867845535278E-001,-1.697532534599304E-001,
9.828333333333334E+008,7.310597691684961E-003,6.910472363233566E-002,-9.612094759941101E-001,-1.445874124765396E-001,7.310597691684961E-003,6.910472363233566E-002,-9.612094759941101E-001,-1.445874124765396E-001,
9.912000000000000E+008,1.652648299932480E-002,6.629105657339096E-002,-9.716739654541016E-001,-1.352687627077103E-001,1.652648299932480E-002,6.629105657339096E-002,-9.716739654541016E-001,-1.352687627077103E-001,
9.995666666666668E+008,2.061864547431469E-002,5.759296938776970E-002,-9.756298661231995E-001,-9.949923306703568E-002,2.061864547431469E-002,5.759296938776970E-002,-9.756298661231995E-001,-9.949923306703568E-002,
1.007933333333333E+009,2.036263048648834E-002,4.939378798007965E-002,-9.792300462722778E-001,-8.003472536802292E-002,2.036263048648834E-002,4.939378798007965E-002,-9.792300462722778E-001,-8.003472536802292E-002,
1.016300000000000E+009,1.368101220577955E-002,4.105979949235916E-002,-9.788107872009277E-001,-5.336257815361023E-002,1.368101220577955E-002,4.105979949235916E-002,-9.788107872009277E-001,-5.336257815361023E-002,
1.024666666666667E+009,5.300436634570360E-003,4.041528329253197E-002,-9.803147912025452E-001,-3.305406123399735E-002,5.300436634570360E-003,4.041528329253197E-002,-9.803147912025452E-001,-3.305406123399735E-002,
1.033033333333333E+009,-2.467934507876635E-003,4.141148924827576E-002,-9.592325091362000E-001,6.018398795276880E-003,-2.467934507876635E-003,4.141148924827576E-002,-9.592325091362000E-001,6.018398795276880E-003,
1.041400000000000E+009,-7.017763797193766E-003,4.764605313539505E-002,-9.666221141815186E-001,2.632067911326885E-002,-7.017763797193766E-003,4.764605313539505E-002,-9.666221141815186E-001,2.632067911326885E-002,
1.049766666666667E+009,-8.053937926888466E-003,5.593668296933174E-002,-9.751596450805664E-001,4.815492406487465E-002,-8.053937926888466E-003,5.593668296933174E-002,-9.751596450805664E-001,4.815492406487465E-002,
1.058133333333333E+009,-3.924526099581271E-004,6.494770199060440E-002,-9.703124761581421E-001,7.239228487014771E-002,-3.924526099581271E-004,6.494770199060440E-002,-9.703124761581421E-001,7.239228487014771E-002,
1.066500000000000E+009,1.209279987961054E-002,6.953175365924835E-002,-9.545040130615234E-001,1.003816872835159E-001,1.209279987961054E-002,6.953175365924835E-002,-9.545040130615234E-001,1.003816872835159E-001,
1.074866666666667E+009,2.390710823237896E-002,6.665141880512238E-002,-9.654518961906433E-001,1.294957995414734E-001,2.390710823237896E-002,6.665141880512238E-002,-9.654518961906433E-001,1.294957995414734E-001,
1.083233333333334E+009,3.639890253543854E-002,6.272041797637940E-002,-9.605975151062012E-001,1.458049267530441E-001,3.639890253543854E-002,6.272041797637940E-002,-9.605975151062012E-001,1.458049267530441E-001,
1.091600000000000E+009,4.092241451144218E-002,5.111315846443176E-002,-9.544165134429932E-001,1.794012337923050E-001,4.092241451144218E-002,5.111315846443176E-002,-9.544165134429932E-001,1.794012337923050E-001,
1.099966666666667E+009,4.240707680583000E-002,3.919432684779167E-002,-9.507004618644714E-001,1.960244029760361E-001,4.240707680583000E-002,3.919432684779167E-002,-9.507004618644714E-001,1.960244029760361E-001,
1.108333333333334E+009,3.408867493271828E-002,2.960131689906120E-002,-9.627974033355713E-001,2.183962464332581E-001,3.408867493271828E-002,2.960131689906120E-002,-9.627974033355713E-001,2.183962464332581E-001,
1.116700000000000E+009,2.157045155763626E-002,3.017335198819637E-002,-9.487318396568298E-001,2.495597302913666E-001,2.157045155763626E-002,3.017335198819637E-002,-9.487318396568298E-001,2.495597302913666E-001,
1.125066666666667E+009,9.241349063813686E-003,3.142173588275909E-002,-9.328027367591858E-001,2.712119817733765E-001,9.241349063813686E-003,3.142173588275909E-002,-9.328027367591858E-001,2.712119817733765E-001,
1.133433333333334E+009,-1.627720077522099E-003,4.337244853377342E-002,-9.277727603912354E-001,2.891273200511932E-001,-1.627720077522099E-003,4.337244853377342E-002,-9.277727603912354E-001,2.891273200511932E-001,
1.141800000000000E+009,-1.310936640948057E-003,5.635579302906990E-002,-9.173180460929871E-001,3.142254948616028E-001,-1.310936640948057E-003,5.635579302906990E-002,-9.173180460929871E-001,3.142254948616028E-001,
1.150166666666667E+009,4.986780229955912E-003,6.879207491874695E-002,-9.117773175239563E-001,3.439306020736694E-001,4.986780229955912E-003,6.879207491874695E-002,-9.117773175239563E-001,3.439306020736694E-001,
1.158533333333334E+009,2.223870903253555E-002,7.604112476110458E-002,-9.017168879508972E-001,3.655540943145752E-001,2.223870903253555E-002,7.604112476110458E-002,-9.017168879508972E-001,3.655540943145752E-001,
1.166900000000000E+009,4.133832082152367E-002,7.533356547355652E-002,-8.933814167976379E-001,3.916311860084534E-001,4.133832082152367E-002,7.533356547355652E-002,-8.933814167976379E-001,3.916311860084534E-001,
1.175266666666667E+009,5.729616433382034E-002,6.573493033647537E-002,-8.754467964172363E-001,4.054566025733948E-001,5.729616433382034E-002,6.573493033647537E-002,-8.754467964172363E-001,4.054566025733948E-001,
1.183633333333334E+009,7.015349715948105E-002,5.119044333696365E-002,-8.705860376358032E-001,4.320440292358398E-001,7.015349715948105E-002,5.119044333696365E-002,-8.705860376358032E-001,4.320440292358398E-001,
1.192000000000000E+009,7.164675742387772E-002,3.406914323568344E-002,-8.640556335449219E-001,4.588509798049927E-001,7.164675742387772E-002,3.406914323568344E-002,-8.640556335449219E-001,4.588509798049927E-001,
1.200366666666667E+009,6.249193847179413E-002,1.732678152620792E-002,-8.512313961982727E-001,4.765948653221130E-001,6.249193847179413E-002,1.732678152620792E-002,-8.512313961982727E-001,4.765948653221130E-001,
1.208733333333334E+009,4.504799097776413E-002,9.349953383207321E-003,-8.462374806404114E-001,5.060043931007385E-001,4.504799097776413E-002,9.349953383207321E-003,-8.462374806404114E-001,5.060043931007385E-001,
1.217100000000000E+009,2.687714248895645E-002,1.176194846630096E-002,-8.141338825225830E-001,5.192161202430725E-001,2.687714248895645E-002,1.176194846630096E-002,-8.141338825225830E-001,5.192161202430725E-001,
1.225466666666667E+009,1.484590116888285E-002,2.328182756900787E-002,-8.169298171997070E-001,5.446400046348572E-001,1.484590116888285E-002,2.328182756900787E-002,-8.169298171997070E-001,5.446400046348572E-001,
1.233833333333334E+009,1.254674140363932E-002,3.869305178523064E-002,-7.971213459968567E-001,5.645584464073181E-001,1.254674140363932E-002,3.869305178523064E-002,-7.971213459968567E-001,5.645584464073181E-001,
1.242200000000000E+009,1.789332367479801E-002,5.322654172778130E-002,-7.693423628807068E-001,5.804695487022400E-001,1.789332367479801E-002,5.322654172778130E-002,-7.693423628807068E-001,5.804695487022400E-001,
1.250566666666667E+009,3.254159539937973E-002,6.310828775167465E-002,-7.732579112052918E-001,6.077794432640076E-001,3.254159539937973E-002,6.310828775167465E-002,-7.732579112052918E-001,6.077794432640076E-001,
1.258933333333334E+009,5.276791751384735E-002,6.373305618762970E-002,-7.529911398887634E-001,6.183925867080689E-001,5.276791751384735E-002,6.373305618762970E-002,-7.529911398887634E-001,6.183925867080689E-001,
1.267300000000000E+009,7.054846733808518E-002,5.153843760490418E-002,-7.300910949707031E-001,6.360301971435547E-001,7.054846733808518E-002,5.153843760490418E-002,-7.300910949707031E-001,6.360301971435547E-001,
1.275666666666667E+009,8.156826347112656E-002,3.483399003744125E-002,-7.271033525466919E-001,6.414958238601685E-001,8.156826347112656E-002,3.483399003744125E-002,-7.271033525466919E-001,6.414958238601685E-001,
1.284033333333334E+009,8.345966786146164E-002,1.272732764482498E-002,-6.956702470779419E-001,6.923162341117859E-001,8.345966786146164E-002,1.272732764482498E-002,-6.956702470779419E-001,6.923162341117859E-001,
1.292400000000000E+009,7.191747426986694E-002,-4.776465706527233E-003,-6.927399039268494E-001,6.917154788970947E-001,7.191747426986694E-002,-4.776465706527233E-003,-6.927399039268494E-001,6.917154788970947E-001,
1.300766666666667E+009,5.439176410436630E-002,-1.226580888032913E-002,-6.746408939361572E-001,7.091662883758545E-001,5.439176410436630E-002,-1.226580888032913E-002,-6.746408939361572E-001,7.091662883758545E-001,
1.309133333333334E+009,3.482216969132423E-002,-9.234323166310787E-003,-6.591609120368958E-001,7.364057302474976E-001,3.482216969132423E-002,-9.234323166310787E-003,-6.591609120368958E-001,7.364057302474976E-001,
1.317500000000000E+009,2.023172751069069E-002,3.442309098318219E-003,-6.296558976173401E-001,7.606582641601563E-001,2.023172751069069E-002,3.442309098318219E-003,-6.296558976173401E-001,7.606582641601563E-001,
1.325866666666667E+009,1.508238445967436E-002,2.003465034067631E-002,-6.108673810958862E-001,7.603325247764587E-001,1.508238445967436E-002,2.003465034067631E-002,-6.108673810958862E-001,7.603325247764587E-001,
1.334233333333334E+009,2.148097008466721E-002,3.873834758996964E-002,-5.895564556121826E-001,7.725090384483337E-001,2.148097008466721E-002,3.873834758996964E-002,-5.895564556121826E-001,7.725090384483337E-001,
1.342600000000000E+009,3.782225027680397E-002,4.483024030923843E-002,-5.770947933197022E-001,7.905530929565430E-001,3.782225027680397E-002,4.483024030923843E-002,-5.770947933197022E-001,7.905530929565430E-001,
1.350966666666667E+009,5.532870814204216E-002,4.343405738472939E-002,-5.479717850685120E-001,8.102985620498657E-001,5.532870814204216E-002,4.343405738472939E-002,-5.479717850685120E-001,8.102985620498657E-001,
1.359333333333334E+009,7.097711414098740E-002,3.137470409274101E-002,-5.305944085121155E-001,8.169491291046143E-001,7.097711414098740E-002,3.137470409274101E-002,-5.305944085121155E-001,8.169491291046143E-001,
1.367700000000000E+009,7.817155867815018E-002,1.032872963696718E-002,-5.134645700454712E-001,8.286287784576416E-001,7.817155867815018E-002,1.032872963696718E-002,-5.134645700454712E-001,8.286287784576416E-001,
1.376066666666667E+009,7.294066250324249E-002,-1.271947287023068E-002,-4.878158867359161E-001,8.410425186157227E-001,7.294066250324249E-002,-1.271947287023068E-002,-4.878158867359161E-001,8.410425186157227E-001,
1.384433333333334E+009,5.822005495429039E-002,-2.600684762001038E-002,-4.792803823947907E-001,8.523090481758118E-001,5.822005495429039E-002,-2.600684762001038E-002,-4.792803823947907E-001,8.523090481758118E-001,
1.392800000000000E+009,3.548886254429817E-002,-2.916587516665459E-002,-4.551868736743927E-001,8.594809174537659E-001,3.548886254429817E-002,-2.916587516665459E-002,-4.551868736743927E-001,8.594809174537659E-001,
1.401166666666667E+009,1.845183968544006E-002,-2.059700340032578E-002,-4.235273599624634E-001,8.863233327865601E-001,1.845183968544006E-002,-2.059700340032578E-002,-4.235273599624634E-001,8.863233327865601E-001,
1.409533333333334E+009,6.501259747892618E-003,-4.890254349447787E-004,-4.008545577526093E-001,8.960813283920288E-001,6.501259747892618E-003,-4.890254349447787E-004,-4.008545577526093E-001,8.960813283920288E-001,
1.417900000000000E+009,4.891543183475733E-003,2.128060907125473E-002,-3.616913259029388E-001,8.895317912101746E-001,4.891543183475733E-003,2.128060907125473E-002,-3.616913259029388E-001,8.895317912101746E-001,
1.426266666666667E+009,1.560363825410605E-002,4.064015299081802E-002,-3.571124374866486E-001,9.181571602821350E-001,1.560363825410605E-002,4.064015299081802E-002,-3.571124374866486E-001,9.181571602821350E-001,
1.434633333333334E+009,3.394900262355804E-002,4.811301454901695E-002,-3.282312154769898E-001,9.107065200805664E-001,3.394900262355804E-002,4.811301454901695E-002,-3.282312154769898E-001,9.107065200805664E-001,
1.443000000000000E+009,5.630748718976975E-002,4.586452245712280E-002,-3.026805520057678E-001,9.236471652984619E-001,5.630748718976975E-002,4.586452245712280E-002,-3.026805520057678E-001,9.236471652984619E-001,
1.451366666666667E+009,7.159812748432159E-002,2.971313148736954E-002,-2.843035757541657E-001,9.292348027229309E-001,7.159812748432159E-002,2.971313148736954E-002,-2.843035757541657E-001,9.292348027229309E-001,
1.459733333333334E+009,7.770540565252304E-002,9.096109308302403E-003,-2.703678309917450E-001,9.332028031349182E-001,7.770540565252304E-002,9.096109308302403E-003,-2.703678309917450E-001,9.332028031349182E-001,
1.468100000000000E+009,7.219620794057846E-002,-1.238339394330978E-002,-2.339518070220947E-001,9.417132139205933E-001,7.219620794057846E-002,-1.238339394330978E-002,-2.339518070220947E-001,9.417132139205933E-001,
1.476466666666667E+009,5.661933496594429E-002,-2.691047266125679E-002,-2.154087573289871E-001,9.569937586784363E-001,5.661933496594429E-002,-2.691047266125679E-002,-2.154087573289871E-001,9.569937586784363E-001,
1.484833333333334E+009,3.531815484166145E-002,-3.034709021449089E-002,-1.819881945848465E-001,9.597135782241821E-001,3.531815484166145E-002,-3.034709021449089E-002,-1.819881945848465E-001,9.597135782241821E-001,
1.493200000000000E+009,1.904181577265263E-002,-2.086003310978413E-002,-1.658587157726288E-001,9.609164595603943E-001,1.904181577265263E-002,-2.086003310978413E-002,-1.658587157726288E-001,9.609164595603943E-001,
1.501566666666667E+009,9.374076500535011E-003,-1.706319395452738E-003,-1.349766552448273E-001,9.643656015396118E-001,9.374076500535011E-003,-1.706319395452738E-003,-1.349766552448273E-001,9.643656015396118E-001,
1.509933333333334E+009,9.794814512133598E-003,2.078236266970635E-002,-1.195154115557671E-001,9.684040546417236E-001,9.794814512133598E-003,2.078236266970635E-002,-1.195154115557671E-001,9.684040546417236E-001,
1.518300000000000E+009,2.482136152684689E-002,3.756492584943771E-002,-9.310872852802277E-002,9.747728705406189E-001,2.482136152684689E-002,3.756492584943771E-002,-9.310872852802277E-002,9.747728705406189E-001,
1.526666666666667E+009,4.478533193469048E-002,4.467393457889557E-002,-6.019857898354530E-002,9.680915474891663E-001,4.478533193469048E-002,4.467393457889557E-002,-6.019857898354530E-002,9.680915474891663E-001,
1.535033333333334E+009,6.512808799743652E-002,4.138442128896713E-002,-4.046534374356270E-002,9.781048297882080E-001,6.512808799743652E-002,4.138442128896713E-002,-4.046534374356270E-002,9.781048297882080E-001,
1.543400000000000E+009,7.881928235292435E-002,2.559084631502628E-002,-1.977986656129360E-002,9.719210267066956E-001,7.881928235292435E-002,2.559084631502628E-002,-1.977986656129360E-002,9.719210267066956E-001,
1.551766666666667E+009,8.108278363943100E-002,3.198152640834451E-003,2.798031549900770E-003,9.678498506546021E-001,8.108278363943100E-002,3.198152640834451E-003,2.798031549900770E-003,9.678498506546021E-001,
1.560133333333334E+009,7.481536269187927E-002,-1.754872500896454E-002,2.554496191442013E-002,9.737377166748047E-001,7.481536269187927E-002,-1.754872500896454E-002,2.554496191442013E-002,9.737377166748047E-001,
1.568500000000000E+009,5.998901277780533E-002,-3.052883408963680E-002,4.281428828835487E-002,9.773432016372681E-001,5.998901277780533E-002,-3.052883408963680E-002,4.281428828835487E-002,9.773432016372681E-001,
1.576866666666667E+009,4.048988595604897E-002,-3.209475800395012E-002,8.430263400077820E-002,9.689111709594727E-001,4.048988595604897E-002,-3.209475800395012E-002,8.430263400077820E-002,9.689111709594727E-001,
1.585233333333334E+009,2.726171538233757E-002,-2.388649433851242E-002,9.986084699630737E-002,9.688218832015991E-001,2.726171538233757E-002,-2.388649433851242E-002,9.986084699630737E-002,9.688218832015991E-001,
1.593600000000000E+009,1.977916434407234E-002,-8.902211673557758E-003,1.277395486831665E-001,9.640625715255737E-001,1.977916434407234E-002,-8.902211673557758E-003,1.277395486831665E-001,9.640625715255737E-001,
1.601966666666667E+009,2.270364761352539E-002,9.999960660934448E-003,1.492461264133453E-001,9.620099663734436E-001,2.270364761352539E-002,9.999960660934448E-003,1.492461264133453E-001,9.620099663734436E-001,
1.610333333333334E+009,3.516010195016861E-002,2.291030809283257E-002,1.797378808259964E-001,9.546558856964111E-001,3.516010195016861E-002,2.291030809283257E-002,1.797378808259964E-001,9.546558856964111E-001,
1.618700000000000E+009,5.350811034440994E-002,2.720401063561440E-002,2.048146873712540E-001,9.515573978424072E-001,5.350811034440994E-002,2.720401063561440E-002,2.048146873712540E-001,9.515573978424072E-001,
1.627066666666667E+009,6.934455037117004E-002,2.140228636562824E-002,2.256796956062317E-001,9.439585804939270E-001,6.934455037117004E-002,2.140228636562824E-002,2.256796956062317E-001,9.439585804939270E-001,
1.635433333333334E+009,7.848285883665085E-002,9.356406517326832E-003,2.525284588336945E-001,9.441169500350952E-001,7.848285883665085E-002,9.356406517326832E-003,2.525284588336945E-001,9.441169500350952E-001,
1.643800000000000E+009,7.949284464120865E-002,-8.993950672447681E-003,2.653373777866364E-001,9.342598319053650E-001,7.949284464120865E-002,-8.993950672447681E-003,2.653373777866364E-001,9.342598319053650E-001,
1.652166666666667E+009,7.086913287639618E-002,-2.455836534500122E-002,2.990768253803253E-001,9.258974790573120E-001,7.086913287639618E-002,-2.455836534500122E-002,2.990768253803253E-001,9.258974790573120E-001,
1.660533333333334E+009,5.648925527930260E-002,-3.307016938924789E-002,3.163963556289673E-001,9.206633567810059E-001,5.648925527930260E-002,-3.307016938924789E-002,3.163963556289673E-001,9.206633567810059E-001,
1.668900000000000E+009,4.096604883670807E-002,-3.194880113005638E-002,3.389074206352234E-001,9.100333452224731E-001,4.096604883670807E-002,-3.194880113005638E-002,3.389074206352234E-001,9.100333452224731E-001,
1.677266666666667E+009,2.879762463271618E-002,-2.447839267551899E-002,3.785182237625122E-001,9.008808732032776E-001,2.879762463271618E-002,-2.447839267551899E-002,3.785182237625122E-001,9.008808732032776E-001,
1.685633333333334E+009,2.631373703479767E-002,-1.015932578593493E-002,3.940350413322449E-001,8.937372565269470E-001,2.631373703479767E-002,-1.015932578593493E-002,3.940350413322449E-001,8.937372565269470E-001,
1.694000000000000E+009,3.052074089646339E-002,2.740908414125443E-003,4.108033180236816E-001,8.810049891471863E-001,3.052074089646339E-002,2.740908414125443E-003,4.108033180236816E-001,8.810049891471863E-001,
1.702366666666667E+009,4.334761202335358E-002,1.393095403909683E-002,4.335178732872009E-001,8.720984458923340E-001,4.334761202335358E-002,1.393095403909683E-002,4.335178732872009E-001,8.720984458923340E-001,
1.710733333333334E+009,6.032831966876984E-002,1.696336828172207E-002,4.521980881690979E-001,8.551126122474670E-001,6.032831966876984E-002,1.696336828172207E-002,4.521980881690979E-001,8.551126122474670E-001,
1.719100000000000E+009,7.631082087755203E-002,9.904628619551659E-003,4.787173569202423E-001,8.403293490409851E-001,7.631082087755203E-002,9.904628619551659E-003,4.787173569202423E-001,8.403293490409851E-001,
1.727466666666667E+009,8.667966723442078E-002,-2.830219222232699E-003,4.963350296020508E-001,8.341886997222900E-001,8.667966723442078E-002,-2.830219222232699E-003,4.963350296020508E-001,8.341886997222900E-001,
1.735833333333334E+009,8.852325379848480E-002,-1.919370144605637E-002,5.121415257453919E-001,8.202522397041321E-001,8.852325379848480E-002,-1.919370144605637E-002,5.121415257453919E-001,8.202522397041321E-001,
1.744200000000000E+009,8.114237338304520E-002,-3.671036660671234E-002,5.407684445381165E-001,7.988248467445374E-001,8.114237338304520E-002,-3.671036660671234E-002,5.407684445381165E-001,7.988248467445374E-001,
1.752566666666667E+009,6.901308149099350E-002,-4.784176126122475E-002,5.687744617462158E-001,7.931963801383972E-001,6.901308149099350E-002,-4.784176126122475E-002,5.687744617462158E-001,7.931963801383972E-001,
1.760933333333334E+009,5.346773564815521E-002,-5.313611030578613E-002,5.778868794441223E-001,7.804195880889893E-001,5.346773564815521E-002,-5.313611030578613E-002,5.778868794441223E-001,7.804195880889893E-001,
1.769300000000000E+009,3.890059515833855E-002,-5.079223588109016E-002,6.025864481925964E-001,7.715045213699341E-001,3.890059515833855E-002,-5.079223588109016E-002,6.025864481925964E-001,7.715045213699341E-001,
1.777666666666667E+009,2.998193912208080E-002,-4.084640741348267E-002,6.167372465133667E-001,7.616147398948669E-001,2.998193912208080E-002,-4.084640741348267E-002,6.167372465133667E-001,7.616147398948669E-001,
1.786033333333334E+009,2.844569832086563E-002,-3.112114965915680E-002,6.326879858970642E-001,7.313197255134583E-001,2.844569832086563E-002,-3.112114965915680E-002,6.326879858970642E-001,7.313197255134583E-001,
1.794400000000000E+009,3.479146212339401E-002,-1.890674605965614E-002,6.557170748710632E-001,7.162414789199829E-001,3.479146212339401E-002,-1.890674605965614E-002,6.557170748710632E-001,7.162414789199829E-001,
1.802766666666667E+009,4.320666566491127E-002,-1.326034869998694E-002,6.737810969352722E-001,6.987287998199463E-001,4.320666566491127E-002,-1.326034869998694E-002,6.737810969352722E-001,6.987287998199463E-001,
1.811133333333334E+009,5.418033152818680E-002,-1.213093847036362E-002,6.987105607986450E-001,6.806640625000000E-001,5.418033152818680E-002,-1.213093847036362E-002,6.987105607986450E-001,6.806640625000000E-001,
1.819500000000000E+009,6.465167552232742E-002,-1.560073811560869E-002,7.097764611244202E-001,6.549877524375916E-001,6.465167552232742E-002,-1.560073811560869E-002,7.097764611244202E-001,6.549877524375916E-001,
1.827866666666667E+009,7.120344787836075E-002,-2.413998730480671E-002,7.295233011245728E-001,6.448371410369873E-001,7.120344787836075E-002,-2.413998730480671E-002,7.295233011245728E-001,6.448371410369873E-001,
1.836233333333334E+009,6.970272958278656E-002,-3.497285023331642E-002,7.421916723251343E-001,6.278690099716187E-001,6.970272958278656E-002,-3.497285023331642E-002,7.421916723251343E-001,6.278690099716187E-001,
1.844600000000000E+009,6.323556602001190E-002,-4.359280318021774E-002,7.584766745567322E-001,6.211848258972168E-001,6.323556602001190E-002,-4.359280318021774E-002,7.584766745567322E-001,6.211848258972168E-001,
1.852966666666667E+009,5.463859438896179E-002,-4.878133535385132E-002,7.677031755447388E-001,5.873511433601379E-001,5.463859438896179E-002,-4.878133535385132E-002,7.677031755447388E-001,5.873511433601379E-001,
1.861333333333334E+009,4.538498818874359E-002,-5.174921825528145E-002,7.909454703330994E-001,5.693127512931824E-001,4.538498818874359E-002,-5.174921825528145E-002,7.909454703330994E-001,5.693127512931824E-001,
1.869700000000000E+009,3.788630664348602E-002,-4.633197560906410E-002,8.058998584747315E-001,5.506871938705444E-001,3.788630664348602E-002,-4.633197560906410E-002,8.058998584747315E-001,5.506871938705444E-001,
1.878066666666667E+009,3.487762808799744E-002,-4.165925458073616E-002,8.197573423385620E-001,5.356545448303223E-001,3.487762808799744E-002,-4.165925458073616E-002,8.197573423385620E-001,5.356545448303223E-001,
1.886433333333334E+009,3.642424196004868E-002,-3.425241634249687E-002,8.383367657661438E-001,5.098078846931458E-001,3.642424196004868E-002,-3.425241634249687E-002,8.383367657661438E-001,5.098078846931458E-001,
1.894800000000000E+009,4.505368694663048E-002,-2.944458462297916E-002,8.495681881904602E-001,4.903632998466492E-001,4.505368694663048E-002,-2.944458462297916E-002,8.495681881904602E-001,4.903632998466492E-001,
1.903166666666667E+009,5.445943027734757E-002,-2.658588625490665E-002,8.609157204627991E-001,4.605829119682312E-001,5.445943027734757E-002,-2.658588625490665E-002,8.609157204627991E-001,4.605829119682312E-001,
1.911533333333334E+009,6.448466330766678E-002,-3.165004402399063E-002,8.686402440071106E-001,4.337680041790009E-001,6.448466330766678E-002,-3.165004402399063E-002,8.686402440071106E-001,4.337680041790009E-001,
1.919900000000000E+009,7.237776368856430E-002,-3.998357802629471E-002,8.831081390380859E-001,4.199128746986389E-001,7.237776368856430E-002,-3.998357802629471E-002,8.831081390380859E-001,4.199128746986389E-001,
1.928266666666667E+009,7.572307437658310E-002,-5.021216347813606E-002,8.805376291275024E-001,3.839216828346252E-001,7.572307437658310E-002,-5.021216347813606E-002,8.805376291275024E-001,3.839216828346252E-001,
1.936633333333334E+009,7.125493884086609E-002,-6.223973259329796E-002,8.998693823814392E-001,3.740485906600952E-001,7.125493884086609E-002,-6.223973259329796E-002,8.998693823814392E-001,3.740485906600952E-001,
1.945000000000000E+009,6.181532517075539E-002,-7.107432931661606E-002,9.106136560440064E-001,3.491215109825134E-001,6.181532517075539E-002,-7.107432931661606E-002,9.106136560440064E-001,3.491215109825134E-001,
1.953366666666667E+009,5.030245333909988E-002,-7.708294689655304E-002,9.133599996566773E-001,3.286516964435577E-001,5.030245333909988E-002,-7.708294689655304E-002,9.133599996566773E-001,3.286516964435577E-001,
1.961733333333334E+009,3.541801869869232E-002,-7.456884533166885E-002,9.292516112327576E-001,3.065053820610046E-001,3.541801869869232E-002,-7.456884533166885E-002,9.292516112327576E-001,3.065053820610046E-001,
1.970100000000000E+009,2.422059327363968E-002,-6.930238753557205E-002,9.301580786705017E-001,2.826342880725861E-001,2.422059327363968E-002,-6.930238753557205E-002,9.301580786705017E-001,2.826342880725861E-001,
1.978466666666667E+009,2.033479325473309E-002,-5.797177925705910E-002,9.407821297645569E-001,2.532610297203064E-001,2.033479325473309E-002,-5.797177925705910E-002,9.407821297645569E-001,2.532610297203064E-001,
1.986833333333334E+009,2.335064299404621E-002,-4.799409583210945E-002,9.444431662559509E-001,2.348179668188095E-001,2.335064299404621E-002,-4.799409583210945E-002,9.444431662559509E-001,2.348179668188095E-001,
1.995200000000000E+009,3.524273261427879E-002,-4.169899597764015E-002,9.470396041870117E-001,2.170173525810242E-001,3.524273261427879E-002,-4.169899597764015E-002,9.470396041870117E-001,2.170173525810242E-001,
2.003566666666667E+009,4.963618889451027E-002,-4.139278084039688E-002,9.531611800193787E-001,1.825435906648636E-001,4.963618889451027E-002,-4.139278084039688E-002,9.531611800193787E-001,1.825435906648636E-001,
2.011933333333334E+009,6.349519640207291E-002,-5.026553198695183E-002,9.636821150779724E-001,1.554400324821472E-001,6.349519640207291E-002,-5.026553198695183E-002,9.636821150779724E-001,1.554400324821472E-001,
2.020300000000000E+009,7.229495793581009E-002,-6.163021177053452E-002,9.649654030799866E-001,1.247541159391403E-001,7.229495793581009E-002,-6.163021177053452E-002,9.649654030799866E-001,1.247541159391403E-001,
2.028666666666667E+009,7.262006402015686E-002,-7.777965068817139E-002,9.671296477317810E-001,1.098088771104813E-001,7.262006402015686E-002,-7.777965068817139E-002,9.671296477317810E-001,1.098088771104813E-001,
2.037033333333334E+009,6.431671231985092E-002,-9.445057809352875E-002,9.707494378089905E-001,8.360081166028976E-002,6.431671231985092E-002,-9.445057809352875E-002,9.707494378089905E-001,8.360081166028976E-002,
2.045400000000000E+009,4.893936589360237E-002,-1.038619801402092E-001,9.682480692863464E-001,6.532889604568481E-002,4.893936589360237E-002,-1.038619801402092E-001,9.682480692863464E-001,6.532889604568481E-002,
2.053766666666667E+009,2.968835830688477E-002,-1.045343875885010E-001,9.713355302810669E-001,3.922011703252792E-002,2.968835830688477E-002,-1.045343875885010E-001,9.713355302810669E-001,3.922011703252792E-002,
2.062133333333334E+009,1.442240178585053E-002,-9.858910739421845E-002,9.763879179954529E-001,1.275747921317816E-002,1.442240178585053E-002,-9.858910739421845E-002,9.763879179954529E-001,1.275747921317816E-002,
2.070500000000000E+009,5.693088285624981E-003,-8.411201089620590E-002,9.767834544181824E-001,-1.411638688296080E-002,5.693088285624981E-003,-8.411201089620590E-002,9.767834544181824E-001,-1.411638688296080E-002,
2.078866666666667E+009,6.699541583657265E-003,-6.956633180379868E-002,9.729315638542175E-001,-3.668643534183502E-002,6.699541583657265E-003,-6.956633180379868E-002,9.729315638542175E-001,-3.668643534183502E-002,
2.087233333333334E+009,1.698938198387623E-002,-6.236693263053894E-002,9.738804697990418E-001,-7.054001837968826E-002,1.698938198387623E-002,-6.236693263053894E-002,9.738804697990418E-001,-7.054001837968826E-002,
2.095600000000000E+009,3.292675316333771E-002,-5.947511643171310E-002,9.763187170028687E-001,-9.088675677776337E-002,3.292675316333771E-002,-5.947511643171310E-002,9.763187170028687E-001,-9.088675677776337E-002,
2.103966666666667E+009,4.891762509942055E-002,-7.020831108093262E-002,9.738098978996277E-001,-1.188423037528992E-001,4.891762509942055E-002,-7.020831108093262E-002,9.738098978996277E-001,-1.188423037528992E-001,
2.112333333333334E+009,5.877373367547989E-002,-8.714181929826737E-002,9.621040225028992E-001,-1.380300372838974E-001,5.877373367547989E-002,-8.714181929826737E-002,9.621040225028992E-001,-1.380300372838974E-001,
2.120700000000000E+009,5.939673259854317E-002,-1.111366003751755E-001,9.588899016380310E-001,-1.689941287040710E-001,5.939673259854317E-002,-1.111366003751755E-001,9.588899016380310E-001,-1.689941287040710E-001,
2.129066666666667E+009,4.720036312937737E-002,-1.286142021417618E-001,9.637014269828796E-001,-1.958138048648834E-001,4.720036312937737E-002,-1.286142021417618E-001,9.637014269828796E-001,-1.958138048648834E-001,
2.137433333333334E+009,2.543996833264828E-002,-1.400440633296967E-001,9.467234611511231E-001,-2.142116874456406E-001,2.543996833264828E-002,-1.400440633296967E-001,9.467234611511231E-001,-2.142116874456406E-001,
2.145800000000000E+009,-1.905913697555661E-003,-1.395564526319504E-001,9.457141757011414E-001,-2.375032603740692E-001,-1.905913697555661E-003,-1.395564526319504E-001,9.457141757011414E-001,-2.375032603740692E-001,
2.154166666666667E+009,-2.327712066471577E-002,-1.273585259914398E-001,9.379976391792297E-001,-2.555041909217835E-001,-2.327712066471577E-002,-1.273585259914398E-001,9.379976391792297E-001,-2.555041909217835E-001,
2.162533333333334E+009,-3.588090464472771E-002,-1.062109023332596E-001,9.194548726081848E-001,-2.809039354324341E-001,-3.588090464472771E-002,-1.062109023332596E-001,9.194548726081848E-001,-2.809039354324341E-001,
2.170900000000000E+009,-3.525754064321518E-002,-8.411983400583267E-002,9.274675846099854E-001,-3.091553151607513E-001,-3.525754064321518E-002,-8.411983400583267E-002,9.274675846099854E-001,-3.091553151607513E-001,
2.179266666666667E+009,-2.222084812819958E-002,-7.006389647722244E-002,9.158219695091248E-001,-3.257917165756226E-001,-2.222084812819958E-002,-7.006389647722244E-002,9.158219695091248E-001,-3.257917165756226E-001,
2.187633333333334E+009,-3.409185446798801E-003,-6.585243344306946E-002,9.123672246932983E-001,-3.583460748195648E-001,-3.409185446798801E-003,-6.585243344306946E-002,9.123672246932983E-001,-3.583460748195648E-001,
2.196000000000000E+009,1.736878789961338E-002,-7.640259712934494E-002,8.933917284011841E-001,-3.799077272415161E-001,1.736878789961338E-002,-7.640259712934494E-002,8.933917284011841E-001,-3.799077272415161E-001,
2.204366666666667E+009,2.985264360904694E-002,-9.834273159503937E-002,8.854658007621765E-001,-4.018791913986206E-001,2.985264360904694E-002,-9.834273159503937E-002,8.854658007621765E-001,-4.018791913986206E-001,
2.212733333333334E+009,2.941742539405823E-002,-1.247050762176514E-001,8.714206814765930E-001,-4.331160485744476E-001,2.941742539405823E-002,-1.247050762176514E-001,8.714206814765930E-001,-4.331160485744476E-001,
2.221100000000000E+009,1.442895922809839E-002,-1.460717618465424E-001,8.524717092514038E-001,-4.453104138374329E-001,1.442895922809839E-002,-1.460717618465424E-001,8.524717092514038E-001,-4.453104138374329E-001,
2.229466666666667E+009,-8.993557654321194E-003,-1.581191271543503E-001,8.449483513832092E-001,-4.577349424362183E-001,-8.993557654321194E-003,-1.581191271543503E-001,8.449483513832092E-001,-4.577349424362183E-001,
2.237833333333334E+009,-3.846879675984383E-002,-1.539920419454575E-001,8.370179533958435E-001,-4.846290647983551E-001,-3.846879675984383E-002,-1.539920419454575E-001,8.370179533958435E-001,-4.846290647983551E-001,
2.246200000000000E+009,-6.337606161832809E-002,-1.379814445972443E-001,8.240014314651489E-001,-5.051977038383484E-001,-6.337606161832809E-002,-1.379814445972443E-001,8.240014314651489E-001,-5.051977038383484E-001,
2.254566666666667E+009,-7.435852289199829E-002,-1.113919913768768E-001,8.151446580886841E-001,-5.234423875808716E-001,-7.435852289199829E-002,-1.113919913768768E-001,8.151446580886841E-001,-5.234423875808716E-001,
2.262933333333334E+009,-7.405874878168106E-002,-8.708220720291138E-002,8.021436333656311E-001,-5.457783341407776E-001,-7.405874878168106E-002,-8.708220720291138E-002,8.021436333656311E-001,-5.457783341407776E-001,
2.271300000000000E+009,-6.014423444867134E-002,-6.760276854038239E-002,7.855325341224670E-001,-5.652011632919312E-001,-6.014423444867134E-002,-6.760276854038239E-002,7.855325341224670E-001,-5.652011632919312E-001,
2.279666666666667E+009,-3.826792538166046E-002,-6.453954428434372E-002,7.742231488227844E-001,-5.868296027183533E-001,-3.826792538166046E-002,-6.453954428434372E-002,7.742231488227844E-001,-5.868296027183533E-001,
2.288033333333334E+009,-1.947966776788235E-002,-7.578179240226746E-002,7.582678198814392E-001,-6.162231564521790E-001,-1.947966776788235E-002,-7.578179240226746E-002,7.582678198814392E-001,-6.162231564521790E-001,
2.296400000000000E+009,-9.124346077442169E-003,-9.922391921281815E-002,7.364438772201538E-001,-6.348105669021606E-001,-9.124346077442169E-003,-9.922391921281815E-002,7.364438772201538E-001,-6.348105669021606E-001,
2.304766666666667E+009,-1.455137692391872E-002,-1.257176399230957E-001,7.225308418273926E-001,-6.415855288505554E-001,-1.455137692391872E-002,-1.257176399230957E-001,7.225308418273926E-001,-6.415855288505554E-001,
2.313133333333334E+009,-3.501956537365913E-002,-1.442424654960632E-001,6.991563439369202E-001,-6.731487512588501E-001,-3.501956537365913E-002,-1.442424654960632E-001,6.991563439369202E-001,-6.731487512588501E-001,
2.321500000000000E+009,-5.976262688636780E-002,-1.492960602045059E-001,6.850735545158386E-001,-6.801682710647583E-001,-5.976262688636780E-002,-1.492960602045059E-001,6.850735545158386E-001,-6.801682710647583E-001,
2.329866666666667E+009,-8.578447997570038E-002,-1.395875960588455E-001,6.747871041297913E-001,-6.981211304664612E-001,-8.578447997570038E-002,-1.395875960588455E-001,6.747871041297913E-001,-6.981211304664612E-001,
2.338233333333334E+009,-1.045175641775131E-001,-1.182328164577484E-001,6.484856009483337E-001,-7.153497934341431E-001,-1.045175641775131E-001,-1.182328164577484E-001,6.484856009483337E-001,-7.153497934341431E-001,
2.346600000000000E+009,-1.085582152009010E-001,-8.750839531421661E-002,6.304758787155151E-001,-7.349785566329956E-001,-1.085582152009010E-001,-8.750839531421661E-002,6.304758787155151E-001,-7.349785566329956E-001,
2.354966666666667E+009,-9.598877280950546E-002,-6.346378475427628E-002,6.225040555000305E-001,-7.476195096969605E-001,-9.598877280950546E-002,-6.346378475427628E-002,6.225040555000305E-001,-7.476195096969605E-001,
2.363333333333334E+009,-7.440836727619171E-002,-5.212385952472687E-002,6.050785779953003E-001,-7.641845345497131E-001,-7.440836727619171E-002,-5.212385952472687E-002,6.050785779953003E-001,-7.641845345497131E-001,
2.371700000000000E+009,-4.752347245812416E-002,-5.603154748678207E-002,5.853711962699890E-001,-7.853263020515442E-001,-4.752347245812416E-002,-5.603154748678207E-002,5.853711962699890E-001,-7.853263020515442E-001,
2.380066666666667E+009,-3.055928833782673E-002,-7.922381162643433E-002,5.545945167541504E-001,-7.994881868362427E-001,-3.055928833782673E-002,-7.922381162643433E-002,5.545945167541504E-001,-7.994881868362427E-001,
2.388433333333334E+009,-3.014825098216534E-002,-1.100170165300369E-001,5.334898829460144E-001,-8.057700395584106E-001,-3.014825098216534E-002,-1.100170165300369E-001,5.334898829460144E-001,-8.057700395584106E-001,
2.396800000000000E+009,-4.767017439007759E-002,-1.413194686174393E-001,5.017943382263184E-001,-8.241813778877258E-001,-4.767017439007759E-002,-1.413194686174393E-001,5.017943382263184E-001,-8.241813778877258E-001,
2.405166666666667E+009,-7.914038002490997E-002,-1.620198339223862E-001,4.843273460865021E-001,-8.343995213508606E-001,-7.914038002490997E-002,-1.620198339223862E-001,4.843273460865021E-001,-8.343995213508606E-001,
2.413533333333334E+009,-1.202198043465614E-001,-1.617904156446457E-001,4.606053829193115E-001,-8.405296206474304E-001,-1.202198043465614E-001,-1.617904156446457E-001,4.606053829193115E-001,-8.405296206474304E-001,
2.421900000000000E+009,-1.574402898550034E-001,-1.436102241277695E-001,4.492895007133484E-001,-8.511554598808289E-001,-1.574402898550034E-001,-1.436102241277695E-001,4.492895007133484E-001,-8.511554598808289E-001,
2.430266666666667E+009,-1.782273650169373E-001,-1.097089424729347E-001,4.304735660552979E-001,-8.624589443206787E-001,-1.782273650169373E-001,-1.097089424729347E-001,4.304735660552979E-001,-8.624589443206787E-001,
2.438633333333334E+009,-1.841907948255539E-001,-6.752005219459534E-002,4.114515185356140E-001,-8.724923133850098E-001,-1.841907948255539E-001,-6.752005219459534E-002,4.114515185356140E-001,-8.724923133850098E-001,
2.447000000000000E+009,-1.679908335208893E-001,-2.895896136760712E-002,3.897067010402679E-001,-8.883544206619263E-001,-1.679908335208893E-001,-2.895896136760712E-002,3.897067010402679E-001,-8.883544206619263E-001,
2.455366666666667E+009,-1.369049102067947E-001,-6.458471529185772E-003,3.686110079288483E-001,-8.963952064514160E-001,-1.369049102067947E-001,-6.458471529185772E-003,3.686110079288483E-001,-8.963952064514160E-001,
2.463733333333334E+009,-1.027806103229523E-001,-2.962254453450441E-003,3.458783030509949E-001,-9.134817123413086E-001,-1.027806103229523E-001,-2.962254453450441E-003,3.458783030509949E-001,-9.134817123413086E-001,
2.472100000000000E+009,-7.614833116531372E-002,-2.087095379829407E-002,3.188373446464539E-001,-9.231743216514587E-001,-7.614833116531372E-002,-2.087095379829407E-002,3.188373446464539E-001,-9.231743216514587E-001,
2.480466666666667E+009,-6.572730839252472E-002,-5.097498372197151E-002,2.855431437492371E-001,-9.257903099060059E-001,-6.572730839252472E-002,-5.097498372197151E-002,2.855431437492371E-001,-9.257903099060059E-001,
2.488833333333334E+009,-7.631666213274002E-002,-8.234612643718720E-002,2.645843327045441E-001,-9.324636459350586E-001,-7.631666213274002E-002,-8.234612643718720E-002,2.645843327045441E-001,-9.324636459350586E-001,
2.497200000000000E+009,-1.011687964200974E-001,-1.024787649512291E-001,2.365553230047226E-001,-9.399715065956116E-001,-1.011687964200974E-001,-1.024787649512291E-001,2.365553230047226E-001,-9.399715065956116E-001,
2.505566666666667E+009,-1.387620419263840E-001,-1.068576127290726E-001,2.103322446346283E-001,-9.457071423530579E-001,-1.387620419263840E-001,-1.068576127290726E-001,2.103322446346283E-001,-9.457071423530579E-001,
2.513933333333334E+009,-1.693042069673538E-001,-9.022270143032074E-002,1.924255937337875E-001,-9.448926448822022E-001,-1.693042069673538E-001,-9.022270143032074E-002,1.924255937337875E-001,-9.448926448822022E-001,
2.522300000000000E+009,-1.877946257591248E-001,-6.194550171494484E-002,1.658846139907837E-001,-9.486907124519348E-001,-1.877946257591248E-001,-6.194550171494484E-002,1.658846139907837E-001,-9.486907124519348E-001,
2.530666666666667E+009,-1.874920427799225E-001,-2.530982345342636E-002,1.427093148231506E-001,-9.583628177642822E-001,-1.874920427799225E-001,-2.530982345342636E-002,1.427093148231506E-001,-9.583628177642822E-001,
2.539033333333334E+009,-1.704462170600891E-001,5.378136876970530E-003,1.249109879136086E-001,-9.589194059371948E-001,-1.704462170600891E-001,5.378136876970530E-003,1.249109879136086E-001,-9.589194059371948E-001,
2.547400000000000E+009,-1.410010606050491E-001,2.343020960688591E-002,1.053899005055428E-001,-9.711444973945618E-001,-1.410010606050491E-001,2.343020960688591E-002,1.053899005055428E-001,-9.711444973945618E-001,
2.555766666666667E+009,-1.072294861078262E-001,2.282304503023624E-002,7.565149664878845E-002,-9.776967167854309E-001,-1.072294861078262E-001,2.282304503023624E-002,7.565149664878845E-002,-9.776967167854309E-001,
2.564133333333334E+009,-8.492292463779450E-002,2.319266321137548E-003,4.784818366169930E-002,-9.739958643913269E-001,-8.492292463779450E-002,2.319266321137548E-003,4.784818366169930E-002,-9.739958643913269E-001,
2.572500000000000E+009,-7.977966964244843E-002,-2.707665041089058E-002,2.062701806426048E-002,-9.731895923614502E-001,-7.977966964244843E-002,-2.707665041089058E-002,2.062701806426048E-002,-9.731895923614502E-001,
2.580866666666667E+009,-9.440673142671585E-002,-5.557213723659515E-002,-8.036243729293346E-003,-9.748599529266357E-001,-9.440673142671585E-002,-5.557213723659515E-002,-8.036243729293346E-003,-9.748599529266357E-001,
2.589233333333334E+009,-1.257156878709793E-001,-7.182209193706513E-002,-3.871772438287735E-002,-9.672259092330933E-001,-1.257156878709793E-001,-7.182209193706513E-002,-3.871772438287735E-002,-9.672259092330933E-001,
2.597600000000000E+009,-1.616049110889435E-001,-7.144102454185486E-002,-6.554490327835083E-002,-9.631148576736450E-001,-1.616049110889435E-001,-7.144102454185486E-002,-6.554490327835083E-002,-9.631148576736450E-001,
2.605966666666667E+009,-1.933340132236481E-001,-5.087057128548622E-002,-7.703018933534622E-002,-9.648845195770264E-001,-1.933340132236481E-001,-5.087057128548622E-002,-7.703018933534622E-002,-9.648845195770264E-001,
2.614333333333334E+009,-2.101753205060959E-001,-2.015327662229538E-002,-9.950796514749527E-002,-9.556674957275391E-001,-2.101753205060959E-001,-2.015327662229538E-002,-9.950796514749527E-002,-9.556674957275391E-001,
2.622700000000000E+009,-2.085233330726624E-001,1.883044280111790E-002,-1.197169125080109E-001,-9.511427283287048E-001,-2.085233330726624E-001,1.883044280111790E-002,-1.197169125080109E-001,-9.511427283287048E-001,
2.631066666666667E+009,-1.896361708641052E-001,5.113921314477921E-002,-1.448084861040115E-001,-9.619662165641785E-001,-1.896361708641052E-001,5.113921314477921E-002,-1.448084861040115E-001,-9.619662165641785E-001,
2.639433333333334E+009,-1.569027006626129E-001,6.783869117498398E-002,-1.659623384475708E-001,-9.521074295043945E-001,-1.569027006626129E-001,6.783869117498398E-002,-1.659623384475708E-001,-9.521074295043945E-001,
2.647800000000000E+009,-1.215817183256149E-001,6.671623885631561E-002,-1.923001706600189E-001,-9.526485204696655E-001,-1.215817183256149E-001,6.671623885631561E-002,-1.923001706600189E-001,-9.526485204696655E-001,
2.656166666666667E+009,-9.743678569793701E-002,4.782765358686447E-002,-2.164630442857742E-001,-9.548141956329346E-001,-9.743678569793701E-002,4.782765358686447E-002,-2.164630442857742E-001,-9.548141956329346E-001,
2.664533333333334E+009,-9.035030752420425E-002,2.035042084753513E-002,-2.515935897827148E-001,-9.381208419799805E-001,-9.035030752420425E-002,2.035042084753513E-002,-2.515935897827148E-001,-9.381208419799805E-001,
2.672900000000000E+009,-1.019647493958473E-001,-6.350922398269177E-003,-2.739195227622986E-001,-9.330615401268005E-001,-1.019647493958473E-001,-6.350922398269177E-003,-2.739195227622986E-001,-9.330615401268005E-001,
2.681266666666667E+009,-1.295662969350815E-001,-2.029503509402275E-002,-3.010620176792145E-001,-9.203867316246033E-001,-1.295662969350815E-001,-2.029503509402275E-002,-3.010620176792145E-001,-9.203867316246033E-001,
2.689633333333334E+009,-1.642200052738190E-001,-1.737554743885994E-002,-3.220260739326477E-001,-9.122545123100281E-001,-1.642200052738190E-001,-1.737554743885994E-002,-3.220260739326477E-001,-9.122545123100281E-001,
2.698000000000000E+009,-1.918343603610992E-001,3.264584578573704E-003,-3.348974883556366E-001,-8.985717892646790E-001,-1.918343603610992E-001,3.264584578573704E-003,-3.348974883556366E-001,-8.985717892646790E-001,
2.706366666666667E+009,-2.056467980146408E-001,3.689887747168541E-002,-3.597001433372498E-001,-8.859527707099915E-001,-2.056467980146408E-001,3.689887747168541E-002,-3.597001433372498E-001,-8.859527707099915E-001,
2.714733333333334E+009,-2.020214349031448E-001,7.180734723806381E-002,-3.744057118892670E-001,-8.850242495536804E-001,-2.020214349031448E-001,7.180734723806381E-002,-3.744057118892670E-001,-8.850242495536804E-001,
2.723100000000000E+009,-1.797004342079163E-001,1.022823899984360E-001,-3.951295316219330E-001,-8.743296265602112E-001,-1.797004342079163E-001,1.022823899984360E-001,-3.951295316219330E-001,-8.743296265602112E-001,
2.731466666666667E+009,-1.444314867258072E-001,1.184865310788155E-001,-4.198316931724548E-001,-8.715198040008545E-001,-1.444314867258072E-001,1.184865310788155E-001,-4.198316931724548E-001,-8.715198040008545E-001,
2.739833333333334E+009,-1.087925657629967E-001,1.145850718021393E-001,-4.417833387851715E-001,-8.609379529953003E-001,-1.087925657629967E-001,1.145850718021393E-001,-4.417833387851715E-001,-8.609379529953003E-001,
2.748200000000000E+009,-8.213997632265091E-002,9.518852084875107E-002,-4.671282172203064E-001,-8.527582883834839E-001,-8.213997632265091E-002,9.518852084875107E-002,-4.671282172203064E-001,-8.527582883834839E-001,
2.756566666666667E+009,-7.236400246620178E-002,6.550343334674835E-002,-4.941026568412781E-001,-8.430159091949463E-001,-7.236400246620178E-002,6.550343334674835E-002,-4.941026568412781E-001,-8.430159091949463E-001,
2.764933333333334E+009,-8.141262829303742E-002,3.734327107667923E-002,-5.268559455871582E-001,-8.315708041191101E-001,-8.141262829303742E-002,3.734327107667923E-002,-5.268559455871582E-001,-8.315708041191101E-001,
2.773300000000000E+009,-1.055625453591347E-001,1.869889348745346E-002,-5.413778424263001E-001,-8.085597753524780E-001,-1.055625453591347E-001,1.869889348745346E-002,-5.413778424263001E-001,-8.085597753524780E-001,
2.781666666666667E+009,-1.399772763252258E-001,2.159985527396202E-002,-5.591322779655457E-001,-7.903068661689758E-001,-1.399772763252258E-001,2.159985527396202E-002,-5.591322779655457E-001,-7.903068661689758E-001,
2.790033333333334E+009,-1.676925718784332E-001,4.026950895786285E-002,-5.783554911613464E-001,-7.752270698547363E-001,-1.676925718784332E-001,4.026950895786285E-002,-5.783554911613464E-001,-7.752270698547363E-001,
2.798400000000000E+009,-1.833699941635132E-001,7.224268466234207E-002,-5.941768884658814E-001,-7.631396055221558E-001,-1.833699941635132E-001,7.224268466234207E-002,-5.941768884658814E-001,-7.631396055221558E-001,
2.806766666666667E+009,-1.781384944915772E-001,1.079590395092964E-001,-6.075662970542908E-001,-7.416547536849976E-001,-1.781384944915772E-001,1.079590395092964E-001,-6.075662970542908E-001,-7.416547536849976E-001,
2.815133333333334E+009,-1.579741090536118E-001,1.357342898845673E-001,-6.240547299385071E-001,-7.319560647010803E-001,-1.579741090536118E-001,1.357342898845673E-001,-6.240547299385071E-001,-7.319560647010803E-001,
2.823500000000000E+009,-1.241223588585854E-001,1.505672782659531E-001,-6.430078744888306E-001,-7.218350172042847E-001,-1.241223588585854E-001,1.505672782659531E-001,-6.430078744888306E-001,-7.218350172042847E-001,
2.831866666666667E+009,-8.851912617683411E-002,1.450883448123932E-001,-6.593549847602844E-001,-7.087683677673340E-001,-8.851912617683411E-002,1.450883448123932E-001,-6.593549847602844E-001,-7.087683677673340E-001,
2.840233333333334E+009,-6.092215329408646E-002,1.245300695300102E-001,-6.866796016693115E-001,-6.962967514991760E-001,-6.092215329408646E-002,1.245300695300102E-001,-6.866796016693115E-001,-6.962967514991760E-001,
2.848600000000000E+009,-4.983590915799141E-002,9.442735463380814E-002,-7.031239867210388E-001,-6.742679476737976E-001,-4.983590915799141E-002,9.442735463380814E-002,-7.031239867210388E-001,-6.742679476737976E-001,
2.856966666666667E+009,-5.817713215947151E-002,6.518024206161499E-002,-7.248707413673401E-001,-6.545284390449524E-001,-5.817713215947151E-002,6.518024206161499E-002,-7.248707413673401E-001,-6.545284390449524E-001,
2.865333333333334E+009,-8.440977334976196E-002,4.656206443905830E-002,-7.439281940460205E-001,-6.370079517364502E-001,-8.440977334976196E-002,4.656206443905830E-002,-7.439281940460205E-001,-6.370079517364502E-001,
2.873700000000000E+009,-1.178190708160400E-001,4.689724370837212E-002,-7.599399089813232E-001,-6.054793596267700E-001,-1.178190708160400E-001,4.689724370837212E-002,-7.599399089813232E-001,-6.054793596267700E-001,
2.882066666666667E+009,-1.459666639566422E-001,6.639838218688965E-002,-7.676545977592468E-001,-5.788721442222595E-001,-1.459666639566422E-001,6.639838218688965E-002,-7.676545977592468E-001,-5.788721442222595E-001,
2.890433333333334E+009,-1.618512719869614E-001,1.006439998745918E-001,-7.789358496665955E-001,-5.620092153549194E-001,-1.618512719869614E-001,1.006439998745918E-001,-7.789358496665955E-001,-5.620092153549194E-001,
2.898800000000000E+009,-1.573204100131989E-001,1.392422765493393E-001,-7.872739434242249E-001,-5.470072031021118E-001,-1.573204100131989E-001,1.392422765493393E-001,-7.872739434242249E-001,-5.470072031021118E-001,
2.907166666666667E+009,-1.346577405929565E-001,1.693154871463776E-001,-7.936676144599915E-001,-5.339518189430237E-001,-1.346577405929565E-001,1.693154871463776E-001,-7.936676144599915E-001,-5.339518189430237E-001,
2.915533333333334E+009,-9.791894257068634E-002,1.857706606388092E-001,-8.107362985610962E-001,-5.122252106666565E-001,-9.791894257068634E-002,1.857706606388092E-001,-8.107362985610962E-001,-5.122252106666565E-001,
2.923900000000000E+009,-6.005800887942314E-002,1.817040443420410E-001,-8.257791996002197E-001,-5.007311701774597E-001,-6.005800887942314E-002,1.817040443420410E-001,-8.257791996002197E-001,-5.007311701774597E-001,
2.932266666666667E+009,-2.932609617710114E-002,1.601248383522034E-001,-8.401783108711243E-001,-4.856871068477631E-001,-2.932609617710114E-002,1.601248383522034E-001,-8.401783108711243E-001,-4.856871068477631E-001,
2.940633333333334E+009,-1.628720387816429E-002,1.261453926563263E-001,-8.573963642120361E-001,-4.614437222480774E-001,-1.628720387816429E-002,1.261453926563263E-001,-8.573963642120361E-001,-4.614437222480774E-001,
2.949000000000000E+009,-2.328559197485447E-002,9.021654725074768E-002,-8.794878125190735E-001,-4.282794296741486E-001,-2.328559197485447E-002,9.021654725074768E-002,-8.794878125190735E-001,-4.282794296741486E-001,
2.957366666666667E+009,-4.893698915839195E-002,6.804509460926056E-002,-8.904534578323364E-001,-4.094071984291077E-001,-4.893698915839195E-002,6.804509460926056E-002,-8.904534578323364E-001,-4.094071984291077E-001,
2.965733333333334E+009,-8.537305891513825E-002,6.540165096521378E-002,-9.012465476989746E-001,-3.801494240760803E-001,-8.537305891513825E-002,6.540165096521378E-002,-9.012465476989746E-001,-3.801494240760803E-001,
2.974100000000000E+009,-1.155597344040871E-001,8.503242582082748E-002,-9.074261188507080E-001,-3.468963205814362E-001,-1.155597344040871E-001,8.503242582082748E-002,-9.074261188507080E-001,-3.468963205814362E-001,
2.982466666666667E+009,-1.313283443450928E-001,1.197976693511009E-001,-9.112332463264465E-001,-3.220346271991730E-001,-1.313283443450928E-001,1.197976693511009E-001,-9.112332463264465E-001,-3.220346271991730E-001,
2.990833333333334E+009,-1.275566816329956E-001,1.585261970758438E-001,-9.081274867057800E-001,-3.076454401016235E-001,-1.275566816329956E-001,1.585261970758438E-001,-9.081274867057800E-001,-3.076454401016235E-001,
2.999200000000000E+009,-1.031887605786324E-001,1.911950707435608E-001,-9.141438007354736E-001,-2.883419394493103E-001,-1.031887605786324E-001,1.911950707435608E-001,-9.141438007354736E-001,-2.883419394493103E-001,
3.007566666666667E+009,-6.484054028987885E-002,2.085845917463303E-001,-9.214550852775574E-001,-2.671929597854614E-001,-6.484054028987885E-002,2.085845917463303E-001,-9.214550852775574E-001,-2.671929597854614E-001,
3.015933333333334E+009,-2.208009548485279E-002,2.024450153112412E-001,-9.269255995750427E-001,-2.532667517662048E-001,-2.208009548485279E-002,2.024450153112412E-001,-9.269255995750427E-001,-2.532667517662048E-001,
3.024300000000000E+009,9.850319474935532E-003,1.786697655916214E-001,-9.398056864738464E-001,-2.328093647956848E-001,9.850319474935532E-003,1.786697655916214E-001,-9.398056864738464E-001,-2.328093647956848E-001,
3.032666666666667E+009,2.431550063192844E-002,1.395726650953293E-001,-9.521377086639404E-001,-2.069481909275055E-001,2.431550063192844E-002,1.395726650953293E-001,-9.521377086639404E-001,-2.069481909275055E-001,
3.041033333333334E+009,1.444851141422987E-002,1.004997789859772E-001,-9.618973731994629E-001,-1.805727183818817E-001,1.444851141422987E-002,1.004997789859772E-001,-9.618973731994629E-001,-1.805727183818817E-001,
3.049400000000000E+009,-1.618529111146927E-002,7.545099407434464E-002,-9.676057100296021E-001,-1.422749906778336E-001,-1.618529111146927E-002,7.545099407434464E-002,-9.676057100296021E-001,-1.422749906778336E-001,
3.057766666666667E+009,-5.531538650393486E-002,7.232368737459183E-002,-9.737323522567749E-001,-1.260295957326889E-001,-5.531538650393486E-002,7.232368737459183E-002,-9.737323522567749E-001,-1.260295957326889E-001,
3.066133333333334E+009,-9.109574556350708E-002,9.275031089782715E-002,-9.655908942222595E-001,-8.623290807008743E-002,-9.109574556350708E-002,9.275031089782715E-002,-9.655908942222595E-001,-8.623290807008743E-002,
3.074500000000000E+009,-1.092087477445602E-001,1.314913332462311E-001,-9.662087559700012E-001,-6.060602888464928E-002,-1.092087477445602E-001,1.314913332462311E-001,-9.662087559700012E-001,-6.060602888464928E-002,
3.082866666666667E+009,-1.023575589060783E-001,1.752506345510483E-001,-9.605676531791687E-001,-4.340984299778938E-002,-1.023575589060783E-001,1.752506345510483E-001,-9.605676531791687E-001,-4.340984299778938E-002,
3.091233333333334E+009,-7.236845791339874E-002,2.130754739046097E-001,-9.566018581390381E-001,-2.039656601846218E-002,-7.236845791339874E-002,2.130754739046097E-001,-9.566018581390381E-001,-2.039656601846218E-002,
3.099600000000000E+009,-2.728701382875443E-002,2.295070886611939E-001,-9.527078866958618E-001,-7.968848571181297E-003,-2.728701382875443E-002,2.295070886611939E-001,-9.527078866958618E-001,-7.968848571181297E-003,
3.107966666666667E+009,2.348866686224937E-002,2.213783264160156E-001,-9.587075710296631E-001,8.817487396299839E-003,2.348866686224937E-002,2.213783264160156E-001,-9.587075710296631E-001,8.817487396299839E-003,
3.116333333333334E+009,6.351203471422195E-002,1.903257966041565E-001,-9.634947180747986E-001,3.499589115381241E-002,6.351203471422195E-002,1.903257966041565E-001,-9.634947180747986E-001,3.499589115381241E-002,
3.124700000000000E+009,7.933389395475388E-002,1.435326784849167E-001,-9.719583392143250E-001,5.263106152415276E-002,7.933389395475388E-002,1.435326784849167E-001,-9.719583392143250E-001,5.263106152415276E-002,
3.133066666666667E+009,6.903273612260819E-002,9.548245370388031E-002,-9.782128930091858E-001,8.879640698432922E-002,6.903273612260819E-002,9.548245370388031E-002,-9.782128930091858E-001,8.879640698432922E-002,
3.141433333333334E+009,3.507256507873535E-002,6.116322800517082E-002,-9.775973558425903E-001,1.185640320181847E-001,3.507256507873535E-002,6.116322800517082E-002,-9.775973558425903E-001,1.185640320181847E-001,
3.149800000000000E+009,-1.454424764961004E-002,5.389594659209251E-002,-9.749484658241272E-001,1.551218181848526E-001,-1.454424764961004E-002,5.389594659209251E-002,-9.749484658241272E-001,1.551218181848526E-001,
3.158166666666667E+009,-5.886974185705185E-002,7.523373514413834E-002,-9.596413969993591E-001,1.867613792419434E-001,-5.886974185705185E-002,7.523373514413834E-002,-9.596413969993591E-001,1.867613792419434E-001,
3.166533333333334E+009,-8.327176421880722E-002,1.175332814455032E-001,-9.499846100807190E-001,2.098589390516281E-001,-8.327176421880722E-002,1.175332814455032E-001,-9.499846100807190E-001,2.098589390516281E-001,
3.174900000000000E+009,-8.230584114789963E-002,1.678963601589203E-001,-9.359216690063477E-001,2.303997874259949E-001,-8.230584114789963E-002,1.678963601589203E-001,-9.359216690063477E-001,2.303997874259949E-001,
3.183266666666667E+009,-5.213582515716553E-002,2.106120139360428E-001,-9.224437475204468E-001,2.479149103164673E-001,-5.213582515716553E-002,2.106120139360428E-001,-9.224437475204468E-001,2.479149103164673E-001,
3.191633333333334E+009,-5.464407615363598E-003,2.298551797866821E-001,-9.120149612426758E-001,2.623752057552338E-001,-5.464407615363598E-003,2.298551797866821E-001,-9.120149612426758E-001,2.623752057552338E-001,
3.200000000000000E+009,4.621815681457520E-002,2.221963107585907E-001,-9.131388664245606E-001,2.747133672237396E-001,4.621815681457520E-002,2.221963107585907E-001,-9.131388664245606E-001,2.747133672237396E-001,
