% Version 1.00
%
%freq[Hz],re:Trc1_S11,im:Trc1_S11,re:Trc2_S21,im:Trc2_S21,re:Trc3_S11,im:Trc3_S11,re:Trc4_S21,im:Trc4_S21,
6.900000000000000E+008,-4.476372152566910E-002,3.908439725637436E-002,-4.978079795837402E-001,-8.546544909477234E-001,-4.476372152566910E-002,3.908439725637436E-002,-4.978079795837402E-001,-8.546544909477234E-001,
6.983666666666666E+008,-3.705507516860962E-002,3.929036855697632E-002,-5.144960880279541E-001,-8.371896743774414E-001,-3.705507516860962E-002,3.929036855697632E-002,-5.144960880279541E-001,-8.371896743774414E-001,
7.067333333333334E+008,-3.094315528869629E-002,3.607913479208946E-002,-5.437571406364441E-001,-8.103323578834534E-001,-3.094315528869629E-002,3.607913479208946E-002,-5.437571406364441E-001,-8.103323578834534E-001,
7.151000000000000E+008,-3.178788349032402E-002,2.767323330044746E-002,-5.527429580688477E-001,-8.031656742095947E-001,-3.178788349032402E-002,2.767323330044746E-002,-5.527429580688477E-001,-8.031656742095947E-001,
7.234666666666666E+008,-3.173161298036575E-002,2.186074480414391E-002,-5.907502770423889E-001,-7.909831404685974E-001,-3.173161298036575E-002,2.186074480414391E-002,-5.907502770423889E-001,-7.909831404685974E-001,
7.318333333333334E+008,-3.920615836977959E-002,1.847981847822666E-002,-5.971324443817139E-001,-7.852931022644043E-001,-3.920615836977959E-002,1.847981847822666E-002,-5.971324443817139E-001,-7.852931022644043E-001,
7.402000000000000E+008,-4.676006361842156E-002,2.019386552274227E-002,-6.274135112762451E-001,-7.624935507774353E-001,-4.676006361842156E-002,2.019386552274227E-002,-6.274135112762451E-001,-7.624935507774353E-001,
7.485666666666666E+008,-5.173272639513016E-002,2.557509578764439E-002,-6.493453979492188E-001,-7.250919938087463E-001,-5.173272639513016E-002,2.557509578764439E-002,-6.493453979492188E-001,-7.250919938087463E-001,
7.569333333333334E+008,-5.249506607651711E-002,3.474064171314240E-002,-6.649113297462463E-001,-7.274570465087891E-001,-5.249506607651711E-002,3.474064171314240E-002,-6.649113297462463E-001,-7.274570465087891E-001,
7.653000000000000E+008,-4.897153377532959E-002,4.364728182554245E-002,-6.721324920654297E-001,-7.209169268608093E-001,-4.897153377532959E-002,4.364728182554245E-002,-6.721324920654297E-001,-7.209169268608093E-001,
7.736666666666666E+008,-4.095177724957466E-002,5.245158076286316E-002,-6.975618004798889E-001,-7.121256589889526E-001,-4.095177724957466E-002,5.245158076286316E-002,-6.975618004798889E-001,-7.121256589889526E-001,
7.820333333333334E+008,-3.439295664429665E-002,5.643938854336739E-002,-7.209897637367249E-001,-6.895027756690979E-001,-3.439295664429665E-002,5.643938854336739E-002,-7.209897637367249E-001,-6.895027756690979E-001,
7.904000000000000E+008,-2.465161122381687E-002,5.501731857657433E-002,-7.357116341590881E-001,-6.667615771293640E-001,-2.465161122381687E-002,5.501731857657433E-002,-7.357116341590881E-001,-6.667615771293640E-001,
7.987666666666666E+008,-1.734212040901184E-002,5.051505565643311E-002,-7.487270236015320E-001,-6.460876464843750E-001,-1.734212040901184E-002,5.051505565643311E-002,-7.487270236015320E-001,-6.460876464843750E-001,
8.071333333333334E+008,-1.740127429366112E-002,4.598782584071159E-002,-7.611051201820374E-001,-6.335758566856384E-001,-1.740127429366112E-002,4.598782584071159E-002,-7.611051201820374E-001,-6.335758566856384E-001,
8.155000000000000E+008,-2.147216163575649E-002,3.860643133521080E-002,-7.715528607368469E-001,-5.881173610687256E-001,-2.147216163575649E-002,3.860643133521080E-002,-7.715528607368469E-001,-5.881173610687256E-001,
8.238666666666666E+008,-2.637187391519547E-002,3.547916561365128E-002,-8.032096028327942E-001,-5.928393006324768E-001,-2.637187391519547E-002,3.547916561365128E-002,-8.032096028327942E-001,-5.928393006324768E-001,
8.322333333333334E+008,-3.474069759249687E-002,3.724013641476631E-002,-8.155745267868042E-001,-5.647505521774292E-001,-3.474069759249687E-002,3.724013641476631E-002,-8.155745267868042E-001,-5.647505521774292E-001,
8.406000000000000E+008,-3.946266695857048E-002,4.053499549627304E-002,-8.272696137428284E-001,-5.498071312904358E-001,-3.946266695857048E-002,4.053499549627304E-002,-8.272696137428284E-001,-5.498071312904358E-001,
8.489666666666668E+008,-3.995684534311295E-002,4.839528352022171E-002,-8.483961820602417E-001,-5.238666534423828E-001,-3.995684534311295E-002,4.839528352022171E-002,-8.483961820602417E-001,-5.238666534423828E-001,
8.573333333333334E+008,-3.660836070775986E-002,5.590806528925896E-002,-8.531645536422730E-001,-5.065196752548218E-001,-3.660836070775986E-002,5.590806528925896E-002,-8.531645536422730E-001,-5.065196752548218E-001,
8.657000000000000E+008,-2.972014807164669E-002,6.471221148967743E-002,-8.698770999908447E-001,-4.783853590488434E-001,-2.972014807164669E-002,6.471221148967743E-002,-8.698770999908447E-001,-4.783853590488434E-001,
8.740666666666668E+008,-2.112696878612042E-002,6.984824687242508E-002,-8.639321327209473E-001,-4.587875604629517E-001,-2.112696878612042E-002,6.984824687242508E-002,-8.639321327209473E-001,-4.587875604629517E-001,
8.824333333333334E+008,-1.165045704692602E-002,6.875071674585342E-002,-8.957552909851074E-001,-4.275467395782471E-001,-1.165045704692602E-002,6.875071674585342E-002,-8.957552909851074E-001,-4.275467395782471E-001,
8.908000000000000E+008,-3.986274357885122E-003,6.876386702060700E-002,-9.065889120101929E-001,-4.243590235710144E-001,-3.986274357885122E-003,6.876386702060700E-002,-9.065889120101929E-001,-4.243590235710144E-001,
8.991666666666668E+008,-1.129386480897665E-003,6.191382557153702E-002,-9.181945323944092E-001,-3.948375284671783E-001,-1.129386480897665E-003,6.191382557153702E-002,-9.181945323944092E-001,-3.948375284671783E-001,
9.075333333333334E+008,-1.002638367936015E-003,5.728789046406746E-002,-9.100028276443481E-001,-3.692128658294678E-001,-1.002638367936015E-003,5.728789046406746E-002,-9.100028276443481E-001,-3.692128658294678E-001,
9.159000000000000E+008,-3.825771156698465E-003,5.203809589147568E-002,-9.251460433006287E-001,-3.590317070484161E-001,-3.825771156698465E-003,5.203809589147568E-002,-9.251460433006287E-001,-3.590317070484161E-001,
9.242666666666668E+008,-9.069412015378475E-003,4.741329327225685E-002,-9.361217617988586E-001,-3.333976566791534E-001,-9.069412015378475E-003,4.741329327225685E-002,-9.361217617988586E-001,-3.333976566791534E-001,
9.326333333333334E+008,-1.385528501123190E-002,4.925734549760819E-002,-9.403440952301025E-001,-2.995747327804565E-001,-1.385528501123190E-002,4.925734549760819E-002,-9.403440952301025E-001,-2.995747327804565E-001,
9.410000000000000E+008,-1.922756060957909E-002,5.537576973438263E-002,-9.474351406097412E-001,-2.716775238513947E-001,-1.922756060957909E-002,5.537576973438263E-002,-9.474351406097412E-001,-2.716775238513947E-001,
9.493666666666668E+008,-2.015209011733532E-002,6.250207871198654E-002,-9.532835483551025E-001,-2.625776529312134E-001,-2.015209011733532E-002,6.250207871198654E-002,-9.532835483551025E-001,-2.625776529312134E-001,
9.577333333333334E+008,-1.524243131279945E-002,7.069853693246841E-002,-9.785144925117493E-001,-2.202991396188736E-001,-1.524243131279945E-002,7.069853693246841E-002,-9.785144925117493E-001,-2.202991396188736E-001,
9.661000000000000E+008,-6.687564309686422E-003,7.764768600463867E-002,-9.638169407844544E-001,-2.056726664304733E-001,-6.687564309686422E-003,7.764768600463867E-002,-9.638169407844544E-001,-2.056726664304733E-001,
9.744666666666668E+008,3.124978160485625E-003,8.234004676342011E-002,-9.744819998741150E-001,-1.739781349897385E-001,3.124978160485625E-003,8.234004676342011E-002,-9.744819998741150E-001,-1.739781349897385E-001,
9.828333333333334E+008,1.704943925142288E-002,8.047720044851303E-002,-9.710029363632202E-001,-1.483451873064041E-001,1.704943925142288E-002,8.047720044851303E-002,-9.710029363632202E-001,-1.483451873064041E-001,
9.912000000000000E+008,2.697969973087311E-002,7.726624608039856E-002,-9.817225933074951E-001,-1.384493708610535E-001,2.697969973087311E-002,7.726624608039856E-002,-9.817225933074951E-001,-1.384493708610535E-001,
9.995666666666668E+008,3.156629949808121E-002,6.802193820476532E-002,-9.856697916984558E-001,-1.022198051214218E-001,3.156629949808121E-002,6.802193820476532E-002,-9.856697916984558E-001,-1.022198051214218E-001,
1.007933333333333E+009,3.167213127017021E-002,5.956998839974403E-002,-9.893083572387695E-001,-8.360552042722702E-002,3.167213127017021E-002,5.956998839974403E-002,-9.893083572387695E-001,-8.360552042722702E-002,
1.016300000000000E+009,2.542731910943985E-002,5.036073178052902E-002,-9.888687729835510E-001,-5.664688348770142E-002,2.542731910943985E-002,5.036073178052902E-002,-9.888687729835510E-001,-5.664688348770142E-002,
1.024666666666667E+009,1.707477308809757E-002,4.926573857665062E-002,-9.904859662055969E-001,-3.563167154788971E-002,1.707477308809757E-002,4.926573857665062E-002,-9.904859662055969E-001,-3.563167154788971E-002,
1.033033333333333E+009,9.548247791826725E-003,4.990066215395927E-002,-9.690157175064087E-001,3.674923209473491E-003,9.548247791826725E-003,4.990066215395927E-002,-9.690157175064087E-001,3.674923209473491E-003,
1.041400000000000E+009,5.252229049801827E-003,5.597543343901634E-002,-9.764200448989868E-001,2.424498647451401E-002,5.252229049801827E-003,5.597543343901634E-002,-9.764200448989868E-001,2.424498647451401E-002,
1.049766666666667E+009,4.525288473814726E-003,6.438294798135757E-002,-9.856215119361877E-001,4.683168604969978E-002,4.525288473814726E-003,6.438294798135757E-002,-9.856215119361877E-001,4.683168604969978E-002,
1.058133333333333E+009,1.269548200070858E-002,7.319553196430206E-002,-9.807083606719971E-001,7.160654664039612E-002,1.269548200070858E-002,7.319553196430206E-002,-9.807083606719971E-001,7.160654664039612E-002,
1.066500000000000E+009,2.582953497767448E-002,7.784443348646164E-002,-9.647155404090881E-001,9.975484013557434E-002,2.582953497767448E-002,7.784443348646164E-002,-9.647155404090881E-001,9.975484013557434E-002,
1.074866666666667E+009,3.840879350900650E-002,7.470279186964035E-002,-9.757916927337647E-001,1.280208379030228E-001,3.840879350900650E-002,7.470279186964035E-002,-9.757916927337647E-001,1.280208379030228E-001,
1.083233333333334E+009,5.160701274871826E-002,7.041535526514053E-002,-9.709321260452271E-001,1.448842734098434E-001,5.160701274871826E-002,7.041535526514053E-002,-9.709321260452271E-001,1.448842734098434E-001,
1.091600000000000E+009,5.651159584522247E-002,5.814168602228165E-002,-9.644116759300232E-001,1.790547072887421E-001,5.651159584522247E-002,5.814168602228165E-002,-9.644116759300232E-001,1.790547072887421E-001,
1.099966666666667E+009,5.833145603537560E-002,4.528584703803062E-002,-9.603902697563171E-001,1.953876018524170E-001,5.833145603537560E-002,4.528584703803062E-002,-9.603902697563171E-001,1.953876018524170E-001,
1.108333333333334E+009,5.021616816520691E-002,3.498562052845955E-002,-9.721822142601013E-001,2.175636589527130E-001,5.021616816520691E-002,3.498562052845955E-002,-9.721822142601013E-001,2.175636589527130E-001,
1.116700000000000E+009,3.791882842779160E-002,3.465117141604424E-002,-9.579108357429504E-001,2.498026192188263E-001,3.791882842779160E-002,3.465117141604424E-002,-9.579108357429504E-001,2.498026192188263E-001,
1.125066666666667E+009,2.550651505589485E-002,3.550345823168755E-002,-9.431406259536743E-001,2.717589437961578E-001,2.550651505589485E-002,3.550345823168755E-002,-9.431406259536743E-001,2.717589437961578E-001,
1.133433333333334E+009,1.447010971605778E-002,4.706124961376190E-002,-9.390361905097961E-001,2.896575629711151E-001,1.447010971605778E-002,4.706124961376190E-002,-9.390361905097961E-001,2.896575629711151E-001,
1.141800000000000E+009,1.498060487210751E-002,5.989409610629082E-002,-9.281633496284485E-001,3.152864873409271E-001,1.498060487210751E-002,5.989409610629082E-002,-9.281633496284485E-001,3.152864873409271E-001,
1.150166666666667E+009,2.145075239241123E-002,7.235312461853027E-002,-9.224936366081238E-001,3.459794819355011E-001,2.145075239241123E-002,7.235312461853027E-002,-9.224936366081238E-001,3.459794819355011E-001,
1.158533333333334E+009,3.953787684440613E-002,7.954322546720505E-002,-9.121195673942566E-001,3.682442307472229E-001,3.953787684440613E-002,7.954322546720505E-002,-9.121195673942566E-001,3.682442307472229E-001,
1.166900000000000E+009,5.943255499005318E-002,7.832475006580353E-002,-9.036555886268616E-001,3.945675492286682E-001,5.943255499005318E-002,7.832475006580353E-002,-9.036555886268616E-001,3.945675492286682E-001,
1.175266666666667E+009,7.594414800405502E-002,6.832455098628998E-002,-8.845797777175903E-001,4.081997573375702E-001,7.594414800405502E-002,6.832455098628998E-002,-8.845797777175903E-001,4.081997573375702E-001,
1.183633333333334E+009,8.936384320259094E-002,5.300739035010338E-002,-8.794736266136169E-001,4.351387321949005E-001,8.936384320259094E-002,5.300739035010338E-002,-8.794736266136169E-001,4.351387321949005E-001,
1.192000000000000E+009,9.130878001451492E-002,3.511241450905800E-002,-8.734350800514221E-001,4.610143005847931E-001,9.130878001451492E-002,3.511241450905800E-002,-8.734350800514221E-001,4.610143005847931E-001,
1.200366666666667E+009,8.197086304426193E-002,1.747120171785355E-002,-8.597012758255005E-001,4.794993996620178E-001,8.197086304426193E-002,1.747120171785355E-002,-8.597012758255005E-001,4.794993996620178E-001,
1.208733333333334E+009,6.448301672935486E-002,8.400340564548969E-003,-8.549042344093323E-001,5.089002251625061E-001,6.448301672935486E-002,8.400340564548969E-003,-8.549042344093323E-001,5.089002251625061E-001,
1.217100000000000E+009,4.580031335353851E-002,1.008892152458429E-002,-8.241857886314392E-001,5.212897062301636E-001,4.580031335353851E-002,1.008892152458429E-002,-8.241857886314392E-001,5.212897062301636E-001,
1.225466666666667E+009,3.364617377519608E-002,2.103237994015217E-002,-8.269197940826416E-001,5.469728112220764E-001,3.364617377519608E-002,2.103237994015217E-002,-8.269197940826416E-001,5.469728112220764E-001,
1.233833333333334E+009,3.114481456577778E-002,3.603216260671616E-002,-8.071953058242798E-001,5.680644512176514E-001,3.114481456577778E-002,3.603216260671616E-002,-8.071953058242798E-001,5.680644512176514E-001,
1.242200000000000E+009,3.659183159470558E-002,5.047529190778732E-002,-7.793216109275818E-001,5.852850079536438E-001,3.659183159470558E-002,5.047529190778732E-002,-7.793216109275818E-001,5.852850079536438E-001,
1.250566666666667E+009,5.181891471147537E-002,6.002316996455193E-002,-7.836701273918152E-001,6.127589941024780E-001,5.181891471147537E-002,6.002316996455193E-002,-7.836701273918152E-001,6.127589941024780E-001,
1.258933333333334E+009,7.268353551626205E-002,6.015419587492943E-002,-7.619388699531555E-001,6.235536932945252E-001,7.268353551626205E-002,6.015419587492943E-002,-7.619388699531555E-001,6.235536932945252E-001,
1.267300000000000E+009,9.090697765350342E-002,4.728936776518822E-002,-7.381452918052673E-001,6.416707634925842E-001,9.090697765350342E-002,4.728936776518822E-002,-7.381452918052673E-001,6.416707634925842E-001,
1.275666666666667E+009,1.025413647294045E-001,2.940577082335949E-002,-7.344906330108643E-001,6.464330554008484E-001,1.025413647294045E-001,2.940577082335949E-002,-7.344906330108643E-001,6.464330554008484E-001,
1.284033333333334E+009,1.044969111680985E-001,6.544159725308418E-003,-7.040080428123474E-001,6.973444819450378E-001,1.044969111680985E-001,6.544159725308418E-003,-7.040080428123474E-001,6.973444819450378E-001,
1.292400000000000E+009,9.267433732748032E-002,-1.208006031811237E-002,-7.002955675125122E-001,6.966719031333923E-001,9.267433732748032E-002,-1.208006031811237E-002,-7.002955675125122E-001,6.966719031333923E-001,
1.300766666666667E+009,7.441896200180054E-002,-2.026508003473282E-002,-6.824266910552979E-001,7.131810188293457E-001,7.441896200180054E-002,-2.026508003473282E-002,-6.824266910552979E-001,7.131810188293457E-001,
1.309133333333334E+009,5.422505363821983E-002,-1.803251542150974E-002,-6.677647233009338E-001,7.409349083900452E-001,5.422505363821983E-002,-1.803251542150974E-002,-6.677647233009338E-001,7.409349083900452E-001,
1.317500000000000E+009,3.901833295822144E-002,-6.036252249032259E-003,-6.378286480903626E-001,7.656440138816834E-001,3.901833295822144E-002,-6.036252249032259E-003,-6.378286480903626E-001,7.656440138816834E-001,
1.325866666666667E+009,3.340533003211021E-002,1.028185710310936E-002,-6.200491786003113E-001,7.658603787422180E-001,3.340533003211021E-002,1.028185710310936E-002,-6.200491786003113E-001,7.658603787422180E-001,
1.334233333333334E+009,3.970018774271011E-002,2.876683138310909E-002,-5.979724526405335E-001,7.788926959037781E-001,3.970018774271011E-002,2.876683138310909E-002,-5.979724526405335E-001,7.788926959037781E-001,
1.342600000000000E+009,5.618633702397347E-002,3.448163345456123E-002,-5.847317576408386E-001,7.974773049354553E-001,5.618633702397347E-002,3.448163345456123E-002,-5.847317576408386E-001,7.974773049354553E-001,
1.350966666666667E+009,7.420998066663742E-002,3.262530639767647E-002,-5.553120374679565E-001,8.178279995918274E-001,7.420998066663742E-002,3.262530639767647E-002,-5.553120374679565E-001,8.178279995918274E-001,
1.359333333333334E+009,9.049179404973984E-002,1.954751461744309E-002,-5.369979143142700E-001,8.245757222175598E-001,9.049179404973984E-002,1.954751461744309E-002,-5.369979143142700E-001,8.245757222175598E-001,
1.367700000000000E+009,9.767333418130875E-002,-2.365543041378260E-003,-5.194391608238220E-001,8.354141116142273E-001,9.767333418130875E-002,-2.365543041378260E-003,-5.194391608238220E-001,8.354141116142273E-001,
1.376066666666667E+009,9.233749657869339E-002,-2.638395875692368E-002,-4.934912919998169E-001,8.471382856369019E-001,9.233749657869339E-002,-2.638395875692368E-002,-4.934912919998169E-001,8.471382856369019E-001,
1.384433333333334E+009,7.730695605278015E-002,-4.051435738801956E-002,-4.864560365676880E-001,8.581451773643494E-001,7.730695605278015E-002,-4.051435738801956E-002,-4.864560365676880E-001,8.581451773643494E-001,
1.392800000000000E+009,5.370454862713814E-002,-4.452886432409287E-002,-4.622160494327545E-001,8.648024201393127E-001,5.370454862713814E-002,-4.452886432409287E-002,-4.622160494327545E-001,8.648024201393127E-001,
1.401166666666667E+009,3.582647815346718E-002,-3.665177524089813E-002,-4.309058785438538E-001,8.926519751548767E-001,3.582647815346718E-002,-3.665177524089813E-002,-4.309058785438538E-001,8.926519751548767E-001,
1.409533333333334E+009,2.282131835818291E-002,-1.657989807426930E-002,-4.088175892829895E-001,9.023581743240356E-001,2.282131835818291E-002,-1.657989807426930E-002,-4.088175892829895E-001,9.023581743240356E-001,
1.417900000000000E+009,2.080998197197914E-002,4.938656929880381E-003,-3.692094683647156E-001,8.970976471900940E-001,2.080998197197914E-002,4.938656929880381E-003,-3.692094683647156E-001,8.970976471900940E-001,
1.426266666666667E+009,3.103768453001976E-002,2.396813035011292E-002,-3.644612133502960E-001,9.261144995689392E-001,3.103768453001976E-002,2.396813035011292E-002,-3.644612133502960E-001,9.261144995689392E-001,
1.434633333333334E+009,4.949193075299263E-002,3.131487965583801E-002,-3.345357775688171E-001,9.202503561973572E-001,4.949193075299263E-002,3.131487965583801E-002,-3.345357775688171E-001,9.202503561973572E-001,
1.443000000000000E+009,7.194704562425613E-002,2.843498811125755E-002,-3.080379962921143E-001,9.330695867538452E-001,7.194704562425613E-002,2.843498811125755E-002,-3.080379962921143E-001,9.330695867538452E-001,
1.451366666666667E+009,8.742310851812363E-002,1.143152732402086E-002,-2.885242700576782E-001,9.381873607635498E-001,8.742310851812363E-002,1.143152732402086E-002,-2.885242700576782E-001,9.381873607635498E-001,
1.459733333333334E+009,9.347914159297943E-002,-1.066082250326872E-002,-2.735875844955444E-001,9.417789578437805E-001,9.347914159297943E-002,-1.066082250326872E-002,-2.735875844955444E-001,9.417789578437805E-001,
1.468100000000000E+009,8.774030208587647E-002,-3.308085352182388E-002,-2.377971857786179E-001,9.490084648132324E-001,8.774030208587647E-002,-3.308085352182388E-002,-2.377971857786179E-001,9.490084648132324E-001,
1.476466666666667E+009,7.146516442298889E-002,-4.850286617875099E-002,-2.194456756114960E-001,9.648338556289673E-001,7.146516442298889E-002,-4.850286617875099E-002,-2.194456756114960E-001,9.648338556289673E-001,
1.484833333333334E+009,4.923694208264351E-002,-5.248258262872696E-002,-1.869892328977585E-001,9.673788547515869E-001,4.923694208264351E-002,-5.248258262872696E-002,-1.869892328977585E-001,9.673788547515869E-001,
1.493200000000000E+009,3.204802051186562E-002,-4.348072409629822E-002,-1.704785227775574E-001,9.688385128974915E-001,3.204802051186562E-002,-4.348072409629822E-002,-1.704785227775574E-001,9.688385128974915E-001,
1.501566666666667E+009,2.125924825668335E-002,-2.448526956140995E-002,-1.404174715280533E-001,9.721565246582031E-001,2.125924825668335E-002,-2.448526956140995E-002,-1.404174715280533E-001,9.721565246582031E-001,
1.509933333333334E+009,2.087825909256935E-002,-1.820342731662095E-003,-1.248533055186272E-001,9.776231646537781E-001,2.087825909256935E-002,-1.820342731662095E-003,-1.248533055186272E-001,9.776231646537781E-001,
1.518300000000000E+009,3.523629531264305E-002,1.525978371500969E-002,-9.759400784969330E-002,9.851616621017456E-001,3.523629531264305E-002,1.525978371500969E-002,-9.759400784969330E-002,9.851616621017456E-001,
1.526666666666667E+009,5.467586591839790E-002,2.237723954021931E-002,-6.554871052503586E-002,9.791002273559570E-001,5.467586591839790E-002,2.237723954021931E-002,-6.554871052503586E-002,9.791002273559570E-001,
1.535033333333334E+009,7.508785277605057E-002,1.854641549289227E-002,-4.309612512588501E-002,9.890107512474060E-001,7.508785277605057E-002,1.854641549289227E-002,-4.309612512588501E-002,9.890107512474060E-001,
1.543400000000000E+009,8.857617527246475E-002,1.907833735458553E-003,-2.188593149185181E-002,9.822728633880615E-001,8.857617527246475E-002,1.907833735458553E-003,-2.188593149185181E-002,9.822728633880615E-001,
1.551766666666667E+009,9.039761871099472E-002,-2.158571407198906E-002,1.490104943513870E-003,9.770576953887940E-001,9.039761871099472E-002,-2.158571407198906E-002,1.490104943513870E-003,9.770576953887940E-001,
1.560133333333334E+009,8.366580307483673E-002,-4.315959289669991E-002,2.293060533702374E-002,9.832174777984619E-001,8.366580307483673E-002,-4.315959289669991E-002,2.293060533702374E-002,9.832174777984619E-001,
1.568500000000000E+009,6.825718283653259E-002,-5.714440718293190E-002,4.008611664175987E-002,9.858236908912659E-001,6.825718283653259E-002,-5.714440718293190E-002,4.008611664175987E-002,9.858236908912659E-001,
1.576866666666667E+009,4.778770357370377E-002,-5.926551297307015E-002,8.176143467426300E-002,9.773355722427368E-001,4.778770357370377E-002,-5.926551297307015E-002,8.176143467426300E-002,9.773355722427368E-001,
1.585233333333334E+009,3.358853235840797E-002,-5.133172497153282E-002,9.655522555112839E-002,9.773548841476440E-001,3.358853235840797E-002,-5.133172497153282E-002,9.655522555112839E-002,9.773548841476440E-001,
1.593600000000000E+009,2.520243823528290E-002,-3.640133515000343E-002,1.256809532642365E-001,9.737805724143982E-001,2.520243823528290E-002,-3.640133515000343E-002,1.256809532642365E-001,9.737805724143982E-001,
1.601966666666667E+009,2.718991413712502E-002,-1.725862547755241E-002,1.465532779693604E-001,9.716894030570984E-001,2.718991413712502E-002,-1.725862547755241E-002,1.465532779693604E-001,9.716894030570984E-001,
1.610333333333334E+009,3.895865008234978E-002,-4.077097866684198E-003,1.780985444784164E-001,9.653489589691162E-001,3.895865008234978E-002,-4.077097866684198E-003,1.780985444784164E-001,9.653489589691162E-001,
1.618700000000000E+009,5.683583021163940E-002,2.025298454100266E-004,2.040184885263443E-001,9.625001549720764E-001,5.683583021163940E-002,2.025298454100266E-004,2.040184885263443E-001,9.625001549720764E-001,
1.627066666666667E+009,7.196573913097382E-002,-5.816381424665451E-003,2.257286161184311E-001,9.548305273056030E-001,7.196573913097382E-002,-5.816381424665451E-003,2.257286161184311E-001,9.548305273056030E-001,
1.635433333333334E+009,8.052036166191101E-002,-1.843428239226341E-002,2.533874213695526E-001,9.545331597328186E-001,8.052036166191101E-002,-1.843428239226341E-002,2.533874213695526E-001,9.545331597328186E-001,
1.643800000000000E+009,8.078397810459137E-002,-3.763238340616226E-002,2.661792337894440E-001,9.436017870903015E-001,8.078397810459137E-002,-3.763238340616226E-002,2.661792337894440E-001,9.436017870903015E-001,
1.652166666666667E+009,7.105586677789688E-002,-5.416170135140419E-002,3.002763092517853E-001,9.343094825744629E-001,7.105586677789688E-002,-5.416170135140419E-002,3.002763092517853E-001,9.343094825744629E-001,
1.660533333333334E+009,5.575990676879883E-002,-6.326979398727417E-002,3.173835873603821E-001,9.298432469367981E-001,5.575990676879883E-002,-6.326979398727417E-002,3.173835873603821E-001,9.298432469367981E-001,
1.668900000000000E+009,3.910556435585022E-002,-6.262473762035370E-002,3.388765752315521E-001,9.187024831771851E-001,3.910556435585022E-002,-6.262473762035370E-002,3.388765752315521E-001,9.187024831771851E-001,
1.677266666666667E+009,2.573054283857346E-002,-5.512973666191101E-002,3.786408603191376E-001,9.103223681449890E-001,2.573054283857346E-002,-5.512973666191101E-002,3.786408603191376E-001,9.103223681449890E-001,
1.685633333333334E+009,2.228591963648796E-002,-4.045744612812996E-002,3.943129479885101E-001,9.034122228622437E-001,2.228591963648796E-002,-4.045744612812996E-002,3.943129479885101E-001,9.034122228622437E-001,
1.694000000000000E+009,2.590418606996536E-002,-2.701723203063011E-002,4.109355509281158E-001,8.915055394172669E-001,2.590418606996536E-002,-2.701723203063011E-002,4.109355509281158E-001,8.915055394172669E-001,
1.702366666666667E+009,3.792899847030640E-002,-1.498900447040796E-002,4.344840049743652E-001,8.833494186401367E-001,3.792899847030640E-002,-1.498900447040796E-002,4.344840049743652E-001,8.833494186401367E-001,
1.710733333333334E+009,5.482482165098190E-002,-1.150799077004194E-002,4.545962810516357E-001,8.659419417381287E-001,5.482482165098190E-002,-1.150799077004194E-002,4.545962810516357E-001,8.659419417381287E-001,
1.719100000000000E+009,7.001422345638275E-002,-1.838642917573452E-002,4.818356335163117E-001,8.508648276329041E-001,7.001422345638275E-002,-1.838642917573452E-002,4.818356335163117E-001,8.508648276329041E-001,
1.727466666666667E+009,7.966827601194382E-002,-3.126552328467369E-002,4.999478757381439E-001,8.437253832817078E-001,7.966827601194382E-002,-3.126552328467369E-002,4.999478757381439E-001,8.437253832817078E-001,
1.735833333333334E+009,8.052382618188858E-002,-4.791878908872604E-002,5.156098008155823E-001,8.290897607803345E-001,8.052382618188858E-002,-4.791878908872604E-002,5.156098008155823E-001,8.290897607803345E-001,
1.744200000000000E+009,7.217114418745041E-002,-6.588038802146912E-002,5.446991324424744E-001,8.070505261421204E-001,7.217114418745041E-002,-6.588038802146912E-002,5.446991324424744E-001,8.070505261421204E-001,
1.752566666666667E+009,5.882023274898529E-002,-7.757521420717239E-002,5.724316239356995E-001,8.010800480842590E-001,5.882023274898529E-002,-7.757521420717239E-002,5.724316239356995E-001,8.010800480842590E-001,
1.760933333333334E+009,4.202912002801895E-002,-8.325388282537460E-002,5.810415148735046E-001,7.883262634277344E-001,4.202912002801895E-002,-8.325388282537460E-002,5.810415148735046E-001,7.883262634277344E-001,
1.769300000000000E+009,2.634480223059654E-002,-8.093622326850891E-002,6.048318147659302E-001,7.794528007507324E-001,2.634480223059654E-002,-8.093622326850891E-002,6.048318147659302E-001,7.794528007507324E-001,
1.777666666666667E+009,1.658731326460838E-002,-7.084490358829498E-002,6.195117235183716E-001,7.699775695800781E-001,1.658731326460838E-002,-7.084490358829498E-002,6.195117235183716E-001,7.699775695800781E-001,
1.786033333333334E+009,1.427736505866051E-002,-6.063566356897354E-002,6.350390315055847E-001,7.400118112564087E-001,1.427736505866051E-002,-6.063566356897354E-002,6.350390315055847E-001,7.400118112564087E-001,
1.794400000000000E+009,2.001544088125229E-002,-4.761905223131180E-002,6.590318679809570E-001,7.259263396263123E-001,2.001544088125229E-002,-4.761905223131180E-002,6.590318679809570E-001,7.259263396263123E-001,
1.802766666666667E+009,2.769304625689983E-002,-4.114360734820366E-002,6.784023642539978E-001,7.082254290580750E-001,2.769304625689983E-002,-4.114360734820366E-002,6.784023642539978E-001,7.082254290580750E-001,
1.811133333333334E+009,3.832955285906792E-002,-3.899709880352020E-002,7.034360766410828E-001,6.892642974853516E-001,3.832955285906792E-002,-3.899709880352020E-002,7.034360766410828E-001,6.892642974853516E-001,
1.819500000000000E+009,4.815001785755158E-002,-4.217271879315376E-002,7.149825692176819E-001,6.639602780342102E-001,4.815001785755158E-002,-4.217271879315376E-002,7.149825692176819E-001,6.639602780342102E-001,
1.827866666666667E+009,5.389105156064034E-002,-5.038432031869888E-002,7.352930307388306E-001,6.528050303459168E-001,5.389105156064034E-002,-5.038432031869888E-002,7.352930307388306E-001,6.528050303459168E-001,
1.836233333333334E+009,5.126601085066795E-002,-6.082088127732277E-002,7.473059892654419E-001,6.354574561119080E-001,5.126601085066795E-002,-6.082088127732277E-002,7.473059892654419E-001,6.354574561119080E-001,
1.844600000000000E+009,4.357422143220902E-002,-6.943271309137344E-002,7.641894221305847E-001,6.289831399917603E-001,4.357422143220902E-002,-6.943271309137344E-002,7.641894221305847E-001,6.289831399917603E-001,
1.852966666666667E+009,3.401757776737213E-002,-7.466619461774826E-002,7.733455300331116E-001,5.945780873298645E-001,3.401757776737213E-002,-7.466619461774826E-002,7.733455300331116E-001,5.945780873298645E-001,
1.861333333333334E+009,2.346538193523884E-002,-7.744070142507553E-002,7.966155409812927E-001,5.761595368385315E-001,2.346538193523884E-002,-7.744070142507553E-002,7.966155409812927E-001,5.761595368385315E-001,
1.869700000000000E+009,1.529556792229414E-002,-7.195140421390533E-002,8.110780715942383E-001,5.572209954261780E-001,1.529556792229414E-002,-7.195140421390533E-002,8.110780715942383E-001,5.572209954261780E-001,
1.878066666666667E+009,1.128677651286125E-002,-6.667838990688324E-002,8.248537182807922E-001,5.429525971412659E-001,1.128677651286125E-002,-6.667838990688324E-002,8.248537182807922E-001,5.429525971412659E-001,
1.886433333333334E+009,1.259414572268724E-002,-5.872267857193947E-002,8.438216447830200E-001,5.172853469848633E-001,1.259414572268724E-002,-5.872267857193947E-002,8.438216447830200E-001,5.172853469848633E-001,
1.894800000000000E+009,2.090190723538399E-002,-5.303342640399933E-002,8.558836579322815E-001,4.984042942523956E-001,2.090190723538399E-002,-5.303342640399933E-002,8.558836579322815E-001,4.984042942523956E-001,
1.903166666666667E+009,3.006714396178722E-002,-4.919224977493286E-002,8.678861260414124E-001,4.681704938411713E-001,3.006714396178722E-002,-4.919224977493286E-002,8.678861260414124E-001,4.681704938411713E-001,
1.911533333333334E+009,3.972865641117096E-002,-5.321412533521652E-002,8.758534789085388E-001,4.409286379814148E-001,3.972865641117096E-002,-5.321412533521652E-002,8.758534789085388E-001,4.409286379814148E-001,
1.919900000000000E+009,4.699207097291946E-002,-6.053792312741280E-002,8.912842869758606E-001,4.267243146896362E-001,4.699207097291946E-002,-6.053792312741280E-002,8.912842869758606E-001,4.267243146896362E-001,
1.928266666666667E+009,4.978069663047791E-002,-7.045513391494751E-002,8.886061906814575E-001,3.892610669136047E-001,4.978069663047791E-002,-7.045513391494751E-002,8.886061906814575E-001,3.892610669136047E-001,
1.936633333333334E+009,4.411642253398895E-002,-8.198092877864838E-002,9.085897207260132E-001,3.791436851024628E-001,4.411642253398895E-002,-8.198092877864838E-002,9.085897207260132E-001,3.791436851024628E-001,
1.945000000000000E+009,3.358843550086021E-002,-9.037695825099945E-002,9.187455773353577E-001,3.531695306301117E-001,3.358843550086021E-002,-9.037695825099945E-002,9.187455773353577E-001,3.531695306301117E-001,
1.953366666666667E+009,2.081840857863426E-002,-9.622459113597870E-002,9.202029109001160E-001,3.330022394657135E-001,2.081840857863426E-002,-9.622459113597870E-002,9.202029109001160E-001,3.330022394657135E-001,
1.961733333333334E+009,4.746045917272568E-003,-9.334205836057663E-002,9.359896183013916E-001,3.106578588485718E-001,4.746045917272568E-003,-9.334205836057663E-002,9.359896183013916E-001,3.106578588485718E-001,
1.970100000000000E+009,-7.086243946105242E-003,-8.751016110181809E-002,9.366770386695862E-001,2.879935503005981E-001,-7.086243946105242E-003,-8.751016110181809E-002,9.366770386695862E-001,2.879935503005981E-001,
1.978466666666667E+009,-1.165535766631365E-002,-7.560332119464874E-002,9.475023746490479E-001,2.583205997943878E-001,-1.165535766631365E-002,-7.560332119464874E-002,9.475023746490479E-001,2.583205997943878E-001,
1.986833333333334E+009,-8.730295114219189E-003,-6.498068571090698E-002,9.511331915855408E-001,2.401999533176422E-001,-8.730295114219189E-003,-6.498068571090698E-002,9.511331915855408E-001,2.401999533176422E-001,
1.995200000000000E+009,3.010956803336740E-003,-5.763711035251617E-002,9.547368288040161E-001,2.230054289102554E-001,3.010956803336740E-003,-5.763711035251617E-002,9.547368288040161E-001,2.230054289102554E-001,
2.003566666666667E+009,1.775283738970757E-002,-5.602208524942398E-002,9.621773958206177E-001,1.879927217960358E-001,1.775283738970757E-002,-5.602208524942398E-002,9.621773958206177E-001,1.879927217960358E-001,
2.011933333333334E+009,3.139924630522728E-002,-6.352066993713379E-002,9.722782969474793E-001,1.600691378116608E-001,3.139924630522728E-002,-6.352066993713379E-002,9.722782969474793E-001,1.600691378116608E-001,
2.020300000000000E+009,4.027203097939491E-002,-7.408194988965988E-002,9.745281338691711E-001,1.284360289573669E-001,4.027203097939491E-002,-7.408194988965988E-002,9.745281338691711E-001,1.284360289573669E-001,
2.028666666666667E+009,4.003166034817696E-002,-8.941107988357544E-002,9.769177436828613E-001,1.126192733645439E-001,4.003166034817696E-002,-8.941107988357544E-002,9.769177436828613E-001,1.126192733645439E-001,
2.037033333333334E+009,3.053438290953636E-002,-1.052750870585442E-001,9.802649021148682E-001,8.611907809972763E-002,3.053438290953636E-002,-1.052750870585442E-001,9.802649021148682E-001,8.611907809972763E-002,
2.045400000000000E+009,1.404072623699904E-002,-1.139678582549095E-001,9.764752388000488E-001,6.717072427272797E-002,1.404072623699904E-002,-1.139678582549095E-001,9.764752388000488E-001,6.717072427272797E-002,
2.053766666666667E+009,-6.573454476892948E-003,-1.140540987253189E-001,9.787153005599976E-001,4.104650020599365E-002,-6.573454476892948E-003,-1.140540987253189E-001,9.787153005599976E-001,4.104650020599365E-002,
2.062133333333334E+009,-2.316630259156227E-002,-1.077668666839600E-001,9.834888577461243E-001,1.477206870913506E-002,-2.316630259156227E-002,-1.077668666839600E-001,9.834888577461243E-001,1.477206870913506E-002,
2.070500000000000E+009,-3.251944482326508E-002,-9.238792955875397E-002,9.836197495460510E-001,-1.162901893258095E-002,-3.251944482326508E-002,-9.238792955875397E-002,9.836197495460510E-001,-1.162901893258095E-002,
2.078866666666667E+009,-3.182487189769745E-002,-7.715987414121628E-002,9.805098176002502E-001,-3.357266634702683E-002,-3.182487189769745E-002,-7.715987414121628E-002,9.805098176002502E-001,-3.357266634702683E-002,
2.087233333333334E+009,-2.096301689743996E-002,-6.872498244047165E-002,9.821028709411621E-001,-6.726612895727158E-002,-2.096301689743996E-002,-6.872498244047165E-002,9.821028709411621E-001,-6.726612895727158E-002,
2.095600000000000E+009,-4.417677409946919E-003,-6.482479721307755E-002,9.861085414886475E-001,-8.758231997489929E-002,-4.417677409946919E-003,-6.482479721307755E-002,9.861085414886475E-001,-8.758231997489929E-002,
2.103966666666667E+009,1.232558209449053E-002,-7.429239153862000E-002,9.840938448905945E-001,-1.156657859683037E-001,1.232558209449053E-002,-7.429239153862000E-002,9.840938448905945E-001,-1.156657859683037E-001,
2.112333333333334E+009,2.289431914687157E-002,-9.035472571849823E-002,9.727900624275208E-001,-1.366741806268692E-001,2.289431914687157E-002,-9.035472571849823E-002,9.727900624275208E-001,-1.366741806268692E-001,
2.120700000000000E+009,2.346100099384785E-002,-1.134834811091423E-001,9.694094061851502E-001,-1.689559370279312E-001,2.346100099384785E-002,-1.134834811091423E-001,9.694094061851502E-001,-1.689559370279312E-001,
2.129066666666667E+009,1.044987235218287E-002,-1.297639310359955E-001,9.734489917755127E-001,-1.967967748641968E-001,1.044987235218287E-002,-1.297639310359955E-001,9.734489917755127E-001,-1.967967748641968E-001,
2.137433333333334E+009,-1.242717262357473E-002,-1.399579793214798E-001,9.549816846847534E-001,-2.158852070569992E-001,-1.242717262357473E-002,-1.399579793214798E-001,9.549816846847534E-001,-2.158852070569992E-001,
2.145800000000000E+009,-4.100513830780983E-002,-1.382836401462555E-001,9.525725841522217E-001,-2.384562343358994E-001,-4.100513830780983E-002,-1.382836401462555E-001,9.525725841522217E-001,-2.384562343358994E-001,
2.154166666666667E+009,-6.363308429718018E-002,-1.249304637312889E-001,9.445616006851196E-001,-2.562577128410339E-001,-6.363308429718018E-002,-1.249304637312889E-001,9.445616006851196E-001,-2.562577128410339E-001,
2.162533333333334E+009,-7.699469476938248E-002,-1.023410633206368E-001,9.257926344871521E-001,-2.803402841091156E-001,-7.699469476938248E-002,-1.023410633206368E-001,9.257926344871521E-001,-2.803402841091156E-001,
2.170900000000000E+009,-7.700917869806290E-002,-7.957762479782105E-002,9.342282414436340E-001,-3.082228004932404E-001,-7.700917869806290E-002,-7.957762479782105E-002,9.342282414436340E-001,-3.082228004932404E-001,
2.179266666666667E+009,-6.381510198116303E-002,-6.430871039628983E-002,9.236232638359070E-001,-3.244130015373230E-001,-6.381510198116303E-002,-6.430871039628983E-002,9.236232638359070E-001,-3.244130015373230E-001,
2.187633333333334E+009,-4.417936131358147E-002,-5.923435464501381E-002,9.214722514152527E-001,-3.571160137653351E-001,-4.417936131358147E-002,-5.923435464501381E-002,9.214722514152527E-001,-3.571160137653351E-001,
2.196000000000000E+009,-2.210946567356587E-002,-6.896975636482239E-002,9.032115340232849E-001,-3.790082633495331E-001,-2.210946567356587E-002,-6.896975636482239E-002,9.032115340232849E-001,-3.790082633495331E-001,
2.204366666666667E+009,-8.559015579521656E-003,-9.039075672626495E-002,8.959479331970215E-001,-4.028027355670929E-001,-8.559015579521656E-003,-9.039075672626495E-002,8.959479331970215E-001,-4.028027355670929E-001,
2.212733333333334E+009,-8.151113986968994E-003,-1.160923317074776E-001,8.820138573646545E-001,-4.364787936210632E-001,-8.151113986968994E-003,-1.160923317074776E-001,8.820138573646545E-001,-4.364787936210632E-001,
2.221100000000000E+009,-2.292804047465324E-002,-1.360965818166733E-001,8.615641593933106E-001,-4.487427175045013E-001,-2.292804047465324E-002,-1.360965818166733E-001,8.615641593933106E-001,-4.487427175045013E-001,
2.229466666666667E+009,-4.686217382550240E-002,-1.468574702739716E-001,8.528373837471008E-001,-4.617052674293518E-001,-4.686217382550240E-002,-1.468574702739716E-001,8.528373837471008E-001,-4.617052674293518E-001,
2.237833333333334E+009,-7.727247476577759E-002,-1.405068486928940E-001,8.437326550483704E-001,-4.882193505764008E-001,-7.727247476577759E-002,-1.405068486928940E-001,8.437326550483704E-001,-4.882193505764008E-001,
2.246200000000000E+009,-1.030002385377884E-001,-1.224425956606865E-001,8.300080895423889E-001,-5.081150531768799E-001,-1.030002385377884E-001,-1.224425956606865E-001,8.300080895423889E-001,-5.081150531768799E-001,
2.254566666666667E+009,-1.147853732109070E-001,-9.401912242174149E-002,8.210524916648865E-001,-5.251113176345825E-001,-1.147853732109070E-001,-9.401912242174149E-002,8.210524916648865E-001,-5.251113176345825E-001,
2.262933333333334E+009,-1.147127896547318E-001,-6.798313558101654E-002,8.077647686004639E-001,-5.462081432342529E-001,-1.147127896547318E-001,-6.798313558101654E-002,8.077647686004639E-001,-5.462081432342529E-001,
2.271300000000000E+009,-1.008386015892029E-001,-4.744366183876991E-002,7.920931577682495E-001,-5.650509595870972E-001,-1.008386015892029E-001,-4.744366183876991E-002,7.920931577682495E-001,-5.650509595870972E-001,
2.279666666666667E+009,-7.820518314838409E-002,-4.393125697970390E-002,7.819981575012207E-001,-5.866162776947022E-001,-7.820518314838409E-002,-4.393125697970390E-002,7.819981575012207E-001,-5.866162776947022E-001,
2.288033333333334E+009,-5.833645537495613E-002,-5.502635985612869E-002,7.674598097801209E-001,-6.167277693748474E-001,-5.833645537495613E-002,-5.502635985612869E-002,7.674598097801209E-001,-6.167277693748474E-001,
2.296400000000000E+009,-4.663574323058128E-002,-7.836417108774185E-002,7.456672191619873E-001,-6.372673511505127E-001,-4.663574323058128E-002,-7.836417108774185E-002,7.456672191619873E-001,-6.372673511505127E-001,
2.304766666666667E+009,-5.097884684801102E-002,-1.046750023961067E-001,7.316556572914124E-001,-6.451790928840637E-001,-5.097884684801102E-002,-1.046750023961067E-001,7.316556572914124E-001,-6.451790928840637E-001,
2.313133333333334E+009,-7.052338868379593E-002,-1.222984343767166E-001,7.071319222450256E-001,-6.780415177345276E-001,-7.052338868379593E-002,-1.222984343767166E-001,7.071319222450256E-001,-6.780415177345276E-001,
2.321500000000000E+009,-9.472040086984634E-002,-1.260274797677994E-001,6.917663216590881E-001,-6.850265264511108E-001,-9.472040086984634E-002,-1.260274797677994E-001,6.917663216590881E-001,-6.850265264511108E-001,
2.329866666666667E+009,-1.204999610781670E-001,-1.138572990894318E-001,6.803168654441834E-001,-7.022055983543396E-001,-1.204999610781670E-001,-1.138572990894318E-001,6.803168654441834E-001,-7.022055983543396E-001,
2.338233333333334E+009,-1.392656862735748E-001,-8.980802446603775E-002,6.532993316650391E-001,-7.188885807991028E-001,-1.392656862735748E-001,-8.980802446603775E-002,6.532993316650391E-001,-7.188885807991028E-001,
2.346600000000000E+009,-1.433608531951904E-001,-5.656176060438156E-002,6.354433298110962E-001,-7.368164062500000E-001,-1.433608531951904E-001,-5.656176060438156E-002,6.354433298110962E-001,-7.368164062500000E-001,
2.354966666666667E+009,-1.308447271585465E-001,-3.038927912712097E-002,6.284554600715637E-001,-7.484794855117798E-001,-1.308447271585465E-001,-3.038927912712097E-002,6.284554600715637E-001,-7.484794855117798E-001,
2.363333333333334E+009,-1.089974716305733E-001,-1.769015379250050E-002,6.124991178512573E-001,-7.651684880256653E-001,-1.089974716305733E-001,-1.769015379250050E-002,6.124991178512573E-001,-7.651684880256653E-001,
2.371700000000000E+009,-8.122622221708298E-002,-2.115924842655659E-002,5.938905477523804E-001,-7.863240838050842E-001,-8.122622221708298E-002,-2.115924842655659E-002,5.938905477523804E-001,-7.863240838050842E-001,
2.380066666666667E+009,-6.355615705251694E-002,-4.449666664004326E-002,5.640544295310974E-001,-8.034223914146423E-001,-6.355615705251694E-002,-4.449666664004326E-002,5.640544295310974E-001,-8.034223914146423E-001,
2.388433333333334E+009,-6.224000826478005E-002,-7.616636902093887E-002,5.427757501602173E-001,-8.110538721084595E-001,-6.224000826478005E-002,-7.616636902093887E-002,5.427757501602173E-001,-8.110538721084595E-001,
2.396800000000000E+009,-7.909962534904480E-002,-1.083119362592697E-001,5.093280673027039E-001,-8.320909738540649E-001,-7.909962534904480E-002,-1.083119362592697E-001,5.093280673027039E-001,-8.320909738540649E-001,
2.405166666666667E+009,-1.101939827203751E-001,-1.290292590856552E-001,4.901745915412903E-001,-8.428238034248352E-001,-1.101939827203751E-001,-1.290292590856552E-001,4.901745915412903E-001,-8.428238034248352E-001,
2.413533333333334E+009,-1.499580293893814E-001,-1.272420138120651E-001,4.644646346569061E-001,-8.483496904373169E-001,-1.499580293893814E-001,-1.272420138120651E-001,4.644646346569061E-001,-8.483496904373169E-001,
2.421900000000000E+009,-1.861434280872345E-001,-1.063436716794968E-001,4.513548314571381E-001,-8.579832315444946E-001,-1.861434280872345E-001,-1.063436716794968E-001,4.513548314571381E-001,-8.579832315444946E-001,
2.430266666666667E+009,-2.056908607482910E-001,-6.986863911151886E-002,4.318979382514954E-001,-8.675026297569275E-001,-2.056908607482910E-001,-6.986863911151886E-002,4.318979382514954E-001,-8.675026297569275E-001,
2.438633333333334E+009,-2.100013047456741E-001,-2.439177036285400E-002,4.127850830554962E-001,-8.755001425743103E-001,-2.100013047456741E-001,-2.439177036285400E-002,4.127850830554962E-001,-8.755001425743103E-001,
2.447000000000000E+009,-1.923833340406418E-001,1.667883247137070E-002,3.925463259220123E-001,-8.899114727973938E-001,-1.923833340406418E-001,1.667883247137070E-002,3.925463259220123E-001,-8.899114727973938E-001,
2.455366666666667E+009,-1.604597717523575E-001,4.103887453675270E-002,3.735989630222321E-001,-8.974004387855530E-001,-1.604597717523575E-001,4.103887453675270E-002,3.735989630222321E-001,-8.974004387855530E-001,
2.463733333333334E+009,-1.256038248538971E-001,4.581794515252113E-002,3.528252243995667E-001,-9.143635034561157E-001,-1.256038248538971E-001,4.581794515252113E-002,3.528252243995667E-001,-9.143635034561157E-001,
2.472100000000000E+009,-9.828928858041763E-002,2.834958396852016E-002,3.269021809101105E-001,-9.253084659576416E-001,-9.828928858041763E-002,2.834958396852016E-002,3.269021809101105E-001,-9.253084659576416E-001,
2.480466666666667E+009,-8.727617561817169E-002,-2.159115625545383E-003,2.937901616096497E-001,-9.304955601692200E-001,-8.727617561817169E-002,-2.159115625545383E-003,2.937901616096497E-001,-9.304955601692200E-001,
2.488833333333334E+009,-9.701649844646454E-002,-3.507622331380844E-002,2.726530730724335E-001,-9.389890432357788E-001,-9.701649844646454E-002,-3.507622331380844E-002,2.726530730724335E-001,-9.389890432357788E-001,
2.497200000000000E+009,-1.211513429880142E-001,-5.602775141596794E-002,2.419084906578064E-001,-9.475646615028381E-001,-1.211513429880142E-001,-5.602775141596794E-002,2.419084906578064E-001,-9.475646615028381E-001,
2.505566666666667E+009,-1.574740260839462E-001,-5.983772501349449E-002,2.128341048955917E-001,-9.537395238876343E-001,-1.574740260839462E-001,-5.983772501349449E-002,2.128341048955917E-001,-9.537395238876343E-001,
2.513933333333334E+009,-1.861795336008072E-001,-4.180578887462616E-002,1.932834088802338E-001,-9.515795111656189E-001,-1.861795336008072E-001,-4.180578887462616E-002,1.932834088802338E-001,-9.515795111656189E-001,
2.522300000000000E+009,-2.023612409830093E-001,-1.164296828210354E-002,1.669764369726181E-001,-9.539626240730286E-001,-2.023612409830093E-001,-1.164296828210354E-002,1.669764369726181E-001,-9.539626240730286E-001,
2.530666666666667E+009,-1.988918632268906E-001,2.700784243643284E-002,1.435435116291046E-001,-9.613593220710754E-001,-1.988918632268906E-001,2.700784243643284E-002,1.435435116291046E-001,-9.613593220710754E-001,
2.539033333333334E+009,-1.790238916873932E-001,6.017131730914116E-002,1.264556497335434E-001,-9.609771370887756E-001,-1.790238916873932E-001,6.017131730914116E-002,1.264556497335434E-001,-9.609771370887756E-001,
2.547400000000000E+009,-1.472392231225967E-001,8.020757138729096E-002,1.084373593330383E-001,-9.726041555404663E-001,-1.472392231225967E-001,8.020757138729096E-002,1.084373593330383E-001,-9.726041555404663E-001,
2.555766666666667E+009,-1.120421513915062E-001,8.099291473627091E-002,8.187247812747955E-002,-9.801942706108093E-001,-1.120421513915062E-001,8.099291473627091E-002,8.187247812747955E-002,-9.801942706108093E-001,
2.564133333333334E+009,-8.921828120946884E-002,6.125578656792641E-002,5.560141429305077E-002,-9.778602719306946E-001,-8.921828120946884E-002,6.125578656792641E-002,5.560141429305077E-002,-9.778602719306946E-001,
2.572500000000000E+009,-8.395297080278397E-002,3.189522027969360E-002,2.809270471334457E-002,-9.792964458465576E-001,-8.395297080278397E-002,3.189522027969360E-002,2.809270471334457E-002,-9.792964458465576E-001,
2.580866666666667E+009,-9.832175821065903E-002,2.453292254358530E-003,-1.582983066327870E-003,-9.827720522880554E-001,-9.832175821065903E-002,2.453292254358530E-003,-1.582983066327870E-003,-9.827720522880554E-001,
2.589233333333334E+009,-1.299246400594711E-001,-1.484141685068607E-002,-3.447263687849045E-002,-9.761655330657959E-001,-1.299246400594711E-001,-1.484141685068607E-002,-3.447263687849045E-002,-9.761655330657959E-001,
2.597600000000000E+009,-1.655451953411102E-001,-1.512919925153256E-002,-6.308966130018234E-002,-9.728133082389832E-001,-1.655451953411102E-001,-1.512919925153256E-002,-6.308966130018234E-002,-9.728133082389832E-001,
2.605966666666667E+009,-1.957246661186218E-001,5.883724894374609E-003,-7.660372555255890E-002,-9.730585813522339E-001,-1.957246661186218E-001,5.883724894374609E-003,-7.660372555255890E-002,-9.730585813522339E-001,
2.614333333333334E+009,-2.098801732063294E-001,3.760352358222008E-002,-1.006820201873779E-001,-9.615693688392639E-001,-2.098801732063294E-001,3.760352358222008E-002,-1.006820201873779E-001,-9.615693688392639E-001,
2.622700000000000E+009,-2.037986516952515E-001,7.754478603601456E-002,-1.217670962214470E-001,-9.545339941978455E-001,-2.037986516952515E-001,7.754478603601456E-002,-1.217670962214470E-001,-9.545339941978455E-001,
2.631066666666667E+009,-1.803729832172394E-001,1.107523366808891E-001,-1.445782482624054E-001,-9.635939002037048E-001,-1.803729832172394E-001,1.107523366808891E-001,-1.445782482624054E-001,-9.635939002037048E-001,
2.639433333333334E+009,-1.440086215734482E-001,1.281278282403946E-001,-1.646225154399872E-001,-9.526707530021668E-001,-1.440086215734482E-001,1.281278282403946E-001,-1.646225154399872E-001,-9.526707530021668E-001,
2.647800000000000E+009,-1.057957112789154E-001,1.283358633518219E-001,-1.889996528625488E-001,-9.540364146232605E-001,-1.057957112789154E-001,1.283358633518219E-001,-1.889996528625488E-001,-9.540364146232605E-001,
2.656166666666667E+009,-8.010277897119522E-002,1.107232570648193E-001,-2.104545086622238E-001,-9.588939547538757E-001,-8.010277897119522E-002,1.107232570648193E-001,-2.104545086622238E-001,-9.588939547538757E-001,
2.664533333333334E+009,-7.193040102720261E-002,8.384338766336441E-002,-2.454121261835098E-001,-9.439104795455933E-001,-7.193040102720261E-002,8.384338766336441E-002,-2.454121261835098E-001,-9.439104795455933E-001,
2.672900000000000E+009,-8.400754630565643E-002,5.742561817169190E-002,-2.675693631172180E-001,-9.412076473236084E-001,-8.400754630565643E-002,5.742561817169190E-002,-2.675693631172180E-001,-9.412076473236084E-001,
2.681266666666667E+009,-1.119630336761475E-001,4.333780705928803E-002,-2.967192232608795E-001,-9.296260476112366E-001,-1.119630336761475E-001,4.333780705928803E-002,-2.967192232608795E-001,-9.296260476112366E-001,
2.689633333333334E+009,-1.468890905380249E-001,4.608926177024841E-002,-3.202773630619049E-001,-9.220542311668396E-001,-1.468890905380249E-001,4.608926177024841E-002,-3.202773630619049E-001,-9.220542311668396E-001,
2.698000000000000E+009,-1.736718118190765E-001,6.669324636459351E-002,-3.355680108070374E-001,-9.062860608100891E-001,-1.736718118190765E-001,6.669324636459351E-002,-3.355680108070374E-001,-9.062860608100891E-001,
2.706366666666667E+009,-1.846876740455627E-001,9.974781423807144E-002,-3.615870773792267E-001,-8.911777734756470E-001,-1.846876740455627E-001,9.974781423807144E-002,-3.615870773792267E-001,-8.911777734756470E-001,
2.714733333333334E+009,-1.775615960359573E-001,1.339413225650787E-001,-3.757171332836151E-001,-8.885383605957031E-001,-1.775615960359573E-001,1.339413225650787E-001,-3.757171332836151E-001,-8.885383605957031E-001,
2.723100000000000E+009,-1.504234820604324E-001,1.631395965814591E-001,-3.948202133178711E-001,-8.760071992874146E-001,-1.504234820604324E-001,1.631395965814591E-001,-3.948202133178711E-001,-8.760071992874146E-001,
2.731466666666667E+009,-1.107755079865456E-001,1.781254708766937E-001,-4.179191887378693E-001,-8.718434572219849E-001,-1.107755079865456E-001,1.781254708766937E-001,-4.179191887378693E-001,-8.718434572219849E-001,
2.739833333333334E+009,-7.102517783641815E-002,1.734638065099716E-001,-4.380554258823395E-001,-8.611147403717041E-001,-7.102517783641815E-002,1.734638065099716E-001,-4.380554258823395E-001,-8.611147403717041E-001,
2.748200000000000E+009,-4.142902791500092E-002,1.542824804782867E-001,-4.614351987838745E-001,-8.549693822860718E-001,-4.142902791500092E-002,1.542824804782867E-001,-4.614351987838745E-001,-8.549693822860718E-001,
2.756566666666667E+009,-2.954810112714768E-002,1.254677027463913E-001,-4.870776832103729E-001,-8.483150005340576E-001,-2.954810112714768E-002,1.254677027463913E-001,-4.870776832103729E-001,-8.483150005340576E-001,
2.764933333333334E+009,-3.766746446490288E-002,9.785746037960053E-002,-5.202661156654358E-001,-8.396961092948914E-001,-3.766746446490288E-002,9.785746037960053E-002,-5.202661156654358E-001,-8.396961092948914E-001,
2.773300000000000E+009,-6.231842190027237E-002,7.985430210828781E-002,-5.371789336204529E-001,-8.184018731117249E-001,-6.231842190027237E-002,7.985430210828781E-002,-5.371789336204529E-001,-8.184018731117249E-001,
2.781666666666667E+009,-9.648183733224869E-002,8.341207355260849E-002,-5.582103729248047E-001,-7.996063232421875E-001,-9.648183733224869E-002,8.341207355260849E-002,-5.582103729248047E-001,-7.996063232421875E-001,
2.790033333333334E+009,-1.244183108210564E-001,1.016968786716461E-001,-5.790274143218994E-001,-7.841031551361084E-001,-1.244183108210564E-001,1.016968786716461E-001,-5.790274143218994E-001,-7.841031551361084E-001,
2.798400000000000E+009,-1.389602422714233E-001,1.328797787427902E-001,-5.957097411155701E-001,-7.704354524612427E-001,-1.389602422714233E-001,1.328797787427902E-001,-5.957097411155701E-001,-7.704354524612427E-001,
2.806766666666667E+009,-1.308867335319519E-001,1.667165458202362E-001,-6.093347072601318E-001,-7.458581328392029E-001,-1.308867335319519E-001,1.667165458202362E-001,-6.093347072601318E-001,-7.458581328392029E-001,
2.815133333333334E+009,-1.072283387184143E-001,1.914959698915482E-001,-6.247175335884094E-001,-7.343248128890991E-001,-1.072283387184143E-001,1.914959698915482E-001,-6.247175335884094E-001,-7.343248128890991E-001,
2.823500000000000E+009,-6.933858245611191E-002,2.033230662345886E-001,-6.413940787315369E-001,-7.231099009513855E-001,-6.933858245611191E-002,2.033230662345886E-001,-6.413940787315369E-001,-7.231099009513855E-001,
2.831866666666667E+009,-3.034924343228340E-002,1.950532495975494E-001,-6.546472907066345E-001,-7.098574042320252E-001,-3.034924343228340E-002,1.950532495975494E-001,-6.546472907066345E-001,-7.098574042320252E-001,
2.840233333333334E+009,1.123397378250957E-003,1.727909296751022E-001,-6.801348924636841E-001,-6.988186836242676E-001,1.123397378250957E-003,1.727909296751022E-001,-6.801348924636841E-001,-6.988186836242676E-001,
2.848600000000000E+009,1.583581790328026E-002,1.420374661684036E-001,-6.966151595115662E-001,-6.787595152854919E-001,1.583581790328026E-002,1.420374661684036E-001,-6.966151595115662E-001,-6.787595152854919E-001,
2.856966666666667E+009,1.020547468215227E-002,1.132752299308777E-001,-7.188022136688232E-001,-6.630466580390930E-001,1.020547468215227E-002,1.132752299308777E-001,-7.188022136688232E-001,-6.630466580390930E-001,
2.865333333333334E+009,-1.423570234328508E-002,9.553170204162598E-002,-7.391514182090759E-001,-6.482847332954407E-001,-1.423570234328508E-002,9.553170204162598E-002,-7.391514182090759E-001,-6.482847332954407E-001,
2.873700000000000E+009,-4.732587188482285E-002,9.710120409727097E-002,-7.596227526664734E-001,-6.168334484100342E-001,-4.732587188482285E-002,9.710120409727097E-002,-7.596227526664734E-001,-6.168334484100342E-001,
2.882066666666667E+009,-7.558778673410416E-002,1.173371970653534E-001,-7.705342173576355E-001,-5.878435373306274E-001,-7.558778673410416E-002,1.173371970653534E-001,-7.705342173576355E-001,-5.878435373306274E-001,
2.890433333333334E+009,-9.082596004009247E-002,1.512501835823059E-001,-7.827661633491516E-001,-5.693006515502930E-001,-9.082596004009247E-002,1.512501835823059E-001,-7.827661633491516E-001,-5.693006515502930E-001,
2.898800000000000E+009,-8.509097248315811E-002,1.878108829259872E-001,-7.904918789863586E-001,-5.518932342529297E-001,-8.509097248315811E-002,1.878108829259872E-001,-7.904918789863586E-001,-5.518932342529297E-001,
2.907166666666667E+009,-6.067851930856705E-002,2.138151824474335E-001,-7.954722046852112E-001,-5.365092754364014E-001,-6.067851930856705E-002,2.138151824474335E-001,-7.954722046852112E-001,-5.365092754364014E-001,
2.915533333333334E+009,-2.172850444912911E-002,2.253559529781342E-001,-8.104556202888489E-001,-5.138716101646423E-001,-2.172850444912911E-002,2.253559529781342E-001,-8.104556202888489E-001,-5.138716101646423E-001,
2.923900000000000E+009,1.734801940619946E-002,2.156292349100113E-001,-8.213058710098267E-001,-5.029108524322510E-001,1.734801940619946E-002,2.156292349100113E-001,-8.213058710098267E-001,-5.029108524322510E-001,
2.932266666666667E+009,4.984618350863457E-002,1.902940869331360E-001,-8.336127996444702E-001,-4.896996319293976E-001,4.984618350863457E-002,1.902940869331360E-001,-8.336127996444702E-001,-4.896996319293976E-001,
2.940633333333334E+009,6.571209430694580E-002,1.531656384468079E-001,-8.501260280609131E-001,-4.670076668262482E-001,6.571209430694580E-002,1.531656384468079E-001,-8.501260280609131E-001,-4.670076668262482E-001,
2.949000000000000E+009,6.146614253520966E-002,1.160301938652992E-001,-8.721187114715576E-001,-4.385610222816467E-001,6.146614253520966E-002,1.160301938652992E-001,-8.721187114715576E-001,-4.385610222816467E-001,
2.957366666666667E+009,3.909371420741081E-002,9.370228648185730E-002,-8.860902786254883E-001,-4.222410023212433E-001,3.909371420741081E-002,9.370228648185730E-002,-8.860902786254883E-001,-4.222410023212433E-001,
2.965733333333334E+009,5.421184469014406E-003,9.179223328828812E-002,-9.013064503669739E-001,-3.917682468891144E-001,5.421184469014406E-003,9.179223328828812E-002,-9.013064503669739E-001,-3.917682468891144E-001,
2.974100000000000E+009,-2.303885109722614E-002,1.116594746708870E-001,-9.102052450180054E-001,-3.583947420120239E-001,-2.303885109722614E-002,1.116594746708870E-001,-9.102052450180054E-001,-3.583947420120239E-001,
2.982466666666667E+009,-3.812943026423454E-002,1.471046507358551E-001,-9.172480702400208E-001,-3.310593664646149E-001,-3.812943026423454E-002,1.471046507358551E-001,-9.172480702400208E-001,-3.310593664646149E-001,
2.990833333333334E+009,-3.329513594508171E-002,1.857608109712601E-001,-9.142613410949707E-001,-3.133507072925568E-001,-3.329513594508171E-002,1.857608109712601E-001,-9.142613410949707E-001,-3.133507072925568E-001,
2.999200000000000E+009,-8.525740355253220E-003,2.158067822456360E-001,-9.182689189910889E-001,-2.922541499137878E-001,-8.525740355253220E-003,2.158067822456360E-001,-9.182689189910889E-001,-2.922541499137878E-001,
3.007566666666667E+009,2.975462004542351E-002,2.283333241939545E-001,-9.219674468040466E-001,-2.694748342037201E-001,2.975462004542351E-002,2.283333241939545E-001,-9.219674468040466E-001,-2.694748342037201E-001,
3.015933333333334E+009,7.137500494718552E-002,2.167224138975143E-001,-9.238297343254089E-001,-2.538989782333374E-001,7.137500494718552E-002,2.167224138975143E-001,-9.238297343254089E-001,-2.538989782333374E-001,
3.024300000000000E+009,1.028093621134758E-001,1.877722740173340E-001,-9.329084157943726E-001,-2.368099093437195E-001,1.028093621134758E-001,1.877722740173340E-001,-9.329084157943726E-001,-2.368099093437195E-001,
3.032666666666667E+009,1.176488026976585E-001,1.444399654865265E-001,-9.434010982513428E-001,-2.155152410268784E-001,1.176488026976585E-001,1.444399654865265E-001,-9.434010982513428E-001,-2.155152410268784E-001,
3.041033333333334E+009,1.095402315258980E-001,1.023545041680336E-001,-9.545057415962219E-001,-1.932472437620163E-001,1.095402315258980E-001,1.023545041680336E-001,-9.545057415962219E-001,-1.932472437620163E-001,
3.049400000000000E+009,8.239251375198364E-002,7.494323700666428E-002,-9.638246297836304E-001,-1.596456617116928E-001,8.239251375198364E-002,7.494323700666428E-002,-9.638246297836304E-001,-1.596456617116928E-001,
3.057766666666667E+009,4.682516679167748E-002,6.988491863012314E-002,-9.745728373527527E-001,-1.446919888257980E-001,4.682516679167748E-002,6.988491863012314E-002,-9.745728373527527E-001,-1.446919888257980E-001,
3.066133333333334E+009,1.384324394166470E-002,8.940792828798294E-002,-9.720865488052368E-001,-1.021473631262779E-001,1.384324394166470E-002,8.940792828798294E-002,-9.720865488052368E-001,-1.021473631262779E-001,
3.074500000000000E+009,-1.516167656518519E-003,1.277005225419998E-001,-9.751284122467041E-001,-7.244271039962769E-002,-1.516167656518519E-003,1.277005225419998E-001,-9.751284122467041E-001,-7.244271039962769E-002,
3.082866666666667E+009,6.730343215167522E-003,1.705803424119949E-001,-9.695764780044556E-001,-4.926031082868576E-002,6.730343215167522E-003,1.705803424119949E-001,-9.695764780044556E-001,-4.926031082868576E-002,
3.091233333333334E+009,3.789983317255974E-002,2.063446789979935E-001,-9.629029631614685E-001,-2.044050581753254E-002,3.789983317255974E-002,2.063446789979935E-001,-9.629029631614685E-001,-2.044050581753254E-002,
3.099600000000000E+009,8.194450289011002E-002,2.192931324243546E-001,-9.549162983894348E-001,-6.615568883717060E-003,8.194450289011002E-002,2.192931324243546E-001,-9.549162983894348E-001,-6.615568883717060E-003,
3.107966666666667E+009,1.300463229417801E-001,2.058546245098114E-001,-9.560462236404419E-001,9.458837099373341E-003,1.300463229417801E-001,2.058546245098114E-001,-9.560462236404419E-001,9.458837099373341E-003,
3.116333333333334E+009,1.661118865013123E-001,1.707754135131836E-001,-9.566649198532105E-001,3.056621551513672E-002,1.661118865013123E-001,1.707754135131836E-001,-9.566649198532105E-001,3.056621551513672E-002,
3.124700000000000E+009,1.786533147096634E-001,1.209141016006470E-001,-9.629553556442261E-001,4.229448735713959E-002,1.786533147096634E-001,1.209141016006470E-001,-9.629553556442261E-001,4.229448735713959E-002,
3.133066666666667E+009,1.681308299303055E-001,7.088396698236466E-002,-9.708470106124878E-001,7.245288044214249E-002,1.681308299303055E-001,7.088396698236466E-002,-9.708470106124878E-001,7.245288044214249E-002,
3.141433333333334E+009,1.357004642486572E-001,3.317947685718536E-002,-9.751422405242920E-001,9.591781347990036E-002,1.357004642486572E-001,3.317947685718536E-002,-9.751422405242920E-001,9.591781347990036E-002,
3.149800000000000E+009,8.918178826570511E-002,2.197824046015739E-002,-9.790354967117310E-001,1.318205296993256E-001,8.918178826570511E-002,2.197824046015739E-002,-9.790354967117310E-001,1.318205296993256E-001,
3.158166666666667E+009,4.745996743440628E-002,3.971930965781212E-002,-9.692710041999817E-001,1.671633869409561E-001,4.745996743440628E-002,3.971930965781212E-002,-9.692710041999817E-001,1.671633869409561E-001,
3.166533333333334E+009,2.502130530774593E-002,7.964027673006058E-002,-9.636158943176270E-001,1.960048675537109E-001,2.502130530774593E-002,7.964027673006058E-002,-9.636158943176270E-001,1.960048675537109E-001,
3.174900000000000E+009,2.754539065063000E-002,1.279175132513046E-001,-9.499879479408264E-001,2.237704694271088E-001,2.754539065063000E-002,1.279175132513046E-001,-9.499879479408264E-001,2.237704694271088E-001,
3.183266666666667E+009,5.813616141676903E-002,1.688960343599320E-001,-9.343466162681580E-001,2.461801320314407E-001,5.813616141676903E-002,1.688960343599320E-001,-9.343466162681580E-001,2.461801320314407E-001,
3.191633333333334E+009,1.044307127594948E-001,1.858214735984802E-001,-9.189667105674744E-001,2.631160616874695E-001,1.044307127594948E-001,1.858214735984802E-001,-9.189667105674744E-001,2.631160616874695E-001,
3.200000000000000E+009,1.526158303022385E-001,1.745707541704178E-001,-9.138931632041931E-001,2.753450572490692E-001,1.526158303022385E-001,1.745707541704178E-001,-9.138931632041931E-001,2.753450572490692E-001,
