% Version 1.00
%
%freq[Hz],re:Trc1_S11,im:Trc1_S11,re:Trc2_S21,im:Trc2_S21,re:Trc3_S11,im:Trc3_S11,re:Trc4_S21,im:Trc4_S21,
6.900000000000000E+008,-6.850495189428330E-002,2.141537144780159E-002,-4.600559175014496E-001,-8.691927790641785E-001,-6.850495189428330E-002,2.141537144780159E-002,-4.600559175014496E-001,-8.691927790641785E-001,
6.983666666666666E+008,-6.057779118418694E-002,2.276190370321274E-002,-4.792429804801941E-001,-8.549885153770447E-001,-6.057779118418694E-002,2.276190370321274E-002,-4.792429804801941E-001,-8.549885153770447E-001,
7.067333333333334E+008,-5.354657769203186E-002,2.102444134652615E-002,-5.100280642509460E-001,-8.269400000572205E-001,-5.354657769203186E-002,2.102444134652615E-002,-5.100280642509460E-001,-8.269400000572205E-001,
7.151000000000000E+008,-5.327527597546578E-002,1.379390433430672E-002,-5.181434154510498E-001,-8.193895816802979E-001,-5.327527597546578E-002,1.379390433430672E-002,-5.181434154510498E-001,-8.193895816802979E-001,
7.234666666666666E+008,-5.225050076842308E-002,8.774429559707642E-003,-5.588713884353638E-001,-8.088958859443665E-001,-5.225050076842308E-002,8.774429559707642E-003,-5.588713884353638E-001,-8.088958859443665E-001,
7.318333333333334E+008,-5.881830304861069E-002,5.645210854709148E-003,-5.662184953689575E-001,-8.043692111968994E-001,-5.881830304861069E-002,5.645210854709148E-003,-5.662184953689575E-001,-8.043692111968994E-001,
7.402000000000000E+008,-6.577805429697037E-002,8.000085130333901E-003,-5.975820422172546E-001,-7.808914780616760E-001,-6.577805429697037E-002,8.000085130333901E-003,-5.975820422172546E-001,-7.808914780616760E-001,
7.485666666666666E+008,-7.007800042629242E-002,1.317233964800835E-002,-6.203146576881409E-001,-7.450881004333496E-001,-7.007800042629242E-002,1.317233964800835E-002,-6.203146576881409E-001,-7.450881004333496E-001,
7.569333333333334E+008,-7.023055851459503E-002,2.273988910019398E-002,-6.338124871253967E-001,-7.461519837379456E-001,-7.023055851459503E-002,2.273988910019398E-002,-6.338124871253967E-001,-7.461519837379456E-001,
7.653000000000000E+008,-6.665007025003433E-002,3.157820925116539E-002,-6.455615162849426E-001,-7.401738762855530E-001,-6.665007025003433E-002,3.157820925116539E-002,-6.455615162849426E-001,-7.401738762855530E-001,
7.736666666666666E+008,-5.832244083285332E-002,4.095440357923508E-002,-6.670792102813721E-001,-7.323554754257202E-001,-5.832244083285332E-002,4.095440357923508E-002,-6.670792102813721E-001,-7.323554754257202E-001,
7.820333333333334E+008,-5.115529522299767E-002,4.517545551061630E-002,-6.926550269126892E-001,-7.096841931343079E-001,-5.115529522299767E-002,4.517545551061630E-002,-6.926550269126892E-001,-7.096841931343079E-001,
7.904000000000000E+008,-4.105050861835480E-002,4.447124898433685E-002,-7.086544632911682E-001,-6.879543066024780E-001,-4.105050861835480E-002,4.447124898433685E-002,-7.086544632911682E-001,-6.879543066024780E-001,
7.987666666666666E+008,-3.312368318438530E-002,4.097883403301239E-002,-7.225858569145203E-001,-6.725730895996094E-001,-3.312368318438530E-002,4.097883403301239E-002,-7.225858569145203E-001,-6.725730895996094E-001,
8.071333333333334E+008,-3.206939250230789E-002,3.703996911644936E-002,-7.347148060798645E-001,-6.588065028190613E-001,-3.206939250230789E-002,3.703996911644936E-002,-7.347148060798645E-001,-6.588065028190613E-001,
8.155000000000000E+008,-3.445446863770485E-002,3.040110319852829E-002,-7.482919096946716E-001,-6.094058156013489E-001,-3.445446863770485E-002,3.040110319852829E-002,-7.482919096946716E-001,-6.094058156013489E-001,
8.238666666666666E+008,-3.834908828139305E-002,2.736287936568260E-002,-7.812724709510803E-001,-6.142011284828186E-001,-3.834908828139305E-002,2.736287936568260E-002,-7.812724709510803E-001,-6.142011284828186E-001,
8.322333333333334E+008,-4.601082205772400E-002,2.888140082359314E-002,-7.922136783599854E-001,-5.891618728637695E-001,-4.601082205772400E-002,2.888140082359314E-002,-7.922136783599854E-001,-5.891618728637695E-001,
8.406000000000000E+008,-4.977586492896080E-002,3.248872607946396E-002,-8.089073300361633E-001,-5.740361213684082E-001,-4.977586492896080E-002,3.248872607946396E-002,-8.089073300361633E-001,-5.740361213684082E-001,
8.489666666666668E+008,-5.016687139868736E-002,3.941395506262779E-002,-8.269567489624023E-001,-5.471075773239136E-001,-5.016687139868736E-002,3.941395506262779E-002,-8.269567489624023E-001,-5.471075773239136E-001,
8.573333333333334E+008,-4.639045894145966E-002,4.697903245687485E-002,-8.348090648651123E-001,-5.288047790527344E-001,-4.639045894145966E-002,4.697903245687485E-002,-8.348090648651123E-001,-5.288047790527344E-001,
8.657000000000000E+008,-3.965561464428902E-002,5.557519569993019E-002,-8.483837246894836E-001,-5.016586780548096E-001,-3.965561464428902E-002,5.557519569993019E-002,-8.483837246894836E-001,-5.016586780548096E-001,
8.740666666666668E+008,-3.071520850062370E-002,6.048341840505600E-002,-8.454510569572449E-001,-4.820504486560822E-001,-3.071520850062370E-002,6.048341840505600E-002,-8.454510569572449E-001,-4.820504486560822E-001,
8.824333333333334E+008,-2.092131040990353E-002,5.964675545692444E-002,-8.789367079734802E-001,-4.507422149181366E-001,-2.092131040990353E-002,5.964675545692444E-002,-8.789367079734802E-001,-4.507422149181366E-001,
8.908000000000000E+008,-1.249721087515354E-002,5.955976992845535E-002,-8.897181749343872E-001,-4.490360617637634E-001,-1.249721087515354E-002,5.955976992845535E-002,-8.897181749343872E-001,-4.490360617637634E-001,
8.991666666666668E+008,-8.694843389093876E-003,5.314002931118012E-002,-9.014218449592590E-001,-4.202074706554413E-001,-8.694843389093876E-003,5.314002931118012E-002,-9.014218449592590E-001,-4.202074706554413E-001,
9.075333333333334E+008,-7.072253152728081E-003,4.855507984757423E-002,-8.956090211868286E-001,-3.922326564788818E-001,-7.072253152728081E-003,4.855507984757423E-002,-8.956090211868286E-001,-3.922326564788818E-001,
9.159000000000000E+008,-9.090147912502289E-003,4.331571981310844E-002,-9.110956192016602E-001,-3.816923201084137E-001,-9.090147912502289E-003,4.331571981310844E-002,-9.110956192016602E-001,-3.816923201084137E-001,
9.242666666666668E+008,-1.350545417517424E-002,3.847404941916466E-002,-9.220836162567139E-001,-3.565395772457123E-001,-1.350545417517424E-002,3.847404941916466E-002,-9.220836162567139E-001,-3.565395772457123E-001,
9.326333333333334E+008,-1.734454743564129E-002,4.017653316259384E-002,-9.295549392700195E-001,-3.219079971313477E-001,-1.734454743564129E-002,4.017653316259384E-002,-9.295549392700195E-001,-3.219079971313477E-001,
9.410000000000000E+008,-2.220966108143330E-002,4.567167907953262E-002,-9.334037303924561E-001,-2.957252860069275E-001,-2.220966108143330E-002,4.567167907953262E-002,-9.334037303924561E-001,-2.957252860069275E-001,
9.493666666666668E+008,-2.324378117918968E-002,5.183944478631020E-002,-9.429903626441956E-001,-2.865489125251770E-001,-2.324378117918968E-002,5.183944478631020E-002,-9.429903626441956E-001,-2.865489125251770E-001,
9.577333333333334E+008,-1.819039508700371E-002,5.992306023836136E-002,-9.691313505172730E-001,-2.439587563276291E-001,-1.819039508700371E-002,5.992306023836136E-002,-9.691313505172730E-001,-2.439587563276291E-001,
9.661000000000000E+008,-9.883356280624867E-003,6.617740541696549E-002,-9.551643133163452E-001,-2.261642366647720E-001,-9.883356280624867E-003,6.617740541696549E-002,-9.551643133163452E-001,-2.261642366647720E-001,
9.744666666666668E+008,2.643244260980282E-005,7.050847262144089E-002,-9.682709574699402E-001,-1.977514028549194E-001,2.643244260980282E-005,7.050847262144089E-002,-9.682709574699402E-001,-1.977514028549194E-001,
9.828333333333334E+008,1.407143939286470E-002,6.848763674497604E-002,-9.640034437179565E-001,-1.710793673992157E-001,1.407143939286470E-002,6.848763674497604E-002,-9.640034437179565E-001,-1.710793673992157E-001,
9.912000000000000E+008,2.474972233176231E-002,6.516614556312561E-002,-9.746035933494568E-001,-1.621774435043335E-001,2.474972233176231E-002,6.516614556312561E-002,-9.746035933494568E-001,-1.621774435043335E-001,
9.995666666666668E+008,3.005349077284336E-002,5.585415661334992E-002,-9.806952476501465E-001,-1.246304288506508E-001,3.005349077284336E-002,5.585415661334992E-002,-9.806952476501465E-001,-1.246304288506508E-001,
1.007933333333333E+009,3.110950440168381E-002,4.726421087980270E-002,-9.884424805641174E-001,-1.050826907157898E-001,3.110950440168381E-002,4.726421087980270E-002,-9.884424805641174E-001,-1.050826907157898E-001,
1.016300000000000E+009,2.567213401198387E-002,3.745555505156517E-002,-9.849251508712769E-001,-7.935165613889694E-002,2.567213401198387E-002,3.745555505156517E-002,-9.849251508712769E-001,-7.935165613889694E-002,
1.024666666666667E+009,1.794393919408321E-002,3.590593114495277E-002,-9.878978729248047E-001,-5.933611094951630E-002,1.794393919408321E-002,3.590593114495277E-002,-9.878978729248047E-001,-5.933611094951630E-002,
1.033033333333333E+009,1.065266318619251E-002,3.568417578935623E-002,-9.690431356430054E-001,-1.795473881065846E-002,1.065266318619251E-002,3.568417578935623E-002,-9.690431356430054E-001,-1.795473881065846E-002,
1.041400000000000E+009,6.297593936324120E-003,4.084475710988045E-002,-9.783939719200134E-001,1.545174978673458E-003,6.297593936324120E-003,4.084475710988045E-002,-9.783939719200134E-001,1.545174978673458E-003,
1.049766666666667E+009,5.765296053141356E-003,4.820686951279640E-002,-9.876987934112549E-001,2.364728786051273E-002,5.765296053141356E-003,4.820686951279640E-002,-9.876987934112549E-001,2.364728786051273E-002,
1.058133333333333E+009,1.348360534757376E-002,5.643395334482193E-002,-9.809439182281494E-001,4.896687716245651E-002,1.348360534757376E-002,5.643395334482193E-002,-9.809439182281494E-001,4.896687716245651E-002,
1.066500000000000E+009,2.606586739420891E-002,6.047171354293823E-002,-9.655420184135437E-001,7.798976451158524E-002,2.606586739420891E-002,6.047171354293823E-002,-9.655420184135437E-001,7.798976451158524E-002,
1.074866666666667E+009,3.866653144359589E-002,5.658488348126411E-002,-9.776468276977539E-001,1.092083007097244E-001,3.866653144359589E-002,5.658488348126411E-002,-9.776468276977539E-001,1.092083007097244E-001,
1.083233333333334E+009,5.173648521304131E-002,5.210948735475540E-002,-9.720827937126160E-001,1.221478432416916E-001,5.173648521304131E-002,5.210948735475540E-002,-9.720827937126160E-001,1.221478432416916E-001,
1.091600000000000E+009,5.752252042293549E-002,3.902563825249672E-002,-9.672226309776306E-001,1.592783331871033E-001,5.752252042293549E-002,3.902563825249672E-002,-9.672226309776306E-001,1.592783331871033E-001,
1.099966666666667E+009,5.978891253471375E-002,2.586007118225098E-002,-9.644347429275513E-001,1.769411414861679E-001,5.978891253471375E-002,2.586007118225098E-002,-9.644347429275513E-001,1.769411414861679E-001,
1.108333333333334E+009,5.219831690192223E-002,1.465177349746227E-002,-9.760991334915161E-001,1.959186196327210E-001,5.219831690192223E-002,1.465177349746227E-002,-9.760991334915161E-001,1.959186196327210E-001,
1.116700000000000E+009,4.032690078020096E-002,1.303517259657383E-002,-9.623015522956848E-001,2.308080196380615E-001,4.032690078020096E-002,1.303517259657383E-002,-9.623015522956848E-001,2.308080196380615E-001,
1.125066666666667E+009,2.789451554417610E-002,1.299879979342222E-002,-9.483543634414673E-001,2.508684992790222E-001,2.789451554417610E-002,1.299879979342222E-002,-9.483543634414673E-001,2.508684992790222E-001,
1.133433333333334E+009,1.656633242964745E-002,2.348233945667744E-002,-9.447898268699646E-001,2.703756690025330E-001,1.656633242964745E-002,2.348233945667744E-002,-9.447898268699646E-001,2.703756690025330E-001,
1.141800000000000E+009,1.653056964278221E-002,3.540494292974472E-002,-9.345090389251709E-001,2.951314151287079E-001,1.653056964278221E-002,3.540494292974472E-002,-9.345090389251709E-001,2.951314151287079E-001,
1.150166666666667E+009,2.235470525920391E-002,4.787361249327660E-002,-9.274260401725769E-001,3.280834257602692E-001,2.235470525920391E-002,4.787361249327660E-002,-9.274260401725769E-001,3.280834257602692E-001,
1.158533333333334E+009,3.946017473936081E-002,5.411867424845696E-002,-9.197320938110352E-001,3.503052890300751E-001,3.946017473936081E-002,5.411867424845696E-002,-9.197320938110352E-001,3.503052890300751E-001,
1.166900000000000E+009,5.820925906300545E-002,5.214609205722809E-002,-9.107987880706787E-001,3.781407475471497E-001,5.820925906300545E-002,5.214609205722809E-002,-9.107987880706787E-001,3.781407475471497E-001,
1.175266666666667E+009,7.473867386579514E-002,4.198733344674110E-002,-8.932594060897827E-001,3.939001560211182E-001,7.473867386579514E-002,4.198733344674110E-002,-8.932594060897827E-001,3.939001560211182E-001,
1.183633333333334E+009,8.791914582252502E-002,2.579952962696552E-002,-8.873528838157654E-001,4.204592406749725E-001,8.791914582252502E-002,2.579952962696552E-002,-8.873528838157654E-001,4.204592406749725E-001,
1.192000000000000E+009,8.956668525934219E-002,7.056171540170908E-003,-8.798145055770874E-001,4.461344480514526E-001,8.956668525934219E-002,7.056171540170908E-003,-8.798145055770874E-001,4.461344480514526E-001,
1.200366666666667E+009,8.097913861274719E-002,-1.136352773755789E-002,-8.676341772079468E-001,4.648648798465729E-001,8.097913861274719E-002,-1.136352773755789E-002,-8.676341772079468E-001,4.648648798465729E-001,
1.208733333333334E+009,6.318211555480957E-002,-2.176393009722233E-002,-8.629041314125061E-001,4.924206137657166E-001,6.318211555480957E-002,-2.176393009722233E-002,-8.629041314125061E-001,4.924206137657166E-001,
1.217100000000000E+009,4.493599385023117E-002,-2.075061388313770E-002,-8.323000669479370E-001,5.084978342056274E-001,4.493599385023117E-002,-2.075061388313770E-002,-8.323000669479370E-001,5.084978342056274E-001,
1.225466666666667E+009,3.210789337754250E-002,-1.126811560243368E-002,-8.356482386589050E-001,5.299442410469055E-001,3.210789337754250E-002,-1.126811560243368E-002,-8.356482386589050E-001,5.299442410469055E-001,
1.233833333333334E+009,2.874819189310074E-002,2.954653464257717E-003,-8.175226449966431E-001,5.533776879310608E-001,2.874819189310074E-002,2.954653464257717E-003,-8.175226449966431E-001,5.533776879310608E-001,
1.242200000000000E+009,3.327230364084244E-002,1.647717505693436E-002,-7.906097769737244E-001,5.716675519943237E-001,3.327230364084244E-002,1.647717505693436E-002,-7.906097769737244E-001,5.716675519943237E-001,
1.250566666666667E+009,4.681984335184097E-002,2.589462324976921E-002,-7.928989529609680E-001,6.030752658843994E-001,4.681984335184097E-002,2.589462324976921E-002,-7.928989529609680E-001,6.030752658843994E-001,
1.258933333333334E+009,6.681434810161591E-002,2.567466162145138E-002,-7.722763419151306E-001,6.127482056617737E-001,6.681434810161591E-002,2.567466162145138E-002,-7.722763419151306E-001,6.127482056617737E-001,
1.267300000000000E+009,8.435112982988358E-002,1.216566935181618E-002,-7.478182911872864E-001,6.301955580711365E-001,8.435112982988358E-002,1.216566935181618E-002,-7.478182911872864E-001,6.301955580711365E-001,
1.275666666666667E+009,9.471906721591950E-002,-6.320322398096323E-003,-7.434688210487366E-001,6.357440352439880E-001,9.471906721591950E-002,-6.320322398096323E-003,-7.434688210487366E-001,6.357440352439880E-001,
1.284033333333334E+009,9.639203548431397E-002,-3.000864014029503E-002,-7.152342796325684E-001,6.870225667953491E-001,9.639203548431397E-002,-3.000864014029503E-002,-7.152342796325684E-001,6.870225667953491E-001,
1.292400000000000E+009,8.368314057588577E-002,-4.955320805311203E-002,-7.095775008201599E-001,6.856057643890381E-001,8.368314057588577E-002,-4.955320805311203E-002,-7.095775008201599E-001,6.856057643890381E-001,
1.300766666666667E+009,6.515268236398697E-002,-5.895506590604782E-002,-6.910669803619385E-001,7.024195790290833E-001,6.515268236398697E-002,-5.895506590604782E-002,-6.910669803619385E-001,7.024195790290833E-001,
1.309133333333334E+009,4.448395594954491E-002,-5.766575410962105E-002,-6.776053905487061E-001,7.280055880546570E-001,4.448395594954491E-002,-5.766575410962105E-002,-6.776053905487061E-001,7.280055880546570E-001,
1.317500000000000E+009,2.839034982025623E-002,-4.696591198444367E-002,-6.488744616508484E-001,7.541854381561279E-001,2.839034982025623E-002,-4.696591198444367E-002,-6.488744616508484E-001,7.541854381561279E-001,
1.325866666666667E+009,2.173152193427086E-002,-3.145198151469231E-002,-6.293995976448059E-001,7.554608583450317E-001,2.173152193427086E-002,-3.145198151469231E-002,-6.293995976448059E-001,7.554608583450317E-001,
1.334233333333334E+009,2.670303173363209E-002,-1.346696261316538E-002,-6.095832586288452E-001,7.701524496078491E-001,2.670303173363209E-002,-1.346696261316538E-002,-6.095832586288452E-001,7.701524496078491E-001,
1.342600000000000E+009,4.153904691338539E-002,-7.590324617922306E-003,-5.960537791252136E-001,7.884403467178345E-001,4.153904691338539E-002,-7.590324617922306E-003,-5.960537791252136E-001,7.884403467178345E-001,
1.350966666666667E+009,5.844541266560555E-002,-9.596181102097035E-003,-5.662492513656616E-001,8.115571737289429E-001,5.844541266560555E-002,-9.596181102097035E-003,-5.662492513656616E-001,8.115571737289429E-001,
1.359333333333334E+009,7.246129959821701E-002,-2.287859842181206E-002,-5.472846627235413E-001,8.173480033874512E-001,7.246129959821701E-002,-2.287859842181206E-002,-5.472846627235413E-001,8.173480033874512E-001,
1.367700000000000E+009,7.883144170045853E-002,-4.463357105851173E-002,-5.295940041542053E-001,8.285815119743347E-001,7.883144170045853E-002,-4.463357105851173E-002,-5.295940041542053E-001,8.285815119743347E-001,
1.376066666666667E+009,7.171239703893662E-002,-6.898426264524460E-002,-5.041403174400330E-001,8.403493762016296E-001,7.171239703893662E-002,-6.898426264524460E-002,-5.041403174400330E-001,8.403493762016296E-001,
1.384433333333334E+009,5.563290789723396E-002,-8.406059443950653E-002,-4.958920180797577E-001,8.511685729026794E-001,5.563290789723396E-002,-8.406059443950653E-002,-4.958920180797577E-001,8.511685729026794E-001,
1.392800000000000E+009,3.097957186400890E-002,-8.867910504341126E-002,-4.721397757530212E-001,8.570210933685303E-001,3.097957186400890E-002,-8.867910504341126E-002,-4.721397757530212E-001,8.570210933685303E-001,
1.401166666666667E+009,1.211557164788246E-002,-8.209460228681564E-002,-4.420362114906311E-001,8.839144706726074E-001,1.211557164788246E-002,-8.209460228681564E-002,-4.420362114906311E-001,8.839144706726074E-001,
1.409533333333334E+009,-1.450869720429182E-003,-6.287969648838043E-002,-4.194751083850861E-001,8.950352072715759E-001,-1.450869720429182E-003,-6.287969648838043E-002,-4.194751083850861E-001,8.950352072715759E-001,
1.417900000000000E+009,-5.159457214176655E-003,-4.275586828589439E-002,-3.813605010509491E-001,8.899836540222168E-001,-5.159457214176655E-003,-4.275586828589439E-002,-3.813605010509491E-001,8.899836540222168E-001,
1.426266666666667E+009,2.665109932422638E-003,-2.371203526854515E-002,-3.782892227172852E-001,9.221860170364380E-001,2.665109932422638E-003,-2.371203526854515E-002,-3.782892227172852E-001,9.221860170364380E-001,
1.434633333333334E+009,1.950597949326038E-002,-1.615191809833050E-002,-3.487628400325775E-001,9.167602658271790E-001,1.950597949326038E-002,-1.615191809833050E-002,-3.487628400325775E-001,9.167602658271790E-001,
1.443000000000000E+009,4.038330540060997E-002,-1.854858174920082E-002,-3.191847801208496E-001,9.319055676460266E-001,4.038330540060997E-002,-1.854858174920082E-002,-3.191847801208496E-001,9.319055676460266E-001,
1.451366666666667E+009,5.455807223916054E-002,-3.497793897986412E-002,-2.993764579296112E-001,9.368272423744202E-001,5.455807223916054E-002,-3.497793897986412E-002,-2.993764579296112E-001,9.368272423744202E-001,
1.459733333333334E+009,5.815589800477028E-002,-5.677052587270737E-002,-2.836536467075348E-001,9.400818347930908E-001,5.815589800477028E-002,-5.677052587270737E-002,-2.836536467075348E-001,9.400818347930908E-001,
1.468100000000000E+009,5.014209821820259E-002,-7.896956056356430E-002,-2.475321739912033E-001,9.487140774726868E-001,5.014209821820259E-002,-7.896956056356430E-002,-2.475321739912033E-001,9.487140774726868E-001,
1.476466666666667E+009,3.243235126137734E-002,-9.359356015920639E-002,-2.287937402725220E-001,9.612922072410584E-001,3.243235126137734E-002,-9.359356015920639E-002,-2.287937402725220E-001,9.612922072410584E-001,
1.484833333333334E+009,8.825452998280525E-003,-9.734009206295013E-002,-1.974930465221405E-001,9.638108015060425E-001,8.825452998280525E-003,-9.734009206295013E-002,-1.974930465221405E-001,9.638108015060425E-001,
1.493200000000000E+009,-1.046797912567854E-002,-8.897693455219269E-002,-1.781692802906036E-001,9.643202424049377E-001,-1.046797912567854E-002,-8.897693455219269E-002,-1.781692802906036E-001,9.643202424049377E-001,
1.501566666666667E+009,-2.267012372612953E-002,-7.058416306972504E-002,-1.527641415596008E-001,9.688099622726440E-001,-2.267012372612953E-002,-7.058416306972504E-002,-1.527641415596008E-001,9.688099622726440E-001,
1.509933333333334E+009,-2.471877820789814E-002,-4.829951375722885E-002,-1.370975971221924E-001,9.748656153678894E-001,-2.471877820789814E-002,-4.829951375722885E-002,-1.370975971221924E-001,9.748656153678894E-001,
1.518300000000000E+009,-1.244082301855087E-002,-3.104207664728165E-002,-1.119842380285263E-001,9.837345480918884E-001,-1.244082301855087E-002,-3.104207664728165E-002,-1.119842380285263E-001,9.837345480918884E-001,
1.526666666666667E+009,5.651121493428946E-003,-2.301111817359924E-002,-7.668782025575638E-002,9.800928235054016E-001,5.651121493428946E-003,-2.301111817359924E-002,-7.668782025575638E-002,9.800928235054016E-001,
1.535033333333334E+009,2.453824877738953E-002,-2.605611830949783E-002,-5.273677036166191E-002,9.902668595314026E-001,2.453824877738953E-002,-2.605611830949783E-002,-5.273677036166191E-002,9.902668595314026E-001,
1.543400000000000E+009,3.639195114374161E-002,-4.155950248241425E-002,-3.170274198055267E-002,9.843673110008240E-001,3.639195114374161E-002,-4.155950248241425E-002,-3.170274198055267E-002,9.843673110008240E-001,
1.551766666666667E+009,3.684732690453529E-002,-6.340282410383225E-002,-7.479736115783453E-003,9.790114760398865E-001,3.684732690453529E-002,-6.340282410383225E-002,-7.479736115783453E-003,9.790114760398865E-001,
1.560133333333334E+009,2.834898047149181E-002,-8.370628952980042E-002,1.612608321011066E-002,9.826769232749939E-001,2.834898047149181E-002,-8.370628952980042E-002,1.612608321011066E-002,9.826769232749939E-001,
1.568500000000000E+009,1.060183346271515E-002,-9.709688276052475E-002,3.482532128691673E-002,9.867649674415588E-001,1.060183346271515E-002,-9.709688276052475E-002,3.482532128691673E-002,9.867649674415588E-001,
1.576866666666667E+009,-1.159484870731831E-002,-9.720827639102936E-002,7.540209591388702E-002,9.770705699920654E-001,-1.159484870731831E-002,-9.720827639102936E-002,7.540209591388702E-002,9.770705699920654E-001,
1.585233333333334E+009,-2.792009338736534E-002,-8.890187740325928E-002,8.896111696958542E-002,9.758901596069336E-001,-2.792009338736534E-002,-8.890187740325928E-002,8.896111696958542E-002,9.758901596069336E-001,
1.593600000000000E+009,-3.802873566746712E-002,-7.355885207653046E-002,1.159727498888969E-001,9.707431793212891E-001,-3.802873566746712E-002,-7.355885207653046E-002,1.159727498888969E-001,9.707431793212891E-001,
1.601966666666667E+009,-3.820505738258362E-002,-5.374147742986679E-002,1.368446201086044E-001,9.716635942459106E-001,-3.820505738258362E-002,-5.374147742986679E-002,1.368446201086044E-001,9.716635942459106E-001,
1.610333333333334E+009,-2.808965370059013E-002,-4.017119854688644E-002,1.665636748075485E-001,9.672501087188721E-001,-2.808965370059013E-002,-4.017119854688644E-002,1.665636748075485E-001,9.672501087188721E-001,
1.618700000000000E+009,-1.227403804659843E-002,-3.544121608138084E-002,1.933888643980026E-001,9.658633470535278E-001,-1.227403804659843E-002,-3.544121608138084E-002,1.933888643980026E-001,9.658633470535278E-001,
1.627066666666667E+009,1.651570433750749E-003,-3.996126726269722E-002,2.164364606142044E-001,9.569064378738403E-001,1.651570433750749E-003,-3.996126726269722E-002,2.164364606142044E-001,9.569064378738403E-001,
1.635433333333334E+009,8.968397974967957E-003,-5.115949735045433E-002,2.471827119588852E-001,9.585885405540466E-001,8.968397974967957E-003,-5.115949735045433E-002,2.471827119588852E-001,9.585885405540466E-001,
1.643800000000000E+009,7.821959443390369E-003,-6.902617216110230E-002,2.596488893032074E-001,9.467911124229431E-001,7.821959443390369E-003,-6.902617216110230E-002,2.596488893032074E-001,9.467911124229431E-001,
1.652166666666667E+009,-3.697995794937015E-003,-8.297980576753616E-002,2.969831228256226E-001,9.363067150115967E-001,-3.697995794937015E-003,-8.297980576753616E-002,2.969831228256226E-001,9.363067150115967E-001,
1.660533333333334E+009,-1.975152641534805E-002,-9.008113294839859E-002,3.128014802932739E-001,9.330416321754456E-001,-1.975152641534805E-002,-9.008113294839859E-002,3.128014802932739E-001,9.330416321754456E-001,
1.668900000000000E+009,-3.858458250761032E-002,-8.760788291692734E-002,3.325406908988953E-001,9.213076829910278E-001,-3.858458250761032E-002,-8.760788291692734E-002,3.325406908988953E-001,9.213076829910278E-001,
1.677266666666667E+009,-5.315094813704491E-002,-7.756703346967697E-002,3.705054819583893E-001,9.085966348648071E-001,-5.315094813704491E-002,-7.756703346967697E-002,3.705054819583893E-001,9.085966348648071E-001,
1.685633333333334E+009,-5.813491344451904E-002,-6.131760403513908E-002,3.856814205646515E-001,9.038079977035523E-001,-5.813491344451904E-002,-6.131760403513908E-002,3.856814205646515E-001,9.038079977035523E-001,
1.694000000000000E+009,-5.668885633349419E-002,-4.696084186434746E-002,4.013634622097015E-001,8.951084017753601E-001,-5.668885633349419E-002,-4.696084186434746E-002,4.013634622097015E-001,8.951084017753601E-001,
1.702366666666667E+009,-4.678442329168320E-002,-3.297025337815285E-002,4.266288578510284E-001,8.865163326263428E-001,-4.678442329168320E-002,-3.297025337815285E-002,4.266288578510284E-001,8.865163326263428E-001,
1.710733333333334E+009,-3.165601566433907E-002,-2.905783802270889E-002,4.457066953182221E-001,8.701816797256470E-001,-3.165601566433907E-002,-2.905783802270889E-002,4.457066953182221E-001,8.701816797256470E-001,
1.719100000000000E+009,-1.785465516149998E-002,-3.400264307856560E-002,4.761895239353180E-001,8.575046658515930E-001,-1.785465516149998E-002,-3.400264307856560E-002,4.761895239353180E-001,8.575046658515930E-001,
1.727466666666667E+009,-9.196909144520760E-003,-4.544012248516083E-002,4.938969016075134E-001,8.491677045822144E-001,-9.196909144520760E-003,-4.544012248516083E-002,4.938969016075134E-001,8.491677045822144E-001,
1.735833333333334E+009,-9.108319878578186E-003,-6.014997512102127E-002,5.116266012191773E-001,8.327807784080505E-001,-9.108319878578186E-003,-6.014997512102127E-002,5.116266012191773E-001,8.327807784080505E-001,
1.744200000000000E+009,-1.800014637410641E-002,-7.614456862211227E-002,5.410817265510559E-001,8.093748092651367E-001,-1.800014637410641E-002,-7.614456862211227E-002,5.410817265510559E-001,8.093748092651367E-001,
1.752566666666667E+009,-3.296874463558197E-002,-8.478024601936340E-002,5.703272223472595E-001,8.028204441070557E-001,-3.296874463558197E-002,-8.478024601936340E-002,5.703272223472595E-001,8.028204441070557E-001,
1.760933333333334E+009,-5.058464035391808E-002,-8.709906786680222E-002,5.778418779373169E-001,7.909086942672730E-001,-5.058464035391808E-002,-8.709906786680222E-002,5.778418779373169E-001,7.909086942672730E-001,
1.769300000000000E+009,-6.727173924446106E-002,-8.160723000764847E-002,6.009021997451782E-001,7.805967926979065E-001,-6.727173924446106E-002,-8.160723000764847E-002,6.009021997451782E-001,7.805967926979065E-001,
1.777666666666667E+009,-7.759415358304977E-002,-6.880450248718262E-002,6.143071651458740E-001,7.691913247108460E-001,-7.759415358304977E-002,-6.880450248718262E-002,6.143071651458740E-001,7.691913247108460E-001,
1.786033333333334E+009,-8.124527335166931E-002,-5.642838776111603E-002,6.284099221229553E-001,7.408604621887207E-001,-8.124527335166931E-002,-5.642838776111603E-002,6.284099221229553E-001,7.408604621887207E-001,
1.794400000000000E+009,-7.673902809619904E-002,-4.146835952997208E-002,6.524544954299927E-001,7.288795709609985E-001,-7.673902809619904E-002,-4.146835952997208E-002,6.524544954299927E-001,7.288795709609985E-001,
1.802766666666667E+009,-7.075600326061249E-002,-3.253116831183434E-002,6.697559356689453E-001,7.092629671096802E-001,-7.075600326061249E-002,-3.253116831183434E-002,6.697559356689453E-001,7.092629671096802E-001,
1.811133333333334E+009,-6.014415249228478E-002,-2.933625504374504E-002,6.960053443908691E-001,6.930551528930664E-001,-6.014415249228478E-002,-2.933625504374504E-002,6.960053443908691E-001,6.930551528930664E-001,
1.819500000000000E+009,-5.265580862760544E-002,-3.026872500777245E-002,7.097659111022949E-001,6.691127419471741E-001,-5.265580862760544E-002,-3.026872500777245E-002,7.097659111022949E-001,6.691127419471741E-001,
1.827866666666667E+009,-4.761330038309097E-002,-3.631267324090004E-002,7.320214509963989E-001,6.566333174705505E-001,-4.761330038309097E-002,-3.631267324090004E-002,7.320214509963989E-001,6.566333174705505E-001,
1.836233333333334E+009,-5.024734511971474E-002,-4.376531019806862E-002,7.464789748191834E-001,6.378902792930603E-001,-5.024734511971474E-002,-4.376531019806862E-002,7.464789748191834E-001,6.378902792930603E-001,
1.844600000000000E+009,-5.786077678203583E-002,-5.003241822123528E-002,7.602536082267761E-001,6.326771378517151E-001,-5.786077678203583E-002,-5.003241822123528E-002,7.602536082267761E-001,6.326771378517151E-001,
1.852966666666667E+009,-6.720846891403198E-002,-5.247291550040245E-002,7.706470489501953E-001,5.965788960456848E-001,-6.720846891403198E-002,-5.247291550040245E-002,7.706470489501953E-001,5.965788960456848E-001,
1.861333333333334E+009,-7.749469578266144E-002,-5.098610371351242E-002,7.928236722946167E-001,5.781578421592712E-001,-7.749469578266144E-002,-5.098610371351242E-002,7.928236722946167E-001,5.781578421592712E-001,
1.869700000000000E+009,-8.564253151416779E-002,-4.285230487585068E-002,8.054504990577698E-001,5.602480769157410E-001,-8.564253151416779E-002,-4.285230487585068E-002,8.054504990577698E-001,5.602480769157410E-001,
1.878066666666667E+009,-9.020778536796570E-002,-3.363771736621857E-002,8.190529346466065E-001,5.431309342384338E-001,-9.020778536796570E-002,-3.363771736621857E-002,8.190529346466065E-001,5.431309342384338E-001,
1.886433333333334E+009,-8.916610479354858E-002,-2.298953011631966E-002,8.374843001365662E-001,5.204191207885742E-001,-8.916610479354858E-002,-2.298953011631966E-002,8.374843001365662E-001,5.204191207885742E-001,
1.894800000000000E+009,-8.193230628967285E-002,-1.443735882639885E-002,8.498194813728333E-001,5.020891427993774E-001,-8.193230628967285E-002,-1.443735882639885E-002,8.498194813728333E-001,5.020891427993774E-001,
1.903166666666667E+009,-7.316531240940094E-002,-8.060048334300518E-003,8.585816621780396E-001,4.743328988552094E-001,-7.316531240940094E-002,-8.060048334300518E-003,8.585816621780396E-001,4.743328988552094E-001,
1.911533333333334E+009,-6.389485299587250E-002,-9.289924986660481E-003,8.708942532539368E-001,4.461105763912201E-001,-6.389485299587250E-002,-9.289924986660481E-003,8.708942532539368E-001,4.461105763912201E-001,
1.919900000000000E+009,-5.635402724146843E-002,-1.352178864181042E-002,8.890867829322815E-001,4.330184161663055E-001,-5.635402724146843E-002,-1.352178864181042E-002,8.890867829322815E-001,4.330184161663055E-001,
1.928266666666667E+009,-5.379115790128708E-002,-2.148164622485638E-002,8.864887356758118E-001,3.949310779571533E-001,-5.379115790128708E-002,-2.148164622485638E-002,8.864887356758118E-001,3.949310779571533E-001,
1.936633333333334E+009,-5.874269083142281E-002,-2.974049746990204E-002,9.070148468017578E-001,3.839135169982910E-001,-5.874269083142281E-002,-2.974049746990204E-002,9.070148468017578E-001,3.839135169982910E-001,
1.945000000000000E+009,-6.799080222845078E-002,-3.542150929570198E-002,9.185700416564941E-001,3.570283949375153E-001,-6.799080222845078E-002,-3.542150929570198E-002,9.185700416564941E-001,3.570283949375153E-001,
1.953366666666667E+009,-8.023908734321594E-002,-3.763458877801895E-002,9.195209145545960E-001,3.353644311428070E-001,-8.023908734321594E-002,-3.763458877801895E-002,9.195209145545960E-001,3.353644311428070E-001,
1.961733333333334E+009,-9.420298784971237E-002,-3.119082935154438E-002,9.323016405105591E-001,3.123524785041809E-001,-9.420298784971237E-002,-3.119082935154438E-002,9.323016405105591E-001,3.123524785041809E-001,
1.970100000000000E+009,-1.048508435487747E-001,-2.155470103025436E-002,9.325631856918335E-001,2.877233922481537E-001,-1.048508435487747E-001,-2.155470103025436E-002,9.325631856918335E-001,2.877233922481537E-001,
1.978466666666667E+009,-1.085298284888268E-001,-6.202436517924070E-003,9.413276314735413E-001,2.593107819557190E-001,-1.085298284888268E-001,-6.202436517924070E-003,9.413276314735413E-001,2.593107819557190E-001,
1.986833333333334E+009,-1.051264628767967E-001,6.997311487793922E-003,9.444007873535156E-001,2.426230162382126E-001,-1.051264628767967E-001,6.997311487793922E-003,9.444007873535156E-001,2.426230162382126E-001,
1.995200000000000E+009,-9.321196377277374E-002,1.741849631071091E-002,9.476332664489746E-001,2.268039435148239E-001,-9.321196377277374E-002,1.741849631071091E-002,9.476332664489746E-001,2.268039435148239E-001,
2.003566666666667E+009,-7.790931314229965E-002,2.232165262103081E-002,9.572680592536926E-001,1.933360695838928E-001,-7.790931314229965E-002,2.232165262103081E-002,9.572680592536926E-001,1.933360695838928E-001,
2.011933333333334E+009,-6.385618448257446E-002,1.824912615120411E-002,9.701348543167114E-001,1.685222238302231E-001,-6.385618448257446E-002,1.824912615120411E-002,9.701348543167114E-001,1.685222238302231E-001,
2.020300000000000E+009,-5.360690876841545E-002,9.560203179717064E-003,9.753499627113342E-001,1.356795430183411E-001,-5.360690876841545E-002,9.560203179717064E-003,9.753499627113342E-001,1.356795430183411E-001,
2.028666666666667E+009,-5.302959680557251E-002,-3.209759015589953E-003,9.787055850028992E-001,1.177751347422600E-001,-5.302959680557251E-002,-3.209759015589953E-003,9.787055850028992E-001,1.177751347422600E-001,
2.037033333333334E+009,-6.028487533330917E-002,-1.552913710474968E-002,9.837977886199951E-001,8.805163204669952E-002,-6.028487533330917E-002,-1.552913710474968E-002,9.837977886199951E-001,8.805163204669952E-002,
2.045400000000000E+009,-7.435621321201325E-002,-2.142607420682907E-002,9.789222478866577E-001,6.837617605924606E-002,-7.435621321201325E-002,-2.142607420682907E-002,9.789222478866577E-001,6.837617605924606E-002,
2.053766666666667E+009,-9.223219007253647E-002,-1.816382817924023E-002,9.784725308418274E-001,3.985291719436646E-002,-9.223219007253647E-002,-1.816382817924023E-002,9.784725308418274E-001,3.985291719436646E-002,
2.062133333333334E+009,-1.071520373225212E-001,-8.198894560337067E-003,9.814506769180298E-001,1.363673247396946E-002,-1.071520373225212E-001,-8.198894560337067E-003,9.814506769180298E-001,1.363673247396946E-002,
2.070500000000000E+009,-1.134266257286072E-001,1.014390122145414E-002,9.795744419097900E-001,-1.212431304156780E-002,-1.134266257286072E-001,1.014390122145414E-002,9.795744419097900E-001,-1.212431304156780E-002,
2.078866666666667E+009,-1.110259592533112E-001,2.832793630659580E-002,9.752756357192993E-001,-3.198281675577164E-002,-1.110259592533112E-001,2.832793630659580E-002,9.752756357192993E-001,-3.198281675577164E-002,
2.087233333333334E+009,-9.768646210432053E-002,3.942752256989479E-002,9.776009321212769E-001,-6.200276687741280E-002,-9.768646210432053E-002,3.942752256989479E-002,9.776009321212769E-001,-6.200276687741280E-002,
2.095600000000000E+009,-8.002230525016785E-002,4.653461650013924E-002,9.822900891304016E-001,-8.075646311044693E-002,-8.002230525016785E-002,4.653461650013924E-002,9.822900891304016E-001,-8.075646311044693E-002,
2.103966666666667E+009,-6.152112782001495E-002,4.081176221370697E-002,9.833922386169434E-001,-1.081772521138191E-001,-6.152112782001495E-002,4.081176221370697E-002,9.833922386169434E-001,-1.081772521138191E-001,
2.112333333333334E+009,-4.875522106885910E-002,2.698120288550854E-002,9.765862822532654E-001,-1.291847079992294E-001,-4.875522106885910E-002,2.698120288550854E-002,9.765862822532654E-001,-1.291847079992294E-001,
2.120700000000000E+009,-4.621162265539169E-002,6.484439596533775E-003,9.742311239242554E-001,-1.628640592098236E-001,-4.621162265539169E-002,6.484439596533775E-003,9.742311239242554E-001,-1.628640592098236E-001,
2.129066666666667E+009,-5.647727102041245E-002,-7.690885104238987E-003,9.786396622657776E-001,-1.936357319355011E-001,-5.647727102041245E-002,-7.690885104238987E-003,9.786396622657776E-001,-1.936357319355011E-001,
2.137433333333334E+009,-7.675958424806595E-002,-1.532666105777025E-002,9.609855413436890E-001,-2.154191583395004E-001,-7.675958424806595E-002,-1.532666105777025E-002,9.609855413436890E-001,-2.154191583395004E-001,
2.145800000000000E+009,-1.016558557748795E-001,-1.143830362707377E-002,9.570657014846802E-001,-2.418882995843887E-001,-1.016558557748795E-001,-1.143830362707377E-002,9.570657014846802E-001,-2.418882995843887E-001,
2.154166666666667E+009,-1.204167753458023E-001,4.447120707482100E-003,9.449640512466431E-001,-2.600037157535553E-001,-1.204167753458023E-001,4.447120707482100E-003,9.449640512466431E-001,-2.600037157535553E-001,
2.162533333333334E+009,-1.286501437425613E-001,2.960858866572380E-002,9.240288734436035E-001,-2.833648622035980E-001,-1.286501437425613E-001,2.960858866572380E-002,9.240288734436035E-001,-2.833648622035980E-001,
2.170900000000000E+009,-1.261236667633057E-001,5.414642393589020E-002,9.284259676933289E-001,-3.067968487739563E-001,-1.261236667633057E-001,5.414642393589020E-002,9.284259676933289E-001,-3.067968487739563E-001,
2.179266666666667E+009,-1.087188273668289E-001,7.190994918346405E-002,9.180023074150085E-001,-3.203637301921845E-001,-1.087188273668289E-001,7.190994918346405E-002,9.180023074150085E-001,-3.203637301921845E-001,
2.187633333333334E+009,-8.622605353593826E-002,7.944934070110321E-002,9.168974161148071E-001,-3.512766957283020E-001,-8.622605353593826E-002,7.944934070110321E-002,9.168974161148071E-001,-3.512766957283020E-001,
2.196000000000000E+009,-6.178893148899078E-002,7.247862964868546E-002,9.013941287994385E-001,-3.698854446411133E-001,-6.178893148899078E-002,7.247862964868546E-002,9.013941287994385E-001,-3.698854446411133E-001,
2.204366666666667E+009,-4.616452008485794E-002,5.398402363061905E-002,8.970471024513245E-001,-3.953044116497040E-001,-4.616452008485794E-002,5.398402363061905E-002,8.970471024513245E-001,-3.953044116497040E-001,
2.212733333333334E+009,-4.261080175638199E-002,3.022032417356968E-002,8.879208564758301E-001,-4.308075904846191E-001,-4.261080175638199E-002,3.022032417356968E-002,8.879208564758301E-001,-4.308075904846191E-001,
2.221100000000000E+009,-5.356674641370773E-002,1.138106640428305E-002,8.684809803962708E-001,-4.461934566497803E-001,-5.356674641370773E-002,1.138106640428305E-002,8.684809803962708E-001,-4.461934566497803E-001,
2.229466666666667E+009,-7.491555809974670E-002,1.214908668771386E-003,8.594135046005249E-001,-4.640989601612091E-001,-7.491555809974670E-002,1.214908668771386E-003,8.594135046005249E-001,-4.640989601612091E-001,
2.237833333333334E+009,-1.006529256701469E-001,9.339436888694763E-003,8.479076027870178E-001,-4.943745136260986E-001,-1.006529256701469E-001,9.339436888694763E-003,8.479076027870178E-001,-4.943745136260986E-001,
2.246200000000000E+009,-1.217003464698792E-001,2.875802107155323E-002,8.296858668327332E-001,-5.134543180465698E-001,-1.217003464698792E-001,2.875802107155323E-002,8.296858668327332E-001,-5.134543180465698E-001,
2.254566666666667E+009,-1.281511038541794E-001,5.780572816729546E-002,8.165926337242127E-001,-5.301492810249329E-001,-1.281511038541794E-001,5.780572816729546E-002,8.165926337242127E-001,-5.301492810249329E-001,
2.262933333333334E+009,-1.230244040489197E-001,8.476575464010239E-002,8.012308478355408E-001,-5.463477969169617E-001,-1.230244040489197E-001,8.476575464010239E-002,8.012308478355408E-001,-5.463477969169617E-001,
2.271300000000000E+009,-1.046594679355621E-001,1.065187081694603E-001,7.854631543159485E-001,-5.620079040527344E-001,-1.046594679355621E-001,1.065187081694603E-001,7.854631543159485E-001,-5.620079040527344E-001,
2.279666666666667E+009,-7.831468433141708E-002,1.107557415962219E-001,7.782331705093384E-001,-5.802493095397949E-001,-7.831468433141708E-002,1.107557415962219E-001,7.782331705093384E-001,-5.802493095397949E-001,
2.288033333333334E+009,-5.517071858048439E-002,1.018302738666534E-001,7.654362916946411E-001,-6.107658147811890E-001,-5.517071858048439E-002,1.018302738666534E-001,7.654362916946411E-001,-6.107658147811890E-001,
2.296400000000000E+009,-3.980730846524239E-002,8.018402755260468E-002,7.483730316162109E-001,-6.300340890884399E-001,-3.980730846524239E-002,8.018402755260468E-002,7.483730316162109E-001,-6.300340890884399E-001,
2.304766666666667E+009,-4.043645411729813E-002,5.544322729110718E-002,7.373098134994507E-001,-6.408217549324036E-001,-4.043645411729813E-002,5.544322729110718E-002,7.373098134994507E-001,-6.408217549324036E-001,
2.313133333333334E+009,-5.565239489078522E-002,3.868738934397697E-002,7.137917280197144E-001,-6.785567998886108E-001,-5.565239489078522E-002,3.868738934397697E-002,7.137917280197144E-001,-6.785567998886108E-001,
2.321500000000000E+009,-7.644905894994736E-002,3.387102857232094E-002,6.971176266670227E-001,-6.874682903289795E-001,-7.644905894994736E-002,3.387102857232094E-002,6.971176266670227E-001,-6.874682903289795E-001,
2.329866666666667E+009,-9.788727015256882E-002,4.650650545954704E-002,6.812048554420471E-001,-7.085230350494385E-001,-9.788727015256882E-002,4.650650545954704E-002,6.812048554420471E-001,-7.085230350494385E-001,
2.338233333333334E+009,-1.118081957101822E-001,7.049877196550369E-002,6.492834687232971E-001,-7.244254350662231E-001,-1.118081957101822E-001,7.049877196550369E-002,6.492834687232971E-001,-7.244254350662231E-001,
2.346600000000000E+009,-1.104788929224014E-001,1.030396446585655E-001,6.273289918899536E-001,-7.393674850463867E-001,-1.104788929224014E-001,1.030396446585655E-001,6.273289918899536E-001,-7.393674850463867E-001,
2.354966666666667E+009,-9.293273836374283E-002,1.282851845026016E-001,6.206596493721008E-001,-7.456706762313843E-001,-9.293273836374283E-002,1.282851845026016E-001,6.206596493721008E-001,-7.456706762313843E-001,
2.363333333333334E+009,-6.591422110795975E-002,1.401979029178619E-001,6.057733893394470E-001,-7.584715485572815E-001,-6.591422110795975E-002,1.401979029178619E-001,6.057733893394470E-001,-7.584715485572815E-001,
2.371700000000000E+009,-3.403888270258904E-002,1.354734003543854E-001,5.915040969848633E-001,-7.753764390945435E-001,-3.403888270258904E-002,1.354734003543854E-001,5.915040969848633E-001,-7.753764390945435E-001,
2.380066666666667E+009,-1.117868162691593E-002,1.136471554636955E-001,5.670129656791687E-001,-7.928045392036438E-001,-1.117868162691593E-002,1.136471554636955E-001,5.670129656791687E-001,-7.928045392036438E-001,
2.388433333333334E+009,-4.339040257036686E-003,8.276439458131790E-002,5.520216822624207E-001,-8.033325076103210E-001,-4.339040257036686E-003,8.276439458131790E-002,5.520216822624207E-001,-8.033325076103210E-001,
2.396800000000000E+009,-1.633764989674091E-002,5.013233423233032E-002,5.219724178314209E-001,-8.292409181594849E-001,-1.633764989674091E-002,5.013233423233032E-002,5.219724178314209E-001,-8.292409181594849E-001,
2.405166666666667E+009,-4.422512277960777E-002,2.921890653669834E-002,4.995130896568298E-001,-8.475109934806824E-001,-4.422512277960777E-002,2.921890653669834E-002,4.995130896568298E-001,-8.475109934806824E-001,
2.413533333333334E+009,-7.922670990228653E-002,2.822208963334560E-002,4.707103073596954E-001,-8.586114048957825E-001,-7.922670990228653E-002,2.822208963334560E-002,4.707103073596954E-001,-8.586114048957825E-001,
2.421900000000000E+009,-1.114596426486969E-001,4.841294139623642E-002,4.516440927982330E-001,-8.723921775817871E-001,-1.114596426486969E-001,4.841294139623642E-002,4.516440927982330E-001,-8.723921775817871E-001,
2.430266666666667E+009,-1.284531354904175E-001,8.419837057590485E-002,4.242591857910156E-001,-8.812412619590759E-001,-1.284531354904175E-001,8.419837057590485E-002,4.242591857910156E-001,-8.812412619590759E-001,
2.438633333333334E+009,-1.266259253025055E-001,1.281837224960327E-001,3.994829058647156E-001,-8.832433819770813E-001,-1.266259253025055E-001,1.281837224960327E-001,3.994829058647156E-001,-8.832433819770813E-001,
2.447000000000000E+009,-1.033437848091126E-001,1.655023396015167E-001,3.774754405021668E-001,-8.918719291687012E-001,-1.033437848091126E-001,1.655023396015167E-001,3.774754405021668E-001,-8.918719291687012E-001,
2.455366666666667E+009,-6.683561950922012E-002,1.856833994388580E-001,3.590707182884216E-001,-8.930310010910034E-001,-6.683561950922012E-002,1.856833994388580E-001,3.590707182884216E-001,-8.930310010910034E-001,
2.463733333333334E+009,-2.801043167710304E-002,1.881912946701050E-001,3.426429033279419E-001,-9.055937528610230E-001,-2.801043167710304E-002,1.881912946701050E-001,3.426429033279419E-001,-9.055937528610230E-001,
2.472100000000000E+009,4.152843263000250E-003,1.696131825447083E-001,3.220700323581696E-001,-9.133904576301575E-001,4.152843263000250E-003,1.696131825447083E-001,3.220700323581696E-001,-9.133904576301575E-001,
2.480466666666667E+009,1.972364448010922E-002,1.390335708856583E-001,2.951386570930481E-001,-9.199124574661255E-001,1.972364448010922E-002,1.390335708856583E-001,2.951386570930481E-001,-9.199124574661255E-001,
2.488833333333334E+009,1.503565069288015E-002,1.041959226131439E-001,2.795040905475617E-001,-9.328095912933350E-001,1.503565069288015E-002,1.041959226131439E-001,2.795040905475617E-001,-9.328095912933350E-001,
2.497200000000000E+009,-4.801566246896982E-003,8.117109537124634E-002,2.496411055326462E-001,-9.469283819198608E-001,-4.801566246896982E-003,8.117109537124634E-002,2.496411055326462E-001,-9.469283819198608E-001,
2.505566666666667E+009,-3.498884662985802E-002,7.492602616548538E-002,2.168461829423904E-001,-9.575752019882202E-001,-3.498884662985802E-002,7.492602616548538E-002,2.168461829423904E-001,-9.575752019882202E-001,
2.513933333333334E+009,-6.029186770319939E-002,8.994299173355103E-002,1.934402883052826E-001,-9.568385481834412E-001,-6.029186770319939E-002,8.994299173355103E-002,1.934402883052826E-001,-9.568385481834412E-001,
2.522300000000000E+009,-7.409325987100601E-002,1.181910037994385E-001,1.581162661314011E-001,-9.592996835708618E-001,-7.409325987100601E-002,1.181910037994385E-001,1.581162661314011E-001,-9.592996835708618E-001,
2.530666666666667E+009,-6.783650815486908E-002,1.523264348506928E-001,1.307988762855530E-001,-9.611946940422058E-001,-6.783650815486908E-002,1.523264348506928E-001,1.307988762855530E-001,-9.611946940422058E-001,
2.539033333333334E+009,-4.352293908596039E-002,1.808181405067444E-001,1.122146397829056E-001,-9.559052586555481E-001,-4.352293908596039E-002,1.808181405067444E-001,1.122146397829056E-001,-9.559052586555481E-001,
2.547400000000000E+009,-7.798359729349613E-003,1.949517279863358E-001,9.592201560735703E-002,-9.606406688690186E-001,-7.798359729349613E-003,1.949517279863358E-001,9.592201560735703E-002,-9.606406688690186E-001,
2.555766666666667E+009,3.026432916522026E-002,1.907949447631836E-001,7.585028558969498E-002,-9.650598168373108E-001,3.026432916522026E-002,1.907949447631836E-001,7.585028558969498E-002,-9.650598168373108E-001,
2.564133333333334E+009,5.651995539665222E-002,1.681075543165207E-001,5.300248786807060E-002,-9.607191681861877E-001,5.651995539665222E-002,1.681075543165207E-001,5.300248786807060E-002,-9.607191681861877E-001,
2.572500000000000E+009,6.695069372653961E-002,1.364611685276032E-001,2.999819070100784E-002,-9.663256406784058E-001,6.695069372653961E-002,1.364611685276032E-001,2.999819070100784E-002,-9.663256406784058E-001,
2.580866666666667E+009,5.736416950821877E-002,1.032393127679825E-001,5.680283065885305E-003,-9.745008349418640E-001,5.736416950821877E-002,1.032393127679825E-001,5.680283065885305E-003,-9.745008349418640E-001,
2.589233333333334E+009,3.022104874253273E-002,8.254782855510712E-002,-2.568169124424458E-002,-9.747144579887390E-001,3.022104874253273E-002,8.254782855510712E-002,-2.568169124424458E-002,-9.747144579887390E-001,
2.597600000000000E+009,-1.389920944347978E-003,7.870484888553619E-002,-5.813228711485863E-002,-9.786619544029236E-001,-1.389920944347978E-003,7.870484888553619E-002,-5.813228711485863E-002,-9.786619544029236E-001,
2.605966666666667E+009,-2.971689961850643E-002,9.670513868331909E-002,-7.778787612915039E-002,-9.789685606956482E-001,-2.971689961850643E-002,9.670513868331909E-002,-7.778787612915039E-002,-9.789685606956482E-001,
2.614333333333334E+009,-4.136411473155022E-002,1.261011958122253E-001,-1.104273945093155E-001,-9.678596854209900E-001,-4.136411473155022E-002,1.261011958122253E-001,-1.104273945093155E-001,-9.678596854209900E-001,
2.622700000000000E+009,-3.267644345760346E-002,1.601068973541260E-001,-1.344327777624130E-001,-9.553384780883789E-001,-3.267644345760346E-002,1.601068973541260E-001,-1.344327777624130E-001,-9.553384780883789E-001,
2.631066666666667E+009,-7.113937288522720E-003,1.880766004323959E-001,-1.562943607568741E-001,-9.572820067405701E-001,-7.113937288522720E-003,1.880766004323959E-001,-1.562943607568741E-001,-9.572820067405701E-001,
2.639433333333334E+009,3.045072965323925E-002,1.985428333282471E-001,-1.775630861520767E-001,-9.405629038810730E-001,3.045072965323925E-002,1.985428333282471E-001,-1.775630861520767E-001,-9.405629038810730E-001,
2.647800000000000E+009,7.059103995561600E-002,1.924031227827072E-001,-1.983547657728195E-001,-9.381416440010071E-001,7.059103995561600E-002,1.924031227827072E-001,-1.983547657728195E-001,-9.381416440010071E-001,
2.656166666666667E+009,9.793981909751892E-002,1.696931719779968E-001,-2.151756733655930E-001,-9.415393471717835E-001,9.793981909751892E-002,1.696931719779968E-001,-2.151756733655930E-001,-9.415393471717835E-001,
2.664533333333334E+009,1.090627238154411E-001,1.367894709110260E-001,-2.428035289049149E-001,-9.288986325263977E-001,1.090627238154411E-001,1.367894709110260E-001,-2.428035289049149E-001,-9.288986325263977E-001,
2.672900000000000E+009,1.005807593464851E-001,1.058804839849472E-001,-2.613825201988220E-001,-9.309718012809753E-001,1.005807593464851E-001,1.058804839849472E-001,-2.613825201988220E-001,-9.309718012809753E-001,
2.681266666666667E+009,7.648067176342011E-002,8.649006485939026E-002,-2.889439463615418E-001,-9.264850020408630E-001,7.648067176342011E-002,8.649006485939026E-002,-2.889439463615418E-001,-9.264850020408630E-001,
2.689633333333334E+009,4.441409558057785E-002,8.405099809169769E-002,-3.164317905902863E-001,-9.240037202835083E-001,4.441409558057785E-002,8.405099809169769E-002,-3.164317905902863E-001,-9.240037202835083E-001,
2.698000000000000E+009,1.923590712249279E-002,1.000276729464531E-001,-3.374809026718140E-001,-9.118379950523377E-001,1.923590712249279E-002,1.000276729464531E-001,-3.374809026718140E-001,-9.118379950523377E-001,
2.706366666666667E+009,9.412523359060288E-003,1.284283697605133E-001,-3.704604506492615E-001,-8.940531015396118E-001,9.412523359060288E-003,1.284283697605133E-001,-3.704604506492615E-001,-8.940531015396118E-001,
2.714733333333334E+009,1.789108477532864E-002,1.599555313587189E-001,-3.905024826526642E-001,-8.874617815017700E-001,1.789108477532864E-002,1.599555313587189E-001,-3.905024826526642E-001,-8.874617815017700E-001,
2.723100000000000E+009,4.628870636224747E-002,1.833222359418869E-001,-4.101858139038086E-001,-8.672422170639038E-001,4.628870636224747E-002,1.833222359418869E-001,-4.101858139038086E-001,-8.672422170639038E-001,
2.731466666666667E+009,8.482296019792557E-002,1.920228004455566E-001,-4.305249750614166E-001,-8.562165498733521E-001,8.482296019792557E-002,1.920228004455566E-001,-4.305249750614166E-001,-8.562165498733521E-001,
2.739833333333334E+009,1.232687607407570E-001,1.798265427350998E-001,-4.454613924026489E-001,-8.415217399597168E-001,1.232687607407570E-001,1.798265427350998E-001,-4.454613924026489E-001,-8.415217399597168E-001,
2.748200000000000E+009,1.521260738372803E-001,1.544866263866425E-001,-4.615854620933533E-001,-8.338892459869385E-001,1.521260738372803E-001,1.544866263866425E-001,-4.615854620933533E-001,-8.338892459869385E-001,
2.756566666666667E+009,1.638772636651993E-001,1.197780892252922E-001,-4.803322553634644E-001,-8.285787701606751E-001,1.638772636651993E-001,1.197780892252922E-001,-4.803322553634644E-001,-8.285787701606751E-001,
2.764933333333334E+009,1.569713205099106E-001,8.572592586278915E-002,-5.093315243721008E-001,-8.258486390113831E-001,1.569713205099106E-001,8.572592586278915E-002,-5.093315243721008E-001,-8.258486390113831E-001,
2.773300000000000E+009,1.340267807245255E-001,6.179963424801827E-002,-5.263462066650391E-001,-8.118453621864319E-001,1.340267807245255E-001,6.179963424801827E-002,-5.263462066650391E-001,-8.118453621864319E-001,
2.781666666666667E+009,1.026019379496574E-001,5.724362283945084E-002,-5.493223667144775E-001,-7.990596890449524E-001,1.026019379496574E-001,5.724362283945084E-002,-5.493223667144775E-001,-7.990596890449524E-001,
2.790033333333334E+009,7.444769144058228E-002,6.952081620693207E-002,-5.762834548950195E-001,-7.871603965759277E-001,7.444769144058228E-002,6.952081620693207E-002,-5.762834548950195E-001,-7.871603965759277E-001,
2.798400000000000E+009,6.025798246264458E-002,9.595050662755966E-002,-6.004766225814819E-001,-7.739560604095459E-001,6.025798246264458E-002,9.595050662755966E-002,-6.004766225814819E-001,-7.739560604095459E-001,
2.806766666666667E+009,6.755738705396652E-002,1.253865957260132E-001,-6.179180741310120E-001,-7.460184693336487E-001,6.755738705396652E-002,1.253865957260132E-001,-6.179180741310120E-001,-7.460184693336487E-001,
2.815133333333334E+009,8.983078598976135E-002,1.456548273563385E-001,-6.350240707397461E-001,-7.284125089645386E-001,8.983078598976135E-002,1.456548273563385E-001,-6.350240707397461E-001,-7.284125089645386E-001,
2.823500000000000E+009,1.273016929626465E-001,1.523782610893250E-001,-6.527668237686157E-001,-7.074599862098694E-001,1.273016929626465E-001,1.523782610893250E-001,-6.527668237686157E-001,-7.074599862098694E-001,
2.831866666666667E+009,1.630799323320389E-001,1.398713141679764E-001,-6.595146656036377E-001,-6.908087730407715E-001,1.630799323320389E-001,1.398713141679764E-001,-6.595146656036377E-001,-6.908087730407715E-001,
2.840233333333334E+009,1.911543011665344E-001,1.111877486109734E-001,-6.785730719566345E-001,-6.781695485115051E-001,1.911543011665344E-001,1.111877486109734E-001,-6.785730719566345E-001,-6.781695485115051E-001,
2.848600000000000E+009,2.019953429698944E-001,7.401977479457855E-002,-6.870886683464050E-001,-6.589325070381165E-001,2.019953429698944E-001,7.401977479457855E-002,-6.870886683464050E-001,-6.589325070381165E-001,
2.856966666666667E+009,1.947884112596512E-001,3.812729194760323E-002,-7.046046257019043E-001,-6.478574275970459E-001,1.947884112596512E-001,3.812729194760323E-002,-7.046046257019043E-001,-6.478574275970459E-001,
2.865333333333334E+009,1.699932068586350E-001,1.239796169102192E-002,-7.235032916069031E-001,-6.402508020401001E-001,1.699932068586350E-001,1.239796169102192E-002,-7.235032916069031E-001,-6.402508020401001E-001,
2.873700000000000E+009,1.356110870838165E-001,6.300131324678659E-003,-7.463678717613220E-001,-6.150255799293518E-001,1.356110870838165E-001,6.300131324678659E-003,-7.463678717613220E-001,-6.150255799293518E-001,
2.882066666666667E+009,1.053373739123344E-001,1.952506415545940E-002,-7.635602951049805E-001,-5.921434164047241E-001,1.053373739123344E-001,1.952506415545940E-002,-7.635602951049805E-001,-5.921434164047241E-001,
2.890433333333334E+009,8.840032666921616E-002,4.721156880259514E-002,-7.850040197372437E-001,-5.722570419311523E-001,8.840032666921616E-002,4.721156880259514E-002,-7.850040197372437E-001,-5.722570419311523E-001,
2.898800000000000E+009,9.216028451919556E-002,7.963875681161881E-002,-7.979043126106262E-001,-5.507445931434631E-001,9.216028451919556E-002,7.963875681161881E-002,-7.979043126106262E-001,-5.507445931434631E-001,
2.907166666666667E+009,1.146352961659432E-001,1.025630533695221E-001,-8.044431209564209E-001,-5.310351252555847E-001,1.146352961659432E-001,1.025630533695221E-001,-8.044431209564209E-001,-5.310351252555847E-001,
2.915533333333334E+009,1.527427732944489E-001,1.095640286803246E-001,-8.202101588249207E-001,-4.978672266006470E-001,1.527427732944489E-001,1.095640286803246E-001,-8.202101588249207E-001,-4.978672266006470E-001,
2.923900000000000E+009,1.875265985727310E-001,9.698377549648285E-002,-8.258894085884094E-001,-4.835011959075928E-001,1.875265985727310E-001,9.698377549648285E-002,-8.258894085884094E-001,-4.835011959075928E-001,
2.932266666666667E+009,2.163870185613632E-001,6.779436767101288E-002,-8.314877152442932E-001,-4.665987491607666E-001,2.163870185613632E-001,6.779436767101288E-002,-8.314877152442932E-001,-4.665987491607666E-001,
2.940633333333334E+009,2.264413833618164E-001,2.617630921304226E-002,-8.390468358993530E-001,-4.472191333770752E-001,2.264413833618164E-001,2.617630921304226E-002,-8.390468358993530E-001,-4.472191333770752E-001,
2.949000000000000E+009,2.169533967971802E-001,-1.524037774652243E-002,-8.542316555976868E-001,-4.256428182125092E-001,2.169533967971802E-001,-1.524037774652243E-002,-8.542316555976868E-001,-4.256428182125092E-001,
2.957366666666667E+009,1.907010078430176E-001,-4.406427219510078E-002,-8.666614294052124E-001,-4.138614237308502E-001,1.907010078430176E-001,-4.406427219510078E-002,-8.666614294052124E-001,-4.138614237308502E-001,
2.965733333333334E+009,1.531756222248077E-001,-5.329422280192375E-002,-8.840962052345276E-001,-3.921039998531342E-001,1.531756222248077E-001,-5.329422280192375E-002,-8.840962052345276E-001,-3.921039998531342E-001,
2.974100000000000E+009,1.200285255908966E-001,-4.269545152783394E-002,-8.999758362770081E-001,-3.626547157764435E-001,1.200285255908966E-001,-4.269545152783394E-002,-8.999758362770081E-001,-3.626547157764435E-001,
2.982466666666667E+009,9.900889545679092E-002,-1.315549667924643E-002,-9.134101867675781E-001,-3.368402719497681E-001,9.900889545679092E-002,-1.315549667924643E-002,-9.134101867675781E-001,-3.368402719497681E-001,
2.990833333333334E+009,1.005537882447243E-001,2.060897275805473E-002,-9.196411967277527E-001,-3.137874007225037E-001,1.005537882447243E-001,2.060897275805473E-002,-9.196411967277527E-001,-3.137874007225037E-001,
2.999200000000000E+009,1.230012178421021E-001,4.791725054383278E-002,-9.298364520072937E-001,-2.835749685764313E-001,1.230012178421021E-001,4.791725054383278E-002,-9.298364520072937E-001,-2.835749685764313E-001,
3.007566666666667E+009,1.589141637086868E-001,5.679924786090851E-002,-9.321672320365906E-001,-2.568691372871399E-001,1.589141637086868E-001,5.679924786090851E-002,-9.321672320365906E-001,-2.568691372871399E-001,
3.015933333333334E+009,1.973057687282562E-001,4.298266395926476E-002,-9.287070631980896E-001,-2.356472611427307E-001,1.973057687282562E-001,4.298266395926476E-002,-9.287070631980896E-001,-2.356472611427307E-001,
3.024300000000000E+009,2.248645424842835E-001,9.819538332521915E-003,-9.316999316215515E-001,-2.140824794769287E-001,2.248645424842835E-001,9.819538332521915E-003,-9.316999316215515E-001,-2.140824794769287E-001,
3.032666666666667E+009,2.342661619186401E-001,-3.560540080070496E-002,-9.328349828720093E-001,-1.942988038063049E-001,2.342661619186401E-001,-3.560540080070496E-002,-9.328349828720093E-001,-1.942988038063049E-001,
3.041033333333334E+009,2.193381935358048E-001,-7.844422012567520E-002,-9.353197216987610E-001,-1.775897145271301E-001,2.193381935358048E-001,-7.844422012567520E-002,-9.353197216987610E-001,-1.775897145271301E-001,
3.049400000000000E+009,1.861459463834763E-001,-1.094642877578735E-001,-9.409976005554199E-001,-1.496462225914002E-001,1.861459463834763E-001,-1.094642877578735E-001,-9.409976005554199E-001,-1.496462225914002E-001,
3.057766666666667E+009,1.440006792545319E-001,-1.199035346508026E-001,-9.546366930007935E-001,-1.428698897361755E-001,1.440006792545319E-001,-1.199035346508026E-001,-9.546366930007935E-001,-1.428698897361755E-001,
3.066133333333334E+009,1.030475571751595E-001,-1.053208932280541E-001,-9.586463570594788E-001,-1.113559529185295E-001,1.030475571751595E-001,-1.053208932280541E-001,-9.586463570594788E-001,-1.113559529185295E-001,
3.074500000000000E+009,7.923107594251633E-002,-7.266001403331757E-002,-9.689756035804749E-001,-8.200369775295258E-002,7.923107594251633E-002,-7.266001403331757E-002,-9.689756035804749E-001,-8.200369775295258E-002,
3.082866666666667E+009,7.908361405134201E-002,-3.194603696465492E-002,-9.750582575798035E-001,-5.547523871064186E-002,7.908361405134201E-002,-3.194603696465492E-002,-9.750582575798035E-001,-5.547523871064186E-002,
3.091233333333334E+009,1.052099242806435E-001,7.414337014779449E-004,-9.737666249275208E-001,-1.932112686336041E-002,1.052099242806435E-001,7.414337014779449E-004,-9.737666249275208E-001,-1.932112686336041E-002,
3.099600000000000E+009,1.474052965641022E-001,1.130170188844204E-002,-9.654816389083862E-001,8.187185972929001E-003,1.474052965641022E-001,1.130170188844204E-002,-9.654816389083862E-001,8.187185972929001E-003,
3.107966666666667E+009,1.915802359580994E-001,-6.321670021861792E-003,-9.617016911506653E-001,3.103289380669594E-002,1.915802359580994E-001,-6.321670021861792E-003,-9.617016911506653E-001,3.103289380669594E-002,
3.116333333333334E+009,2.237442582845688E-001,-4.521543905138969E-002,-9.521092176437378E-001,5.887307599186897E-002,2.237442582845688E-001,-4.521543905138969E-002,-9.521092176437378E-001,5.887307599186897E-002,
3.124700000000000E+009,2.297146022319794E-001,-9.744096547365189E-002,-9.487041831016541E-001,7.205400615930557E-002,2.297146022319794E-001,-9.744096547365189E-002,-9.487041831016541E-001,7.205400615930557E-002,
3.133066666666667E+009,2.138417065143585E-001,-1.466640681028366E-001,-9.462709426879883E-001,9.371073544025421E-002,2.138417065143585E-001,-1.466640681028366E-001,-9.462709426879883E-001,9.371073544025421E-002,
3.141433333333334E+009,1.731412559747696E-001,-1.839559376239777E-001,-9.456295967102051E-001,1.089996993541718E-001,1.731412559747696E-001,-1.839559376239777E-001,-9.456295967102051E-001,1.089996993541718E-001,
3.149800000000000E+009,1.196246370673180E-001,-1.963117718696594E-001,-9.511567950248718E-001,1.330392062664032E-001,1.196246370673180E-001,-1.963117718696594E-001,-9.511567950248718E-001,1.330392062664032E-001,
3.158166666666667E+009,6.995117664337158E-002,-1.806384027004242E-001,-9.482274651527405E-001,1.540860682725906E-001,6.995117664337158E-002,-1.806384027004242E-001,-9.482274651527405E-001,1.540860682725906E-001,
3.166533333333334E+009,3.759397193789482E-002,-1.437508612871170E-001,-9.533161520957947E-001,1.787851005792618E-001,3.759397193789482E-002,-1.437508612871170E-001,-9.533161520957947E-001,1.787851005792618E-001,
3.174900000000000E+009,2.906898409128189E-002,-9.647548198699951E-002,-9.514260292053223E-001,2.104767560958862E-001,2.906898409128189E-002,-9.647548198699951E-002,-9.514260292053223E-001,2.104767560958862E-001,
3.183266666666667E+009,5.192006751894951E-002,-5.404603108763695E-002,-9.432810544967651E-001,2.431086450815201E-001,5.192006751894951E-002,-5.404603108763695E-002,-9.432810544967651E-001,2.431086450815201E-001,
3.191633333333334E+009,9.539273381233215E-002,-3.799309581518173E-002,-9.295321106910706E-001,2.713524699211121E-001,9.539273381233215E-002,-3.799309581518173E-002,-9.295321106910706E-001,2.713524699211121E-001,
3.200000000000000E+009,1.401910185813904E-001,-5.127227306365967E-002,-9.186872243881226E-001,2.961218953132629E-001,1.401910185813904E-001,-5.127227306365967E-002,-9.186872243881226E-001,2.961218953132629E-001,
