% Version 1.00
%
%freq[Hz],re:Trc1_S11,im:Trc1_S11,re:Trc2_S21,im:Trc2_S21,re:Trc3_S11,im:Trc3_S11,re:Trc4_S21,im:Trc4_S21,
6.900000000000000E+008,-6.232466921210289E-002,4.264124855399132E-002,-5.104974508285523E-001,-8.412933945655823E-001,-6.232466921210289E-002,4.264124855399132E-002,-5.104974508285523E-001,-8.412933945655823E-001,
6.983666666666666E+008,-5.489078536629677E-002,4.327568039298058E-002,-5.272560119628906E-001,-8.235455155372620E-001,-5.489078536629677E-002,4.327568039298058E-002,-5.272560119628906E-001,-8.235455155372620E-001,
7.067333333333334E+008,-4.913223162293434E-002,4.068021476268768E-002,-5.563302636146545E-001,-7.971255183219910E-001,-4.913223162293434E-002,4.068021476268768E-002,-5.563302636146545E-001,-7.971255183219910E-001,
7.151000000000000E+008,-5.001964420080185E-002,3.242860361933708E-002,-5.648045539855957E-001,-7.891637682914734E-001,-5.001964420080185E-002,3.242860361933708E-002,-5.648045539855957E-001,-7.891637682914734E-001,
7.234666666666666E+008,-5.023157224059105E-002,2.754353731870651E-002,-6.037359833717346E-001,-7.764680385589600E-001,-5.023157224059105E-002,2.754353731870651E-002,-6.037359833717346E-001,-7.764680385589600E-001,
7.318333333333334E+008,-5.796790122985840E-002,2.490683272480965E-002,-6.097946166992188E-001,-7.709074616432190E-001,-5.796790122985840E-002,2.490683272480965E-002,-6.097946166992188E-001,-7.709074616432190E-001,
7.402000000000000E+008,-6.537278741598129E-002,2.739522233605385E-002,-6.393331289291382E-001,-7.468824386596680E-001,-6.537278741598129E-002,2.739522233605385E-002,-6.393331289291382E-001,-7.468824386596680E-001,
7.485666666666666E+008,-7.038841396570206E-002,3.328016400337219E-002,-6.601965427398682E-001,-7.093868255615234E-001,-7.038841396570206E-002,3.328016400337219E-002,-6.601965427398682E-001,-7.093868255615234E-001,
7.569333333333334E+008,-7.073342800140381E-002,4.290030151605606E-002,-6.756755709648132E-001,-7.105687856674194E-001,-7.073342800140381E-002,4.290030151605606E-002,-6.756755709648132E-001,-7.105687856674194E-001,
7.653000000000000E+008,-6.706891208887100E-002,5.224490165710449E-002,-6.827706694602966E-001,-7.034888863563538E-001,-6.706891208887100E-002,5.224490165710449E-002,-6.827706694602966E-001,-7.034888863563538E-001,
7.736666666666666E+008,-5.906106531620026E-002,6.143767386674881E-002,-7.078488469123840E-001,-6.950650811195374E-001,-5.906106531620026E-002,6.143767386674881E-002,-7.078488469123840E-001,-6.950650811195374E-001,
7.820333333333334E+008,-5.243070796132088E-002,6.561471521854401E-002,-7.307796478271484E-001,-6.717681884765625E-001,-5.243070796132088E-002,6.561471521854401E-002,-7.307796478271484E-001,-6.717681884765625E-001,
7.904000000000000E+008,-4.290126636624336E-002,6.426569074392319E-002,-7.452509999275208E-001,-6.485523581504822E-001,-4.290126636624336E-002,6.426569074392319E-002,-7.452509999275208E-001,-6.485523581504822E-001,
7.987666666666666E+008,-3.563218936324120E-002,6.031667441129684E-002,-7.575084567070007E-001,-6.279907226562500E-001,-3.563218936324120E-002,6.031667441129684E-002,-7.575084567070007E-001,-6.279907226562500E-001,
8.071333333333334E+008,-3.593332692980766E-002,5.622029304504395E-002,-7.709329128265381E-001,-6.148730516433716E-001,-3.593332692980766E-002,5.622029304504395E-002,-7.709329128265381E-001,-6.148730516433716E-001,
8.155000000000000E+008,-4.001193493604660E-002,4.935184121131897E-002,-7.803847193717957E-001,-5.689283609390259E-001,-4.001193493604660E-002,4.935184121131897E-002,-7.803847193717957E-001,-5.689283609390259E-001,
8.238666666666666E+008,-4.495181143283844E-002,4.723973944783211E-002,-8.121314644813538E-001,-5.725948810577393E-001,-4.495181143283844E-002,4.723973944783211E-002,-8.121314644813538E-001,-5.725948810577393E-001,
8.322333333333334E+008,-5.325223132967949E-002,4.975093156099320E-002,-8.232142925262451E-001,-5.439543128013611E-001,-5.325223132967949E-002,4.975093156099320E-002,-8.232142925262451E-001,-5.439543128013611E-001,
8.406000000000000E+008,-5.768933147192001E-002,5.392961204051971E-002,-8.349170684814453E-001,-5.289692878723145E-001,-5.768933147192001E-002,5.392961204051971E-002,-8.349170684814453E-001,-5.289692878723145E-001,
8.489666666666668E+008,-5.791078507900238E-002,6.246007606387138E-002,-8.547539710998535E-001,-5.022009015083313E-001,-5.791078507900238E-002,6.246007606387138E-002,-8.547539710998535E-001,-5.022009015083313E-001,
8.573333333333334E+008,-5.409594252705574E-002,7.036787271499634E-002,-8.593925833702087E-001,-4.844875931739807E-001,-5.409594252705574E-002,7.036787271499634E-002,-8.593925833702087E-001,-4.844875931739807E-001,
8.657000000000000E+008,-4.675504192709923E-002,7.948812097311020E-002,-8.750090599060059E-001,-4.562739133834839E-001,-4.675504192709923E-002,7.948812097311020E-002,-8.750090599060059E-001,-4.562739133834839E-001,
8.740666666666668E+008,-3.783574700355530E-002,8.480685949325562E-002,-8.690689802169800E-001,-4.374954402446747E-001,-3.783574700355530E-002,8.480685949325562E-002,-8.690689802169800E-001,-4.374954402446747E-001,
8.824333333333334E+008,-2.831929735839367E-002,8.390442281961441E-002,-8.998370766639710E-001,-4.050571322441101E-001,-2.831929735839367E-002,8.390442281961441E-002,-8.998370766639710E-001,-4.050571322441101E-001,
8.908000000000000E+008,-2.069955877959728E-002,8.422970026731491E-002,-9.110388755798340E-001,-4.017369747161865E-001,-2.069955877959728E-002,8.422970026731491E-002,-9.110388755798340E-001,-4.017369747161865E-001,
8.991666666666668E+008,-1.809952780604363E-002,7.752721756696701E-002,-9.218591451644898E-001,-3.717860579490662E-001,-1.809952780604363E-002,7.752721756696701E-002,-9.218591451644898E-001,-3.717860579490662E-001,
9.075333333333334E+008,-1.817298680543900E-002,7.342775911092758E-002,-9.137808084487915E-001,-3.467665612697601E-001,-1.817298680543900E-002,7.342775911092758E-002,-9.137808084487915E-001,-3.467665612697601E-001,
9.159000000000000E+008,-2.081746608018875E-002,6.942503154277802E-002,-9.286946654319763E-001,-3.355351090431213E-001,-2.081746608018875E-002,6.942503154277802E-002,-9.286946654319763E-001,-3.355351090431213E-001,
9.242666666666668E+008,-2.582029066979885E-002,6.564502418041229E-002,-9.386901259422302E-001,-3.095954954624176E-001,-2.582029066979885E-002,6.564502418041229E-002,-9.386901259422302E-001,-3.095954954624176E-001,
9.326333333333334E+008,-3.012535721063614E-002,6.840798258781433E-002,-9.426976442337036E-001,-2.751685082912445E-001,-3.012535721063614E-002,6.840798258781433E-002,-9.426976442337036E-001,-2.751685082912445E-001,
9.410000000000000E+008,-3.487967327237129E-002,7.520223408937454E-002,-9.481364488601685E-001,-2.470448762178421E-001,-3.487967327237129E-002,7.520223408937454E-002,-9.481364488601685E-001,-2.470448762178421E-001,
9.493666666666668E+008,-3.508819639682770E-002,8.304966241121292E-002,-9.533186554908752E-001,-2.375441640615463E-001,-3.508819639682770E-002,8.304966241121292E-002,-9.533186554908752E-001,-2.375441640615463E-001,
9.577333333333334E+008,-2.942141145467758E-002,9.105108678340912E-002,-9.774968028068543E-001,-1.951350122690201E-001,-2.942141145467758E-002,9.105108678340912E-002,-9.774968028068543E-001,-1.951350122690201E-001,
9.661000000000000E+008,-2.026420086622238E-002,9.832768142223358E-002,-9.626045823097229E-001,-1.813897341489792E-001,-2.026420086622238E-002,9.832768142223358E-002,-9.626045823097229E-001,-1.813897341489792E-001,
9.744666666666668E+008,-1.017996668815613E-002,1.029071137309074E-001,-9.724081158638001E-001,-1.489046365022659E-001,-1.017996668815613E-002,1.029071137309074E-001,-9.724081158638001E-001,-1.489046365022659E-001,
9.828333333333334E+008,3.854033304378390E-003,1.010292023420334E-001,-9.684650301933289E-001,-1.235786601901054E-001,3.854033304378390E-003,1.010292023420334E-001,-9.684650301933289E-001,-1.235786601901054E-001,
9.912000000000000E+008,1.355767250061035E-002,9.793292731046677E-002,-9.791232347488403E-001,-1.138661205768585E-001,1.355767250061035E-002,9.793292731046677E-002,-9.791232347488403E-001,-1.138661205768585E-001,
9.995666666666668E+008,1.818577200174332E-002,8.895463496446610E-002,-9.824739694595337E-001,-7.715286314487457E-002,1.818577200174332E-002,8.895463496446610E-002,-9.824739694595337E-001,-7.715286314487457E-002,
1.007933333333333E+009,1.802529022097588E-002,8.132646977901459E-002,-9.855629205703735E-001,-5.748616158962250E-002,1.802529022097588E-002,8.132646977901459E-002,-9.855629205703735E-001,-5.748616158962250E-002,
1.016300000000000E+009,1.232694275677204E-002,7.335258275270462E-002,-9.842195510864258E-001,-3.047613240778446E-002,1.232694275677204E-002,7.335258275270462E-002,-9.842195510864258E-001,-3.047613240778446E-002,
1.024666666666667E+009,4.329236689954996E-003,7.313291728496552E-002,-9.853620529174805E-001,-9.351316839456558E-003,4.329236689954996E-003,7.313291728496552E-002,-9.853620529174805E-001,-9.351316839456558E-003,
1.033033333333333E+009,-2.396730938926339E-003,7.493435591459274E-002,-9.624759554862976E-001,2.934872545301914E-002,-2.396730938926339E-003,7.493435591459274E-002,-9.624759554862976E-001,2.934872545301914E-002,
1.041400000000000E+009,-5.729190539568663E-003,8.171419054269791E-002,-9.691773056983948E-001,5.033367872238159E-002,-5.729190539568663E-003,8.171419054269791E-002,-9.691773056983948E-001,5.033367872238159E-002,
1.049766666666667E+009,-5.683139897882938E-003,9.043052792549133E-002,-9.771108031272888E-001,7.219655811786652E-002,-5.683139897882938E-003,9.043052792549133E-002,-9.771108031272888E-001,7.219655811786652E-002,
1.058133333333333E+009,3.622473916038871E-003,9.916530549526215E-002,-9.718694686889648E-001,9.719694405794144E-002,3.622473916038871E-003,9.916530549526215E-002,-9.718694686889648E-001,9.719694405794144E-002,
1.066500000000000E+009,1.709161326289177E-002,1.035407632589340E-001,-9.552488923072815E-001,1.242935284972191E-001,1.709161326289177E-002,1.035407632589340E-001,-9.552488923072815E-001,1.242935284972191E-001,
1.074866666666667E+009,3.002424724400044E-002,1.000612303614616E-001,-9.648243784904480E-001,1.535018235445023E-001,3.002424724400044E-002,1.000612303614616E-001,-9.648243784904480E-001,1.535018235445023E-001,
1.083233333333334E+009,4.314483702182770E-002,9.567774087190628E-002,-9.605283737182617E-001,1.695272773504257E-001,4.314483702182770E-002,9.567774087190628E-002,-9.605283737182617E-001,1.695272773504257E-001,
1.091600000000000E+009,4.780729860067368E-002,8.356305211782455E-002,-9.532794356346130E-001,2.035771012306213E-001,4.780729860067368E-002,8.356305211782455E-002,-9.532794356346130E-001,2.035771012306213E-001,
1.099966666666667E+009,4.958127066493034E-002,7.145521044731140E-002,-9.487309455871582E-001,2.201293408870697E-001,4.958127066493034E-002,7.145521044731140E-002,-9.487309455871582E-001,2.201293408870697E-001,
1.108333333333334E+009,4.148844256997109E-002,6.220576167106628E-002,-9.600697159767151E-001,2.429980039596558E-001,4.148844256997109E-002,6.220576167106628E-002,-9.600697159767151E-001,2.429980039596558E-001,
1.116700000000000E+009,3.021110221743584E-002,6.353146582841873E-002,-9.452905654907227E-001,2.753030061721802E-001,3.021110221743584E-002,6.353146582841873E-002,-9.452905654907227E-001,2.753030061721802E-001,
1.125066666666667E+009,1.878908649086952E-002,6.538572162389755E-002,-9.288563132286072E-001,2.965725958347321E-001,1.878908649086952E-002,6.538572162389755E-002,-9.288563132286072E-001,2.965725958347321E-001,
1.133433333333334E+009,9.430243633687496E-003,7.761608809232712E-002,-9.235356450080872E-001,3.147442638874054E-001,9.430243633687496E-003,7.761608809232712E-002,-9.235356450080872E-001,3.147442638874054E-001,
1.141800000000000E+009,1.167437247931957E-002,9.057940542697907E-002,-9.109364151954651E-001,3.395535051822662E-001,1.167437247931957E-002,9.057940542697907E-002,-9.109364151954651E-001,3.395535051822662E-001,
1.150166666666667E+009,1.930222846567631E-002,1.023353114724159E-001,-9.048624038696289E-001,3.696014881134033E-001,1.930222846567631E-002,1.023353114724159E-001,-9.048624038696289E-001,3.696014881134033E-001,
1.158533333333334E+009,3.812771663069725E-002,1.092380806803703E-001,-8.939720392227173E-001,3.911523818969727E-001,3.812771663069725E-002,1.092380806803703E-001,-8.939720392227173E-001,3.911523818969727E-001,
1.166900000000000E+009,5.859342589974403E-002,1.072316989302635E-001,-8.847477436065674E-001,4.169564247131348E-001,5.859342589974403E-002,1.072316989302635E-001,-8.847477436065674E-001,4.169564247131348E-001,
1.175266666666667E+009,7.456710189580917E-002,9.652480483055115E-002,-8.661116957664490E-001,4.294959306716919E-001,7.456710189580917E-002,9.652480483055115E-002,-8.661116957664490E-001,4.294959306716919E-001,
1.183633333333334E+009,8.757508546113968E-002,8.127047866582871E-002,-8.615229129791260E-001,4.567406773567200E-001,8.757508546113968E-002,8.127047866582871E-002,-8.615229129791260E-001,4.567406773567200E-001,
1.192000000000000E+009,8.883009850978851E-002,6.401097774505615E-002,-8.543096780776978E-001,4.828933179378510E-001,8.883009850978851E-002,6.401097774505615E-002,-8.543096780776978E-001,4.828933179378510E-001,
1.200366666666667E+009,7.950011640787125E-002,4.709371924400330E-002,-8.405747413635254E-001,5.012581348419190E-001,7.950011640787125E-002,4.709371924400330E-002,-8.405747413635254E-001,5.012581348419190E-001,
1.208733333333334E+009,6.281603127717972E-002,3.949535265564919E-002,-8.345541954040527E-001,5.307371616363525E-001,6.281603127717972E-002,3.949535265564919E-002,-8.345541954040527E-001,5.307371616363525E-001,
1.217100000000000E+009,4.536807164549828E-002,4.220588505268097E-002,-8.021203875541687E-001,5.439371466636658E-001,4.536807164549828E-002,4.220588505268097E-002,-8.021203875541687E-001,5.439371466636658E-001,
1.225466666666667E+009,3.499389812350273E-002,5.452198535203934E-002,-8.038401007652283E-001,5.689520835876465E-001,3.499389812350273E-002,5.452198535203934E-002,-8.038401007652283E-001,5.689520835876465E-001,
1.233833333333334E+009,3.467599675059319E-002,6.957238912582398E-002,-7.827667593955994E-001,5.889951586723328E-001,3.467599675059319E-002,6.957238912582398E-002,-7.827667593955994E-001,5.889951586723328E-001,
1.242200000000000E+009,4.171752929687500E-002,8.346451073884964E-002,-7.544029951095581E-001,6.045566201210022E-001,4.171752929687500E-002,8.346451073884964E-002,-7.544029951095581E-001,6.045566201210022E-001,
1.250566666666667E+009,5.800626426935196E-002,9.214622527360916E-002,-7.576134800910950E-001,6.316686868667603E-001,5.800626426935196E-002,9.214622527360916E-002,-7.576134800910950E-001,6.316686868667603E-001,
1.258933333333334E+009,7.923959195613861E-002,9.145221859216690E-002,-7.359462380409241E-001,6.412226557731628E-001,7.923959195613861E-002,9.145221859216690E-002,-7.359462380409241E-001,6.412226557731628E-001,
1.267300000000000E+009,9.728299081325531E-002,7.758905738592148E-002,-7.128302454948425E-001,6.583769321441650E-001,9.728299081325531E-002,7.758905738592148E-002,-7.128302454948425E-001,6.583769321441650E-001,
1.275666666666667E+009,1.084694564342499E-001,5.989494547247887E-002,-7.095752358436585E-001,6.633855700492859E-001,1.084694564342499E-001,5.989494547247887E-002,-7.095752358436585E-001,6.633855700492859E-001,
1.284033333333334E+009,1.096867099404335E-001,3.725471720099449E-002,-6.774517893791199E-001,7.137133479118347E-001,1.096867099404335E-001,3.725471720099449E-002,-6.774517893791199E-001,7.137133479118347E-001,
1.292400000000000E+009,9.776181727647781E-002,1.976157724857330E-002,-6.741424202919006E-001,7.133041620254517E-001,9.776181727647781E-002,1.976157724857330E-002,-6.741424202919006E-001,7.133041620254517E-001,
1.300766666666667E+009,8.013524115085602E-002,1.269242726266384E-002,-6.556400656700134E-001,7.304768562316895E-001,8.013524115085602E-002,1.269242726266384E-002,-6.556400656700134E-001,7.304768562316895E-001,
1.309133333333334E+009,6.163088604807854E-002,1.603751443326473E-002,-6.393049359321594E-001,7.585305571556091E-001,6.163088604807854E-002,1.603751443326473E-002,-6.393049359321594E-001,7.585305571556091E-001,
1.317500000000000E+009,4.851483553647995E-002,2.895559184253216E-002,-6.079446077346802E-001,7.821349501609802E-001,4.851483553647995E-002,2.895559184253216E-002,-6.079446077346802E-001,7.821349501609802E-001,
1.325866666666667E+009,4.538958892226219E-002,4.515078663825989E-002,-5.887791514396668E-001,7.814936041831970E-001,4.538958892226219E-002,4.515078663825989E-002,-5.887791514396668E-001,7.814936041831970E-001,
1.334233333333334E+009,5.368940532207489E-002,6.302745640277863E-002,-5.663427114486694E-001,7.929465174674988E-001,5.368940532207489E-002,6.302745640277863E-002,-5.663427114486694E-001,7.929465174674988E-001,
1.342600000000000E+009,7.158416509628296E-002,6.742347031831741E-002,-5.530935525894165E-001,8.103572130203247E-001,7.158416509628296E-002,6.742347031831741E-002,-5.530935525894165E-001,8.103572130203247E-001,
1.350966666666667E+009,8.986882120370865E-002,6.449284404516220E-002,-5.229111313819885E-001,8.285704851150513E-001,8.986882120370865E-002,6.449284404516220E-002,-5.229111313819885E-001,8.285704851150513E-001,
1.359333333333334E+009,1.060561016201973E-001,5.074917152523994E-002,-5.056495070457459E-001,8.344222903251648E-001,1.060561016201973E-001,5.074917152523994E-002,-5.056495070457459E-001,8.344222903251648E-001,
1.367700000000000E+009,1.125134453177452E-001,2.845517173409462E-002,-4.882526397705078E-001,8.454185724258423E-001,1.125134453177452E-001,2.845517173409462E-002,-4.882526397705078E-001,8.454185724258423E-001,
1.376066666666667E+009,1.064677238464356E-001,5.019136704504490E-003,-4.624978005886078E-001,8.568420410156250E-001,1.064677238464356E-001,5.019136704504490E-003,-4.624978005886078E-001,8.568420410156250E-001,
1.384433333333334E+009,9.135936945676804E-002,-8.177410811185837E-003,-4.538543224334717E-001,8.683684468269348E-001,9.135936945676804E-002,-8.177410811185837E-003,-4.538543224334717E-001,8.683684468269348E-001,
1.392800000000000E+009,6.868676841259003E-002,-1.099143084138632E-002,-4.294494986534119E-001,8.752972483634949E-001,6.868676841259003E-002,-1.099143084138632E-002,-4.294494986534119E-001,8.752972483634949E-001,
1.401166666666667E+009,5.274638161063194E-002,-1.871753018349409E-003,-3.962685763835907E-001,9.023299813270569E-001,5.274638161063194E-002,-1.871753018349409E-003,-3.962685763835907E-001,9.023299813270569E-001,
1.409533333333334E+009,4.206434637308121E-002,1.815451495349407E-002,-3.719786405563355E-001,9.109205603599548E-001,4.206434637308121E-002,1.815451495349407E-002,-3.719786405563355E-001,9.109205603599548E-001,
1.417900000000000E+009,4.297047480940819E-002,3.943898528814316E-002,-3.322500884532929E-001,9.040057659149170E-001,4.297047480940819E-002,3.943898528814316E-002,-3.322500884532929E-001,9.040057659149170E-001,
1.426266666666667E+009,5.581810325384140E-002,5.699023976922035E-002,-3.260430395603180E-001,9.314466714859009E-001,5.581810325384140E-002,5.699023976922035E-002,-3.260430395603180E-001,9.314466714859009E-001,
1.434633333333334E+009,7.564727216959000E-002,6.228725239634514E-002,-2.968103289604187E-001,9.232667088508606E-001,7.564727216959000E-002,6.228725239634514E-002,-2.968103289604187E-001,9.232667088508606E-001,
1.443000000000000E+009,9.850367158651352E-002,5.768945440649986E-002,-2.706327438354492E-001,9.343932867050171E-001,9.850367158651352E-002,5.768945440649986E-002,-2.706327438354492E-001,9.343932867050171E-001,
1.451366666666667E+009,1.134072169661522E-001,3.978241607546806E-002,-2.527658641338348E-001,9.390208125114441E-001,1.134072169661522E-001,3.978241607546806E-002,-2.527658641338348E-001,9.390208125114441E-001,
1.459733333333334E+009,1.192772462964058E-001,1.762139238417149E-002,-2.389577031135559E-001,9.423501491546631E-001,1.192772462964058E-001,1.762139238417149E-002,-2.389577031135559E-001,9.423501491546631E-001,
1.468100000000000E+009,1.129310205578804E-001,-4.365179687738419E-003,-2.029010802507401E-001,9.493818879127502E-001,1.129310205578804E-001,-4.365179687738419E-003,-2.029010802507401E-001,9.493818879127502E-001,
1.476466666666667E+009,9.657765179872513E-002,-1.888012327253819E-002,-1.834045201539993E-001,9.648832082748413E-001,9.657765179872513E-002,-1.888012327253819E-002,-1.834045201539993E-001,9.648832082748413E-001,
1.484833333333334E+009,7.507813721895218E-002,-2.168021537363529E-002,-1.498536467552185E-001,9.668902158737183E-001,7.507813721895218E-002,-2.168021537363529E-002,-1.498536467552185E-001,9.668902158737183E-001,
1.493200000000000E+009,5.971181765198708E-002,-1.181269437074661E-002,-1.323781609535217E-001,9.680263996124268E-001,5.971181765198708E-002,-1.181269437074661E-002,-1.323781609535217E-001,9.680263996124268E-001,
1.501566666666667E+009,5.162681266665459E-002,7.168337702751160E-003,-1.013953164219856E-001,9.702158570289612E-001,5.162681266665459E-002,7.168337702751160E-003,-1.013953164219856E-001,9.702158570289612E-001,
1.509933333333334E+009,5.389269813895226E-002,2.864133752882481E-002,-8.491359651088715E-002,9.745703935623169E-001,5.389269813895226E-002,2.864133752882481E-002,-8.491359651088715E-002,9.745703935623169E-001,
1.518300000000000E+009,7.037082314491272E-002,4.332283139228821E-002,-5.768529325723648E-002,9.789391160011292E-001,7.037082314491272E-002,4.332283139228821E-002,-5.768529325723648E-002,9.789391160011292E-001,
1.526666666666667E+009,9.121071547269821E-002,4.762879014015198E-002,-2.514610812067986E-002,9.702559113502502E-001,9.121071547269821E-002,4.762879014015198E-002,-2.514610812067986E-002,9.702559113502502E-001,
1.535033333333334E+009,1.119306311011314E-001,4.182904213666916E-002,-3.821358550339937E-003,9.795758724212647E-001,1.119306311011314E-001,4.182904213666916E-002,-3.821358550339937E-003,9.795758724212647E-001,
1.543400000000000E+009,1.250031888484955E-001,2.361345104873180E-002,1.621129177510738E-002,9.718260765075684E-001,1.250031888484955E-001,2.361345104873180E-002,1.621129177510738E-002,9.718260765075684E-001,
1.551766666666667E+009,1.260391026735306E-001,-4.993787151761353E-004,3.855950385332108E-002,9.664083719253540E-001,1.260391026735306E-001,-4.993787151761353E-004,3.855950385332108E-002,9.664083719253540E-001,
1.560133333333334E+009,1.185366064310074E-001,-2.156633697450161E-002,6.000253185629845E-002,9.721914529800415E-001,1.185366064310074E-001,-2.156633697450161E-002,6.000253185629845E-002,9.721914529800415E-001,
1.568500000000000E+009,1.033778041601181E-001,-3.431203588843346E-002,7.772741466760635E-002,9.753406643867493E-001,1.033778041601181E-001,-3.431203588843346E-002,7.772741466760635E-002,9.753406643867493E-001,
1.576866666666667E+009,8.352379500865936E-002,-3.560496494174004E-002,1.192555353045464E-001,9.658628106117249E-001,8.352379500865936E-002,-3.560496494174004E-002,1.192555353045464E-001,9.658628106117249E-001,
1.585233333333334E+009,7.106861472129822E-002,-2.697906456887722E-002,1.353602707386017E-001,9.653895497322083E-001,7.106861472129822E-002,-2.697906456887722E-002,1.353602707386017E-001,9.653895497322083E-001,
1.593600000000000E+009,6.472353637218475E-002,-1.227946113795042E-002,1.643538326025009E-001,9.593558907508850E-001,6.472353637218475E-002,-1.227946113795042E-002,1.643538326025009E-001,9.593558907508850E-001,
1.601966666666667E+009,6.904329359531403E-002,5.429035052657127E-003,1.862744539976120E-001,9.567829966545105E-001,6.904329359531403E-002,5.429035052657127E-003,1.862744539976120E-001,9.567829966545105E-001,
1.610333333333334E+009,8.260962367057800E-002,1.625799760222435E-002,2.173239290714264E-001,9.474206566810608E-001,8.260962367057800E-002,1.625799760222435E-002,2.173239290714264E-001,9.474206566810608E-001,
1.618700000000000E+009,1.016592308878899E-001,1.799846440553665E-002,2.422297745943070E-001,9.420812129974365E-001,1.016592308878899E-001,1.799846440553665E-002,2.422297745943070E-001,9.420812129974365E-001,
1.627066666666667E+009,1.170467287302017E-001,9.288391098380089E-003,2.628679871559143E-001,9.333280920982361E-001,1.170467287302017E-001,9.288391098380089E-003,2.628679871559143E-001,9.333280920982361E-001,
1.635433333333334E+009,1.251896619796753E-001,-4.928122274577618E-003,2.893624901771545E-001,9.321057200431824E-001,1.251896619796753E-001,-4.928122274577618E-003,2.893624901771545E-001,9.321057200431824E-001,
1.643800000000000E+009,1.249949783086777E-001,-2.484972029924393E-002,3.010270595550537E-001,9.216074347496033E-001,1.249949783086777E-001,-2.484972029924393E-002,3.010270595550537E-001,9.216074347496033E-001,
1.652166666666667E+009,1.152509748935700E-001,-4.158747196197510E-002,3.344118297100067E-001,9.123334288597107E-001,1.152509748935700E-001,-4.158747196197510E-002,3.344118297100067E-001,9.123334288597107E-001,
1.660533333333334E+009,1.001906171441078E-001,-5.008477717638016E-002,3.514845967292786E-001,9.081857204437256E-001,1.001906171441078E-001,-5.008477717638016E-002,3.514845967292786E-001,9.081857204437256E-001,
1.668900000000000E+009,8.465921878814697E-002,-4.869209975004196E-002,3.736097216606140E-001,8.959949612617493E-001,8.465921878814697E-002,-4.869209975004196E-002,3.736097216606140E-001,8.959949612617493E-001,
1.677266666666667E+009,7.290212064981461E-002,-4.120729118585587E-002,4.136661887168884E-001,8.858931660652161E-001,7.290212064981461E-002,-4.120729118585587E-002,4.136661887168884E-001,8.858931660652161E-001,
1.685633333333334E+009,7.120683044195175E-002,-2.703953161835671E-002,4.297814071178436E-001,8.777556419372559E-001,7.120683044195175E-002,-2.703953161835671E-002,4.297814071178436E-001,8.777556419372559E-001,
1.694000000000000E+009,7.665574550628662E-002,-1.518621481955051E-002,4.465303421020508E-001,8.636592626571655E-001,7.665574550628662E-002,-1.518621481955051E-002,4.465303421020508E-001,8.636592626571655E-001,
1.702366666666667E+009,8.986639976501465E-002,-6.053164601325989E-003,4.692876935005188E-001,8.540189862251282E-001,8.986639976501465E-002,-6.053164601325989E-003,4.692876935005188E-001,8.540189862251282E-001,
1.710733333333334E+009,1.069271042943001E-001,-4.991118796169758E-003,4.872567355632782E-001,8.344153165817261E-001,1.069271042943001E-001,-4.991118796169758E-003,4.872567355632782E-001,8.344153165817261E-001,
1.719100000000000E+009,1.219058856368065E-001,-1.500094961374998E-002,5.125608444213867E-001,8.183872103691101E-001,1.219058856368065E-001,-1.500094961374998E-002,5.125608444213867E-001,8.183872103691101E-001,
1.727466666666667E+009,1.308981925249100E-001,-2.994342707097530E-002,5.296697616577148E-001,8.109161853790283E-001,1.308981925249100E-001,-2.994342707097530E-002,5.296697616577148E-001,8.109161853790283E-001,
1.735833333333334E+009,1.307960003614426E-001,-4.781704396009445E-002,5.442142486572266E-001,7.961385250091553E-001,1.307960003614426E-001,-4.781704396009445E-002,5.442142486572266E-001,7.961385250091553E-001,
1.744200000000000E+009,1.218034625053406E-001,-6.642499566078186E-002,5.712416768074036E-001,7.739046216011047E-001,1.218034625053406E-001,-6.642499566078186E-002,5.712416768074036E-001,7.739046216011047E-001,
1.752566666666667E+009,1.084499880671501E-001,-7.827871292829514E-002,5.989534854888916E-001,7.677853107452393E-001,1.084499880671501E-001,-7.827871292829514E-002,5.989534854888916E-001,7.677853107452393E-001,
1.760933333333334E+009,9.248112887144089E-002,-8.361708372831345E-002,6.078879833221436E-001,7.549610733985901E-001,9.248112887144089E-002,-8.361708372831345E-002,6.078879833221436E-001,7.549610733985901E-001,
1.769300000000000E+009,7.800138741731644E-002,-8.130877465009689E-002,6.320932507514954E-001,7.458668351173401E-001,7.800138741731644E-002,-8.130877465009689E-002,6.320932507514954E-001,7.458668351173401E-001,
1.777666666666667E+009,6.943108886480331E-002,-7.109239697456360E-002,6.468321681022644E-001,7.351260185241699E-001,6.943108886480331E-002,-7.109239697456360E-002,6.468321681022644E-001,7.351260185241699E-001,
1.786033333333334E+009,6.884676963090897E-002,-6.186206266283989E-002,6.619615554809570E-001,7.038154006004334E-001,6.884676963090897E-002,-6.186206266283989E-002,6.619615554809570E-001,7.038154006004334E-001,
1.794400000000000E+009,7.581534981727600E-002,-5.071390420198441E-002,6.851590275764465E-001,6.879885792732239E-001,7.581534981727600E-002,-5.071390420198441E-002,6.851590275764465E-001,6.879885792732239E-001,
1.802766666666667E+009,8.415862917900085E-002,-4.680630937218666E-002,7.028471231460571E-001,6.685304641723633E-001,8.415862917900085E-002,-4.680630937218666E-002,7.028471231460571E-001,6.685304641723633E-001,
1.811133333333334E+009,9.433368593454361E-002,-4.683760926127434E-002,7.265204191207886E-001,6.492642164230347E-001,9.433368593454361E-002,-4.683760926127434E-002,7.265204191207886E-001,6.492642164230347E-001,
1.819500000000000E+009,1.041914373636246E-001,-5.264653638005257E-002,7.360083460807800E-001,6.220053434371948E-001,1.041914373636246E-001,-5.264653638005257E-002,7.360083460807800E-001,6.220053434371948E-001,
1.827866666666667E+009,1.090098842978478E-001,-6.280605494976044E-002,7.553184032440186E-001,6.110401153564453E-001,1.090098842978478E-001,-6.280605494976044E-002,7.553184032440186E-001,6.110401153564453E-001,
1.836233333333334E+009,1.053238809108734E-001,-7.484500855207443E-002,7.666494250297546E-001,5.937153697013855E-001,1.053238809108734E-001,-7.484500855207443E-002,7.666494250297546E-001,5.937153697013855E-001,
1.844600000000000E+009,9.717907011508942E-002,-8.454812318086624E-002,7.823989391326904E-001,5.862718224525452E-001,9.717907011508942E-002,-8.454812318086624E-002,7.823989391326904E-001,5.862718224525452E-001,
1.852966666666667E+009,8.743221312761307E-002,-9.008794277906418E-002,7.900820374488831E-001,5.523222684860230E-001,8.743221312761307E-002,-9.008794277906418E-002,7.900820374488831E-001,5.523222684860230E-001,
1.861333333333334E+009,7.734543830156326E-002,-9.402254968881607E-002,8.134709000587463E-001,5.330607891082764E-001,7.734543830156326E-002,-9.402254968881607E-002,8.134709000587463E-001,5.330607891082764E-001,
1.869700000000000E+009,7.022272050380707E-002,-8.881551772356033E-002,8.277168273925781E-001,5.138675570487976E-001,7.022272050380707E-002,-8.881551772356033E-002,8.277168273925781E-001,5.138675570487976E-001,
1.878066666666667E+009,6.732018291950226E-002,-8.487259596586227E-002,8.412549495697022E-001,4.981380403041840E-001,6.732018291950226E-002,-8.487259596586227E-002,8.412549495697022E-001,4.981380403041840E-001,
1.886433333333334E+009,6.954948604106903E-002,-7.816600799560547E-002,8.587394952774048E-001,4.712944924831390E-001,6.954948604106903E-002,-7.816600799560547E-002,8.587394952774048E-001,4.712944924831390E-001,
1.894800000000000E+009,7.827267050743103E-002,-7.470798492431641E-002,8.690653443336487E-001,4.509904980659485E-001,7.827267050743103E-002,-7.470798492431641E-002,8.690653443336487E-001,4.509904980659485E-001,
1.903166666666667E+009,8.718222379684448E-002,-7.326000183820725E-002,8.790735602378845E-001,4.196979701519013E-001,8.718222379684448E-002,-7.326000183820725E-002,8.790735602378845E-001,4.196979701519013E-001,
1.911533333333334E+009,9.593038260936737E-002,-7.991289347410202E-002,8.850133419036865E-001,3.922877311706543E-001,9.593038260936737E-002,-7.991289347410202E-002,8.850133419036865E-001,3.922877311706543E-001,
1.919900000000000E+009,1.014639511704445E-001,-8.981704711914063E-002,8.985074162483215E-001,3.774615824222565E-001,1.014639511704445E-001,-8.981704711914063E-002,8.985074162483215E-001,3.774615824222565E-001,
1.928266666666667E+009,1.026680693030357E-001,-1.008953675627708E-001,8.937700390815735E-001,3.408628404140472E-001,1.026680693030357E-001,-1.008953675627708E-001,8.937700390815735E-001,3.408628404140472E-001,
1.936633333333334E+009,9.552481025457382E-002,-1.137829050421715E-001,9.123407006263733E-001,3.302910625934601E-001,9.552481025457382E-002,-1.137829050421715E-001,9.123407006263733E-001,3.302910625934601E-001,
1.945000000000000E+009,8.376017212867737E-002,-1.227777525782585E-001,9.217138886451721E-001,3.054640889167786E-001,8.376017212867737E-002,-1.227777525782585E-001,9.217138886451721E-001,3.054640889167786E-001,
1.953366666666667E+009,7.072713971138001E-002,-1.290356814861298E-001,9.231841564178467E-001,2.853569090366364E-001,7.072713971138001E-002,-1.290356814861298E-001,9.231841564178467E-001,2.853569090366364E-001,
1.961733333333334E+009,5.506722629070282E-002,-1.263991892337799E-001,9.381536245346069E-001,2.629834115505219E-001,5.506722629070282E-002,-1.263991892337799E-001,9.381536245346069E-001,2.629834115505219E-001,
1.970100000000000E+009,4.398773238062859E-002,-1.211504489183426E-001,9.386694431304932E-001,2.397893220186234E-001,4.398773238062859E-002,-1.211504489183426E-001,9.386694431304932E-001,2.397893220186234E-001,
1.978466666666667E+009,4.076556488871574E-002,-1.105944886803627E-001,9.490530490875244E-001,2.093434780836105E-001,4.076556488871574E-002,-1.105944886803627E-001,9.490530490875244E-001,2.093434780836105E-001,
1.986833333333334E+009,4.464273527264595E-002,-1.016847863793373E-001,9.519829750061035E-001,1.901172995567322E-001,4.464273527264595E-002,-1.016847863793373E-001,9.519829750061035E-001,1.901172995567322E-001,
1.995200000000000E+009,5.681504681706429E-002,-9.701471030712128E-002,9.541859626770020E-001,1.718785762786865E-001,5.681504681706429E-002,-9.701471030712128E-002,9.541859626770020E-001,1.718785762786865E-001,
2.003566666666667E+009,7.042001187801361E-002,-9.844005852937698E-002,9.586807489395142E-001,1.363514810800552E-001,7.042001187801361E-002,-9.844005852937698E-002,9.586807489395142E-001,1.363514810800552E-001,
2.011933333333334E+009,8.206342905759811E-002,-1.089553162455559E-001,9.660308957099915E-001,1.076807603240013E-001,8.206342905759811E-002,-1.089553162455559E-001,9.660308957099915E-001,1.076807603240013E-001,
2.020300000000000E+009,8.847823739051819E-002,-1.209644600749016E-001,9.654647111892700E-001,7.680514454841614E-002,8.847823739051819E-002,-1.209644600749016E-001,9.654647111892700E-001,7.680514454841614E-002,
2.028666666666667E+009,8.551865071058273E-002,-1.372351348400116E-001,9.656729698181152E-001,6.190017610788345E-002,8.551865071058273E-002,-1.372351348400116E-001,9.656729698181152E-001,6.190017610788345E-002,
2.037033333333334E+009,7.368027418851852E-002,-1.538027375936508E-001,9.679048657417297E-001,3.605505079030991E-002,7.368027418851852E-002,-1.538027375936508E-001,9.679048657417297E-001,3.605505079030991E-002,
2.045400000000000E+009,5.563140660524368E-002,-1.623491644859314E-001,9.641499519348145E-001,1.834397576749325E-002,5.563140660524368E-002,-1.623491644859314E-001,9.641499519348145E-001,1.834397576749325E-002,
2.053766666666667E+009,3.478242829442024E-002,-1.623186767101288E-001,9.660164713859558E-001,-7.641989737749100E-003,3.478242829442024E-002,-1.623186767101288E-001,9.660164713859558E-001,-7.641989737749100E-003,
2.062133333333334E+009,1.944052428007126E-002,-1.563308686017990E-001,9.707320332527161E-001,-3.326384723186493E-002,1.944052428007126E-002,-1.563308686017990E-001,9.707320332527161E-001,-3.326384723186493E-002,
2.070500000000000E+009,1.091373153030872E-002,-1.419743895530701E-001,9.704616069793701E-001,-6.004363670945168E-002,1.091373153030872E-002,-1.419743895530701E-001,9.704616069793701E-001,-6.004363670945168E-002,
2.078866666666667E+009,1.292266976088285E-002,-1.287305951118469E-001,9.666624069213867E-001,-8.281227201223373E-002,1.292266976088285E-002,-1.287305951118469E-001,9.666624069213867E-001,-8.281227201223373E-002,
2.087233333333334E+009,2.336726523935795E-002,-1.230347678065300E-001,9.657806754112244E-001,-1.177241727709770E-001,2.336726523935795E-002,-1.230347678065300E-001,9.657806754112244E-001,-1.177241727709770E-001,
2.095600000000000E+009,3.889229521155357E-002,-1.223657578229904E-001,9.670233726501465E-001,-1.389240175485611E-001,3.889229521155357E-002,-1.223657578229904E-001,9.670233726501465E-001,-1.389240175485611E-001,
2.103966666666667E+009,5.284671112895012E-002,-1.350330710411072E-001,9.621356129646301E-001,-1.670441478490830E-001,5.284671112895012E-002,-1.350330710411072E-001,9.621356129646301E-001,-1.670441478490830E-001,
2.112333333333334E+009,5.974519252777100E-002,-1.525005549192429E-001,9.481635689735413E-001,-1.860931366682053E-001,5.974519252777100E-002,-1.525005549192429E-001,9.481635689735413E-001,-1.860931366682053E-001,
2.120700000000000E+009,5.674025788903236E-002,-1.760953962802887E-001,9.418129324913025E-001,-2.163849622011185E-001,5.674025788903236E-002,-1.760953962802887E-001,9.418129324913025E-001,-2.163849622011185E-001,
2.129066666666667E+009,4.082746431231499E-002,-1.919838041067123E-001,9.445093274116516E-001,-2.424431294202805E-001,4.082746431231499E-002,-1.919838041067123E-001,9.445093274116516E-001,-2.424431294202805E-001,
2.137433333333334E+009,1.611037738621235E-002,-2.009608596563339E-001,9.267256855964661E-001,-2.585281133651733E-001,1.611037738621235E-002,-2.009608596563339E-001,9.267256855964661E-001,-2.585281133651733E-001,
2.145800000000000E+009,-1.307165995240212E-002,-1.980755180120468E-001,9.244841337203980E-001,-2.801259458065033E-001,-1.307165995240212E-002,-1.980755180120468E-001,9.244841337203980E-001,-2.801259458065033E-001,
2.154166666666667E+009,-3.503847122192383E-002,-1.844648271799088E-001,9.172874093055725E-001,-2.972694039344788E-001,-3.503847122192383E-002,-1.844648271799088E-001,9.172874093055725E-001,-2.972694039344788E-001,
2.162533333333334E+009,-4.747012630105019E-002,-1.628236919641495E-001,8.990267515182495E-001,-3.219948112964630E-001,-4.747012630105019E-002,-1.628236919641495E-001,8.990267515182495E-001,-3.219948112964630E-001,
2.170900000000000E+009,-4.546213895082474E-002,-1.420911997556686E-001,9.066389799118042E-001,-3.520084619522095E-001,-4.546213895082474E-002,-1.420911997556686E-001,9.066389799118042E-001,-3.520084619522095E-001,
2.179266666666667E+009,-3.223827108740807E-002,-1.302551478147507E-001,8.944738507270813E-001,-3.691999912261963E-001,-3.223827108740807E-002,-1.302551478147507E-001,8.944738507270813E-001,-3.691999912261963E-001,
2.187633333333334E+009,-1.369688566774130E-002,-1.288796216249466E-001,8.890383243560791E-001,-4.029811620712280E-001,-1.369688566774130E-002,-1.288796216249466E-001,8.890383243560791E-001,-4.029811620712280E-001,
2.196000000000000E+009,5.270819179713726E-003,-1.418984234333038E-001,8.675835728645325E-001,-4.243622422218323E-001,5.270819179713726E-003,-1.418984234333038E-001,8.675835728645325E-001,-4.243622422218323E-001,
2.204366666666667E+009,1.514777820557356E-002,-1.651985645294190E-001,8.576761484146118E-001,-4.457929432392120E-001,1.514777820557356E-002,-1.651985645294190E-001,8.576761484146118E-001,-4.457929432392120E-001,
2.212733333333334E+009,1.112746261060238E-002,-1.906861960887909E-001,8.405593037605286E-001,-4.757519066333771E-001,1.112746261060238E-002,-1.906861960887909E-001,8.405593037605286E-001,-4.757519066333771E-001,
2.221100000000000E+009,-7.754639256745577E-003,-2.091076225042343E-001,8.194470405578613E-001,-4.850063621997833E-001,-7.754639256745577E-003,-2.091076225042343E-001,8.194470405578613E-001,-4.850063621997833E-001,
2.229466666666667E+009,-3.338159248232842E-002,-2.175460904836655E-001,8.118721842765808E-001,-4.950379133224487E-001,-3.338159248232842E-002,-2.175460904836655E-001,8.118721842765808E-001,-4.950379133224487E-001,
2.237833333333334E+009,-6.486799567937851E-002,-2.098487615585327E-001,8.037629723548889E-001,-5.201103687286377E-001,-6.486799567937851E-002,-2.098487615585327E-001,8.037629723548889E-001,-5.201103687286377E-001,
2.246200000000000E+009,-9.045312553644180E-002,-1.908652782440186E-001,7.911776304244995E-001,-5.389792919158936E-001,-9.045312553644180E-002,-1.908652782440186E-001,7.911776304244995E-001,-5.389792919158936E-001,
2.254566666666667E+009,-1.013732030987740E-001,-1.629735976457596E-001,7.823158502578735E-001,-5.571293830871582E-001,-1.013732030987740E-001,-1.629735976457596E-001,7.823158502578735E-001,-5.571293830871582E-001,
2.262933333333334E+009,-1.005514860153198E-001,-1.392828375101090E-001,7.695837020874023E-001,-5.800591707229614E-001,-1.005514860153198E-001,-1.392828375101090E-001,7.695837020874023E-001,-5.800591707229614E-001,
2.271300000000000E+009,-8.651869744062424E-002,-1.220902428030968E-001,7.515193223953247E-001,-6.002595424652100E-001,-8.651869744062424E-002,-1.220902428030968E-001,7.515193223953247E-001,-6.002595424652100E-001,
2.279666666666667E+009,-6.538556516170502E-002,-1.218617856502533E-001,7.388758659362793E-001,-6.222529411315918E-001,-6.538556516170502E-002,-1.218617856502533E-001,7.388758659362793E-001,-6.222529411315918E-001,
2.288033333333334E+009,-4.851809144020081E-002,-1.360001266002655E-001,7.201765775680542E-001,-6.517683267593384E-001,-4.851809144020081E-002,-1.360001266002655E-001,7.201765775680542E-001,-6.517683267593384E-001,
2.296400000000000E+009,-4.132830724120140E-002,-1.604455858469009E-001,6.957195401191711E-001,-6.695089936256409E-001,-4.132830724120140E-002,-1.604455858469009E-001,6.957195401191711E-001,-6.695089936256409E-001,
2.304766666666667E+009,-4.997512698173523E-002,-1.861660033464432E-001,6.801479458808899E-001,-6.741983890533447E-001,-4.997512698173523E-002,-1.861660033464432E-001,6.801479458808899E-001,-6.741983890533447E-001,
2.313133333333334E+009,-7.338132709264755E-002,-2.015938013792038E-001,6.547151803970337E-001,-7.022091150283814E-001,-7.338132709264755E-002,-2.015938013792038E-001,6.547151803970337E-001,-7.022091150283814E-001,
2.321500000000000E+009,-9.905296564102173E-002,-2.023253738880158E-001,6.408861875534058E-001,-7.069662809371948E-001,-9.905296564102173E-002,-2.023253738880158E-001,6.408861875534058E-001,-7.069662809371948E-001,
2.329866666666667E+009,-1.252784281969070E-001,-1.884064525365830E-001,6.311122179031372E-001,-7.228065729141235E-001,-1.252784281969070E-001,-1.884064525365830E-001,6.311122179031372E-001,-7.228065729141235E-001,
2.338233333333334E+009,-1.437836438417435E-001,-1.637809872627258E-001,6.058158278465271E-001,-7.382443547248840E-001,-1.437836438417435E-001,-1.637809872627258E-001,6.058158278465271E-001,-7.382443547248840E-001,
2.346600000000000E+009,-1.474409997463226E-001,-1.312949955463409E-001,5.880656838417053E-001,-7.567902803421021E-001,-1.474409997463226E-001,-1.312949955463409E-001,5.880656838417053E-001,-7.567902803421021E-001,
2.354966666666667E+009,-1.349106132984161E-001,-1.078413203358650E-001,5.801346898078919E-001,-7.705574035644531E-001,-1.349106132984161E-001,-1.078413203358650E-001,5.801346898078919E-001,-7.705574035644531E-001,
2.363333333333334E+009,-1.142527163028717E-001,-9.908343106508255E-002,5.625677704811096E-001,-7.885326743125916E-001,-1.142527163028717E-001,-9.908343106508255E-002,5.625677704811096E-001,-7.885326743125916E-001,
2.371700000000000E+009,-8.989465236663818E-002,-1.055973917245865E-001,5.400539040565491E-001,-8.106912374496460E-001,-8.989465236663818E-002,-1.055973917245865E-001,5.400539040565491E-001,-8.106912374496460E-001,
2.380066666666667E+009,-7.696032524108887E-002,-1.315221190452576E-001,5.060669183731079E-001,-8.233590126037598E-001,-7.696032524108887E-002,-1.315221190452576E-001,5.060669183731079E-001,-8.233590126037598E-001,
2.388433333333334E+009,-8.131056278944016E-002,-1.628112941980362E-001,4.824668467044830E-001,-8.270788192749023E-001,-8.131056278944016E-002,-1.628112941980362E-001,4.824668467044830E-001,-8.270788192749023E-001,
2.396800000000000E+009,-1.031028702855110E-001,-1.916719824075699E-001,4.486534297466278E-001,-8.425338864326477E-001,-1.031028702855110E-001,-1.916719824075699E-001,4.486534297466278E-001,-8.425338864326477E-001,
2.405166666666667E+009,-1.368923783302307E-001,-2.083600610494614E-001,4.312767386436462E-001,-8.495051264762878E-001,-1.368923783302307E-001,-2.083600610494614E-001,4.312767386436462E-001,-8.495051264762878E-001,
2.413533333333334E+009,-1.777576208114624E-001,-2.015168517827988E-001,4.086686670780182E-001,-8.512556552886963E-001,-1.777576208114624E-001,-2.015168517827988E-001,4.086686670780182E-001,-8.512556552886963E-001,
2.421900000000000E+009,-2.129043191671372E-001,-1.780145019292831E-001,3.989978730678558E-001,-8.597831726074219E-001,-2.129043191671372E-001,-1.780145019292831E-001,3.989978730678558E-001,-8.597831726074219E-001,
2.430266666666667E+009,-2.300627976655960E-001,-1.404495090246201E-001,3.826454877853394E-001,-8.699079155921936E-001,-2.300627976655960E-001,-1.404495090246201E-001,3.826454877853394E-001,-8.699079155921936E-001,
2.438633333333334E+009,-2.334774881601334E-001,-9.569160640239716E-002,3.655526340007782E-001,-8.803702592849731E-001,-2.334774881601334E-001,-9.569160640239716E-002,3.655526340007782E-001,-8.803702592849731E-001,
2.447000000000000E+009,-2.155886739492416E-001,-5.640215054154396E-002,3.442821204662323E-001,-8.970393538475037E-001,-2.155886739492416E-001,-5.640215054154396E-002,3.442821204662323E-001,-8.970393538475037E-001,
2.455366666666667E+009,-1.840928494930267E-001,-3.533750399947166E-002,3.232338428497315E-001,-9.062183499336243E-001,-1.840928494930267E-001,-3.533750399947166E-002,3.232338428497315E-001,-9.062183499336243E-001,
2.463733333333334E+009,-1.519544273614883E-001,-3.483496233820915E-002,2.979554831981659E-001,-9.238748550415039E-001,-1.519544273614883E-001,-3.483496233820915E-002,2.979554831981659E-001,-9.238748550415039E-001,
2.472100000000000E+009,-1.295919120311737E-001,-5.585524067282677E-002,2.684794664382935E-001,-9.333382248878479E-001,-1.295919120311737E-001,-5.585524067282677E-002,2.684794664382935E-001,-9.333382248878479E-001,
2.480466666666667E+009,-1.242329031229019E-001,-8.774615079164505E-002,2.325120121240616E-001,-9.336202740669251E-001,-1.242329031229019E-001,-8.774615079164505E-002,2.325120121240616E-001,-9.336202740669251E-001,
2.488833333333334E+009,-1.394000053405762E-001,-1.180957481265068E-001,2.092965692281723E-001,-9.376941323280335E-001,-1.394000053405762E-001,-1.180957481265068E-001,2.092965692281723E-001,-9.376941323280335E-001,
2.497200000000000E+009,-1.672888994216919E-001,-1.347547024488449E-001,1.798379272222519E-001,-9.414310455322266E-001,-1.672888994216919E-001,-1.347547024488449E-001,1.798379272222519E-001,-9.414310455322266E-001,
2.505566666666667E+009,-2.058037966489792E-001,-1.337715238332748E-001,1.548388004302979E-001,-9.434868693351746E-001,-2.058037966489792E-001,-1.337715238332748E-001,1.548388004302979E-001,-9.434868693351746E-001,
2.513933333333334E+009,-2.342042773962021E-001,-1.123989596962929E-001,1.384743750095367E-001,-9.401898384094238E-001,-2.342042773962021E-001,-1.123989596962929E-001,1.384743750095367E-001,-9.401898384094238E-001,
2.522300000000000E+009,-2.485198676586151E-001,-8.072048425674439E-002,1.145447641611099E-001,-9.422476291656494E-001,-2.485198676586151E-001,-8.072048425674439E-002,1.145447641611099E-001,-9.422476291656494E-001,
2.530666666666667E+009,-2.438119798898697E-001,-4.122133553028107E-002,9.276636689901352E-002,-9.515271186828613E-001,-2.438119798898697E-001,-4.122133553028107E-002,9.276636689901352E-002,-9.515271186828613E-001,
2.539033333333334E+009,-2.241536229848862E-001,-9.177315048873425E-003,7.630816102027893E-002,-9.538467526435852E-001,-2.241536229848862E-001,-9.177315048873425E-003,7.630816102027893E-002,-9.538467526435852E-001,
2.547400000000000E+009,-1.942276656627655E-001,8.591930381953716E-003,5.627795681357384E-002,-9.668502807617188E-001,-1.942276656627655E-001,8.591930381953716E-003,5.627795681357384E-002,-9.668502807617188E-001,
2.555766666666667E+009,-1.624262630939484E-001,6.911140400916338E-003,2.384627051651478E-002,-9.730145931243897E-001,-1.624262630939484E-001,6.911140400916338E-003,2.384627051651478E-002,-9.730145931243897E-001,
2.564133333333334E+009,-1.444720327854157E-001,-1.498237438499928E-002,-6.049964111298323E-003,-9.679371714591980E-001,-1.444720327854157E-001,-1.498237438499928E-002,-6.049964111298323E-003,-9.679371714591980E-001,
2.572500000000000E+009,-1.454235315322876E-001,-4.441849887371063E-002,-3.552097454667091E-002,-9.652807116508484E-001,-1.454235315322876E-001,-4.441849887371063E-002,-3.552097454667091E-002,-9.652807116508484E-001,
2.580866666666667E+009,-1.654352843761444E-001,-7.015845179557800E-002,-6.552478671073914E-002,-9.632337093353272E-001,-1.654352843761444E-001,-7.015845179557800E-002,-6.552478671073914E-002,-9.632337093353272E-001,
2.589233333333334E+009,-1.998944878578186E-001,-8.236876130104065E-002,-9.528852999210358E-002,-9.515448808670044E-001,-1.998944878578186E-001,-8.236876130104065E-002,-9.528852999210358E-002,-9.515448808670044E-001,
2.597600000000000E+009,-2.359947115182877E-001,-7.721282541751862E-002,-1.201977953314781E-001,-9.439347386360169E-001,-2.359947115182877E-001,-7.721282541751862E-002,-1.201977953314781E-001,-9.439347386360169E-001,
2.605966666666667E+009,-2.649073898792267E-001,-5.280390754342079E-002,-1.301057338714600E-001,-9.444173574447632E-001,-2.649073898792267E-001,-5.280390754342079E-002,-1.301057338714600E-001,-9.444173574447632E-001,
2.614333333333334E+009,-2.766467034816742E-001,-1.988597586750984E-002,-1.493369787931442E-001,-9.334809780120850E-001,-2.766467034816742E-001,-1.988597586750984E-002,-1.493369787931442E-001,-9.334809780120850E-001,
2.622700000000000E+009,-2.693200707435608E-001,2.109987474977970E-002,-1.676262021064758E-001,-9.293250441551209E-001,-2.693200707435608E-001,2.109987474977970E-002,-1.676262021064758E-001,-9.293250441551209E-001,
2.631066666666667E+009,-2.455986589193344E-001,5.395220592617989E-002,-1.909452229738236E-001,-9.409292340278626E-001,-2.455986589193344E-001,5.395220592617989E-002,-1.909452229738236E-001,-9.409292340278626E-001,
2.639433333333334E+009,-2.101921737194061E-001,7.053320854902268E-002,-2.129515409469605E-001,-9.322253465652466E-001,-2.101921737194061E-001,7.053320854902268E-002,-2.129515409469605E-001,-9.322253465652466E-001,
2.647800000000000E+009,-1.750313341617584E-001,6.904642283916473E-002,-2.406150400638580E-001,-9.329071640968323E-001,-1.750313341617584E-001,6.904642283916473E-002,-2.406150400638580E-001,-9.329071640968323E-001,
2.656166666666667E+009,-1.543250381946564E-001,5.011132359504700E-002,-2.662886083126068E-001,-9.345448017120361E-001,-1.543250381946564E-001,5.011132359504700E-002,-2.662886083126068E-001,-9.345448017120361E-001,
2.664533333333334E+009,-1.523930579423904E-001,2.432551234960556E-002,-3.024962246417999E-001,-9.147391319274902E-001,-1.523930579423904E-001,2.432551234960556E-002,-3.024962246417999E-001,-9.147391319274902E-001,
2.672900000000000E+009,-1.696417629718781E-001,6.074760458432138E-004,-3.244939744472504E-001,-9.069912433624268E-001,-1.696417629718781E-001,6.074760458432138E-004,-3.244939744472504E-001,-9.069912433624268E-001,
2.681266666666667E+009,-2.008002549409866E-001,-8.207809180021286E-003,-3.508267998695374E-001,-8.906330466270447E-001,-2.008002549409866E-001,-8.207809180021286E-003,-3.508267998695374E-001,-8.906330466270447E-001,
2.689633333333334E+009,-2.357439547777176E-001,-2.716667368076742E-004,-3.696767091751099E-001,-8.791514635086060E-001,-2.357439547777176E-001,-2.716667368076742E-004,-3.696767091751099E-001,-8.791514635086060E-001,
2.698000000000000E+009,-2.608195841312408E-001,2.377965860068798E-002,-3.796090781688690E-001,-8.641344308853149E-001,-2.608195841312408E-001,2.377965860068798E-002,-3.796090781688690E-001,-8.641344308853149E-001,
2.706366666666667E+009,-2.698114514350891E-001,5.913301929831505E-002,-4.018897414207459E-001,-8.498938679695129E-001,-2.698114514350891E-001,5.913301929831505E-002,-4.018897414207459E-001,-8.498938679695129E-001,
2.714733333333334E+009,-2.607187330722809E-001,9.308081865310669E-002,-4.153253138065338E-001,-8.498455286026001E-001,-2.607187330722809E-001,9.308081865310669E-002,-4.153253138065338E-001,-8.498455286026001E-001,
2.723100000000000E+009,-2.328341752290726E-001,1.221801564097405E-001,-4.338049590587616E-001,-8.404624462127686E-001,-2.328341752290726E-001,1.221801564097405E-001,-4.338049590587616E-001,-8.404624462127686E-001,
2.731466666666667E+009,-1.935174316167831E-001,1.367218643426895E-001,-4.586943984031677E-001,-8.387154340744019E-001,-1.935174316167831E-001,1.367218643426895E-001,-4.586943984031677E-001,-8.387154340744019E-001,
2.739833333333334E+009,-1.562520563602448E-001,1.317957937717438E-001,-4.815962016582489E-001,-8.286441564559937E-001,-1.562520563602448E-001,1.317957937717438E-001,-4.815962016582489E-001,-8.286441564559937E-001,
2.748200000000000E+009,-1.311805397272110E-001,1.125384196639061E-001,-5.086978673934937E-001,-8.194918036460877E-001,-1.311805397272110E-001,1.125384196639061E-001,-5.086978673934937E-001,-8.194918036460877E-001,
2.756566666666667E+009,-1.255911588668823E-001,8.513223379850388E-002,-5.368776917457581E-001,-8.071199655532837E-001,-1.255911588668823E-001,8.513223379850388E-002,-5.368776917457581E-001,-8.071199655532837E-001,
2.764933333333334E+009,-1.397407799959183E-001,6.143585219979286E-002,-5.698858499526978E-001,-7.921028137207031E-001,-1.397407799959183E-001,6.143585219979286E-002,-5.698858499526978E-001,-7.921028137207031E-001,
2.773300000000000E+009,-1.677502542734146E-001,4.814361035823822E-002,-5.826611518859863E-001,-7.665136456489563E-001,-1.677502542734146E-001,4.814361035823822E-002,-5.826611518859863E-001,-7.665136456489563E-001,
2.781666666666667E+009,-2.035782039165497E-001,5.802597850561142E-002,-5.988075733184815E-001,-7.446450591087341E-001,-2.035782039165497E-001,5.802597850561142E-002,-5.988075733184815E-001,-7.446450591087341E-001,
2.790033333333334E+009,-2.289551049470902E-001,8.109765499830246E-002,-6.142097115516663E-001,-7.281343936920166E-001,-2.289551049470902E-001,8.109765499830246E-002,-6.142097115516663E-001,-7.281343936920166E-001,
2.798400000000000E+009,-2.405766099691391E-001,1.145216003060341E-001,-6.262399554252625E-001,-7.166934013366699E-001,-2.405766099691391E-001,1.145216003060341E-001,-6.262399554252625E-001,-7.166934013366699E-001,
2.806766666666667E+009,-2.298538535833359E-001,1.489357501268387E-001,-6.364091038703919E-001,-6.965408921241760E-001,-2.298538535833359E-001,1.489357501268387E-001,-6.364091038703919E-001,-6.965408921241760E-001,
2.815133333333334E+009,-2.039803117513657E-001,1.733004897832871E-001,-6.513652801513672E-001,-6.872475743293762E-001,-2.039803117513657E-001,1.733004897832871E-001,-6.513652801513672E-001,-6.872475743293762E-001,
2.823500000000000E+009,-1.657304763793945E-001,1.845984160900116E-001,-6.713982820510864E-001,-6.776009202003479E-001,-1.657304763793945E-001,1.845984160900116E-001,-6.713982820510864E-001,-6.776009202003479E-001,
2.831866666666667E+009,-1.273229420185089E-001,1.760537922382355E-001,-6.891438961029053E-001,-6.644642949104309E-001,-1.273229420185089E-001,1.760537922382355E-001,-6.891438961029053E-001,-6.644642949104309E-001,
2.840233333333334E+009,-9.969325363636017E-002,1.548427343368530E-001,-7.167922258377075E-001,-6.515864729881287E-001,-9.969325363636017E-002,1.548427343368530E-001,-7.167922258377075E-001,-6.515864729881287E-001,
2.848600000000000E+009,-9.036836773157120E-002,1.267982274293900E-001,-7.343201041221619E-001,-6.275600790977478E-001,-9.036836773157120E-002,1.267982274293900E-001,-7.343201041221619E-001,-6.275600790977478E-001,
2.856966666666667E+009,-1.022400259971619E-001,1.030876561999321E-001,-7.563849687576294E-001,-6.056002974510193E-001,-1.022400259971619E-001,1.030876561999321E-001,-7.563849687576294E-001,-6.056002974510193E-001,
2.865333333333334E+009,-1.315833926200867E-001,9.240351617336273E-002,-7.747104167938232E-001,-5.848209857940674E-001,-1.315833926200867E-001,9.240351617336273E-002,-7.747104167938232E-001,-5.848209857940674E-001,
2.873700000000000E+009,-1.656159609556198E-001,1.004875600337982E-001,-7.872807383537293E-001,-5.506433844566345E-001,-1.656159609556198E-001,1.004875600337982E-001,-7.872807383537293E-001,-5.506433844566345E-001,
2.882066666666667E+009,-1.913322806358337E-001,1.260200887918472E-001,-7.909843325614929E-001,-5.226639509201050E-001,-1.913322806358337E-001,1.260200887918472E-001,-7.909843325614929E-001,-5.226639509201050E-001,
2.890433333333334E+009,-2.026723623275757E-001,1.636254638433456E-001,-7.995640635490418E-001,-5.040201544761658E-001,-2.026723623275757E-001,1.636254638433456E-001,-7.995640635490418E-001,-5.040201544761658E-001,
2.898800000000000E+009,-1.932564377784729E-001,2.005223035812378E-001,-8.044964075088501E-001,-4.907774627208710E-001,-1.932564377784729E-001,2.005223035812378E-001,-8.044964075088501E-001,-4.907774627208710E-001,
2.907166666666667E+009,-1.660467982292175E-001,2.254411727190018E-001,-8.086421489715576E-001,-4.812989532947540E-001,-1.660467982292175E-001,2.254411727190018E-001,-8.086421489715576E-001,-4.812989532947540E-001,
2.915533333333334E+009,-1.255142539739609E-001,2.355951219797134E-001,-8.244413733482361E-001,-4.611316621303558E-001,-1.255142539739609E-001,2.355951219797134E-001,-8.244413733482361E-001,-4.611316621303558E-001,
2.923900000000000E+009,-8.540140092372894E-002,2.251010239124298E-001,-8.399870395660400E-001,-4.509264230728149E-001,-8.540140092372894E-002,2.251010239124298E-001,-8.399870395660400E-001,-4.509264230728149E-001,
2.932266666666667E+009,-5.426462739706039E-002,1.994591504335403E-001,-8.560408949851990E-001,-4.341426789760590E-001,-5.426462739706039E-002,1.994591504335403E-001,-8.560408949851990E-001,-4.341426789760590E-001,
2.940633333333334E+009,-4.228932783007622E-002,1.651862859725952E-001,-8.738527894020081E-001,-4.088382422924042E-001,-4.228932783007622E-002,1.651862859725952E-001,-8.738527894020081E-001,-4.088382422924042E-001,
2.949000000000000E+009,-5.108806863427162E-002,1.334085613489151E-001,-8.949783444404602E-001,-3.734869360923767E-001,-5.108806863427162E-002,1.334085613489151E-001,-8.949783444404602E-001,-3.734869360923767E-001,
2.957366666666667E+009,-7.738780975341797E-002,1.189172640442848E-001,-9.055399894714356E-001,-3.498304188251495E-001,-7.738780975341797E-002,1.189172640442848E-001,-9.055399894714356E-001,-3.498304188251495E-001,
2.965733333333334E+009,-1.128864958882332E-001,1.257317513227463E-001,-9.138464927673340E-001,-3.172893226146698E-001,-1.128864958882332E-001,1.257317513227463E-001,-9.138464927673340E-001,-3.172893226146698E-001,
2.974100000000000E+009,-1.389632076025009E-001,1.535960137844086E-001,-9.156035780906677E-001,-2.831198871135712E-001,-1.389632076025009E-001,1.535960137844086E-001,-9.156035780906677E-001,-2.831198871135712E-001,
2.982466666666667E+009,-1.492130160331726E-001,1.925645619630814E-001,-9.159183502197266E-001,-2.594286799430847E-001,-1.492130160331726E-001,1.925645619630814E-001,-9.159183502197266E-001,-2.594286799430847E-001,
2.990833333333334E+009,-1.405377238988876E-001,2.310595214366913E-001,-9.097951054573059E-001,-2.471555322408676E-001,-1.405377238988876E-001,2.310595214366913E-001,-9.097951054573059E-001,-2.471555322408676E-001,
2.999200000000000E+009,-1.126064285635948E-001,2.594781816005707E-001,-9.134785532951355E-001,-2.295812666416168E-001,-1.126064285635948E-001,2.594781816005707E-001,-9.134785532951355E-001,-2.295812666416168E-001,
3.007566666666667E+009,-7.309712469577789E-002,2.692447304725647E-001,-9.195920228958130E-001,-2.130809724330902E-001,-7.309712469577789E-002,2.692447304725647E-001,-9.195920228958130E-001,-2.130809724330902E-001,
3.015933333333334E+009,-3.019682876765728E-002,2.551411390304565E-001,-9.262216687202454E-001,-1.983700990676880E-001,-3.019682876765728E-002,2.551411390304565E-001,-9.262216687202454E-001,-1.983700990676880E-001,
3.024300000000000E+009,4.358070145826787E-004,2.251078337430954E-001,-9.391922354698181E-001,-1.776913404464722E-001,4.358070145826787E-004,2.251078337430954E-001,-9.391922354698181E-001,-1.776913404464722E-001,
3.032666666666667E+009,1.284047961235046E-002,1.832700222730637E-001,-9.512237310409546E-001,-1.506774574518204E-001,1.284047961235046E-002,1.832700222730637E-001,-9.512237310409546E-001,-1.506774574518204E-001,
3.041033333333334E+009,1.457453239709139E-003,1.460651308298111E-001,-9.615004062652588E-001,-1.212553977966309E-001,1.457453239709139E-003,1.460651308298111E-001,-9.615004062652588E-001,-1.212553977966309E-001,
3.049400000000000E+009,-2.876683697104454E-002,1.276571601629257E-001,-9.653402566909790E-001,-8.126294612884522E-002,-2.876683697104454E-002,1.276571601629257E-001,-9.653402566909790E-001,-8.126294612884522E-002,
3.057766666666667E+009,-6.434272974729538E-002,1.341545730829239E-001,-9.691905379295349E-001,-6.394135951995850E-002,-6.434272974729538E-002,1.341545730829239E-001,-9.691905379295349E-001,-6.394135951995850E-002,
3.066133333333334E+009,-9.322538226842880E-002,1.631257981061935E-001,-9.574263691902161E-001,-2.556489408016205E-002,-9.322538226842880E-002,1.631257981061935E-001,-9.574263691902161E-001,-2.556489408016205E-002,
3.074500000000000E+009,-1.019316762685776E-001,2.074376642704010E-001,-9.545469284057617E-001,6.251268205232918E-004,-1.019316762685776E-001,2.074376642704010E-001,-9.545469284057617E-001,6.251268205232918E-004,
3.082866666666667E+009,-8.726704865694046E-002,2.505085468292236E-001,-9.448958635330200E-001,1.683230511844158E-002,-8.726704865694046E-002,2.505085468292236E-001,-9.448958635330200E-001,1.683230511844158E-002,
3.091233333333334E+009,-5.258683115243912E-002,2.838630080223084E-001,-9.374086856842041E-001,4.037949442863464E-002,-5.258683115243912E-002,2.838630080223084E-001,-9.374086856842041E-001,4.037949442863464E-002,
3.099600000000000E+009,-7.007349748164415E-003,2.927112877368927E-001,-9.337688684463501E-001,4.983929172158241E-002,-7.007349748164415E-003,2.927112877368927E-001,-9.337688684463501E-001,4.983929172158241E-002,
3.107966666666667E+009,4.075364023447037E-002,2.756028175354004E-001,-9.410786032676697E-001,6.147336959838867E-002,4.075364023447037E-002,2.756028175354004E-001,-9.410786032676697E-001,6.147336959838867E-002,
3.116333333333334E+009,7.568632066249847E-002,2.369173318147659E-001,-9.463762044906616E-001,8.715178072452545E-002,7.568632066249847E-002,2.369173318147659E-001,-9.463762044906616E-001,8.715178072452545E-002,
3.124700000000000E+009,8.557213842868805E-002,1.855244934558868E-001,-9.561080932617188E-001,1.051712930202484E-001,8.557213842868805E-002,1.855244934558868E-001,-9.561080932617188E-001,1.051712930202484E-001,
3.133066666666667E+009,7.047853618860245E-002,1.380639225244522E-001,-9.627564549446106E-001,1.412255764007568E-001,7.047853618860245E-002,1.380639225244522E-001,-9.627564549446106E-001,1.412255764007568E-001,
3.141433333333334E+009,3.557679057121277E-002,1.089318767189980E-001,-9.609223604202271E-001,1.740374565124512E-001,3.557679057121277E-002,1.089318767189980E-001,-9.609223604202271E-001,1.740374565124512E-001,
3.149800000000000E+009,-1.045341882854700E-002,1.105403676629067E-001,-9.541121125221252E-001,2.140241414308548E-001,-1.045341882854700E-002,1.105403676629067E-001,-9.541121125221252E-001,2.140241414308548E-001,
3.158166666666667E+009,-4.629456251859665E-002,1.406910717487335E-001,-9.347116947174072E-001,2.450495958328247E-001,-4.629456251859665E-002,1.406910717487335E-001,-9.347116947174072E-001,2.450495958328247E-001,
3.166533333333334E+009,-5.894289538264275E-002,1.883048862218857E-001,-9.208107590675354E-001,2.686091959476471E-001,-5.894289538264275E-002,1.883048862218857E-001,-9.208107590675354E-001,2.686091959476471E-001,
3.174900000000000E+009,-4.698731750249863E-002,2.383160293102264E-001,-9.035020470619202E-001,2.869139909744263E-001,-4.698731750249863E-002,2.383160293102264E-001,-9.035020470619202E-001,2.869139909744263E-001,
3.183266666666667E+009,-1.030186470597982E-002,2.755491435527802E-001,-8.885439634323120E-001,3.000370264053345E-001,-1.030186470597982E-002,2.755491435527802E-001,-8.885439634323120E-001,3.000370264053345E-001,
3.191633333333334E+009,3.744239360094070E-002,2.871397435665131E-001,-8.783187866210938E-001,3.105467259883881E-001,3.744239360094070E-002,2.871397435665131E-001,-8.783187866210938E-001,3.105467259883881E-001,
3.200000000000000E+009,8.517085760831833E-002,2.705602943897247E-001,-8.799493908882141E-001,3.213543891906738E-001,8.517085760831833E-002,2.705602943897247E-001,-8.799493908882141E-001,3.213543891906738E-001,
